X_channel Y_channel II_channel timestamp
2.66072256192 0.996241385273586 0.0 0.546
2.6606418539999996 0.9961191383845632 0.0 0.73
2.66069273508 0.9961597483676944 0.0 0.909
2.66064536304 0.996281970749522 0.0 1.091
2.66061904524 0.996587120662215 0.0 1.274
2.66072782548 0.9968498151227962 0.0 1.454
2.66072256192 0.9970134652527296 0.0 1.637
2.6605734277199997 0.9970143304604488 0.0 1.82
2.66064360852 0.997034375762863 0.0 2.0
2.66072607096 0.997094487725512 0.0 2.178
2.66072431644 0.997113927732336 0.0 2.36
2.66062606332 0.996952667709058 0.0 2.544
2.66058746388 0.9968301768363588 0.0 2.726
2.66315257212 0.9967743939015064 0.0 2.904
2.6638789434 0.9967497288483436 0.0 3.09
2.66649668724 0.9967549982114 0.0 3.275
2.66880212652 0.9969256906199628 0.0 3.455
2.67067595388 0.9971576799107292 0.0 3.638
2.67389549808 0.9972208038778946 0.0 3.824
2.67533069544 0.9970700884313904 0.0 4.005
2.67900466032 0.9969278626136746 0.0 4.185
2.67988367484 0.9968205131400956 0.0 4.364
2.68398047904 0.9966339226165128 0.0 4.544
2.68488756588 0.9965691034801868 0.0 4.73
2.6886176753999997 0.9966062675326997 0.0 4.914
2.69023358832 0.9966173471367128 0.0 5.096
2.69313030084 0.9967027945759772 0.0 5.279
2.6954164404 0.9967917798793888 0.0 5.461
2.6976885438 0.9967990520132236 0.0 5.641
2.70077298996 0.9967402701452032 0.0 5.823
2.70197483616 0.9966924060953906 0.0 6.005
2.70585057084 0.9965268044716792 0.0 6.185
2.7072348871200003 0.9964983324915828 0.0 6.368
2.71120185684 0.9965366759637988 0.0 6.55
2.71195980948 0.9967162992736952 0.0 6.734
2.7158267715599997 0.9967552165232916 0.0 6.914
2.71714441608 0.996767255675606 0.0 7.095
2.7200148108 0.9967897146600114 0.0 7.278
2.7224974565999998 0.9968366552170428 0.0 7.458
2.72515730892 0.996760664842226 0.0 7.639
2.7279013782 0.996582988516747 0.0 7.821
2.72918393232 0.9966164425219608 0.0 8.0
2.73311405712 0.9967750995123162 0.0 8.18
2.73402640752 0.9969333598394204 0.0 8.362
2.73808812132 0.9969908145335404 0.0 8.543
2.73914434236 0.9970442303564072 0.0 8.727
2.7432744824399995 0.997061165238142 0.0 8.909
2.74461669024 0.996992820984197 0.0 9.094
2.74752743892 0.996814194746621 0.0 9.275
2.7499013044800003 0.9967391070554616 0.0 9.455
2.75168038776 0.9967696772050464 0.0 9.636
2.75500169412 0.9967708650465864 0.0 9.814
2.75661760704 0.9968023798698824 0.0 9.994
2.7604793055599997 0.9968814302373452 0.0 10.176
2.761044261 0.9968781549758032 0.0 10.355
2.76475331628 0.9967347787502936 0.0 10.539
2.76636396564 0.9967458827508991 0.0 10.72
2.77032040824 0.9967025106896368 0.0 10.903
2.77181525928 0.9965712111453672 0.0 11.083
2.7747365350799997 0.9964732929157626 0.0 11.262
2.77723321704 0.9964189707323108 0.0 11.442
2.77921407012 0.9966100887345558 0.0 11.622
2.78243536884 0.9967735744972578 0.0 11.801
2.7838775842800003 0.9969075136471408 0.0 11.981
2.78788490796 0.9968842846857516 0.0 12.167
2.78865514224 0.9967776338702066 0.0 12.347
2.79284318148 0.9967533612306873 0.0 12.528
2.7938713302 0.9967882757966045 0.0 12.71
2.79759442164 0.9967666982230496 0.0 12.891
2.7993384145199998 0.9967974629801089 0.0 13.073
2.80214915556 0.9969242227379576 0.0 13.254
2.8057336399199997 0.9969034466264246 0.0 13.575
2.8096479740399998 0.9967172817233984 0.0 13.757
2.81052347952 0.9966509044687264 0.0 13.935
2.81468695548 0.9966676486080724 0.0 14.113
2.8159677550800004 0.9965189773286692 0.0 14.292
2.81843285568 0.9963011254516922 0.0 14.472
2.82126465096 0.9963664572035984 0.0 14.652
2.8235314908 0.9963124608470756 0.0 14.831
2.82661242792 0.996132942536265 0.0 15.011
2.82810903348 0.9961641195084772 0.0 15.193
2.83342522908 0.9966203804548844 0.0 15.585
2.8374799247999998 0.9968012047922136 0.0 15.768
2.8383220944 0.9968167563360084 0.0 15.948
2.84248732488 0.9967517602270588 0.0 16.128
2.84360144508 0.9968058311612455 0.0 16.311
2.84705784948 0.9968453078500854 0.0 16.491
2.84897553984 0.9968341963546468 0.0 16.673
2.85163539216 0.9967191899769878 0.0 16.854
2.8544601693600002 0.9966823958059922 0.0 17.037
2.85622521648 0.9966517416501248 0.0 17.222
2.8597535562000003 0.9965904453880502 0.0 17.4
2.8610624281200003 0.9966032926193396 0.0 17.58
2.86515396876 0.9967208029497504 0.0 17.762
2.86595227536 0.9968584087581112 0.0 17.943
2.86951921452 0.9968377433693284 0.0 18.121
2.8712333805599997 0.9967665302141732 0.0 18.302
2.87449503324 0.996606433903873 0.0 18.482
2.8767531004799998 0.9965933554411136 0.0 18.662
2.8792515369600005 0.9967813626256607 0.0 18.845
2.88221843028 0.9968867329939972 0.0 19.025
2.8837992528 0.9968571489181308 0.0 19.208
2.88757848888 0.9967535539451198 0.0 19.388
2.88863120088 0.9967270309184696 0.0 19.571
2.8927788861600003 0.9967030073383468 0.0 19.754
2.8937122908000004 0.996758875453168 0.0 19.933
2.89748099976 0.9967983197550874 0.0 20.113
2.89897760532 0.9967896510404832 0.0 20.294
2.9020304701199997 0.996852897745242 0.0 20.476
2.90449732524 0.996818951179366 0.0 20.657
2.90651502324 0.996807264436682 0.0 20.836
2.9098187844 0.9969285363340672 0.0 21.021
2.91134697132 0.99714433349994 0.0 21.206
2.91522095148 0.9971645201209725 0.0 21.387
2.91601574904 0.9972219473845408 0.0 21.569
2.92015641624 0.99725922122424 0.0 21.754
2.92136177148 0.9971902069458248 0.0 21.937
2.92553226552 0.9968987850151002 0.0 22.121
2.9269779899999997 0.9966274935871572 0.0 22.303
2.9301712164 0.9965069019773374 0.0 22.484
2.9322889220399997 0.9967174768840488 0.0 22.664
2.9349189475200004 0.9969465202206976 0.0 22.843
2.93776653348 0.9969912861487642 0.0 23.023
2.9391368136000002 0.9970259748912044 0.0 23.202
2.94309676524 0.997044642007506 0.0 23.386
2.94425299392 0.9969537175543388 0.0 23.566
2.9484094518 0.99686839066222 0.0 23.746
2.94934987452 0.9969658011778672 0.0 23.926
2.95338702504 0.9970667130722336 0.0 24.109
2.95484152212 0.9969135796516124 0.0 24.294
2.95760664564 0.9967742982526384 0.0 24.476
2.96015947224 0.9966778497503186 0.0 24.657
2.96253158328 0.9965423826780624 0.0 24.842
2.96571077352 0.9965239798754784 0.0 25.027
2.96683892988 0.9968441070180396 0.0 25.21
2.97087783492 0.9972282678660822 0.0 25.388
2.9721849523199997 0.9974843111597548 0.0 25.571
2.97635369184 0.9976022981419151 0.0 25.752
2.97726955128 0.9976174062364594 0.0 25.933
2.9814207456 0.997593353243204 0.0 26.115
2.98268575452 0.9975656095112078 0.0 26.296
2.98596846144 0.9972829968405452 0.0 26.478
2.98811950296 0.997006692600832 0.0 26.659
2.9905740764399997 0.9970733672672047 0.0 26.839
2.9935795692 0.9973399581114238 0.0 27.021
2.99509371996 0.9974120733586704 0.0 27.202
2.99889401028 0.9973091766814656 0.0 27.384
3.00007480224 0.9972020630996772 0.0 27.565
3.0042733686000003 0.9970552791071282 0.0 27.747
3.0051751918800003 0.9969888227819608 0.0 27.931
3.0088000302 0.997029069515271 0.0 28.112
3.0106071858 0.9971818935350424 0.0 28.293
3.01385831136 0.9972217477348948 0.0 28.475
3.01615322352 0.9972084584303064 0.0 28.658
3.01865516904 0.997234790527864 0.0 28.84
3.02161504428 0.9972380604851931 0.0 29.021
3.02319235776 0.997128665661541 0.0 29.201
3.02696457576 0.9970463635001424 0.0 29.384
3.02818396716 0.9970393040221378 0.0 29.568
3.03231235272 0.9970758637679882 0.0 29.754
3.0331580313599997 0.997109998562808 0.0 29.935
3.03735659772 0.997046661582638 0.0 30.118
3.03860230692 0.9968565472705664 0.0 30.298
3.04197975792 0.9968165921521076 0.0 30.484
3.044048337 0.9968250272272672 0.0 30.665
3.0465502825199997 0.9969730351904916 0.0 30.848
3.04954349364 0.9970967682930282 0.0 31.031
3.05120151504 0.9971279823996624 0.0 31.208
3.0549316245600004 0.997045172167305 0.0 31.39
3.0556808045999997 0.9970408356028386 0.0 31.571
3.0599425336799997 0.9970569777635144 0.0 31.753
3.06094611912 0.9969499092416066 0.0 31.934
3.06515872164 0.9969255286242245 0.0 32.114
3.06647636616 0.997121180528313 0.0 32.297
3.0697169646 0.9972434645936624 0.0 32.479
3.07206451236 0.9973923383689646 0.0 32.66
3.07437170616 0.997542206888264 0.0 32.84
3.0774543978 0.9974835504048148 0.0 33.022
3.07903872936 0.9973927657033675 0.0 33.203
3.08279515668 0.9972690060809116 0.0 33.385
3.08390927688 0.9972625567007588 0.0 33.565
3.0880727528399996 0.9972792594877948 0.0 33.744
3.0892009092 0.9972523274060828 0.0 33.925
3.0930836619599997 0.9971482481423588 0.0 34.107
3.0945907946399998 0.9971191243578128 0.0 34.291
3.09743136252 0.9968808281231972 0.0 34.472
3.09994208064 0.9966240474807532 0.0 34.653
3.10221593856 0.996570094478036 0.0 34.835
3.10543197372 0.9965514929769622 0.0 35.015
3.10650223092 0.9965045037100028 0.0 35.198
3.1106551797599997 0.9966021147147226 0.0 35.38
3.11182369008 0.9966955657189804 0.0 35.563
3.1160643649199997 0.9966914345446004 0.0 35.745
3.1170714594 0.9966652109258286 0.0 35.924
3.12095421216 0.9964821201598798 0.0 36.107
3.1225578434399996 0.9962892678176676 0.0 36.291
3.12540367488 0.9962320195216768 0.0 36.471
3.12800738256 0.9964209366806192 0.0 36.651
3.13016368764 0.9965894893077272 0.0 36.834
3.13346569428 0.9965703932841712 0.0 37.014
3.1351570515600002 0.9965198198979076 0.0 37.197
3.13888540656 0.99655944752326 0.0 37.379
3.13993110048 0.9966349828292144 0.0 37.563
3.14411563068 0.996692363752226 0.0 37.746
3.1451279887199997 0.996604929069392 0.0 37.93
3.1490160050399996 0.9963802852377414 0.0 38.111
3.15060560016 0.9962290997916066 0.0 38.294
3.1535900386800004 0.9961914546095706 0.0 38.473
3.15612882912 0.996339164700632 0.0 38.654
3.15828162516 0.9964269022676544 0.0 38.837
3.16156433208 0.9964487100837088 0.0 39.016
3.16296619356 0.996501783985356 0.0 39.199
3.1669577265599997 0.9963767449431284 0.0 39.381
3.1680034204800003 0.9962712877878735 0.0 39.566
3.17230725804 0.99624641157265 0.0 39.752
3.17320206324 0.9961188899049482 0.0 39.933
3.1766847854399995 0.9960171984198014 0.0 40.117
3.1786972198799996 0.9960259609208186 0.0 40.298
3.18169744908 0.9960494060577838 0.0 40.48
3.1840274516399996 0.9960767232589692 0.0 40.661
3.18641359884 0.9961444954413626 0.0 40.845
3.1895208537600004 0.996146929272218 0.0 41.025
3.19141573536 0.9960544214789993 0.0 41.208
3.1951353177599997 0.996032929789502 0.0 41.391
3.1963143552 0.9959037840839876 0.0 41.571
3.20043221364 0.9955137685059124 0.0 41.755
3.2012708742 0.9953450544163884 0.0 41.937
3.20540101428 0.9954231481055772 0.0 42.121
3.2067221678399997 0.9954359075270944 0.0 42.301
3.2102540165999995 0.9954155150201104 0.0 42.484
3.21221206092 0.9954042098471794 0.0 42.665
3.21741070368 0.9953436160388428 0.0 42.957
3.21804233088 0.9953705491010948 0.0 43.137
3.22182683052 0.9954116421508932 0.0 43.301
3.2235181878000003 0.9955249560295948 0.0 43.469
3.2250674289599996 0.9955160108496198 0.0 43.641
3.22869226728 0.9954339267518248 0.0 43.823
3.2305432858799996 0.995423240452534 0.0 44.003
3.2343523488 0.9953400974690676 0.0 44.186
3.23561033964 0.9954347570348272 0.0 44.37
3.23966328084 0.9955318789195464 0.0 44.553
3.24057914028 0.9954468401491424 0.0 44.733
3.24467243544 0.9953416776154634 0.0 44.916
3.24599534352 0.9952091955227352 0.0 45.097
3.24936928548 0.9952534193365492 0.0 45.277
3.25155717192 0.9952196453475376 0.0 45.46
3.25392577392 0.9951634281103252 0.0 45.64
3.2568891582 0.995229637545606 0.0 45.822
3.258406818 0.995383931529107 0.0 46.003
3.2623492244400003 0.995420536523538 0.0 46.183
3.26322823896 0.9954154628275692 0.0 46.365
3.26719871772 0.9953925457594748 0.0 46.546
3.268583034 0.9952852016525644 0.0 46.729
3.27187451352 0.9953069666250772 0.0 46.905
3.2742571516799996 0.9953518080355512 0.0 47.084
3.27598009032 0.9952017556242536 0.0 47.264
3.2798470524 0.994932346709914 0.0 47.444
3.2808822192 0.9949059963309946 0.0 47.626
3.2836192704 0.9950132437419814 0.0 47.805
3.28599839952 0.995143950009962 0.0 47.985
3.28817400432 0.9952129098554484 0.0 48.169
3.28971447288 0.9952626078125184 0.0 48.352
3.2911233524399996 0.9952748560254951 0.0 48.535
3.29212518336 0.9953709631498152 0.0 48.717
3.29304279732 0.9953656678360558 0.0 48.899
3.2986818246 0.9951912541846432 0.0 49.08
3.30471386436 0.9949952276338956 0.0 49.262
3.3070561485599996 0.99492058966362 0.0 49.442
3.31064063292 0.9948362428908206 0.0 49.622
3.31240568004 0.9948675783131726 0.0 49.802
3.31620246132 0.9949085890872597 0.0 49.982
3.3174060620400003 0.9947768532318084 0.0 50.165
3.32153971116 0.9947122689706052 0.0 50.345
3.3225415420799997 0.994788752453579 0.0 50.533
3.32683836156 0.9948676260568023 0.0 50.712
3.32807529816 0.99492161307672 0.0 50.891
3.33113518104 0.9949836764075952 0.0 51.074
3.33363537204 0.99498963013465 0.0 51.258
3.33633908736 0.9948535860097212 0.0 51.442
3.33916561908 0.9946521568817484 0.0 51.622
3.3411412086 0.9944362858119812 0.0 51.805
3.3446362124399998 0.9944161420095452 0.0 51.991
3.34566962472 0.9945731560485956 0.0 52.172
3.34971379332 0.9947357279228696 0.0 52.354
3.35084896776 0.9947291834975528 0.0 52.533
3.35461065864 0.9945827300011344 0.0 52.711
3.35620025376 0.9945328274485764 0.0 52.894
3.35868816312 0.9944166393101708 0.0 53.077
3.36156206688 0.994379707850895 0.0 53.254
3.3641780562 0.9943442638292226 0.0 53.433
3.3666256115999995 0.9943301602029666 0.0 53.617
3.3687696350399996 0.994358543017602 0.0 53.799
3.37154879472 0.9943628970064964 0.0 53.98
3.3739717868400003 0.9944304069192476 0.0 54.163
3.37670006544 0.9943943176345552 0.0 54.343
3.37912305756 0.994136711934755 0.0 54.525
3.3817846643999996 0.9941817166411416 0.0 54.706
3.38434801812 0.9943706165927813 0.0 54.893
3.38710086 0.9943343888995522 0.0 55.073
3.3894466532400003 0.9940568781432167 0.0 55.253
3.3920521154400003 0.9938196295562822 0.0 55.436
3.39444703524 0.9936446967219474 0.0 55.619
3.39683493696 0.9936502958845388 0.0 55.802
3.3994649624399997 0.99365475548726 0.0 55.983
3.40209674244 0.9935199619203235 0.0 56.163
3.4044969257999997 0.9935061457651668 0.0 56.346
3.40712519676 0.9934502891044446 0.0 56.526
3.4097920671599997 0.9934145756792356 0.0 56.708
3.4121343513599998 0.9933807314224052 0.0 56.887
3.41481174888 0.993263507137614 0.0 57.067
3.4168873460399998 0.9931097869790158 0.0 57.247
3.4198419577199997 0.9931123868153968 0.0 57.428
3.4221842419199997 0.9931192730840248 0.0 57.611
3.42484233972 0.9932057898400952 0.0 57.793
3.42729866772 0.993191656838286 0.0 57.97
3.42991290252 0.9931766157281864 0.0 58.15
3.43257275484 0.9931205906196308 0.0 58.334
3.43512382692 0.9931466358140753 0.0 58.518
3.43769419872 0.9932132899997064 0.0 58.699
3.4402803612 0.9933002114382976 0.0 58.888
3.44291389572 0.9932646989893604 0.0 59.072
3.44546145876 0.9931889632750616 0.0 59.257
3.44803709412 0.993133427488378 0.0 59.439
3.4505092128 0.993078488807067 0.0 59.619
3.4528550060399996 0.9929028900870028 0.0 59.799
3.45531835212 0.992546194603727 0.0 59.983
3.45782907024 0.9924103760893171 0.0 60.162
3.4603906694399997 0.9923956520136612 0.0 60.345
3.46301192232 0.992441657737474 0.0 60.525
3.4656875653199997 0.9923855639314972 0.0 60.704
3.4680982758 0.9921689033848404 0.0 60.884
3.47063882076 0.9919321643008684 0.0 61.066
3.4729688233199996 0.9918169976803756 0.0 61.247
3.4757164016399997 0.9917401476972724 0.0 61.427
3.47805693132 0.9916452822370514 0.0 61.609
3.4806957294000003 0.9915504876796092 0.0 61.786
3.48288712488 0.9913554717829102 0.0 61.969
3.48554873172 0.9912180628203512 0.0 62.152
3.48828051936 0.9912227363329068 0.0 62.333
3.4909421262 0.9913092290230128 0.0 62.516
3.49346161692 0.991254058180946 0.0 62.696
3.4960740971999997 0.9912390622367778 0.0 62.877
3.4982461929600004 0.9912876542730076 0.0 63.055
3.5008481461199996 0.9913948363744864 0.0 63.237
3.50337114588 0.9914599823756268 0.0 63.417
3.5059081818 0.9914650064374187 0.0 63.594
3.50846627196 0.9914113973242872 0.0 63.773
3.5108120651999997 0.9913172872876668 0.0 63.953
3.5134175274 0.991302332176094 0.0 64.133
3.51570015792 0.9912281768539878 0.0 64.316
3.5187898676400002 0.9909273133229596 0.0 64.5
3.52038121728 0.9907357903827017 0.0 64.679
3.5228340362399995 0.9907013700937238 0.0 64.859
3.5256377592 0.9906852881205206 0.0 65.042
3.52797653436 0.9905312057738814 0.0 65.226
3.53101360848 0.9904331543604118 0.0 65.408
3.53275584684 0.9903417673425724 0.0 65.592
3.5364894654 0.9903203606668884 0.0 65.775
3.5375141050799996 0.990314486064343 0.0 65.956
3.5416775810399996 0.9902906161788358 0.0 66.138
3.5427443292 0.9903455445696248 0.0 66.321
3.54653058336 0.9902627945787302 0.0 66.499
3.5481342146399997 0.990111932885676 0.0 66.678
3.550929165 0.9899756111744228 0.0 66.861
3.55356796308 0.989858755030443 0.0 67.044
3.5557207591199997 0.9897853799219318 0.0 67.225
3.5589736392 0.9895447156023952 0.0 67.409
3.56040181848 0.9892735636507454 0.0 67.592
3.56431264356 0.989191912559478 0.0 67.776
3.5654355363600003 0.9891651376712192 0.0 67.959
3.56956567644 0.988999076209714 0.0 68.142
3.5706148794 0.9888310750186522 0.0 68.322
3.57450815928 0.9886274735352704 0.0 68.503
3.57598195608 0.9883756737799966 0.0 68.681
3.57877690644 0.988359684679832 0.0 68.861
3.5814718491599997 0.9883249419024954 0.0 69.042
3.5835720096 0.9882526616927244 0.0 69.224
3.5868757707600003 0.9881320509806673 0.0 69.406
3.5883741308399997 0.988021768677252 0.0 69.587
3.5921516124 0.9880408526051642 0.0 69.769
3.59300957268 0.9879349988785632 0.0 69.949
3.59722919328 0.9877092368898408 0.0 70.13
3.5984205123599997 0.9873795064065554 0.0 70.316
3.6023383555199997 0.9871740502246596 0.0 70.503
3.60385075176 0.9870451449202 0.0 70.684
3.6062526896400002 0.9869711659688768 0.0 70.864
3.6091388750399997 0.9868122999179054 0.0 71.047
3.61129518012 0.986677946490741 0.0 71.227
3.6145743779999995 0.9866396464290644 0.0 71.408
3.6158569321200003 0.9863501145017344 0.0 71.586
3.61977126624 0.9859837905023312 0.0 71.766
3.62083275084 0.9857565495488316 0.0 71.947
3.62485060164 0.9856319398697512 0.0 72.129
3.6260156029200004 0.9853830166149238 0.0 72.307
3.62945797116 0.9852828006535804 0.0 72.487
3.6314879508000004 0.9850279394545725 0.0 72.668
3.633874098 0.9846508105807188 0.0 72.85
3.6367778286 0.9842707444541234 0.0 73.031
3.6386797282799996 0.9839769785542528 0.0 73.216
3.64222385868 0.9837356439518172 0.0 73.398
3.64335376956 0.9834656051955468 0.0 73.577
3.6473610932400002 0.9830589670736952 0.0 73.757
3.6483366063599996 0.9826492489583768 0.0 73.937
3.65241235632 0.9822821602772912 0.0 74.118
3.6537282463199996 0.98183061763353 0.0 74.296
3.6562530006 0.9813928071716236 0.0 74.474
3.65902163316 0.9811135041092744 0.0 74.653
3.661332336 0.9807572514546568 0.0 74.835
3.6644904719999998 0.9803156296820404 0.0 75.016
3.66601339536 0.9798215304570708 0.0 75.198
3.66979964952 0.9793766331995328 0.0 75.377
3.67078568976 0.9788863601416264 0.0 75.555
3.67486143972 0.978620053548076 0.0 75.738
3.67599485964 0.9782298644462109 0.0 75.924
3.6797583050399996 0.977683497304881 0.0 76.105
3.68140579932 0.9769879852721128 0.0 76.287
3.68415162312 0.976407255529045 0.0 76.467
3.6868184935199997 0.9759474514073492 0.0 76.65
3.6888414550800004 0.9755522871996798 0.0 76.831
3.6921417072 0.975028961612706 0.0 77.009
3.69331899012 0.9743961490283496 0.0 77.186
3.6973526316 0.973928700920088 0.0 77.37
3.6983860438800003 0.9734181947681666 0.0 77.552
3.7025811012 0.9726474779094046 0.0 77.733
3.70367241264 0.9718543492631264 0.0 77.912
3.70655684352 0.971130950152477 0.0 78.096
3.70906054356 0.9704297863585576 0.0 78.276
3.71158880688 0.9696685370797992 0.0 78.455
3.7144820103600003 0.9688849372699992 0.0 78.635
3.7163716284 0.9679054854950778 0.0 78.819
3.71989295004 0.967037115040356 0.0 79.002
3.721293057 0.9660401219654622 0.0 79.182
3.72520739112 0.9650687500681036 0.0 79.364
3.72603201552 0.9638318569265796 0.0 79.545
3.7299252953999997 0.9626795234869948 0.0 79.726
3.7313552292 0.9615409391265564 0.0 79.908
3.73505024832 0.9603897938169218 0.0 80.091
3.73676265984 0.959008333626712 0.0 80.271
3.73972253508 0.9576182144450526 0.0 80.454
3.7422350077199997 0.9561909838619016 0.0 80.637
3.74372810424 0.9545872654734516 0.0 80.817
3.7473336428399997 0.953013344232575 0.0 80.997
3.7486039153200004 0.9511289337437128 0.0 81.177
3.7525322855999996 0.9493707005165116 0.0 81.356
3.7535709614400004 0.9471639950988652 0.0 81.536
3.7568378776799998 0.9449461577269022 0.0 81.718
3.75888891156 0.9427749147728972 0.0 81.902
3.76240496964 0.9406150619539964 0.0 82.085
3.76433494164 0.9382025119351758 0.0 82.266
3.7669667216400002 0.9354227153843332 0.0 82.444
3.7696371010800003 0.9325818313242868 0.0 82.625
3.7714126753199997 0.929463127363814 0.0 82.805
3.77493575148 0.926496932100133 0.0 82.987
3.7762218146400004 0.9231803339238284 0.0 83.168
3.78021685668 0.919646178016836 0.0 83.348
3.78111517092 0.915381827333353 0.0 83.53
3.7850488047599997 0.9111421721742328 0.0 83.707
3.78643312104 0.9064723517101472 0.0 83.886
3.78956493924 0.9015100460009532 0.0 84.069
3.7918001977199998 0.8962104502451532 0.0 84.247
3.79367928864 0.8903675280690447 0.0 84.429
3.7971497292 0.8850001665717256 0.0 84.611
3.798798978 0.8785730515388533 0.0 84.791
3.80244662508 0.8721773810764016 0.0 84.976
3.8036291715599995 0.8646225152176624 0.0 85.158
3.80770141248 0.8573160320109041 0.0 85.339
3.8087120160000003 0.8490761441143962 0.0 85.519
3.8123526450000003 0.8408647105990941 0.0 85.697
3.8140387387200003 0.8318955885732745 0.0 85.878
3.8167599992400003 0.8226794517849753 0.0 86.057
3.8193830066400003 0.8133023048676797 0.0 86.237
3.8213901775199997 0.8030209742199436 0.0 86.421
3.82467288444 0.7933797963792636 0.0 86.602
3.8261063272799998 0.7828182180028485 0.0 86.784
3.8297487108 0.7735188821733362 0.0 86.963
3.83082598608 0.7635644560507234 0.0 87.144
3.8348631365999997 0.7547084196757694 0.0 87.326
3.83607726444 0.7460868905976412 0.0 87.51
3.83972140248 0.7386645165079642 0.0 87.692
3.8414566227600004 0.7324827527222614 0.0 87.876
3.84376908012 0.7275489315993839 0.0 88.059
3.8466447384 0.724348574674967 0.0 88.24
3.84885192456 0.7227252915328835 0.0 88.422
3.8520223422 0.7230558248559267 0.0 88.602
3.85356105624 0.7257330481370009 0.0 88.783
3.85729642932 0.7296526446908671 0.0 88.966
3.85835089584 0.7360232840240287 0.0 89.147
3.8623564649999995 0.7430674245296881 0.0 89.328
3.86353901148 0.7520209647614448 0.0 89.513
3.8671199867999997 0.7615891266289408 0.0 89.693
3.8689534602 0.7721123788940591 0.0 89.88
3.87169226592 0.7829156448289029 0.0 90.063
3.8742486015599997 0.7937171209142034 0.0 90.243
3.87641543376 0.8051265596321443 0.0 90.425
3.8795437429199997 0.8156825384951957 0.0 90.611
3.8809473589200003 0.8266923893094906 0.0 90.792
3.8847213314399998 0.8365388822118568 0.0 90.973
3.8858407152 0.846742142290416 0.0 91.153
3.8898515479199998 0.8556993223947578 0.0 91.335
3.89101830372 0.8647911223103614 0.0 91.514
3.8944729536 0.8729437415370974 0.0 91.692
3.89622922812 0.8808231824747231 0.0 91.874
3.8987715275999997 0.8882532152251016 0.0 92.055
3.9014998062 0.8949774546408286 0.0 92.234
3.9034210056000003 0.9013206411083364 0.0 92.414
3.90678442044 0.906831224724825 0.0 92.6
3.9082283903999997 0.9125910565870734 0.0 92.781
3.91195499088 0.917534366009238 0.0 92.963
3.91295155824 0.9225519091718352 0.0 93.144
3.9168220293599996 0.9267865024876282 0.0 93.325
3.91820634564 0.9309540770891622 0.0 93.508
3.9216329232 0.9346072807148538 0.0 93.69
3.92347867824 0.938227285819498 0.0 93.872
3.92552269404 0.9416245783440303 0.0 94.053
3.92863170348 0.9445931742488424 0.0 94.232
3.93062659272 0.9475675077019308 0.0 94.414
3.9339584262 0.950190312701799 0.0 94.594
3.93536028768 0.953127912668541 0.0 94.778
3.93928514892 0.9556076930272012 0.0 94.961
3.9401624089199996 0.9580017042488091 0.0 95.144
3.9440205984000003 0.95991655014995 0.0 95.324
3.94543123248 0.9617647198474926 0.0 95.507
3.9488718462 0.9635193454967972 0.0 95.691
3.9507053196 0.9653648227515282 0.0 95.87
3.95323884648 0.9671251512573192 0.0 96.054
3.95603379684 0.9687030465868002 0.0 96.233
3.95767251852 0.9702054118812504 0.0 96.416
3.96127454808 0.9713752482665232 0.0 96.595
3.9622904151599996 0.9725595614600188 0.0 96.772
3.9662591394 0.973546347497704 0.0 96.952
3.96731711496 0.9746694824587367 0.0 97.132
3.97110687816 0.9757772098453988 0.0 97.315
3.9725069851200003 0.97693794977831 0.0 97.495
3.97502647584 0.977932761462011 0.0 97.677
3.97775650896 0.9787241461387042 0.0 97.858
3.98006194824 0.9795973180546542 0.0 98.039
3.9831025313999997 0.9803260065617686 0.0 98.219
3.9845956279199997 0.9810837321373266 0.0 98.403
3.9882257298 0.9817288654107288 0.0 98.584
3.98949073872 0.9824066683478796 0.0 98.764
3.99343489968 0.9830098902229196 0.0 98.945
3.99442269444 0.9836496628209228 0.0 99.125
3.9979106802 0.9840535010247758 0.0 99.305
3.99965116404 0.9845271243713364 0.0 99.483
4.0026127938 0.9850541678807432 0.0 99.662
4.00496034156 0.9855862098267272 0.0 99.848
4.00717279128 0.9860766439510292 0.0 100.025
4.01016073884 0.986442665323316 0.0 100.207
4.01131345848 0.9866981332303172 0.0 100.385
4.01513480304 0.9870188007898572 0.0 100.565
4.016162951759999 0.987558300201222 0.0 100.746
4.02007202232 0.9879588463010716 0.0 100.927
4.02139843944 0.9883538191496376 0.0 101.106
4.02403021944 0.9888029700953762 0.0 101.286
4.02658480056 0.9890909797620984 0.0 101.471
4.029418350359999 0.9894172083583148 0.0 101.653
4.03183783344 0.98974579211149 0.0 101.836
4.0338555314399995 0.9901984050469425 0.0 102.015
4.03712595672 0.990481523903432 0.0 102.195
4.03834885716 0.9907197847073989 0.0 102.378
4.04218774692 0.990940288082654 0.0 102.56
4.0431808052400005 0.9913378561580812 0.0 102.744
4.04708812128 0.9914567577639054 0.0 102.922
4.04831102172 0.9914497591168684 0.0 103.104
4.0516165374 0.9914308421780382 0.0 103.285
4.0536693258 0.9915400620007688 0.0 103.465
4.05618881652 0.9917064566547074 0.0 103.648
4.058906567999999 0.9919133005744448 0.0 103.826
4.060218948959999 0.992227846819818 0.0 104.01
4.06382975112 0.9924894083562762 0.0 104.191
4.06523687616 0.9926824392331977 0.0 104.372
4.0690459390800005 0.9928424307897212 0.0 104.55
4.06992144456 0.9928982722146286 0.0 104.73
4.0739164866 0.9928145218625868 0.0 104.912
4.07526395796 0.9923638168085236 0.0 105.093
4.07841156684 0.9917407863304628 0.0 105.277
4.08043101936 0.9916082792992092 0.0 105.457
4.0828434843600006 0.9919172519794756 0.0 105.638
4.0856103624 0.9923248472915024 0.0 105.815
4.08710872248 0.992880164349632 0.0 105.997
4.0907861964 0.9933626350394364 0.0 106.178
4.09189505304 0.9937391301166572 0.0 106.361
4.09584272304 0.9940384855661792 0.0 106.542
4.09684279944 0.994275383657068 0.0 106.725
4.10066940756 0.9945956956526596 0.0 106.909
4.10213267724 0.9948289107627027 0.0 107.091
4.105280286119999 0.9951125359250986 0.0 107.275
4.10722429428 0.9952831482273876 0.0 107.455
4.109131457519999 0.9953533213282804 0.0 107.64
4.11236152884 0.9953753321416045 0.0 107.818
4.11400200504 0.9954858212598496 0.0 107.998
4.1176303524 0.9955656222958448 0.0 108.181
4.11869710056 0.995579774890162 0.0 108.361
4.12257283524 0.995557511402892 0.0 108.542
4.12365537408 0.9955715729380162 0.0 108.724
4.12726442172 0.9956522390802643 0.0 108.904
4.1288715620400005 0.9957629075977285 0.0 109.086
4.13166475788 0.995908331017205 0.0 109.267
4.1340351144 0.9959961043206386 0.0 109.446
4.13591946888 0.9960258330384306 0.0 109.626
4.13913550404 0.9959870745668156 0.0 109.806
4.14053912004 0.9959384535972552 0.0 109.988
4.14417448548 0.9960982883983356 0.0 110.169
4.14507806328 0.9963762178347984 0.0 110.349
4.14897134316 0.996353839079832 0.0 110.528
4.15027144248 0.9962652594703556 0.0 110.711
4.15370503812 0.9963461468713624 0.0 110.892
4.15555605672 0.99655677060275 0.0 111.076
4.1576877985200005 0.9967059619665568 0.0 111.258
4.16057047488 0.9967889912062248 0.0 111.439
4.16245658388 0.9969200730418876 0.0 111.621
4.16581473516 0.9970021359835284 0.0 111.798
4.1670814986 0.9969948507549776 0.0 111.98
4.17094495164 0.9969118096271682 0.0 112.164
4.17183975684 0.9968458416257128 0.0 112.344
4.17559267512 0.9968850840389678 0.0 112.527
4.17691207416 0.9969770914055645 0.0 112.708
4.18010530056 0.9969394692691916 0.0 112.891
4.18206159036 0.9969087074689384 0.0 113.075
4.18456704492 0.9969533454688008 0.0 113.258
4.1872619876399995 0.9971195404177804 0.0 113.441
4.18914634212 0.9972506085696132 0.0 113.629
4.19232202332 0.9973724718525694 0.0 113.809
4.19376248424 0.9976261964934288 0.0 113.992
4.19745925788 0.9978464070148254 0.0 114.18
4.198543551239999 0.9978401670339708 0.0 114.362
4.20242279496 0.9977773018775936 0.0 114.543
4.20347726148 0.9977306931824156 0.0 114.722
4.2064160824800005 0.9975136157583704 0.0 114.905
4.2085530878399995 0.9974202428139772 0.0 115.088
4.21122697632 0.997384593024332 0.0 115.265
4.213720149239999 0.9972689065964816 0.0 115.442
4.21567819356 0.997358991177706 0.0 115.624
4.21898195472 0.9974616019446976 0.0 115.804
4.2203978523600005 0.997473726289687 0.0 115.986
4.224094626 0.9975114936209228 0.0 116.172
4.22491398684 0.9976276283833966 0.0 116.356
4.22878445796 0.9976053630438604 0.0 116.535
4.22989506912 0.9975787069155186 0.0 116.716
4.23355324332 0.997618465339257 0.0 116.898
4.23511827516 0.997910931079086 0.0 117.079
4.2379728792 0.9980971703088444 0.0 117.262
4.240294109160001 0.9980838117627802 0.0 117.442
4.24198020288 0.9980741086137648 0.0 117.625
4.24533659964 0.9981148305491104 0.0 117.805
4.246552482 0.9981871218947284 0.0 117.985
4.25019662004 0.99824720946932 0.0 118.168
4.25107738908 0.9982624051624744 0.0 118.348
4.25458292004 0.9982624938600738 0.0 118.531
4.2562286598 0.998394872218904 0.0 118.711
4.25972717268 0.9984337533510854 0.0 118.89
4.26144309324 0.9984433800160352 0.0 119.07
4.26406785516 0.998370014223422 0.0 119.254
4.26655751904 0.998254369067858 0.0 119.433
4.26842783736 0.9980815024349948 0.0 119.617
4.27154912844 0.9980035153741376 0.0 119.798
4.27287203652 0.9979766550066944 0.0 119.98
4.27659337344 0.9980953066154958 0.0 120.161
4.277530287119999 0.99829177433266 0.0 120.342
4.28146216644 0.9983889428772568 0.0 120.525
4.2825815502 0.9984027618104764 0.0 120.706
4.28602742748 0.9985247559710068 0.0 120.888
4.28766264012 0.9986351349997492 0.0 121.069
4.28989965312 0.9985429891225444 0.0 121.25
4.29268056732 0.9983446423035152 0.0 121.431
4.2947859913199995 0.9983122667009586 0.0 121.612
4.29784236516 0.9983351983950728 0.0 121.794
4.299231945 0.998327202252532 0.0 121.975
4.302790111559999 0.9982459512394696 0.0 122.158
4.30371649812 0.998260879859235 0.0 122.341
4.30769224044 0.9982380048255448 0.0 122.525
4.3088028516 0.9981320966679008 0.0 122.708
4.3120452045599995 0.9980534304586068 0.0 122.889
4.31385236016 0.9980227776622036 0.0 123.07
4.31627886132 0.9979683058414488 0.0 123.25
4.3188211608 0.9979334265590144 0.0 123.433
4.32077394156 0.9979019386968708 0.0 123.615
4.32390575976 0.9978839274703274 0.0 123.795
4.3251374328 0.998038134761094 0.0 123.978
4.32886227876 0.998156729127842 0.0 124.161
4.32979743792 0.9982728841282476 0.0 124.341
4.333638082199999 0.9984508102693128 0.0 124.521
4.33480308348 0.9984441070306695 0.0 124.702
4.3381033356 0.9982656121976916 0.0 124.884
4.33995259968 0.998254974105196 0.0 125.066
4.34220715788 0.9982825133682948 0.0 125.247
4.3448389378800005 0.9983263636153796 0.0 125.427
4.34669346552 0.9984972192437506 0.0 125.608
4.3498673922 0.9985802245912008 0.0 125.79
4.35123767232 0.9985925931541332 0.0 125.972
4.3548905829599995 0.9985715743151792 0.0 126.153
4.3557538068 0.9986266060586232 0.0 126.336
4.35948040728 0.9986641477461122 0.0 126.516
4.36079278824 0.9985578670147524 0.0 126.698
4.3640439138 0.998578905694162 0.0 126.883
4.36581773352 0.9986276824693786 0.0 127.064
4.36774244196 0.9986773620138316 0.0 127.244
4.370716353360001 0.9988425087633304 0.0 127.426
4.37251298184 0.998892921641425 0.0 127.605
4.37593780488 0.998873211681578 0.0 127.785
4.37705543412 0.9987452786171068 0.0 127.965
4.3807872981600005 0.9986630560861848 0.0 128.149
4.38165754008 0.9985373104764564 0.0 128.331
4.38533325948 0.9983356939118492 0.0 128.513
4.38661756812 0.99826755997979 0.0 128.692
4.3893791826 0.9983731706017682 0.0 128.871
4.39171971228 0.998400206008451 0.0 129.052
4.3937216196 0.998246953993808 0.0 129.234
4.39659552336 0.998028707274316 0.0 129.416
4.39813950096 0.9979001156521744 0.0 129.598
4.4015906417999995 0.9979594946425734 0.0 129.779
4.4024942196 0.9980547771059638 0.0 129.959
4.4062594195199996 0.9979529022832312 0.0 130.141
4.4073559945200005 0.997847136761728 0.0 130.318
4.41090363396 0.9979262052196044 0.0 130.5
4.41241076664 0.9980382591108112 0.0 130.681
4.41457935336 0.9982080047544674 0.0 130.865
4.4172707870400005 0.9982727526367818 0.0 131.047
4.41942182856 0.9984408200412136 0.0 131.228
4.42247293884 0.9985447429195669 0.0 131.415
4.42366074888 0.998477176984474 0.0 131.595
4.42728032364 0.9982546767215617 0.0 131.775
4.42824355512 0.9980282232718553 0.0 131.958
4.43202805476 0.9979457378595512 0.0 132.141
4.433101821 0.9979800535354902 0.0 132.324
4.4365319076 0.9979805814771384 0.0 132.504
4.438102203 0.998012042041136 0.0 132.687
4.44098137032 0.9980562214151952 0.0 132.87
4.4429885412 0.998164368104848 0.0 133.05
4.44492553128 0.9982132010145404 0.0 133.231
4.44782048928 0.9982977684454948 0.0 133.414
4.449311831279999 0.9983904033683988 0.0 133.596
4.45286824332 0.9983901968355328 0.0 133.78
4.45387182876 0.9984249091667462 0.0 133.961
4.45769668236 0.9983219544786396 0.0 134.143
4.4586142963199995 0.9982154756329285 0.0 134.324
4.46153030856 0.9980780304171858 0.0 134.51
4.46358836052 0.9979465322132084 0.0 134.69
4.46635699308 0.9978699026523772 0.0 134.87
4.46853786144 0.9977966526101169 0.0 135.054
4.47085207332 0.9977833561387054 0.0 135.238
4.47345753552 0.9978088646241244 0.0 135.42
4.47525065496 0.9976973684753844 0.0 135.601
4.47846142656 0.99780035369788 0.0 135.784
4.47945273036 0.9979547936436234 0.0 135.967
4.48325302068 0.998175051878563 0.0 136.147
4.48425660612 0.9982299970878712 0.0 136.334
4.48794636168 0.9979667017748218 0.0 136.517
4.48911311748 0.9976582112787512 0.0 136.697
4.49238354276 0.9974775316635524 0.0 136.88
4.4942170161599995 0.9975681848317932 0.0 137.065
4.4962487503199995 0.9974755704938288 0.0 137.248
4.49901211932 0.99745970104016 0.0 137.427
4.5005017068 0.9977142124537358 0.0 137.607
4.50376862304 0.997834565869972 0.0 137.787
4.50455815704 0.9978300302533252 0.0 137.967
4.50826721232 0.9977497893096364 0.0 138.148
4.5094409862 0.9976831016051072 0.0 138.333
4.5133623383999995 0.9976808135869386 0.0 138.513
4.51448347668 0.997794008997769 0.0 138.695
4.51721175528 0.9980203853523304 0.0 138.873
4.51932244284 0.9981068978200334 0.0 139.056
4.52163314568 0.9980936212642632 0.0 139.238
4.52435089716 0.9980585320918368 0.0 139.419
4.52596330104 0.9980105730933616 0.0 139.599
4.52918459976 0.9979718346631126 0.0 139.782
4.5301004592 0.9978047144595796 0.0 139.958
4.5337586334 0.9976033864204285 0.0 140.137
4.534853453879999 0.9974764673962992 0.0 140.317
4.53823441392 0.997617136722456 0.0 140.498
4.53970294716 0.997850720335982 0.0 140.68
4.54192416948 0.9979778093929856 0.0 140.859
4.54455419496 0.9980226354612862 0.0 141.039
4.5466806732 0.9979110381745172 0.0 141.222
4.5494808871200005 0.9978754832996444 0.0 141.403
4.55022129456 0.9979698522105936 0.0 141.585
4.55392859532 0.99802947650579 0.0 141.766
4.555069033320001 0.9982042322178244 0.0 141.948
4.55885528748 0.9983223132512 0.0 142.128
4.559920281119999 0.9983971097478448 0.0 142.308
4.5632696598 0.9984587783318272 0.0 142.491
4.5648575004000005 0.9984496541640744 0.0 142.668
4.56717697584 0.9984363261215006 0.0 142.85
4.56971050272 0.9984419962700624 0.0 143.031
4.57139835096 0.998351387724224 0.0 143.214
4.574421388919999 0.9981722016885388 0.0 143.394
4.57552849104 0.998145615114544 0.0 143.574
4.57913402964 0.9981451315586136 0.0 143.756
4.5801218244 0.9981799107869423 0.0 143.937
4.58369051808 0.998199864298971 0.0 144.118
4.5849467544 0.9982128743082724 0.0 144.3
4.5879996192 0.9981548871127544 0.0 144.479
4.5897629118 0.998124533864071 0.0 144.659
4.59178762788 0.9980529878749812 0.0 144.839
4.59450713388 0.9978368908493092 0.0 145.018
4.59605812956 0.9977066374216278 0.0 145.198
4.59937592688 0.997588997119114 0.0 145.378
4.6004742564 0.9975826926065592 0.0 145.558
4.604071022399999 0.997620949085878 0.0 145.742
4.6049360007599995 0.9976758965780524 0.0 145.925
4.6083941596799995 0.9975170107385172 0.0 146.109
4.60978373952 0.9974685892424447 0.0 146.291
4.61252254524 0.9975724383759556 0.0 146.468
4.614650778 0.9977212451787084 0.0 146.648
4.6166702305200005 0.9977298751690002 0.0 146.831
4.61937570036 0.9978349185467332 0.0 147.009
4.62052666548 0.9979883163547374 0.0 147.188
4.62413746764 0.9979878059656062 0.0 147.37
4.62505683612 0.9979218633997746 0.0 147.553
4.62875010072 0.997800313956664 0.0 147.735
4.62978175848 0.9976546158544928 0.0 147.92
4.63321710864 0.9977554629726066 0.0 148.1
4.63457510712 0.9978065595181966 0.0 148.283
4.63709284332 0.997753436787949 0.0 148.467
4.639347401519999 0.9976199365026688 0.0 148.646
4.64139668088 0.9976081758549038 0.0 148.831
4.64415829536 0.9977320920886203 0.0 149.01
4.64553734808 0.9978447324979802 0.0 149.192
4.64892708072 0.9979061497081656 0.0 149.376
4.64980609524 0.997779793298901 0.0 149.559
4.6534432152 0.9976982642272892 0.0 149.74
4.65439767408 0.9976733269146946 0.0 149.922
4.65785407848 0.9975541732403024 0.0 150.106
4.65925769448 0.9975663366969624 0.0 150.287
4.6620456267599995 0.9977095487104676 0.0 150.469
4.6640773609199995 0.997798973106416 0.0 150.65
4.66587925296 0.997707765529654 0.0 150.829
4.66875491124 0.9975110863372432 0.0 151.013
4.6701901086 0.997422745960882 0.0 151.195
4.6734973788000005 0.997464420102706 0.0 151.376
4.67453956368 0.9974180100419314 0.0 151.559
4.67806614888 0.9973775644706432 0.0 151.739
4.679041662 0.997371968652041 0.0 151.919
4.682094526799999 0.997334242282601 0.0 152.098
4.683835010639999 0.997202972213119 0.0 152.278
4.6861825584 0.9971895089267664 0.0 152.46
4.68858449628 0.9973576594253728 0.0 152.641
4.690407442560001 0.9975872412436292 0.0 152.821
4.6932620466 0.9977527847706296 0.0 153.004
4.69391297352 0.9977086231707032 0.0 153.184
4.6942147509600005 0.9975653987627732 0.0 153.367
4.69430423148 0.9974840323793348 0.0 153.549
4.69445336568 0.9975236033764636 0.0 153.727
4.69447441992 0.9974830561128462 0.0 153.906
4.69451828292 0.9974625912613851 0.0 154.089
4.69454810976 0.9974237623583336 0.0 154.273
4.69456565496 0.997404206483418 0.0 154.456
4.69463759028 0.997482120106564 0.0 154.636
4.694506001280001 0.9976445808551958 0.0 154.816
4.69456214592 0.9977048984310184 0.0 154.997
4.694583200159999 0.9976239247125148 0.0 155.178
4.6945796911199995 0.9975835183854151 0.0 155.361
4.69467618972 0.997522325122662 0.0 155.545
4.6946217996 0.9975832768110572 0.0 155.722
4.69458144564 0.9975632950904604 0.0 155.904
4.694569164 0.9974825126251136 0.0 156.085
4.69459899084 0.9974621282999316 0.0 156.267
4.6946393448 0.99748211004199 0.0 156.448
4.6945867092 0.997583478123014 0.0 156.628
4.694613027 0.9975833271390387 0.0 156.811
4.69454810976 0.9975836995662606 0.0 156.991
4.6946428538400005 0.9976437956905698 0.0 157.17
4.69463759028 0.9977044655576698 0.0 157.346
4.69463232672 0.9976640693112446 0.0 157.528
4.69465689 0.9978642919305613 0.0 157.708
4.694613027 0.9980861311279065 0.0 157.885
4.6946481174 0.9981667826009613 0.0 158.067
4.6946586445200005 0.9981060825109324 0.0 158.248
4.6946919804 0.9979846118654304 0.0 158.431
4.69465338096 0.9978248962864852 0.0 158.611
4.69470777108 0.9976434232411152 0.0 158.791
4.69455863688 0.997583639172638 0.0 158.973
4.69475163408 0.9976431715862356 0.0 159.154
4.694700753 0.9977647427988212 0.0 159.333
4.69460074536 0.99780574309644 0.0 159.512
4.69460951796 0.997765266305052 0.0 159.692
4.6946744352 0.997704254154543 0.0 159.872
4.69460249988 0.9975833875326234 0.0 160.052
4.69456390044 0.9973832453196392 0.0 160.234
4.69421650548 0.9972242897361115 0.0 160.415
4.69414457016 0.9971640624377484 0.0 160.597
4.694174397 0.9971638913940872 0.0 160.777
4.69416036084 0.9971639718852144 0.0 160.956
4.69410947976 0.9972249035183122 0.0 161.133
4.69411123428 0.9972855333083426 0.0 161.317
4.69413755208 0.9973055956500024 0.0 161.499
4.6941357975599995 0.9974453300188292 0.0 161.68
4.69419720576 0.9976059259652124 0.0 161.869
4.69405508964 0.997828329497184 0.0 162.051
4.6941480792 0.9978866670653198 0.0 162.233
4.69409368908 0.9978869791946352 0.0 162.418
4.69412877948 0.9978286646351866 0.0 162.599
4.69413404304 0.997747781305439 0.0 162.781
4.69418141508 0.997606016557861 0.0 162.961
4.69409895264 0.9976469162239526 0.0 163.141
4.6941393065999995 0.9977073245420878 0.0 163.321
4.69410246168 0.9976873226614827 0.0 163.5
4.69402701732 0.997606902353514 0.0 163.684
4.69412000688 0.9975053024477942 0.0 163.866
4.69408491648 0.9974456218816444 0.0 164.046
4.69405508964 0.997366708474482 0.0 164.227
4.694065616760001 0.9974651878792408 0.0 164.408
4.69416211536 0.9975252741698368 0.0 164.586
4.6940691258000005 0.9976673006394498 0.0 164.77
4.69411123428 0.997847209937862 0.0 164.949
4.69411123428 0.9979879449278044 0.0 165.133
4.69418141508 0.9980077554154833 0.0 165.316
4.69413755208 0.9980080071631542 0.0 165.496
4.6941480792 0.9981090131423532 0.0 165.678
4.69410772524 0.998268424388566 0.0 165.855
4.69410947976 0.9983088408844618 0.0 166.038
4.69410246168 0.9983695210313486 0.0 166.222
4.694091934559999 0.9985305297645262 0.0 166.404
4.6939287642 0.99873183114558 0.0 166.585
4.69364453196 0.9987132503204128 0.0 166.767
4.6935778602 0.998553695148263 0.0 166.948
4.6936129505999995 0.9981921801522432 0.0 167.128
4.69355856048 0.9980315435925732 0.0 167.31
4.69357435116 0.99819240173185 0.0 167.49
4.69358838732 0.9983320459033058 0.0 167.67
4.69358136924 0.9982916595049364 0.0 167.847
4.69350417036 0.9981127091865876 0.0 168.026
4.69361119608 0.998152521540092 0.0 168.208
4.693688394960001 0.9983314717306232 0.0 168.389
4.693586632800001 0.9984331227014926 0.0 168.57
4.6936129505999995 0.998534038297734 0.0 168.752
4.69367084976 0.9986120324886004 0.0 168.932
4.69363575936 0.9985339073195348 0.0 169.114
4.69363225032 0.9983722207524854 0.0 169.295
4.693616459639999 0.9982123733501757 0.0 169.476
4.69358312376 0.9982714360867296 0.0 169.658
4.69354101528 0.998312104529772 0.0 169.843
4.6935655785599995 0.9983119635076202 0.0 170.025
4.69356382404 0.9983119735806296 0.0 170.208
4.69356733308 0.9984332335180428 0.0 170.388
4.69360768704 0.9984532151532862 0.0 170.568
4.69360066896 0.9984330421076532 0.0 170.754
4.69354452432 0.9984333644830884 0.0 170.931
4.69358487828 0.998372492740126 0.0 171.11
4.69355856048 0.998232919074598 0.0 171.289
4.69361119608 0.9981323081979522 0.0 171.471
4.69365330456 0.9981919485009416 0.0 171.652
4.69356733308 0.9982715267401334 0.0 171.835
4.69360944156 0.998291498340104 0.0 172.015
4.69354978788 0.9981925427371058 0.0 172.192
4.69363400484 0.9981321772724464 0.0 172.374
4.69362698676 0.998132217557214 0.0 172.559
4.69357610568 0.9981325096218742 0.0 172.738
4.693590141840001 0.9981526423968828 0.0 172.918
4.6936217232 0.998291427830506 0.0 173.096
4.69354452432 0.9983727244334182 0.0 173.277
4.69361119608 0.9984329816622824 0.0 173.46
4.69365856812 0.998432709658204 0.0 173.643
4.6935620695199995 0.9984939037842944 0.0 173.823
4.6935655785599995 0.998493883634604 0.0 174.003
4.69358312376 0.9982924074325854 0.0 174.185
4.693516452 0.9981126386895748 0.0 174.363
4.6935339972 0.9981327513306878 0.0 174.542
4.6935427698000005 0.9980720609243934 0.0 174.725
4.69351996104 0.9979104850201188 0.0 174.905
4.69354978788 0.9978901004985304 0.0 175.088
4.69368664044 0.997889315136357 0.0 175.269
4.69355680596 0.9979102735719796 0.0 175.448
4.69352347008 0.998072171700897 0.0 175.628
4.69363225032 0.9982314853748772 0.0 175.811
4.69366909524 0.9983922225420548 0.0 175.991
4.6935515424 0.9983726841389248 0.0 176.173
4.6936129505999995 0.9983116915364392 0.0 176.354
4.69367611332 0.9983517555776162 0.0 176.533
4.69357961472 0.9984938030358502 0.0 176.713
4.6935954054 0.998633437102498 0.0 176.893
4.6935620695199995 0.9987339372900196 0.0 177.074
4.69357961472 0.998733836517356 0.0 177.255
4.69350943392 0.9986137174850912 0.0 177.438
4.6936129505999995 0.9984127582461187 0.0 177.623
4.6935515424 0.9982521620450696 0.0 177.803
4.69357435116 0.9981325196930724 0.0 177.984
4.693637513880001 0.9982516684973778 0.0 178.159
4.69360593252 0.9984532252277186 0.0 178.343
4.69355329692 0.9985932522348492 0.0 178.525
4.693560315 0.99849391385914 0.0 178.711
4.693569087599999 0.9983321567086364 0.0 178.895
4.6935427698000005 0.9982716677565718 0.0 179.077
4.6935515424 0.9983726841389248 0.0 179.259
4.6935339972 0.9984334249285056 0.0 179.442
4.69354452432 0.9983727244334182 0.0 179.626
4.6935655785599995 0.9980719300067388 0.0 179.806
4.69350943392 0.9979105454338892 0.0 179.988
4.693569087599999 0.9978705343957306 0.0 180.17
4.6935954054 0.9980717588067808 0.0 180.348
4.69353575172 0.9982118259949196 0.0 180.528
4.69358136924 0.9983118728505432 0.0 180.711
4.693428726 0.9983127492029744 0.0 180.888
4.69352697912 0.9980721515597129 0.0 181.068
4.693491888720001 0.997910646123523 0.0 181.253
4.69354803336 0.9978706552184078 0.0 181.435
4.69347609804 0.9977919832668756 0.0 181.614
4.69350592488 0.9977918121148492 0.0 181.797
4.6934813616 0.9978710378237444 0.0 181.98
4.69343398956 0.9979514051249372 0.0 182.161
4.69345153476 0.9982325228118908 0.0 182.341
4.6935304881599995 0.9983121649678494 0.0 182.52
4.69346557092 0.9981930261839986 0.0 182.7
4.6934462712 0.9980321880845348 0.0 182.88
4.69354627884 0.9979507606850966 0.0 183.063
4.6935146974799995 0.9979509419337176 0.0 183.243
4.69356382404 0.9978503512537504 0.0 183.425
4.69353224268 0.9977310210444508 0.0 183.606
4.69351996104 0.9978314002775022 0.0 183.787
4.69345855284 0.9980725443129536 0.0 183.969
4.69344276216 0.9983126686187784 0.0 184.15
4.693518206519999 0.9984537289495946 0.0 184.33
4.69348662516 0.9985347637160764 0.0 184.512
4.6935252246 0.9984132619475588 0.0 184.695
4.69354101528 0.998413171281262 0.0 184.875
4.69356382404 0.998392826971216 0.0 185.06
4.6935304881599995 0.998212866878499 0.0 185.242
4.69343574408 0.9980726752307694 0.0 185.424
4.69351996104 0.9981126185475728 0.0 185.605
4.69343574408 0.9982528268243644 0.0 185.787
4.6935936508800005 0.9983118023394952 0.0 185.968
4.6934989068 0.9983325596373184 0.0 186.149
4.69350066132 0.998433616339042 0.0 186.329
4.6935146974799995 0.9984133223917656 0.0 186.507
4.69345679832 0.9983328013946836 0.0 186.689
4.69351996104 0.9985540276381512 0.0 186.87
4.6935339972 0.9988351652818924 0.0 187.056
4.69355856048 0.998976517623656 0.0 187.237
4.69350592488 0.998916179952073 0.0 187.42
4.69346557092 0.9987547048991006 0.0 187.6
4.6935515424 0.9987744244517758 0.0 187.78
4.69350417036 0.9988151232582778 0.0 187.959
4.6935655785599995 0.9986934904406 0.0 188.141
4.69358487828 0.9984735594661216 0.0 188.321
4.69354978788 0.9984939743082172 0.0 188.502
4.693470834479999 0.9985550677518996 0.0 188.684
4.6935655785599995 0.9985140969820466 0.0 188.864
4.69354627884 0.9985546345069696 0.0 189.045
4.69361119608 0.9986325884159136 0.0 189.227
4.6935427698000005 0.9987340481399728 0.0 189.408
4.693521715559999 0.9985742309152386 0.0 189.59
4.693521715559999 0.9983526420380026 0.0 189.771
4.69359891444 0.998331985464045 0.0 189.951
4.6935339972 0.9984536382796194 0.0 190.134
4.69357610568 0.9984533964930996 0.0 190.312
4.6934164443599995 0.9984340999028288 0.0 190.496
4.6934374986 0.998433979011838 0.0 190.677
4.6935146974799995 0.9984335357451228 0.0 190.86
4.6935304881599995 0.9984536584285012 0.0 191.04
4.69359189636 0.9985543725451016 0.0 191.221
4.69345328928 0.9985551685065884 0.0 191.406
4.69349715228 0.9984538498429204 0.0 191.587
4.6935778602 0.9984331730726488 0.0 191.769
4.69353575172 0.9984334148542688 0.0 191.95
4.6934024082 0.9984341804968389 0.0 192.133
4.69348311612 0.9984741437955158 0.0 192.317
4.6934813616 0.998555007299096 0.0 192.499
4.693560315 0.9985545539033034 0.0 192.68
4.69350943392 0.998554846091656 0.0 192.862
4.69355505144 0.9985343707810104 0.0 193.043
4.693590141840001 0.9984533158976188 0.0 193.226
4.69354627884 0.9984737811082252 0.0 193.409
4.6935620695199995 0.9983726236971908 0.0 193.592
4.6935339972 0.9983323581729366 0.0 193.773
4.69349364324 0.9984538699918112 0.0 193.957
4.69353575172 0.998554694959728 0.0 194.138
4.6935778602 0.9984533864186638 0.0 194.319
4.69350592488 0.9982322105733392 0.0 194.499
4.69358312376 0.998051615955471 0.0 194.68
4.6935655785599995 0.9979910766169684 0.0 194.862
4.6934901342 0.9979712962611256 0.0 195.046
4.69357084212 0.9980718997949772 0.0 195.232
4.693539260760001 0.9982118058509186 0.0 195.417
4.69359189636 0.9982317170353824 0.0 195.599
4.6935936508800005 0.9981526222540824 0.0 195.781
4.6936129505999995 0.9983116915364392 0.0 195.962
4.69359715992 0.9984532755998832 0.0 196.142
4.69364979552 0.9984529733669713 0.0 196.321
4.6935515424 0.9984333241861476 0.0 196.502
4.69350417036 0.998453809545142 0.0 196.682
4.69348662516 0.9985549770726972 0.0 196.864
4.69354101528 0.9985741200830096 0.0 197.045
4.69355505144 0.9987137642504242 0.0 197.227
4.693590141840001 0.9987944160875296 0.0 197.408
4.69357084212 0.9988349536378393 0.0 197.588
4.69358312376 0.9987338163628257 0.0 197.767
4.69354803336 0.9987542312576472 0.0 197.952
4.6935620695199995 0.99875415063787 0.0 198.135
4.6935304881599995 0.9986330519232566 0.0 198.315
4.69344802572 0.9986133121461832 0.0 198.496
4.693604178 0.9986326287208828 0.0 198.677
4.69354452432 0.9987946781123735 0.0 198.858
4.69348311612 0.9990156090969156 0.0 199.041
4.69355680596 0.9989361010064464 0.0 199.221
4.69357435116 0.9987540800955758 0.0 199.402
4.693569087599999 0.9987541103279862 0.0 199.584
4.69353750624 0.99889578517743 0.0 199.767
4.69357435116 0.9989764269062272 0.0 199.951
4.693560315 0.9988754408036684 0.0 200.134
4.69354452432 0.9987542514125934 0.0 200.315
4.693521715559999 0.9988554491824718 0.0 200.497
4.69350417036 0.999035701490143 0.0 200.677
4.693518206519999 0.9990356208476252 0.0 200.857
4.69352347008 0.998895865808651 0.0 201.046
4.69345328928 0.9988558422439614 0.0 201.228
4.6934989068 0.9989364336237057 0.0 201.41
4.69352697912 0.9989564857066336 0.0 201.591
4.69353750624 0.9988149317746065 0.0 201.774
4.69358487828 0.9988348730115566 0.0 201.958
4.69357084212 0.9988955936783316 0.0 202.141
4.69351118844 0.9988757230072152 0.0 202.321
4.6934673254399994 0.9988557616159384 0.0 202.503
4.69357435116 0.9989157868669586 0.0 202.68
4.69355680596 0.9990151857323056 0.0 202.859
4.69356733308 0.9990151252516764 0.0 203.039
4.693572596639999 0.99885515690618 0.0 203.22
4.69362874128 0.9988144077144072 0.0 203.399
4.69352697912 0.9990557837979877 0.0 203.581
4.6935655785599995 0.9990952307210224 0.0 203.761
4.69359715992 0.9989957512133504 0.0 203.941
4.69351294296 0.9989962350491232 0.0 204.121
4.69360242348 0.9990149236496316 0.0 204.301
4.6934374986 0.9989569997621592 0.0 204.48
4.69354452432 0.998875531511934 0.0 204.66
4.69351118844 0.99885550965345 0.0 204.839
4.693572596639999 0.9988955835994336 0.0 205.019
4.69358487828 0.9989763664279504 0.0 205.199
4.69355505144 0.998976537783087 0.0 205.38
4.693560315 0.998976507543941 0.0 205.56
4.6935427698000005 0.9988755415906312 0.0 205.743
4.69357084212 0.99885516698467 0.0 205.923
4.693616459639999 0.9989357583101084 0.0 206.105
4.69360242348 0.998976265630839 0.0 206.286
4.69350241584 0.9989162001102924 0.0 206.468
4.69361119608 0.9989560018901512 0.0 206.647
4.693491888720001 0.9989769006529814 0.0 206.829
4.69350417036 0.9988959766766016 0.0 207.011
4.69359891444 0.9988550057288546 0.0 207.2
4.6935427698000005 0.9988351148904432 0.0 207.382
4.6936392684 0.9987132805515754 0.0 207.563
4.693616459639999 0.9986729848702448 0.0 207.75
4.69351294296 0.9986937927464632 0.0 207.93
4.693560315 0.9987541607153414 0.0 208.113
4.6934953977600005 0.9989162404267335 0.0 208.296
4.69356733308 0.9990959786406312 0.0 208.479
4.69350943392 0.9993179002039916 0.0 208.662
4.69346557092 0.9993181522831208 0.0 208.846
4.6934901342 0.9991158775566664 0.0 209.027
4.6935339972 0.9989766587396892 0.0 209.207
4.69346206188 0.9989965273667966 0.0 209.386
4.69350241584 0.9990955936340088 0.0 209.566
4.69357610568 0.9990547435431124 0.0 209.745
4.69352873364 0.9991560824754094 0.0 209.932
4.69348662516 0.9992978179285024 0.0 210.112
4.6934901342 0.9993180111187928 0.0 210.295
4.693474343519999 0.9992170350770436 0.0 210.478
4.69350066132 0.9990956037149292 0.0 210.663
4.69362698676 0.9990948778892048 0.0 210.843
4.693419953399999 0.9990960674374718 0.0 211.025
4.69348311612 0.9992169846663116 0.0 211.204
4.69352873364 0.9992773625857636 0.0 211.388
4.69346030736 0.9993383958923048 0.0 211.573
4.693472589 0.9992776852339474 0.0 211.756
4.693491888720001 0.999318001035628 0.0 211.938
4.693516452 0.9993961866148118 0.0 212.118
4.69346206188 0.9992777457305052 0.0 212.299
4.6934638163999995 0.9991160287735692 0.0 212.479
4.69346206188 0.9989965273667966 0.0 212.662
4.6934953977600005 0.9989566671379352 0.0 212.848
4.693560315 0.998855227455614 0.0 213.033
4.6934638163999995 0.9987547149765832 0.0 213.215
4.69360593252 0.998713472015647 0.0 213.392
4.69355680596 0.9985336027051888 0.0 213.572
4.693637513880001 0.9984328305488872 0.0 213.755
4.6936568136 0.9983720797219152 0.0 213.935
4.69358312376 0.9983725028137452 0.0 214.119
4.69354627884 0.9985344211572836 0.0 214.302
4.693516452 0.998554805789804 0.0 214.482
4.693569087599999 0.9986126168987433 0.0 214.664
4.6935620695199995 0.9986530838986172 0.0 214.845
4.69351996104 0.9987543924972404 0.0 215.028
4.69359891444 0.9989156457595572 0.0 215.21
4.693572596639999 0.9991154037440004 0.0 215.39
4.6934813616 0.9991967813912253 0.0 215.57
4.693516452 0.9993178598713426 0.0 215.754
4.69353575172 0.9993177489565748 0.0 215.937
4.69351118844 0.999216823352003 0.0 216.117
4.6935339972 0.999075198826369 0.0 216.297
4.69352697912 0.9989160590027742 0.0 216.478
4.693518206519999 0.9986540938107054 0.0 216.659
4.69352347008 0.9984132720215928 0.0 216.837
4.69358136924 0.9983927262329716 0.0 217.017
4.69356382404 0.9985537757518518 0.0 217.199
4.6935655785599995 0.9987945571778132 0.0 217.38
4.6936410229200005 0.9988547638452292 0.0 217.566
4.69354627884 0.9987744546848064 0.0 217.747
4.69361119608 0.9986528017580532 0.0 217.929
4.6936304958 0.9985736062248168 0.0 218.109
4.69358136924 0.9986731864032696 0.0 218.294
4.69357435116 0.9986732267098842 0.0 218.475
4.69346030736 0.9987345217718692 0.0 218.656
4.69353750624 0.9988351451253122 0.0 218.836
4.69344802572 0.998835659118366 0.0 219.014
4.69357435116 0.9987742934419984 0.0 219.198
4.693518206519999 0.998713975868818 0.0 219.379
4.69355680596 0.99871375417336 0.0 219.561
4.69358838732 0.9988752795445704 0.0 219.742
4.69354978788 0.9991963881956354 0.0 219.928
4.69361821416 0.9993956017459298 0.0 220.109
4.6936217232 0.9993367102226314 0.0 220.289
4.69360593252 0.9991758522310924 0.0 220.472
4.69356733308 0.9990151252516764 0.0 220.652
4.6936217232 0.9991151214728384 0.0 220.836
4.69357084212 0.9991558405187776 0.0 221.015
4.69352347008 0.998996174569626 0.0 221.198
4.69352873364 0.9989961443298802 0.0 221.378
4.69351118844 0.9990154478151172 0.0 221.559
4.69348837968 0.9989769208124278 0.0 221.742
4.69361821416 0.9988751082068358 0.0 221.921
4.69359715992 0.9988550158073416 0.0 222.103
4.69357084212 0.998936020371993 0.0 222.284
4.69348837968 0.9989769208124278 0.0 222.463
4.69359891444 0.99897628579026 0.0 222.646
4.69373401248 0.9989755096531509 0.0 222.829
4.69349715228 0.9990754105213728 0.0 223.011
4.693604178 0.9990950089409936 0.0 223.194
4.6935339972 0.9991156255285966 0.0 223.376
4.6935620695199995 0.999135677578549 0.0 223.555
4.69346030736 0.9990958355761465 0.0 223.739
4.69361821416 0.9991353549763828 0.0 223.922
4.69350066132 0.9992977372648184 0.0 224.103
4.6934989068 0.999456927519922 0.0 224.286
4.69345855284 0.999517799544646 0.0 224.466
4.69353575172 0.99945671574408 0.0 224.646
4.69364277744 0.9992767072072816 0.0 224.825
4.69349364324 0.9990754306828068 0.0 225.008
4.69353224268 0.9991156356097172 0.0 225.189
4.69351294296 0.9994972735505226 0.0 225.372
4.69357084212 0.9997579455874996 0.0 225.552
4.6935954054 0.9998581130806092 0.0 225.734
4.69350066132 0.9998182311557832 0.0 225.914
4.693590141840001 0.9997772899680863 0.0 226.095
4.693521715559999 0.999738014687814 0.0 226.278
4.693560315 0.9995980679966168 0.0 226.454
4.69353224268 0.9994163092105685 0.0 226.64
4.69352347008 0.99951742639303 0.0 226.819
4.69360066896 0.9997779874417068 0.0 227.0
4.69353224268 0.999979756378551 0.0 227.18
4.69352697912 1.0 0.0 227.36
4.69350943392 0.999939460838543 0.0 227.541
4.6935304881599995 0.9996985482153448 0.0 227.721
4.69358838732 0.9995574799312752 0.0 227.901
4.69354978788 0.9995981285125402 0.0 228.082
4.69355856048 0.9996991448238955 0.0 228.262
4.69354627884 0.9997186707820194 0.0 228.443
4.69351294296 0.999738065124821 0.0 228.623
4.69353224268 0.999818049568009 0.0 228.807
4.69356733308 0.9998178478038928 0.0 228.986
4.69350592488 0.9997583188288074 0.0 229.164
4.693474343519999 0.9995581354941075 0.0 229.342
4.693604178 0.9993570243990564 0.0 229.523
4.69354452432 0.999456665321274 0.0 229.706
4.69343398956 0.9995785808254398 0.0 229.89
4.69364277744 0.9996784473093469 0.0 230.072
4.693569087599999 0.9998178377156892 0.0 230.252
4.69352697912 0.999797866480704 0.0 230.435
4.693569087599999 0.9997976243686544 0.0 230.619
4.69357435116 0.9998178074510792 0.0 230.797
4.69350066132 0.9998586578657608 0.0 230.979
4.6935076794 0.9998181908029384 0.0 231.159
4.69354978788 0.9998381620352188 0.0 231.343
4.69354978788 0.9995577018139836 0.0 231.526
4.693560315 0.9991162323123676 0.0 231.708
4.69345328928 0.998835628883466 0.0 231.889
4.69359715992 0.99883480246357 0.0 232.07
4.69356733308 0.9989562538778438 0.0 232.253
4.69351996104 0.999075279472074 0.0 232.437
4.69355505144 0.9991963579498336 0.0 232.617
4.69349364324 0.9992169241734398 0.0 232.799
4.69350066132 0.9993179506198072 0.0 232.981
4.6935304881599995 0.999396105943201 0.0 233.159
4.69346557092 0.9994571191267134 0.0 233.342
4.6934164443599995 0.9995180415890864 0.0 233.526
4.69355505144 0.999517244859912 0.0 233.708
