X_channel Y_channel II_channel timestamp
4.69431124956 0.9920819345309878 0.0 0.545
4.6943235312 0.9919783749840232 0.0 0.728
4.694262123000001 0.9919177559400636 0.0 0.908
4.69432704024 0.9918773679177356 0.0 1.09
4.69429019532 0.9917943190752744 0.0 1.271
4.69427265012 0.9917942434394492 0.0 1.453
4.69431124956 0.991917967746768 0.0 1.634
4.69436914872 0.9920821842016986 0.0 1.818
4.6943586216 0.9923497181482074 0.0 2.001
4.694291949839999 0.9925973234610398 0.0 2.182
4.69429370436 0.9928226882051424 0.0 2.361
4.69434458544 0.9929886878035612 0.0 2.543
4.69424633232 0.99309109911201 0.0 2.723
4.6942533504 0.9931108157762976 0.0 2.906
4.69437090324 0.993172713632492 0.0 3.086
4.6944112572000005 0.993338667911834 0.0 3.266
4.69427265012 0.9934416819428874 0.0 3.444
4.69435686708 0.9935231223968036 0.0 3.627
4.69360593252 0.9937677717008372 0.0 3.809
4.69152682632 0.993963423343216 0.0 3.988
4.691032051680001 0.993982007983237 0.0 4.17
4.68768793656 0.993988282313164 0.0 4.346
4.68697033788 0.994170901546819 0.0 4.529
4.68380693832 0.9944040778666668 0.0 4.707
4.6828770427199995 0.9946469033363216 0.0 4.887
4.6805979212399995 0.9946777160525168 0.0 5.068
4.67882761056 0.9945068840159864 0.0 5.249
4.6771467804 0.9943545721459324 0.0 5.429
4.6745588634 0.9943848294635762 0.0 5.609
4.67334649008 0.9946264241464118 0.0 5.791
4.67037257868 0.9947163933097868 0.0 5.972
4.6696812978 0.9945691398332996 0.0 6.153
4.6665319344 0.9945151228624954 0.0 6.335
4.66549852212 0.9945917228798744 0.0 6.517
4.662285996 0.9945985564455028 0.0 6.697
4.66120872072 0.9945325183686852 0.0 6.878
4.65915066876 0.994463278089876 0.0 7.057
4.65688733796 0.9945959404206378 0.0 7.235
4.65526265244 0.994980765730241 0.0 7.412
4.6526712264 0.995155252254326 0.0 7.596
4.6515132432 0.9952530605858588 0.0 7.776
4.64841476088 0.9954450302036248 0.0 7.958
4.64781471504 0.9954009978346002 0.0 8.139
4.64440217364 0.9953033643451398 0.0 8.322
4.64352666816 0.995403167234767 0.0 8.502
4.64050538472 0.9955954621638132 0.0 8.685
4.63915791336 0.9957131607613532 0.0 8.869
4.63723671396 0.9956219785311148 0.0 9.05
4.6348453032 0.9956323493997138 0.0 9.229
4.63319079084 0.9956666252339602 0.0 9.409
4.63050462072 0.9956757201534246 0.0 9.594
4.62988352064 0.9954676786413208 0.0 9.772
4.62650782416 0.9953088388111386 0.0 9.952
4.62554985624 0.9954082772423504 0.0 10.135
4.6221092425200005 0.9956393981669625 0.0 10.32
4.6211144296799995 0.9959440203582086 0.0 10.502
4.6182580711200005 0.995973090714526 0.0 10.682
4.61680708308 0.9957407532599344 0.0 10.864
4.61469815004 0.9956901981502044 0.0 11.045
4.6123523568 0.995617904168518 0.0 11.227
4.61086627836 0.9957771953431752 0.0 11.408
4.6080204469199995 0.9960522994529516 0.0 11.588
4.6071484504799995 0.9961313842526176 0.0 11.771
4.60369730964 0.9961164475074182 0.0 11.951
4.60286566716 0.9961749909765876 0.0 12.134
4.5995706786 0.996221059138097 0.0 12.314
4.59859516548 0.9961764447010266 0.0 12.495
4.5962283180000005 0.996042695456707 0.0 12.677
4.59407201292 0.9960126505841828 0.0 12.858
4.59199817028 0.9959622498166332 0.0 13.04
4.58964711348 0.995952076650095 0.0 13.223
4.5879908466 0.9960691875766412 0.0 13.407
4.5851976507600005 0.9962202125143874 0.0 13.593
4.58411511192 0.996298377520148 0.0 13.775
4.5806832708 0.9963042355713232 0.0 13.957
4.5800779614 0.9964258888676562 0.0 14.14
4.5766391022 0.9964524264415702 0.0 14.321
4.575635516759999 0.9963859465436372 0.0 14.503
4.5728072305200005 0.9962494346932808 0.0 14.684
4.5710895554399995 0.996386203839053 0.0 14.867
4.56884376984 0.9965817827532912 0.0 15.051
4.56668571024 0.996593150832046 0.0 15.23
4.56508734252 0.9966483635567596 0.0 15.414
4.5621730847999995 0.9967392992306556 0.0 15.596
4.56103615584 0.996815406286073 0.0 15.779
4.55768326812 0.9970693437088228 0.0 15.961
4.55699900532 0.9972302489718796 0.0 16.14
4.5535145286 0.9972765074621396 0.0 16.318
4.5525056796 0.9972721370556008 0.0 16.499
4.5496545846 0.9973633335090109 0.0 16.684
4.54787901036 0.99737635039774 0.0 16.862
4.5456893694 0.9972433859046034 0.0 17.045
4.54335936684 0.9970073068915108 0.0 17.226
4.54217682036 0.996960768014848 0.0 17.408
4.53890990412 0.9969259123020828 0.0 17.587
4.5378835099199994 0.996838634053176 0.0 17.771
4.53442359648 0.9968650694346016 0.0 17.952
4.5337147704000005 0.996841292221116 0.0 18.135
4.53013204056 0.9969500261960892 0.0 18.315
4.529116173479999 0.9969870425375652 0.0 18.501
4.52619489768 0.9969743924793976 0.0 18.682
4.5244561683599995 0.996842620103106 0.0 18.864
4.52224722768 0.9967709351919508 0.0 19.044
4.51986108048 0.9968020185340408 0.0 19.225
4.5185293998 0.9967755465136472 0.0 19.407
4.5154063542000005 0.9968862646215974 0.0 19.588
4.51425538908 0.9971271685907795 0.0 19.77
4.5107217858 0.9972153957231036 0.0 19.951
4.51008314052 0.9972126297449964 0.0 20.132
4.50668989884 0.9971565226145032 0.0 20.312
4.50536874528 0.9970472736626728 0.0 20.492
4.50269836584 0.9968933619139458 0.0 20.671
4.5007526031600005 0.9967814124580194 0.0 20.85
4.4986945512 0.9967725033373278 0.0 21.032
4.4961276884400005 0.9969055480736102 0.0 21.212
4.49494338744 0.9970849501640898 0.0 21.394
4.491615063 0.997357809800708 0.0 21.576
4.490664113159999 0.9974365076828716 0.0 21.757
4.48715331864 0.9974213005450926 0.0 21.936
4.48614797868 0.9974169459628563 0.0 22.119
4.48279158192 0.9974645185628682 0.0 22.299
4.4813984930399995 0.9974584843276236 0.0 22.478
4.4791053354 0.997262223347673 0.0 22.659
4.47672094272 0.9972518975340496 0.0 22.841
4.47497168628 0.9972243959582328 0.0 23.022
4.472008302 0.997211563522036 0.0 23.205
4.4708082103199995 0.9973091024243852 0.0 23.387
4.46735531496 0.9974597659001724 0.0 23.568
4.46668684284 0.9974568705779976 0.0 23.751
4.46308305876 0.9974412619653368 0.0 23.932
4.46193560268 0.997332784282194 0.0 24.115
4.4588318568 0.9973607459658974 0.0 24.295
4.45716681732 0.9974156387587952 0.0 24.478
4.4545332828 0.9974042333598544 0.0 24.662
4.4524331223599996 0.9975175312084515 0.0 24.843
4.450947043919999 0.9975724202303264 0.0 25.021
4.44786786132 0.9975184587029718 0.0 25.201
4.44667829676 0.9973702162741196 0.0 25.379
4.44321311976 0.9973552105912468 0.0 25.558
4.44242534028 0.9975362865358042 0.0 25.739
4.43876541156 0.9977680530317616 0.0 25.919
4.43766708204 0.997804693836864 0.0 26.101
4.43502126588 0.9977518334059126 0.0 26.279
4.43286846984 0.997926211173404 0.0 26.459
4.4308472627999995 0.9980209480663906 0.0 26.641
4.42814003844 0.9980713134184972 0.0 26.822
4.42666097808 0.9980028091576816 0.0 27.004
4.4233256355599995 0.9979055653165004 0.0 27.187
4.42253434704 0.9978607410713212 0.0 27.369
4.4188024829999994 0.9977022774994192 0.0 27.552
4.41469164264 0.9978474636913298 0.0 27.84
4.41330557184 0.997841459325748 0.0 28.013
4.41267394464 0.9979836033293992 0.0 28.181
4.4092929845999995 0.9982354275667554 0.0 28.348
4.40798235816 0.9983125349137508 0.0 28.524
4.40453648088 0.9983803869466148 0.0 28.704
4.403134619399999 0.9984552855016606 0.0 28.883
4.4004063408 0.9985254683889722 0.0 29.062
4.3983412707600005 0.9986613882795858 0.0 29.239
4.3964498982 0.998694580309798 0.0 29.421
4.39348826844 0.9985575683014916 0.0 29.602
4.3922583499200005 0.9983677899481772 0.0 29.784
4.38874930992 0.99822918869454 0.0 29.961
4.38790187676 0.99816343185712 0.0 30.141
4.38424194804 0.998147574272258 0.0 30.324
4.3830857193599995 0.9980804812014944 0.0 30.505
4.37992582884 0.9980047088902352 0.0 30.683
4.37819938116 0.9980386181293792 0.0 30.866
4.3758202520400005 0.9978653475131012 0.0 31.045
4.37336216952 0.9978133136558672 0.0 31.229
4.37179362864 0.997950598731671 0.0 31.406
4.36856706636 0.998079664505306 0.0 31.585
4.3674125922 0.9980746632334676 0.0 31.765
4.3636754646 0.9980170885256424 0.0 31.948
4.3628718944400005 0.9980549930639024 0.0 32.128
4.3592102112 0.9981832018879914 0.0 32.308
4.35795748392 0.9984656555436302 0.0 32.494
4.355332722 0.9987214666853674 0.0 32.671
4.3531220268 0.998876642789158 0.0 32.85
4.3510078302 0.9988674772642336 0.0 33.03
4.34818831656 0.9988759456618708 0.0 33.21
4.34720753988 0.9989544589767324 0.0 33.392
4.3434984846 0.9989986410388404 0.0 33.573
4.34238962796 0.9989938334848564 0.0 33.755
4.3386121464 0.998834433040315 0.0 33.94
4.33761557904 0.9988508035487674 0.0 34.124
4.3340416218 0.9990396259162072 0.0 34.305
4.3326818688 0.9990544205623904 0.0 34.487
4.329892182 0.999021635860892 0.0 34.672
4.32775868568 0.9990123862580172 0.0 34.854
4.32549009132 0.9989818618031854 0.0 35.038
4.322737249439999 0.9988889817636368 0.0 35.221
4.32142135944 0.9987185418360688 0.0 35.401
4.31787021096 0.9985583309041092 0.0 35.582
4.31691048852 0.9984326269230538 0.0 35.761
4.31307686232 0.9983746409630188 0.0 35.941
4.31212591248 0.9983084567456654 0.0 36.122
4.30869231684 0.998376333823692 0.0 36.304
4.30714833924 0.9984712732136948 0.0 36.49
4.30426039932 0.9984786726029732 0.0 36.673
4.30212339396 0.9986762862057748 0.0 36.855
4.3005215172 0.9988943167388864 0.0 37.034
4.297296709439999 0.998963086680264 0.0 37.218
4.29566325132 0.9988732597324288 0.0 37.404
4.29223316472 0.9987764237142602 0.0 37.585
4.29117518916 0.9987322763413344 0.0 37.768
4.28732577228 0.9986535375413628 0.0 37.948
4.28641166736 0.998463404257829 0.0 38.129
4.2828868366799995 0.9983258310783282 0.0 38.311
4.28141128536 0.9983194396844768 0.0 38.494
4.2785110638 0.9985532889723164 0.0 38.674
4.2763266864 0.9989541624298964 0.0 38.856
4.27393703016 0.9992315813499926 0.0 39.038
4.27122805128 0.9992198372014376 0.0 39.221
4.269843735 0.9990491368839406 0.0 39.404
4.26633820404 0.9987668601118606 0.0 39.584
4.2654942799199995 0.9988045711630869 0.0 39.763
4.2616746898799995 0.9987466527700214 0.0 39.946
4.26055004256 0.998659821329556 0.0 40.129
4.25696380368 0.9985633609308484 0.0 40.313
4.2554268441600005 0.9984326044455876 0.0 40.493
4.25317053144 0.998381465629072 0.0 40.677
4.25046857064 0.9983077151268264 0.0 40.855
4.24845438168 0.9981973896313966 0.0 41.034
4.24549801548 0.9982448244590456 0.0 41.216
4.24408211784 0.9983627851068242 0.0 41.395
4.24036428996 0.9984707736556216 0.0 41.577
4.2393817587600005 0.9984871995558892 0.0 41.758
4.2355270783200005 0.9983670972244468 0.0 41.938
4.2345129657600005 0.998279980606135 0.0 42.118
4.23115305996 0.9981620265836432 0.0 42.3
4.2294476665200005 0.998278726780435 0.0 42.481
4.22655797208 0.9985125694656946 0.0 42.663
4.22436833112 0.9985030855447664 0.0 42.844
4.22221378056 0.998473073720912 0.0 43.022
4.21923811464 0.9985421298107734 0.0 43.206
4.21808188596 0.9983949489666836 0.0 43.387
4.21437107616 0.9982754822406406 0.0 43.569
4.21330783704 0.9983329161793042 0.0 43.751
4.2094356114 0.9984590916617124 0.0 43.931
4.208328509279999 0.9985775945560932 0.0 44.115
4.20557215836 0.9985449776865994 0.0 44.3
4.20331935468 0.9982483083824044 0.0 44.48
4.2004612416 0.9980299279826907 0.0 44.659
4.19806807632 0.9977732432641664 0.0 44.843
4.19601704244 0.9975583656209536 0.0 45.023
4.19297645928 0.9975857898987404 0.0 45.206
4.19145002688 0.997806635950847 0.0 45.391
4.18794449592 0.9979550723813264 0.0 45.573
4.18681283052 0.9981768447723226 0.0 45.754
4.18293885036 0.9984056081215325 0.0 45.94
4.181926492320001 0.9984425775074904 0.0 46.121
4.17836481672 0.9982842313336232 0.0 46.301
4.17679452132 0.9981748283158572 0.0 46.48
4.1739416718 0.9982038302128262 0.0 46.66
4.1716257054 0.9982144800656698 0.0 46.842
4.17015717216 0.9982280229177412 0.0 47.022
4.16676743952 0.998314915319096 0.0 47.202
4.16522521644 0.998185997908595 0.0 47.382
4.16161090524 0.997821468360239 0.0 47.562
4.16061258336 0.9974465574132104 0.0 47.744
4.15670000376 0.9972867237082358 0.0 47.925
4.15532972364 0.9973014717860044 0.0 48.109
4.1521663240799995 0.9974505972011564 0.0 48.29
4.1502837241199995 0.9976491905892012 0.0 48.473
4.14772563396 0.9976174506905992 0.0 48.653
4.145088590399999 0.997461331071106 0.0 48.832
4.1433288068400005 0.9972694716468288 0.0 49.016
4.13983555752 0.9972137956945748 0.0 49.2
4.13866353816 0.9971673827066578 0.0 49.379
4.13499308232 0.997110168062825 0.0 49.559
4.1340789774 0.9970648716149446 0.0 49.741
4.130096217 0.9970683250702196 0.0 49.922
4.12886980752 0.997166381516031 0.0 50.104
4.1255660463599995 0.9971107546587744 0.0 50.284
4.1235816842399995 0.9970815044514728 0.0 50.465
4.1215148596799995 0.9971139113687616 0.0 50.648
4.11855498444 0.9970597736472616 0.0 50.828
4.11679169184 0.9969281273504372 0.0 51.009
4.11343003152 0.9968120542936392 0.0 51.187
4.11224222148 0.9969291334134442 0.0 51.369
4.108310342159999 0.996789928452442 0.0 51.55
4.1073225474 0.9966624161315674 0.0 51.732
4.10361349212 0.9966050505196856 0.0 51.911
4.10215899504 0.9964135174601358 0.0 52.092
4.09922894664 0.996237316419106 0.0 52.272
4.0969533342 0.9960215747600945 0.0 52.452
4.094823346919999 0.9957868308248672 0.0 52.632
4.0917476733600004 0.9956702114228378 0.0 52.815
4.09027387656 0.9956431816497712 0.0 52.997
4.08658763004 0.9955859351086268 0.0 53.177
4.08564720732 0.9955010134157148 0.0 53.358
4.08152934888 0.9953806804393082 0.0 53.54
4.08049769112 0.99523155732644 0.0 53.721
4.0768640802 0.9950324609980008 0.0 53.901
4.07519377716 0.9946137269997092 0.0 54.08
4.0723988268 0.9939248442543208 0.0 54.26
4.06992846264 0.9937289780091324 0.0 54.443
4.06795813668 0.9939460109502212 0.0 54.626
4.06487895408 0.9943021484081928 0.0 54.809
4.06338761208 0.9945429356909096 0.0 54.99
4.0597311924 0.9945478384759536 0.0 55.17
4.05867321684 0.9945432775737446 0.0 55.351
4.0546746657599995 0.9946275573550584 0.0 55.529
4.05355703652 0.994787283645906 0.0 55.712
4.05024099372 0.9947523207120312 0.0 55.894
4.04829347652 0.9943133276712294 0.0 56.075
4.04568976884 0.993891404631092 0.0 56.255
4.043054479799999 0.9937165482957014 0.0 56.438
4.04105608152 0.9936046219814744 0.0 56.617
4.03776811104 0.9935491352961642 0.0 56.798
4.03659258264 0.9935440732003828 0.0 56.98
4.03266245784 0.9933016637445908 0.0 57.161
4.03158167352 0.993029167040729 0.0 57.343
4.02766909392 0.992971002785366 0.0 57.524
4.02638303076 0.9929654681689156 0.0 57.704
4.02371616036 0.9929144747991008 0.0 57.886
4.021228251 0.9927805713646318 0.0 58.067
4.01859822552 0.992563412173448 0.0 58.249
4.01588222856 0.9922443882257628 0.0 58.43
4.01413297212 0.9918254457043184 0.0 58.613
4.01067656772 0.9915858995897794 0.0 58.793
4.00945015824 0.9914360024673758 0.0 58.978
4.00557617808 0.9912145592446492 0.0 59.159
4.0045690836 0.9908409257516996 0.0 59.34
4.00066703112 0.9904755299785736 0.0 59.521
3.99930903264 0.9901406892451824 0.0 59.703
3.9957701657999998 0.9897355518425468 0.0 59.885
3.99387002064 0.9893986563839596 0.0 60.066
3.9914189562000004 0.989122158139082 0.0 60.249
3.9886555872 0.9885558743858346 0.0 60.429
3.98707476468 0.9877289406278248 0.0 60.609
3.98339378172 0.987240619020603 0.0 60.791
3.9821971990800002 0.9869677136426166 0.0 60.972
3.9782688288 0.98674691370496 0.0 61.155
3.97729156116 0.986475987307644 0.0 61.336
3.97384217484 0.986071327069714 0.0 61.518
3.9720016833600003 0.985467748529681 0.0 61.7
3.9688909194 0.984777162342868 0.0 61.881
3.9667328598 0.984214341854166 0.0 62.062
3.9643607487600003 0.98346573981013 0.0 62.242
3.9613833283199997 0.9826931444909596 0.0 62.424
3.9594516018 0.981822509928404 0.0 62.603
3.95608116888 0.9808649577666306 0.0 62.787
3.9550372294800002 0.9802656248608034 0.0 62.968
3.95092814364 0.9797756727798544 0.0 63.149
3.9498456047999997 0.978889855326785 0.0 63.331
3.94583301756 0.9779072024699702 0.0 63.517
3.94453993632 0.9768767103927802 0.0 63.697
3.9411870486 0.9758160920616732 0.0 63.878
3.93918338676 0.9746783253015872 0.0 64.061
3.93704111784 0.9734800955982816 0.0 64.241
3.9339461445599997 0.9722156542810796 0.0 64.423
3.9319951183199997 0.9707505508120567 0.0 64.604
3.92849485092 0.9691754397671848 0.0 64.787
3.92785971468 0.9674293431514722 0.0 64.971
3.92381554608 0.9659976409112484 0.0 65.153
3.922492638 0.964349399901388 0.0 65.333
3.91839407928 0.9624451241551104 0.0 65.518
3.9170746802400003 0.9603880327878968 0.0 65.701
3.91410427788 0.9585084342197088 0.0 65.881
3.9118163838 0.956571304459996 0.0 66.062
3.90918635832 0.9543230179404594 0.0 66.244
3.90646334328 0.9519533280886656 0.0 66.426
3.90453161676 0.9491754656993676 0.0 66.607
3.9011225844 0.9463717167646236 0.0 66.79
3.89981195796 0.9430009754267112 0.0 66.974
3.89596254108 0.9400520581753616 0.0 67.154
3.8948905293599996 0.9364371685874776 0.0 67.333
3.8909200506 0.932770333120873 0.0 67.513
3.88954626144 0.9286811925479088 0.0 67.695
3.88687939104 0.924690172299596 0.0 67.875
3.8842370839199996 0.9205573748915378 0.0 68.058
3.88166846664 0.9157461102371643 0.0 68.24
3.8788138626 0.9107712109975532 0.0 68.419
3.8769856527599997 0.9050821294475936 0.0 68.602
3.87354153 0.8997556831979454 0.0 68.785
3.87216949536 0.8938019587306939 0.0 68.967
3.86840429544 0.888331050127954 0.0 69.145
3.8672954388 0.882132301079777 0.0 69.328
3.86338636824 0.8761070132846857 0.0 69.51
3.86199503388 0.869846224305402 0.0 69.691
3.85886672472 0.863967962088467 0.0 69.872
3.8565577764 0.8583184760056646 0.0 70.051
3.85426988232 0.852505552296256 0.0 70.234
3.8511450822 0.8473658587773693 0.0 70.414
3.8497256755200002 0.8424596383958285 0.0 70.596
3.8459341578 0.8386295828628239 0.0 70.777
3.84470073024 0.8353854477358588 0.0 70.963
3.84064428 0.8330315932416664 0.0 71.144
3.8396810485199997 0.8312853542595112 0.0 71.323
3.8356456525200002 0.8302661685618098 0.0 71.506
3.83422800036 0.8305689448941757 0.0 71.685
3.8312944429199995 0.8315829049005812 0.0 71.866
3.82874512536 0.8336245305558907 0.0 72.048
3.82651337592 0.8366114940559711 0.0 72.228
3.8234324388 0.840005102935547 0.0 72.409
3.82190249736 0.8444078526120861 0.0 72.589
3.81812150676 0.8488239464638946 0.0 72.771
3.81708633996 0.8542948740801604 0.0 72.952
3.81309305244 0.8595924312452633 0.0 73.134
3.81182804352 0.865288632919615 0.0 73.315
3.80825233176 0.8708937439317471 0.0 73.494
3.80646973944 0.8766084426538547 0.0 73.676
3.80368882524 0.8824018096304588 0.0 73.854
3.8010447636 0.8880100402357729 0.0 74.035
3.7991761997999998 0.893827306770792 0.0 74.217
3.79561276968 0.8988570987526824 0.0 74.399
3.79431793392 0.9040811314391228 0.0 74.58
3.79021586616 0.908679456518524 0.0 74.763
3.78932983356 0.9134732683058132 0.0 74.943
3.7853084737200002 0.9177437150294626 0.0 75.123
3.78392591196 0.9221055618727034 0.0 75.302
3.78064671408 0.9259883709130023 0.0 75.486
3.77862550704 0.9296498642128443 0.0 75.668
3.7759358278799997 0.9333921848590792 0.0 75.85
3.7730777148 0.9367010720628236 0.0 76.033
3.77160567252 0.939874393905466 0.0 76.216
3.76776502824 0.9424619085974228 0.0 76.399
3.76631930376 0.9451623316658518 0.0 76.582
3.76236987924 0.9475859476405746 0.0 76.766
3.761471565 0.9501259968308042 0.0 76.95
3.75722036304 0.9522402040168476 0.0 77.132
3.7560711524399997 0.9543880450495728 0.0 77.313
3.7526042209200003 0.9563420733291278 0.0 77.493
3.750637404 0.95840364930936 0.0 77.676
3.7479582519599997 0.9601975512108518 0.0 77.858
3.74508610272 0.9617643708431098 0.0 78.039
3.7433070194399996 0.9634997752497708 0.0 78.219
3.7397681525999995 0.9651248738820932 0.0 78.402
3.7384522626 0.9667385883909544 0.0 78.582
3.7343396677199996 0.9680325638739106 0.0 78.766
3.73345889868 0.9692180409547032 0.0 78.949
3.7294147300800002 0.97026717983387 0.0 79.132
3.72810234912 0.9713494347223962 0.0 79.314
3.72447926532 0.972399510426112 0.0 79.493
3.7225387661999996 0.9735804545981074 0.0 79.679
3.7202842080000003 0.9746775133615428 0.0 79.86
3.71722081608 0.9755673654472472 0.0 80.041
3.7152399629999997 0.9765012328703844 0.0 80.223
3.71174671368 0.9772654166968402 0.0 80.403
3.7104869683199997 0.9782239663784562 0.0 80.585
3.70644630876 0.978923887325366 0.0 80.764
3.70553044932 0.9796378060611708 0.0 80.948
3.70133714652 0.9801325106046264 0.0 81.129
3.7000002022799996 0.9806393196711084 0.0 81.311
3.6965122165199995 0.981279614803665 0.0 81.492
3.69463663464 0.9818663914836792 0.0 81.678
3.69167149584 0.9824686428475238 0.0 81.855
3.68911866924 0.982888489135302 0.0 82.041
3.6872325602399996 0.98333076387398 0.0 82.222
3.6836901843599996 0.98376701168365 0.0 82.402
3.6824023666800003 0.984438250620056 0.0 82.585
3.6783932884799997 0.98499524005268 0.0 82.767
3.6773458400399996 0.9855849568211696 0.0 82.951
3.6732753536400002 0.986038497418502 0.0 83.131
3.6719173551599997 0.9864840020891928 0.0 83.314
3.66906801468 0.9867580878804564 0.0 83.494
3.66654852396 0.9870147505607104 0.0 83.674
3.6642571208400003 0.9872705769269072 0.0 83.85
3.6611463568800002 0.9875236705690528 0.0 84.026
3.6595953612 0.9877431962506548 0.0 84.205
3.65585121552 0.987951538279516 0.0 84.388
3.6544809353999996 0.9883358314047984 0.0 84.565
3.6505595832 0.9887084325393904 0.0 84.747
3.64952090736 0.98911398679525 0.0 84.928
3.6457276351199996 0.9896093388369624 0.0 85.109
3.64408189536 0.989992425359644 0.0 85.291
3.6406746175199998 0.9902227882612336 0.0 85.471
3.6385849842 0.990481223809147 0.0 85.652
3.63607952964 0.9906749579793384 0.0 85.832
3.63303368292 0.9907444120320446 0.0 86.014
3.6317248109999998 0.9909226416816642 0.0 86.191
3.62774380512 0.9911928033628638 0.0 86.374
3.62665775724 0.9915981031878128 0.0 86.557
3.62237146488 0.9919896643133348 0.0 86.742
3.62130647124 0.992168925541633 0.0 86.924
3.618127281 0.992279035091858 0.0 87.109
3.6159078132 0.9923700580137356 0.0 87.288
3.6127180958399996 0.9923563638157052 0.0 87.468
3.61031615796 0.99246980391139 0.0 87.647
3.6080458090799996 0.992767628066355 0.0 87.827
3.6049438177199997 0.9930621313652755 0.0 88.008
3.60344019408 0.993301363540404 0.0 88.186
3.59957147748 0.9934685542248892 0.0 88.362
3.59857140108 0.9937308248996682 0.0 88.545
3.5944202067599997 0.993999909873616 0.0 88.725
3.59315344332 0.994118205628686 0.0 88.905
3.5897724832800004 0.9941449132302018 0.0 89.087
3.58766355024 0.9942363824655528 0.0 89.264
3.5849721165600004 0.9943279224708376 0.0 89.445
3.58219822044 0.9945214463345166 0.0 89.627
3.58062617052 0.9947603510434416 0.0 89.812
3.5767135909200003 0.9948860673982174 0.0 89.994
3.57541173708 0.9949003138446638 0.0 90.177
3.5713658139599995 0.9948829025824796 0.0 90.355
3.5703253836 0.9948585768463754 0.0 90.537
3.5660864632799996 0.9947596550911234 0.0 90.72
3.564921462 0.9947951117067472 0.0 90.9
3.56139663132 0.995025592320938 0.0 91.081
3.55930348896 0.9953439387299048 0.0 91.263
3.5567085538799996 0.9955389727755316 0.0 91.446
3.55392413064 0.9956275073899096 0.0 91.63
3.55204153068 0.9956400206703462 0.0 91.814
3.5485412632799997 0.9956455676866284 0.0 91.997
3.5471113294800003 0.9955577046413002 0.0 92.18
3.5431671685199997 0.9955012876893756 0.0 92.36
3.5422249912800003 0.9954353734373108 0.0 92.54
3.5380580062799996 0.9955197553046649 0.0 92.72
3.53672983464 0.9958001221858124 0.0 92.904
3.53308920564 0.99600944213586 0.0 93.086
3.5311136161200003 0.9962269599998936 0.0 93.266
3.5283976191599997 0.996316544535737 0.0 93.447
3.52563074112 0.9962239559232436 0.0 93.629
3.52384288524 0.996113938517602 0.0 93.812
3.5200882124399997 0.9961183817747542 0.0 93.996
3.51877407696 0.9962346198089648 0.0 94.176
3.51479307108 0.9963403968069436 0.0 94.358
3.5138473848 0.99635693897146 0.0 94.539
3.50964180036 0.9963388189614392 0.0 94.722
3.50834170104 0.9964569148930944 0.0 94.906
3.50493266868 0.9965239162897775 0.0 95.086
3.50289216192 0.9965347083813858 0.0 95.27
3.4999691316 0.9964414545494704 0.0 95.454
3.4973092792799996 0.9962238416365004 0.0 95.633
3.4953459714 0.9962153842608652 0.0 95.815
3.49185623112 0.996467570574469 0.0 95.995
3.49061578548 0.9966047246234844 0.0 96.175
3.4865295084 0.9966283446000708 0.0 96.357
3.48557855856 0.9965417899009832 0.0 96.539
3.48127296648 0.996523237836312 0.0 96.719
3.47993953128 0.9965174924306978 0.0 96.902
3.47714984448 0.9965466995419756 0.0 97.084
3.4745215735199997 0.9966384410983596 0.0 97.264
3.4720143644399997 0.9968930295587812 0.0 97.443
3.4690106262000002 0.9969831466846152 0.0 97.627
3.467063109 0.9970778146942092 0.0 97.808
3.4635189786 0.9971844064092816 0.0 97.989
3.46228028748 0.9972401295019484 0.0 98.172
3.4581519019199995 0.9972017185518448 0.0 98.353
3.4571676161999996 0.9972799217231338 0.0 98.534
3.45310063884 0.9974873077974894 0.0 98.714
3.45175141296 0.9976868283372372 0.0 98.898
3.44850204192 0.9977552568169078 0.0 99.079
3.4461720393600004 0.997886904988666 0.0 99.26
3.44376132888 0.9980001681316574 0.0 99.44
3.44061898356 0.9980278312475952 0.0 99.623
3.43890657204 0.9980822732196244 0.0 99.807
3.43519400772 0.998107474286819 0.0 99.99
3.43386934512 0.9981429779215822 0.0 100.172
3.42981640392 0.9983496156656598 0.0 100.355
3.4288268546399996 0.998529024052558 0.0 100.536
3.4252371067199996 0.9986982358923308 0.0 100.717
3.4233053802 0.998935397000832 0.0 100.901
3.4200068826 0.9989409895107672 0.0 101.082
3.41772249756 0.998830660765762 0.0 101.262
3.4151538802799997 0.9987989628591284 0.0 101.441
3.41220628668 0.9986213759435344 0.0 101.624
3.41054826528 0.99847073929653 0.0 101.804
3.40675674756 0.998394357548562 0.0 101.984
3.40555139232 0.9984295972923274 0.0 102.166
3.4014300248400002 0.998451221831007 0.0 102.347
3.40043345748 0.9984675276771828 0.0 102.529
3.3961138292400004 0.9983476579483832 0.0 102.714
3.3948768926399997 0.998240062688326 0.0 102.895
3.39162225804 0.9982878380409684 0.0 103.077
3.38925716508 0.9981333941598848 0.0 103.257
3.3869868162000003 0.9979613323586934 0.0 103.438
3.383767272 0.997967278416754 0.0 103.618
3.38209872348 0.9980406986993784 0.0 103.801
3.37813175376 0.9980647968696302 0.0 103.981
3.3773738011199996 0.9982263639084724 0.0 104.163
3.37318400736 0.9983911508552836 0.0 104.344
3.3719067168 0.9984680558978244 0.0 104.524
3.36790992024 0.9984714132592486 0.0 104.707
3.3662659349999995 0.998443715850295 0.0 104.89
3.36308849928 0.998512418833084 0.0 105.073
3.36056199048 0.9985221197581298 0.0 105.254
3.3579846006 0.9985109980827972 0.0 105.437
3.35483348268 0.9985592087024918 0.0 105.621
3.3536369000399997 0.9985540452431324 0.0 105.802
3.34928393592 0.9984322516305836 0.0 105.982
3.3483575493599997 0.9983664487948528 0.0 106.161
3.34416951012 0.9984925921142216 0.0 106.346
3.34299047268 0.9986291402165955 0.0 106.525
3.33988497228 0.9987599478369152 0.0 106.707
3.3366426193199996 0.9988901612516216 0.0 106.888
3.3357741319199996 0.9990074426354498 0.0 107.07
3.33261248688 0.9990761969950264 0.0 107.25
3.33010703232 0.9991477824234448 0.0 107.43
3.32801564448 0.999240981710006 0.0 107.61
3.32636464116 0.9992938508669444 0.0 107.79
3.3249382164 0.9993494914987916 0.0 107.973
3.32372408856 0.9994060481999636 0.0 108.154
3.32266084944 0.9993396578085284 0.0 108.336
3.32184499764 0.9992143397905234 0.0 108.515
3.3211502077199997 0.9990267166325822 0.0 108.696
3.3205168260000004 0.9989011581077828 0.0 108.879
3.3199869609599997 0.99879767641395 0.0 109.057
3.31961149368 0.9986930589901516 0.0 109.238
3.31918514532 0.998588222371463 0.0 109.418
3.3176394132 0.9983979624040084 0.0 109.601
3.30314005992 0.9981508098502035 0.0 109.781
3.30019422084 0.998158703867868 0.0 109.961
3.29565176856 0.9983031210317608 0.0 110.144
3.2944095684 0.9984813357576516 0.0 110.322
3.2905917328800003 0.9985884479018295 0.0 110.506
3.28872667812 0.998723806174295 0.0 110.687
3.2859457639199996 0.998792391069266 0.0 110.866
3.2831946765599995 0.9986801141527912 0.0 111.046
3.2812138234800003 0.998671568071646 0.0 111.227
3.2776802201999997 0.9987163081806792 0.0 111.405
3.27636082116 0.999018004561309 0.0 111.585
3.27229033476 0.999286968579705 0.0 111.766
3.27130429452 0.9994448985924176 0.0 111.948
3.26724608976 0.9993063835707132 0.0 112.128
3.26575474776 0.9991763780749394 0.0 112.311
3.26239484196 0.9990794989717736 0.0 112.489
3.2601262475999997 0.9991108966950888 0.0 112.673
3.2575681574399997 0.9992440138341684 0.0 112.853
3.25463810904 0.9993325331321044 0.0 113.035
3.25300465092 0.9994070837808068 0.0 113.217
3.2491464614399996 0.9994728009917117 0.0 113.401
3.24792005196 0.9994057272965238 0.0 113.584
3.24373376724 0.9993670633658862 0.0 113.765
3.2427512360399997 0.9995069702037692 0.0 113.948
3.23907551664 0.9996550674222384 0.0 114.132
3.23713501752 0.9997684395116936 0.0 114.318
3.2333259545999997 0.9997519913988152 0.0 114.499
3.2315451168 0.9996225539481938 0.0 114.682
3.2284659342 0.9993629363069269 0.0 114.865
3.2260008335999997 0.9992493408547056 0.0 115.048
3.2237462754 0.9992396107870404 0.0 115.229
3.22039338768 0.9993280939082942 0.0 115.413
3.21879677448 0.9995065169615904 0.0 115.596
3.21489296748 0.999489665487308 0.0 115.779
3.2138823639600003 0.9994853031308254 0.0 115.959
3.2096574798 0.9995082457336506 0.0 116.141
3.20850125112 0.999624218281208 0.0 116.322
3.2045255088 0.9996894117357707 0.0 116.502
3.20289731424 0.999744149516528 0.0 116.683
3.20035676928 0.9998361249108402 0.0 116.865
3.1975302375599997 0.9998239205776416 0.0 117.048
3.1950511008 0.9997102747969924 0.0 117.231
3.19172979444 0.9995929961113804 0.0 117.412
3.1902156436799998 0.9995041085288696 0.0 117.598
3.1862785008 0.999507702848728 0.0 117.779
3.1850924452799996 0.9996055209225228 0.0 117.963
3.18086405208 0.999649030404924 0.0 118.145
3.17984643048 0.9996240507180338 0.0 118.325
3.17597420484 0.9996279230514544 0.0 118.507
3.17437759164 0.9996210313565598 0.0 118.688
3.1714264890000003 0.999670052030347 0.0 118.868
3.1687999725599996 0.9997204726076816 0.0 119.05
3.16656471408 0.9997913656131934 0.0 119.231
3.1632504258000003 0.9999615556152012 0.0 119.414
3.16177311996 0.9999757624980145 0.0 119.594
3.15770263356 0.99983467753493 0.0 119.777
3.15663062184 0.9998300496516508 0.0 119.961
3.15235310208 0.9998321685284826 0.0 120.143
3.15131442624 0.9998688535615524 0.0 120.323
3.1480387374 0.999834128273194 0.0 120.504
3.1458455874 0.9998040769135258 0.0 120.685
3.1427049965999996 0.999790520187676 0.0 120.867
3.14008900728 0.9998615620371866 0.0 121.049
3.13796954712 0.999914162580123 0.0 121.226
3.1346096413199995 1.0 0.0 121.406
3.1332235705200002 0.9998936746025224 0.0 121.588
3.1291408024800003 0.99967022556225 0.0 121.769
3.1282266975599997 0.9996053051554064 0.0 121.95
3.12382460688 0.9997296105376592 0.0 122.132
3.12272276832 0.9997248550877392 0.0 122.314
3.1190189765999996 0.999605962263208 0.0 122.498
3.1170767229600003 0.9995564180819364 0.0 122.682
3.1141291293599997 0.999463947250104 0.0 122.865
3.11138506008 0.999452107786184 0.0 123.046
3.10946210616 0.9996264651919924 0.0 123.229
3.1058846398799997 0.999631608248302 0.0 123.41
3.1044073340400002 0.9997487151040944 0.0 123.592
3.10041755556 0.9998524039053172 0.0 123.772
3.0996753936 0.9999109402880824 0.0 123.955
3.09548559984 0.9999957537332382 0.0 124.138
3.09401004852 0.9999482257546513 0.0 124.322
3.0901992310799997 0.9999935143201856 0.0 124.503
3.08831838564 0.9999236592554102 0.0 124.682
3.08552343528 0.9998910174620192 0.0 124.861
3.0827635753200004 0.9998173711875554 0.0 125.046
3.0807651770400004 0.9998293252375294 0.0 125.226
3.0772947364800003 0.9998760821349744 0.0 125.409
3.07589112048 0.999686625427829 0.0 125.59
3.0717715075200003 0.9996696218232728 0.0 125.771
3.0708223122 0.9996655263332096 0.0 125.957
3.06654654696 0.9996668833985108 0.0 126.134
3.0653411917200004 0.9997627663594052 0.0 126.317
3.0616198548 0.9998084384909848 0.0 126.501
3.05971269156 0.9998002089116844 0.0 126.683
3.0570142398 0.9998502932869372 0.0 126.864
3.05407892784 0.9999405059680098 0.0 127.044
3.05209632024 0.9999525256218882 0.0 127.227
3.0486241251599995 0.99987581538019 0.0 127.407
3.04754684988 0.9997065649549798 0.0 127.59
3.0433816194 0.9996062952831132 0.0 127.77
3.04225170852 0.9997248695119392 0.0 127.95
3.0378461088 0.9998704572657998 0.0 128.133
3.03665654424 0.999762453080202 0.0 128.313
3.0331053957600003 0.999562738041278 0.0 128.495
3.03107190708 0.9993911766866972 0.0 128.678
3.0283067835599997 0.9994203985660604 0.0 128.862
3.02552236032 0.9993878166952814 0.0 129.046
3.02348711712 0.9993996125975 0.0 129.229
3.01998684972 0.9995259552600034 0.0 129.41
3.01838497296 0.9996219093944344 0.0 129.592
3.0144092306399997 0.9996047602658488 0.0 129.773
3.01340213616 0.99960041631697 0.0 129.955
3.0090017999999996 0.99964315199421 0.0 130.138
3.0080192688 0.9997417725202156 0.0 130.322
3.00423301464 0.9997460108782092 0.0 130.506
3.00236795988 0.9996762518458012 0.0 130.688
2.9993624671199997 0.9994781494230496 0.0 130.874
2.9966885786399997 0.999304623946273 0.0 131.054
2.99514460104 0.9992979667577866 0.0 131.238
2.99135308332 0.9994024693489654 0.0 131.418
2.9895722455200002 0.9994359304810682 0.0 131.6
2.9855807125199996 0.9993570094059064 0.0 131.781
2.9847122251199996 0.999293355606393 0.0 131.961
2.98043996892 0.9991111534269512 0.0 132.143
2.9792451408 0.999147141349596 0.0 132.322
2.97545888664 0.9990896824108632 0.0 132.499
2.9735534779200004 0.9990609007083798 0.0 132.677
2.97059184816 0.9990481354772272 0.0 132.855
2.96797936788 0.9990368754226668 0.0 133.038
2.9660581684799996 0.9990902990020722 0.0 133.218
2.96247719316 0.9992376060875892 0.0 133.4
2.9611560396 0.9993545449391896 0.0 133.581
2.9569978272 0.9994805883043132 0.0 133.759
2.95616618472 0.9997623712078764 0.0 133.939
2.95226764128 0.9998895246090816 0.0 134.12
2.95058154756 0.9998205519381044 0.0 134.301
2.94706022592 0.9997436653970516 0.0 134.484
2.94494953836 0.9997345626908752 0.0 134.664
2.94228968604 0.9997230918524862 0.0 134.846
2.93928419328 0.9995268396539124 0.0 135.026
2.93751037356 0.9993348737094278 0.0 135.208
2.93379079116 0.9992571443033 0.0 135.389
2.9326117537200003 0.999416582456044 0.0 135.568
2.92835879724 0.9996424533650256 0.0 135.749
2.92736047536 0.9997615360547478 0.0 135.93
2.9233356064800002 0.9996413583998324 0.0 136.111
2.9218109286 0.9994103788955292 0.0 136.291
2.9186019115199997 0.9993150616458804 0.0 136.47
2.91620172816 0.9993458433011224 0.0 136.653
2.91393137928 0.9993566206028572 0.0 136.833
2.91064165428 0.9993424406844206 0.0 137.016
2.90901521424 0.9994364456917588 0.0 137.195
2.905090353 0.9995626941577722 0.0 137.375
2.90432011872 0.9996210611231566 0.0 137.556
2.90013558852 0.9995207717280574 0.0 137.738
2.89874425416 0.9994119637780232 0.0 137.915
2.8948965918000003 0.9995187492410428 0.0 138.094
2.89307540004 0.9995725831188756 0.0 138.277
2.8900365714 0.9994772379878962 0.0 138.46
2.8873539103200003 0.9994656745029228 0.0 138.641
2.88544499256 0.9994780072084092 0.0 138.821
2.88195349776 0.9994012760217528 0.0 139.003
2.8805340910800004 0.9992743659852934 0.0 139.187
2.87637236964 0.999315541681778 0.0 139.37
2.8755161638800004 0.99919106205095 0.0 139.551
2.8711649542799997 0.9990695151599264 0.0 139.734
2.8699490719200003 0.999043717217944 0.0 139.914
2.86594174824 0.99906757115125 0.0 140.097
2.8643328533999997 0.9991634344725272 0.0 140.28
2.86153965756 0.9993132996013868 0.0 140.461
2.85868505352 0.9994037908564228 0.0 140.639
2.85675157248 0.999292666893192 0.0 140.82
2.8530776076 0.9992151617838528 0.0 141.002
2.8515897746400003 0.9992293090615408 0.0 141.19
2.84757367836 0.999355907528554 0.0 141.371
2.84661395592 0.9995360176208478 0.0 141.554
2.84225572824 0.9995771065368272 0.0 141.74
2.84114511708 0.9995312059434992 0.0 141.922
2.8371588476399996 0.9995551392318176 0.0 142.102
2.83539730956 0.9995886601263232 0.0 142.283
2.8330094078399997 0.9996400370363244 0.0 142.464
2.82984074472 0.9993609515880858 0.0 142.647
2.8276195224 0.9991260386459172 0.0 142.831
2.824206981 0.9991524490471292 0.0 143.014
2.8227682746 0.999269583034048 0.0 143.194
2.81869603368 0.9993342583764634 0.0 143.376
2.81783456436 0.9994307515898846 0.0 143.557
2.81345879148 0.9993725865032644 0.0 143.737
2.8122113277599996 0.99920354765085 0.0 143.916
2.80857596232 0.9990440089849112 0.0 144.096
2.8067459979600002 0.9989153731989536 0.0 144.278
2.80396683828 0.9989034047997526 0.0 144.459
2.8010315263199996 0.9989711792691056 0.0 144.639
2.7991559444400003 0.999106203444358 0.0 144.822
2.795564442 0.999295492342572 0.0 145.001
2.7943889136 0.9994530520442372 0.0 145.181
2.79013069356 0.9994963625077504 0.0 145.362
2.7891078084 0.9995741644093727 0.0 145.543
2.7848478338400002 0.9995352563957298 0.0 145.724
2.78342842716 0.9995291404956862 0.0 145.907
2.78055978696 0.9994962288600386 0.0 146.091
2.77789818012 0.9994025560789156 0.0 146.273
2.77523481876 0.9993088778893948 0.0 146.453
2.7721854629999996 0.9992957425224508 0.0 146.634
2.77042567944 0.9992272809595169 0.0 146.816
2.76662538912 0.998966107006626 0.0 146.997
2.76555688644 0.9988998553942084 0.0 147.179
2.7613214751599995 0.998922718996302 0.0 147.361
2.7600985747199998 0.9989380032899462 0.0 147.55
2.7559526439599997 0.998899602840062 0.0 147.731
2.75458411836 0.9990786538716055 0.0 147.91
2.7507697918800003 0.9991829534633426 0.0 148.09
2.74891877328 0.999115133625346 0.0 148.27
2.74647648144 0.9988793532073468 0.0 148.452
2.74325869176 0.998702912009455 0.0 148.633
2.74159014324 0.9987563467768622 0.0 148.816
2.73772844472 0.9989238830765576 0.0 148.997
2.73665292396 0.9990219909603828 0.0 149.179
2.73245260308 0.998818980428604 0.0 149.356
2.73145077216 0.9985706698599184 0.0 149.536
2.72792067792 0.998391102724668 0.0 149.718
2.72584683528 0.998320539349716 0.0 149.9
2.72230972296 0.9982231357184844 0.0 150.079
2.7200937642 0.9984190647093756 0.0 150.263
2.71791114132 0.998674973642116 0.0 150.442
2.7145126360800003 0.9989061251108142 0.0 150.621
2.7128440875599997 0.9988373057770388 0.0 150.805
2.70895431672 0.9987178366926662 0.0 150.986
2.7077594886 0.9987332394375796 0.0 151.167
2.70349425048 0.9987559720134994 0.0 151.347
2.70258891816 0.9986904416168084 0.0 151.53
2.69844123288 0.9987547689283238 0.0 151.711
2.69690076432 0.9988508597467244 0.0 151.893
2.69372683764 0.9988371986661676 0.0 152.072
2.69119857432 0.9987852296231632 0.0 152.253
2.68940370036 0.9986953309565296 0.0 152.433
2.6857665804 0.9986180497360936 0.0 152.616
2.68404890532 0.9985695726224216 0.0 152.796
2.68012755312 0.9983696138486076 0.0 152.979
2.67927134736 0.9981201900251762 0.0 153.159
2.67528156888 0.998246826886488 0.0 153.343
2.67375513648 0.9984841987293552 0.0 153.525
2.66960218764 0.9987120625481412 0.0 153.706
2.6679652204799997 0.9989086369249506 0.0 153.889
2.6647877847599997 0.9989771268376544 0.0 154.069
2.66237356524 0.9990694411565032 0.0 154.249
2.66177527392 0.9991259212658292 0.0 154.432
2.66164017588 0.9992075037710496 0.0 154.612
2.66140156116 0.9990644868777128 0.0 154.794
2.66131558968 0.9988800182076298 0.0 154.976
2.6611471557599997 0.9987362767947005 0.0 155.159
2.66117522808 0.99871688366448 0.0 155.336
2.66115417384 0.9987971596294998 0.0 155.514
2.6610524116799996 0.9988378036443932 0.0 155.698
2.66098047636 0.9989196579058248 0.0 155.881
