X_channel Y_channel II_channel timestamp
2.66156648604 0.9783502919803708 0.0 0.546
2.66156473152 0.9780973143297618 0.0 0.726
2.66149805976 0.9779407262450412 0.0 0.906
2.66152964112 0.9780969990129024 0.0 1.088
2.66146296936 0.9782905902152472 0.0 1.274
2.662747278 0.978380495933657 0.0 1.456
2.66476146696 0.9784965561014028 0.0 1.639
2.6660668298399997 0.9784299260639232 0.0 1.826
2.66950919808 0.9781882991954692 0.0 2.011
2.67044611176 0.9780603098850348 0.0 2.191
2.67451308912 0.978057672494234 0.0 2.378
2.67526402368 0.9780644208530364 0.0 2.558
2.67918362136 0.978217208094776 0.0 2.741
2.68036616784 0.9782866189635638 0.0 2.921
2.68368922872 0.9782577079873352 0.0 3.1
2.68570868124 0.978099508177604 0.0 3.283
2.68824747168 0.9780635411987688 0.0 3.463
2.69095294152 0.9781466451296844 0.0 3.647
2.6925179733599998 0.9782390971263788 0.0 3.827
2.69615509332 0.9783893750135207 0.0 4.009
2.69729728584 0.9784388388133688 0.0 4.192
2.70128881884 0.9784747317405886 0.0 4.372
2.70206431668 0.9784229122584336 0.0 4.555
2.70620147484 0.9785189112662348 0.0 4.737
2.7074963106 0.9784129639793931 0.0 4.918
2.7104333770799998 0.9784001778555392 0.0 5.099
2.7125475736799998 0.9785171887164452 0.0 5.284
2.7149705658000003 0.9785977816367551 0.0 5.461
2.71795675884 0.978624642756267 0.0 5.643
2.7195849534 0.9786000873320766 0.0 5.826
2.72314838352 0.9785929392545718 0.0 6.007
2.72408354268 0.978601351541397 0.0 6.188
2.72827333644 0.9785606329728248 0.0 6.373
2.72909796084 0.9786072562882804 0.0 6.554
2.73322283736 0.978585555439958 0.0 6.734
2.73448784628 0.978479314323767 0.0 6.915
2.7375951012 0.978372487479692 0.0 7.093
2.7398566774799997 0.9783732254408544 0.0 7.275
2.74197613764 0.9784314999379412 0.0 7.455
2.7450974287200003 0.9783615509587392 0.0 7.638
2.74657473456 0.9782572051050537 0.0 7.82
2.75044520568 0.9782535409715596 0.0 8.002
2.75163652476 0.9783615547562742 0.0 8.186
2.755692975 0.978339959816999 0.0 8.366
2.7565211084400003 0.9781530496029882 0.0 8.548
2.76017752812 0.9781271126092984 0.0 8.729
2.7618653763600003 0.9780638596711426 0.0 8.911
2.7648392877599997 0.9780513891073828 0.0 9.092
2.76728684316 0.978073402814128 0.0 9.271
2.76873607668 0.978086437920492 0.0 9.451
2.77239425088 0.97811934285188 0.0 9.629
2.77371364992 0.9781704326056226 0.0 9.806
2.77757710296 0.9783228568447252 0.0 9.986
2.7785175256800003 0.9782920953058536 0.0 10.166
2.78257573044 0.9783286095686334 0.0 10.347
2.78393723796 0.9782820229897908 0.0 10.528
2.7875024226 0.9782748760436748 0.0 10.71
2.7892516790399995 0.9782513889655188 0.0 10.89
2.79181152372 0.9782744225228984 0.0 11.072
2.79458717436 0.978203778760616 0.0 11.253
2.79648907404 0.978220892013026 0.0 11.435
2.7999770598000002 0.9782522783899348 0.0 11.616
2.8013017224 0.9782249674998816 0.0 11.796
2.80517570256 0.978063665568616 0.0 11.977
2.8059775181999997 0.9780120304120676 0.0 12.155
2.8097549997600004 0.9780460175945268 0.0 12.335
2.81131827708 0.9780993184897884 0.0 12.518
2.8148202989999995 0.9782289219902566 0.0 12.696
2.8168011520799996 0.9783644601184508 0.0 12.876
2.81839601076 0.97841805333694 0.0 13.057
2.82201207648 0.978450605388094 0.0 13.24
2.8237946687999997 0.9783096955401284 0.0 13.42
2.8274616156 0.978090091379081 0.0 13.604
2.82865118016 0.9780419352284416 0.0 13.783
2.8326900852 0.9780586619874668 0.0 13.963
2.8336199807999995 0.9780277878242356 0.0 14.145
2.83763256804 0.9780639001691196 0.0 14.326
2.8389344218800003 0.9781737293216832 0.0 14.508
2.84228204604 0.9783198841902456 0.0 14.689
2.84447695056 0.978358532522581 0.0 14.872
2.84679993504 0.9784579431143946 0.0 15.055
2.84982121848 0.9785047733738268 0.0 15.237
2.8514108136 0.978499463456286 0.0 15.416
2.8551409231199996 0.978631182003879 0.0 15.596
2.8557707958 0.9786368551545972 0.0 15.776
2.859999189 0.9786356887510764 0.0 15.962
2.8611483996000002 0.9785479077859112 0.0 16.142
2.8652802942 0.9784305589257548 0.0 16.33
2.86662776556 0.9783838117587716 0.0 16.508
2.86986485496 0.9784522201097132 0.0 16.693
2.87208081372 0.9785310634814448 0.0 16.879
2.87440204368 0.9785904934424386 0.0 17.06
2.8774285906799997 0.978655298526316 0.0 17.24
2.87912872056 0.9787098743633876 0.0 17.422
2.88280970352 0.9788019303354124 0.0 17.602
2.8838624155200003 0.9787721549193452 0.0 17.785
2.8879750104000004 0.978868106543634 0.0 17.966
2.8889961410400002 0.9788576772417692 0.0 18.147
2.89302451896 0.9787769239040672 0.0 18.329
2.89444217112 0.9785558271170488 0.0 18.512
2.8976511882000002 0.9784301288256828 0.0 18.696
2.89986714696 0.978450091571707 0.0 18.879
2.90240944644 0.9784533612947568 0.0 19.061
2.90530440444 0.9785758969617168 0.0 19.241
2.90657467692 0.978684779790765 0.0 19.425
2.9105381376 0.9787794040654336 0.0 19.606
2.9116838391599997 0.9787504589014516 0.0 19.787
2.91589995072 0.9787099129330794 0.0 19.967
2.9168035285199996 0.9786591469939652 0.0 20.145
2.92083190644 0.9786193583488628 0.0 20.328
2.9223460572 0.9785348166658387 0.0 20.514
2.9253392683199997 0.9785617905997384 0.0 20.695
2.92763944404 0.9786414355248606 0.0 20.875
2.9299168109999996 0.9786423227020166 0.0 21.058
2.93304336564 0.9784937483538207 0.0 21.241
2.9346154155599997 0.9784489966225636 0.0 21.424
2.93845605984 0.9787971188321256 0.0 21.608
2.9394789450000003 0.9792742780198624 0.0 21.79
2.9438126094 0.979585892252349 0.0 21.972
2.94454599876 0.9794567375440654 0.0 22.151
2.94866034816 0.9793367195659958 0.0 22.335
2.95017800796 0.9791957255456378 0.0 22.521
2.95349931432 0.9791078252706908 0.0 22.702
2.95551350328 0.9790285112905672 0.0 22.884
2.9573592583200004 0.978968301439022 0.0 23.064
2.9609314610399995 0.9789808734013522 0.0 23.245
2.96247894768 0.9788966061567996 0.0 23.427
2.96635994592 0.9787351519604426 0.0 23.607
2.96751442008 0.9787652075984238 0.0 23.788
2.9716480692 0.9790382406865548 0.0 23.971
2.9727183264 0.979067541329156 0.0 24.156
2.97696777384 0.9789683433961672 0.0 24.339
2.9780415400799995 0.9788404957155508 0.0 24.52
2.9812295029199998 0.978908544803324 0.0 24.699
2.98345247976 0.9789678931356468 0.0 24.879
2.98614566796 0.9789135914675616 0.0 25.061
2.9890072900799995 0.9788625257129532 0.0 25.24
2.99091971688 0.9789370065259456 0.0 25.425
2.99428488624 0.979124568428046 0.0 25.613
2.99544111492 0.9792922069598488 0.0 25.797
2.99950458324 0.9793485306026865 0.0 25.977
3.0003976339199996 0.979356590775326 0.0 26.158
3.0045260194799996 0.9793938529834034 0.0 26.339
3.00591910836 0.9793474695260171 0.0 26.519
3.0085912423199996 0.9794494639950352 0.0 26.702
3.01130723928 0.9794739820458674 0.0 26.884
3.01403376336 0.9794796792834384 0.0 27.065
3.01679362332 0.9794456315016404 0.0 27.248
3.01879377612 0.979286793871256 0.0 27.428
3.0222519350400003 0.9792197316009664 0.0 27.608
3.0234555357599997 0.9791544292197952 0.0 27.788
3.02754181284 0.9792102310075296 0.0 27.971
3.0284050366799997 0.9793538999118624 0.0 28.151
3.03258079428 0.979352284399799 0.0 28.33
3.03401950068 0.9792490471037996 0.0 28.513
3.0371881638000002 0.9791014649215032 0.0 28.695
3.03933218724 0.9789652683311668 0.0 28.877
3.04188676836 0.9788317883124906 0.0 29.059
3.0448676978399996 0.978819369941984 0.0 29.24
3.04608007116 0.978830310834807 0.0 29.42
3.0500312502 0.9789052906555246 0.0 29.602
3.0513348585599998 0.9789170564888436 0.0 29.783
3.0555123706800003 0.979013747776733 0.0 29.962
3.0564440208 0.9789238488265052 0.0 30.144
3.0605671427999996 0.9788430910566858 0.0 30.328
3.06189882348 0.978680603468991 0.0 30.505
3.06487273488 0.978510808740198 0.0 30.685
3.0673571352 0.9784373653011154 0.0 30.862
3.06945554112 0.9784562987606932 0.0 31.044
3.07264174944 0.9785226574230562 0.0 31.221
3.0740348383200002 0.978535228587173 0.0 31.403
3.0780193532399998 0.97857118643299 0.0 31.584
3.07902995676 0.9784836982595096 0.0 31.769
3.0832478228399998 0.9786183742292855 0.0 31.95
3.0843461523599998 0.9785899370474443 0.0 32.132
3.0878551923599997 0.9784453387822848 0.0 32.309
3.08982902736 0.9784041482129866 0.0 32.493
3.09275030316 0.9784895161507808 0.0 32.677
3.0952890936 0.9785517674608616 0.0 32.86
3.0968365802399997 0.9784091198919276 0.0 33.04
3.10064564316 0.9783862088095292 0.0 33.222
3.10199136 0.978398353928577 0.0 33.403
3.10609518228 0.9783960512628362 0.0 33.583
3.10704613212 0.9784046340890328 0.0 33.763
3.1111552179600004 0.9785769655552994 0.0 33.942
3.1123395189600003 0.9785876569979152 0.0 34.122
3.1157994324 0.9785229894559608 0.0 34.304
3.1178557298399996 0.9785415528889214 0.0 34.483
3.12038574768 0.978564393847102 0.0 34.666
3.12327017856 0.978590435741054 0.0 34.848
3.124931709 0.9786054373882236 0.0 35.03
3.1286828727600002 0.9785212582414574 0.0 35.209
3.129756639 0.9783735520715374 0.0 35.391
3.1339323966 0.9783915731275872 0.0 35.573
3.1349061552 0.9785184202060678 0.0 35.754
3.1388643523199997 0.9786722204748378 0.0 35.936
3.1402662138000004 0.978820159856412 0.0 36.117
3.14365770096 0.9787934823782426 0.0 36.298
3.14582628768 0.978577671767996 0.0 36.48
3.1476509884799997 0.9783407912250098 0.0 36.66
3.1510582663199997 0.9782338017348348 0.0 36.843
3.1526952334800002 0.9781698629683824 0.0 37.021
3.1566271128000003 0.9781856783203188 0.0 37.201
3.1576342072799997 0.978194770170078 0.0 37.382
3.16182400104 0.978213653731069 0.0 37.562
3.1627117881599998 0.9782406121401908 0.0 37.743
3.16662085872 0.9782185841567368 0.0 37.924
3.1682508078000002 0.9781749927765288 0.0 38.104
3.1711826107200003 0.9782211461511824 0.0 38.284
3.173795091 0.978321745576104 0.0 38.467
3.17584437036 0.9781845063395396 0.0 38.649
3.17911304112 0.9778621685327764 0.0 38.832
3.18059210148 0.9777180449966036 0.0 39.012
3.1846345155599995 0.9777939008791956 0.0 39.194
3.1855205481600004 0.9776658245621624 0.0 39.376
3.1896822696 0.9775466372987772 0.0 39.557
3.19087007964 0.9776164154788136 0.0 39.74
3.1946598428399997 0.9777096811386876 0.0 39.922
3.19639857216 0.977626940023561 0.0 40.106
3.19944968244 0.9775363532152396 0.0 40.289
3.20182530252 0.9774790416090562 0.0 40.47
3.2039184448799998 0.9774789822580978 0.0 40.65
3.2072678235599996 0.9774124887160084 0.0 40.83
3.2086310856 0.977424792038634 0.0 41.013
3.2126559544799997 0.977461117941238 0.0 41.193
3.21355953228 0.9773511315164384 0.0 41.376
3.2177984526 0.9772138914077416 0.0 41.556
3.21889853664 0.9769488788629376 0.0 41.738
3.2225812741200004 0.976962411807329 0.0 41.922
3.2243743935599998 0.9767060974557872 0.0 42.104
3.22698862836 0.9764360093489752 0.0 42.282
3.23004324768 0.976443861613758 0.0 42.464
3.2314714269600002 0.9764764343278792 0.0 42.645
3.23554191336 0.976591921323889 0.0 42.829
3.23633144736 0.9766753586727605 0.0 43.012
3.2398159240799997 0.9766691242426452 0.0 43.192
3.2420353918799996 0.9767268133292912 0.0 43.374
3.2440934438399998 0.9766880158932836 0.0 43.555
3.24672346932 0.9764768634181488 0.0 43.738
3.2488113481200003 0.9762807547231176 0.0 43.918
3.2504904237599996 0.9762171083989444 0.0 44.098
3.25188351264 0.976229670546944 0.0 44.28
3.25297306956 0.9762394958275596 0.0 44.461
3.2539468281599997 0.9763467653669012 0.0 44.644
3.2580418778399998 0.976344302571934 0.0 44.824
3.2661179334 0.9760847118210184 0.0 45.007
3.26808475032 0.976063047322546 0.0 45.191
3.2721306734400004 0.9761980372802728 0.0 45.374
3.2731237317599997 0.9762463960534054 0.0 45.557
3.2773924789199995 0.9762651976816896 0.0 45.738
3.2785802889599998 0.9761774011621288 0.0 45.921
3.28228057164 0.9763092905009336 0.0 46.101
3.28409123628 0.9762862182278692 0.0 46.28
3.2866791532799997 0.9761132665294072 0.0 46.463
3.28951094856 0.9758646745220656 0.0 46.646
3.2915497008 0.9756096589590636 0.0 46.827
3.2949990871200003 0.9755619362047022 0.0 47.007
3.29629216836 0.975534182746852 0.0 47.194
3.3004503807599996 0.9755519637910112 0.0 47.375
3.30142238484 0.9755410205471382 0.0 47.557
3.30559112436 0.9755194834758688 0.0 47.737
3.30688596012 0.9753168403061104 0.0 47.92
3.3104897442 0.9751726923886638 0.0 48.1
3.3122337370799997 0.975131010388992 0.0 48.282
3.31445846844 0.9752471409460466 0.0 48.463
3.3170656851599998 0.9751935301811218 0.0 48.645
3.31955534904 0.9750787429997178 0.0 48.826
3.3222152013599997 0.9750238753866394 0.0 49.008
3.32443642368 0.9749066597936754 0.0 49.189
3.32715943872 0.9747555243779712 0.0 49.369
3.3296298028800004 0.9746003804577528 0.0 49.552
3.33243528036 0.9745098479538872 0.0 49.732
3.33493371684 0.9743352312974944 0.0 49.912
3.3375409335599997 0.9741640503179098 0.0 50.091
3.33982356408 0.9741254673893268 0.0 50.272
3.3424518350400003 0.9739133106703536 0.0 50.455
3.3451046692799995 0.9735660756136516 0.0 50.635
3.34747853484 0.973469893743072 0.0 50.82
3.35013136908 0.9734149092395114 0.0 51.001
3.35256488832 0.9733776639483304 0.0 51.182
3.3551299965599997 0.9732841780946724 0.0 51.363
3.35770738644 0.9731700959299052 0.0 51.544
3.36039004752 0.973036499042675 0.0 51.727
3.362932347 0.9728449449656134 0.0 51.91
3.3652921763999997 0.9727675836792072 0.0 52.094
3.36795378324 0.972752088658792 0.0 52.275
3.37052240052 0.9727364958760132 0.0 52.458
3.37312259916 0.9725052592980694 0.0 52.64
3.37540873872 0.9722916470779552 0.0 52.824
3.37808087268 0.9722762335481644 0.0 53.005
3.38065826256 0.9723388503429566 0.0 53.19
3.38322512532 0.9723224905884152 0.0 53.373
3.38581304232 0.9721098420734704 0.0 53.555
3.3884378042399996 0.9718400737649784 0.0 53.735
3.3910608116399996 0.9714519407226948 0.0 53.915
3.39350310348 0.9712586570163791 0.0 54.098
3.39595767696 0.9712018138471492 0.0 54.279
3.3985122580800002 0.971047986073517 0.0 54.459
3.40116509232 0.9708368461708146 0.0 54.641
3.40355650308 0.970624088423758 0.0 54.825
3.40602862176 0.970449770529802 0.0 55.008
3.4086761924399998 0.9702385540243036 0.0 55.191
3.41141148912 0.9700478407418636 0.0 55.375
3.4137537733200003 0.969716243899984 0.0 55.557
3.41637151716 0.9694642859236864 0.0 55.741
3.41898575196 0.9693323768976468 0.0 55.918
3.42156489636 0.9690800513613396 0.0 56.099
3.4239282348000004 0.9688070372036504 0.0 56.279
3.42618805656 0.9687293875950574 0.0 56.46
3.4289110716 0.9685976838158004 0.0 56.64
3.43140424452 0.9683652638102836 0.0 56.822
3.43392198072 0.9681517970593116 0.0 57.001
3.43639760844 0.9678804769271964 0.0 57.179
3.4388399002799996 0.9676088458942752 0.0 57.36
3.4415734424399997 0.9672601422064973 0.0 57.542
3.4440332794799997 0.9670271191503728 0.0 57.724
3.4467194496 0.9669147538619216 0.0 57.904
3.4491582324000003 0.9667202500019776 0.0 58.085
3.4517461494 0.9664885905327504 0.0 58.267
3.4544393375999998 0.9661599302921452 0.0 58.448
3.45652897092 0.965845593424341 0.0 58.631
3.4593291848399996 0.9656552646407212 0.0 58.815
3.4607292918 0.9653534919814176 0.0 58.995
3.46467345276 0.965016213288408 0.0 59.177
3.4654594777199996 0.9645727544231316 0.0 59.358
3.469651026 0.9642376403326876 0.0 59.54
3.4707826913999997 0.9639344122757344 0.0 59.721
3.4743934935599996 0.9635898827882324 0.0 59.909
3.4763357472000003 0.9631169585330084 0.0 60.094
3.47908508004 0.9625725008696976 0.0 60.274
3.48175195044 0.9622836440286768 0.0 60.461
3.48374333064 0.9621632059821582 0.0 60.642
3.48714534492 0.9618603921077108 0.0 60.822
3.48850685244 0.9614216931913412 0.0 61.004
3.49249838544 0.9609474045857876 0.0 61.185
3.49355811552 0.9603290570101132 0.0 61.371
3.49766720136 0.9599534739296092 0.0 61.555
3.49875675828 0.9595125391589704 0.0 61.735
3.5025588031200003 0.9591726791900516 0.0 61.916
3.50433086832 0.9588167482834284 0.0 62.098
3.5065591087200003 0.958345404345594 0.0 62.279
3.5095505653199996 0.9577638251602482 0.0 62.459
3.5117910873600002 0.9571568008196952 0.0 62.641
3.51505975812 0.9565581175058654 0.0 62.825
3.51637564812 0.9558046337143308 0.0 63.004
3.52040578056 0.955173126903868 0.0 63.184
3.5215304278799997 0.9544968845970988 0.0 63.367
3.5257570665599998 0.9539845307590784 0.0 63.552
3.5268010059600003 0.9534835290822796 0.0 63.737
3.5304381259200004 0.9529266584431332 0.0 63.918
3.5322435270000003 0.9521583318326192 0.0 64.096
3.53520164772 0.9512241236507304 0.0 64.277
3.53766323928 0.9502830255408228 0.0 64.459
3.5399230610399997 0.9494208378930572 0.0 64.643
3.5430601428 0.9487808602676654 0.0 64.822
3.54435673308 0.948105919400363 0.0 65.0
3.5483693203200004 0.9474540561724808 0.0 65.183
3.54926588004 0.9465015053485472 0.0 65.363
3.55335391164 0.945496153966344 0.0 65.546
3.5547101555999996 0.9445468241315842 0.0 65.726
3.55741562544 0.9436290168400422 0.0 65.907
3.55996669752 0.942629813522474 0.0 66.089
3.56286341004 0.9416550605300276 0.0 66.271
3.56563028808 0.940757401150267 0.0 66.452
3.5676181592400003 0.9398124153588048 0.0 66.636
3.5707727862 0.938820005471566 0.0 66.819
3.57231325476 0.9376357109500412 0.0 67.002
3.57613810836 0.9365107152004912 0.0 67.183
3.5770802856 0.935164819794452 0.0 67.362
3.5812490251199995 0.933924859357676 0.0 67.544
3.58239823572 0.9326011650899068 0.0 67.726
3.585975702 0.931335442778432 0.0 67.909
3.58783900224 0.9298012128530035 0.0 68.092
3.5905497356400002 0.9282349478979688 0.0 68.272
3.59322713316 0.9265502544430486 0.0 68.457
3.5950272706799997 0.9249760245449868 0.0 68.642
3.59857666464 0.9236518613489144 0.0 68.826
3.6003101303999996 0.9219195892757952 0.0 69.01
3.60407883936 0.9201460737378948 0.0 69.194
3.60518418696 0.9181719105871446 0.0 69.376
3.60931783608 0.9164795925237692 0.0 69.556
3.61031440344 0.9145644032587033 0.0 69.735
3.61406381268 0.9125926690122688 0.0 69.915
3.6156060357600004 0.9103089255109428 0.0 70.096
3.61860275592 0.9080376049477368 0.0 70.278
3.6210310115999995 0.9057801622068228 0.0 70.459
3.6231188904000002 0.9031079127074458 0.0 70.639
3.6264437058000003 0.9005439708487265 0.0 70.818
3.6277157328 0.8977075568864641 0.0 70.996
3.63181780056 0.8950311887851747 0.0 71.178
3.63262312524 0.8918956890724345 0.0 71.359
3.63677431956 0.8888074764505852 0.0 71.539
3.6379919564399996 0.8854406760098 0.0 71.722
3.64145713344 0.8821297383530166 0.0 71.902
3.6435292215599997 0.8787894461763678 0.0 72.084
3.6455679737999995 0.8752112778234471 0.0 72.265
3.64873663692 0.8717804933907097 0.0 72.447
3.6506683634400003 0.8678882962357841 0.0 72.63
3.65415459468 0.8639300706240773 0.0 72.808
3.65526696036 0.8591660243153518 0.0 72.99
3.65938130976 0.854797864152138 0.0 73.167
3.6602603242800003 0.8499154938281035 0.0 73.346
3.66421150332 0.8453700173891799 0.0 73.528
3.665718636 0.8403718794218172 0.0 73.706
3.66877851888 0.8352299140397963 0.0 73.888
3.67116992964 0.8300034158153294 0.0 74.065
3.67304551152 0.8243211468409515 0.0 74.245
3.67646682552 0.8188671966385956 0.0 74.423
3.67771428924 0.8124730063810414 0.0 74.6
3.6817374036 0.8064904844115833 0.0 74.782
3.68260940004 0.7996018667012825 0.0 74.961
3.6866325144000003 0.7932865913683795 0.0 75.141
3.68789401428 0.7861828486088173 0.0 75.322
3.6914048087999998 0.7791157118571606 0.0 75.502
3.6932751271199997 0.7715451335525341 0.0 75.684
3.69555600312 0.7637613705911261 0.0 75.868
3.6985369325999997 0.7568467719466107 0.0 76.05
3.70068797412 0.7491397914564548 0.0 76.232
3.70408472484 0.7415792828635819 0.0 76.412
3.70545675948 0.7330206961334624 0.0 76.596
3.70946057412 0.7256201941157099 0.0 76.777
3.7103448521999995 0.7174904436907404 0.0 76.956
3.71426971344 0.7100299056409809 0.0 77.138
3.7154961229200003 0.7026684450958175 0.0 77.32
3.7189507728 0.6960479549976061 0.0 77.503
3.7209719798400003 0.6898706557697746 0.0 77.683
3.7234037445599997 0.6841087086963531 0.0 77.864
3.7262741392799996 0.6792526483163509 0.0 78.04
3.72801637764 0.6744881918945064 0.0 78.222
3.73152541764 0.6707937967413518 0.0 78.405
3.73271849124 0.6678737596247889 0.0 78.586
3.73673809656 0.6657949329159709 0.0 78.766
3.7377399274800003 0.6647203069481067 0.0 78.945
3.74160688956 0.6645091902698461 0.0 79.124
3.7431999937200002 0.6655207350720667 0.0 79.305
3.74570544828 0.6674630207337218 0.0 79.487
3.7485354890399996 0.6701732113288555 0.0 79.668
3.75074969328 0.6740209992060217 0.0 79.851
3.7539130928399995 0.6788166281587112 0.0 80.035
3.75548689728 0.6850792340602421 0.0 80.217
3.75913629888 0.6913931885532688 0.0 80.401
3.76019602896 0.6987916325256556 0.0 80.581
3.76432441452 0.7060544807810487 0.0 80.761
3.76528413696 0.7145345965168567 0.0 80.943
3.76923356148 0.7228577889958513 0.0 81.125
3.77078455716 0.7319518054089081 0.0 81.306
3.77401989204 0.7410381237715031 0.0 81.489
3.7761463702799998 0.7504512764561737 0.0 81.671
3.77837110164 0.7600822331315353 0.0 81.852
3.78141343932 0.7686572279207734 0.0 82.032
3.7828451276400004 0.7779096832519222 0.0 82.212
3.7865892733199997 0.7862350578116813 0.0 82.391
3.7876314582 0.7953269529809568 0.0 82.571
3.7916212366799997 0.8034200581272037 0.0 82.753
3.79289852724 0.8119840264499673 0.0 82.93
3.79587243864 0.8199127783207449 0.0 83.116
3.79809717 0.827146525955175 0.0 83.297
3.8008693116 0.8345820474139674 0.0 83.477
3.80358530856 0.8416844082527127 0.0 83.662
3.8055696706799997 0.8488387772985707 0.0 83.844
3.8088506230799997 0.8551402245524763 0.0 84.025
3.8102559936000002 0.8620341532557265 0.0 84.207
3.81406681104 0.8679658318195389 0.0 84.391
3.81503881512 0.873875141991839 0.0 84.57
3.8191180741200004 0.8790028037343542 0.0 84.752
3.8203006206 0.8843043420601867 0.0 84.932
3.82411845612 0.8892918764834113 0.0 85.114
3.8257466506799997 0.8942633131068577 0.0 85.295
3.8287188075599996 0.8989698742013463 0.0 85.477
3.8311154818800004 0.9032186186981828 0.0 85.659
3.83289456516 0.9074442767266264 0.0 85.84
3.8364211503599996 0.9109174568368452 0.0 86.023
3.8376352781999996 0.9145073818784286 0.0 86.203
3.8416320747599997 0.9177688312458973 0.0 86.385
3.84248828052 0.9212180497379638 0.0 86.566
3.84607101036 0.9240826955843714 0.0 86.748
3.84769218684 0.9267729359803472 0.0 86.929
3.85141878732 0.92953912223011 0.0 87.109
3.85313119884 0.9322890475683768 0.0 87.288
3.85555243644 0.9348684328386254 0.0 87.468
3.85837019556 0.9371361881729942 0.0 87.648
3.86028788592 0.939475442251382 0.0 87.83
3.86359164708 0.9416288143907064 0.0 88.009
3.86509702524 0.9438267226745084 0.0 88.19
3.86879028984 0.9457873792461444 0.0 88.37
3.86985352896 0.9479213839277498 0.0 88.55
3.87384681648 0.94980715671911 0.0 88.735
3.8751153344400002 0.9516097910624696 0.0 88.915
3.8784366408 0.9533122752727754 0.0 89.096
3.88046135688 0.9549236151090076 0.0 89.276
3.8824790548799997 0.9564777440366126 0.0 89.458
3.8855161289999995 0.9578223165029373 0.0 89.635
3.88740399252 0.959179013048928 0.0 89.815
3.89097794976 0.9604888865461024 0.0 89.997
3.8917218662399997 0.961855289039584 0.0 90.178
3.8955326836800004 0.9629717497915504 0.0 90.359
3.89703279828 0.9639486961654022 0.0 90.541
3.90097169568 0.9648707508031826 0.0 90.723
3.90241566564 0.9659463509331788 0.0 90.907
3.90561766464 0.9670972298725884 0.0 91.087
3.90783537792 0.968184822565856 0.0 91.267
3.91000396464 0.9691092641605088 0.0 91.447
3.91299717576 0.9699430766857532 0.0 91.631
3.9145797528 0.971059753206208 0.0 91.814
3.91836600696 0.9721369166063762 0.0 92.0
3.9193906466399997 0.973052916583256 0.0 92.181
3.92332954404 0.9736392956793516 0.0 92.36
3.9244226099999997 0.9741811183480396 0.0 92.543
3.9283211534399998 0.9748861273774118 0.0 92.726
3.9297352965599996 0.9756075572728138 0.0 92.906
3.93213197088 0.9761803394961964 0.0 93.083
3.93491814864 0.9767571793810146 0.0 93.262
3.9372095517599996 0.9774866494727082 0.0 93.443
3.94025188944 0.9781446772822876 0.0 93.626
3.9418344664799996 0.9787503077683216 0.0 93.808
3.9455733486 0.9792957959486912 0.0 93.992
3.946529562 0.9798957671823224 0.0 94.175
3.95054390376 0.9805231308323508 0.0 94.352
3.9516790782 0.9811438551323948 0.0 94.531
3.95515127328 0.9817859249018192 0.0 94.711
3.9568952661599996 0.9824521507912308 0.0 94.894
3.9597323249999996 0.9828513086771106 0.0 95.078
3.9622904151599996 0.9831118716374616 0.0 95.261
3.9643309219200003 0.983405634962684 0.0 95.441
3.96743993136 0.9836712613678588 0.0 95.625
3.9688698651600003 0.9839792914611748 0.0 95.808
3.97260699276 0.9844274232072178 0.0 95.987
3.97365619572 0.984949124694914 0.0 96.17
3.9776933462399997 0.9854000594167572 0.0 96.347
3.97880746644 0.9858234859320548 0.0 96.533
3.9819322665600003 0.986206613729938 0.0 96.714
3.98394645552 0.9863639071659674 0.0 96.894
3.9867694782 0.9866054761613832 0.0 97.076
3.9894363486 0.9869844514839567 0.0 97.257
3.9913610570399998 0.98718061446068 0.0 97.438
3.9944805936 0.9873661884787228 0.0 97.62
3.99581753784 0.9876744826225629 0.0 97.803
3.99973889004 0.9879467833704738 0.0 97.983
4.00055474184 0.9881699802549656 0.0 98.166
4.0046568096 0.9884258730028735 0.0 98.346
4.00580426568 0.9887116395605308 0.0 98.526
4.009297515 0.989038829345081 0.0 98.712
4.01113625196 0.9892541106232542 0.0 98.889
4.01371364184 0.9893943711709018 0.0 99.072
4.0163296311600005 0.9896366602789696 0.0 99.256
4.01829644808 0.9899300165112728 0.0 99.439
4.0215089742 0.9901374036233268 0.0 99.619
4.02283890036 0.9903264656964392 0.0 99.802
4.02667428108 0.9905396134505848 0.0 99.978
4.02761119476 0.9907250669652656 0.0 100.158
4.0311518161199995 0.9908569043696508 0.0 100.34
4.0327905377999995 0.990931533304666 0.0 100.521
4.0359048108 0.9911370801724064 0.0 100.7
4.03807866108 0.9913937364841972 0.0 100.883
4.04043498144 0.9916915224866938 0.0 101.06
4.0433176578 0.9918552837125212 0.0 101.242
4.04472302832 0.9917707777983472 0.0 101.421
4.048518055080001 0.9916272125560062 0.0 101.602
4.0495725216 0.9914608318829992 0.0 101.785
4.05352194612 0.991437738976366 0.0 101.969
4.05450798636 0.9914468366550448 0.0 102.149
4.05856619112 0.9914842813501158 0.0 102.329
4.05980839128 0.991614071749502 0.0 102.51
4.0629314368800005 0.9917403871785936 0.0 102.689
4.065084232919999 0.9917801042919449 0.0 102.871
4.06689665208 0.9918960677586086 0.0 103.05
4.0701091782 0.991945573365779 0.0 103.23
4.071497003519999 0.9916425624980778 0.0 103.411
4.07530431192 0.9912053160948434 0.0 103.591
4.0760131379999995 0.990402289727816 0.0 103.771
4.07973096588 0.9895507994543952 0.0 103.954
4.0813381062000005 0.9886964488205257 0.0 104.134
4.085133132959999 0.9886916765464568 0.0 104.317
4.08665956536 0.9896922879680504 0.0 104.498
4.08919309224 0.9911168498429488 0.0 104.679
4.09181785416 0.9921063375724576 0.0 104.86
4.09393029624 0.9926387665315256 0.0 105.041
4.09709545032 0.9928648024843996 0.0 105.223
4.09853064768 0.9931155549092046 0.0 105.406
4.10209232328 0.993561929860516 0.0 105.586
4.10326434264 0.9940269186231908 0.0 105.769
4.1070330516 0.9943382670154092 0.0 105.949
4.10824191588 0.9945852291334426 0.0 106.132
4.1118404364 0.995033027300085 0.0 106.312
4.11345108576 0.9953638975640102 0.0 106.492
4.1158495146 0.995425838437624 0.0 106.675
4.11859709292 0.9954711623297504 0.0 106.858
4.12086568728 0.995492191605487 0.0 107.041
4.12389047976 0.9956376379350326 0.0 107.222
4.12541866668 0.9957900647767308 0.0 107.405
4.12900315104 0.99605986576859 0.0 107.588
4.1299207650000005 0.9962264996858572 0.0 107.769
4.13381930844 0.99636196531188 0.0 107.948
4.13488079304 0.9964115336254808 0.0 108.128
4.13846352288 0.9964447814140598 0.0 108.307
4.140142598520001 0.9965579274674088 0.0 108.49
4.14275858784 0.9966410458291374 0.0 108.675
4.14528685116 0.996566946931406 0.0 108.858
4.14741859296 0.9964683095427432 0.0 109.04
4.1504135586 0.9965358318330716 0.0 109.221
4.15169962176 0.9966264741623904 0.0 109.401
4.15549113948 0.9966996608220624 0.0 109.58
4.1564140169999995 0.9967089739207076 0.0 109.76
4.16035993248 0.9966480286639724 0.0 109.939
4.16157055128 0.996718116023534 0.0 110.119
4.16431111152 0.9967815536816768 0.0 110.301
4.16665515024 0.996726342742554 0.0 110.485
4.169253594360001 0.9966511427383512 0.0 110.664
4.1719064286 0.9967751052718186 0.0 110.847
4.17377850144 0.9969092056826084 0.0 111.029
4.17704541768 0.9969395487615302 0.0 111.211
4.17843148848 0.9968746922101288 0.0 111.395
4.18207913556 0.9968298449681264 0.0 111.578
4.18305464868 0.9966799598426528 0.0 111.759
4.18692687432 0.9967357889682712 0.0 111.941
4.18816030188 0.9969451904137484 0.0 112.125
4.19150792604 0.9971335078019438 0.0 112.306
4.19333964492 0.9971902673712068 0.0 112.488
4.1959258074 0.9970570727618284 0.0 112.669
4.19847687948 0.9970797817840564 0.0 112.85
4.20026999892 0.9970775649086177 0.0 113.032
4.20348603408 0.9970883210432324 0.0 113.214
4.204851050639999 0.9971780097128156 0.0 113.395
4.20863379576 0.997312528220992 0.0 113.575
4.20945140208 0.9973201275053694 0.0 113.756
4.2129113155199995 0.9973522871324432 0.0 113.937
4.21459740924 0.9973679599944474 0.0 114.119
4.217836253160001 0.997318569127314 0.0 114.3
4.21978903392 0.997239830652788 0.0 114.483
4.22236817832 0.9973209457403338 0.0 114.664
4.2249911857199995 0.9974645848525028 0.0 114.849
4.22670710628 0.9975997961665354 0.0 115.031
4.230012621959999 0.9975907804337354 0.0 115.211
4.23125657664 0.9977596256464956 0.0 115.39
4.23494808672 0.997852848084206 0.0 115.572
4.235946408599999 0.9977055952722882 0.0 115.756
4.23962037348 0.9977976627931232 0.0 115.933
4.24096082676 0.9980081750532838 0.0 116.116
4.2440610636 0.998096658217636 0.0 116.299
4.24610157036 0.9979374719546562 0.0 116.476
4.24833156528 0.9977015152196084 0.0 116.658
4.25120546904 0.9978467870008751 0.0 116.839
4.25285471784 0.9981387264302616 0.0 117.02
4.25634796716 0.9982308810043902 0.0 117.202
4.25744629668 0.998241103457803 0.0 117.384
4.26130448616 0.9982372489842364 0.0 117.565
4.262272981200001 0.9982263806370248 0.0 117.745
4.26570131328 0.9981986408910194 0.0 117.924
4.26733828044 0.998036663156973 0.0 118.108
4.2702297294000005 0.9980643182976224 0.0 118.291
4.2723614712 0.9981413270470776 0.0 118.471
4.27456690284 0.998261280729356 0.0 118.654
4.27748993316 0.9982884920862872 0.0 118.836
4.27902513816 0.9981842142934436 0.0 119.02
4.2823973256 0.9981377997156484 0.0 119.201
4.28361320796 0.9981491179716496 0.0 119.384
4.28744858868 0.998204709500592 0.0 119.564
4.2884504196 0.9980549345625592 0.0 119.748
4.29214894776 0.9979319958909136 0.0 119.931
4.29349641912 0.998101906571478 0.0 120.112
4.29627733332 0.9984243925013004 0.0 120.294
4.2985547002799995 0.9985641924813032 0.0 120.475
4.30082329464 0.9986648825387224 0.0 120.657
4.30366035348 0.9988280581149632 0.0 120.838
4.30515520452 0.9988618764331968 0.0 121.02
4.30863266316 0.9988942780148314 0.0 121.2
4.30962923052 0.9990030222326076 0.0 121.379
4.3134400479599995 0.999118105926484 0.0 121.562
4.31452609584 0.9989690880363828 0.0 121.745
4.31813514348 0.9988659564117424 0.0 121.925
4.31973000216 0.9988999657817758 0.0 122.107
4.32200386008 0.9990188851128902 0.0 122.29
4.32462686748 0.999162699297926 0.0 122.472
4.32724461132 0.9992467867139716 0.0 122.654
4.3298430554400005 0.9993498476066184 0.0 122.837
4.33136071524 0.9994418402972812 0.0 123.019
4.3347083394 0.9995327467270144 0.0 123.201
4.33591720368 0.999583813922243 0.0 123.381
4.339752584399999 0.9994223553692956 0.0 123.568
4.34063159892 0.999371606683976 0.0 123.749
4.34425994628 0.999523090023669 0.0 123.931
4.345656544200001 0.9995950648834429 0.0 124.112
4.34885152512 0.9994873161793144 0.0 124.296
4.3507446521999995 0.9993067270492784 0.0 124.479
4.35317115336 0.9993094559713234 0.0 124.661
4.35584679636 0.9994936104871532 0.0 124.842
4.35711706884 0.999603220225364 0.0 125.022
4.3607190984 0.9997753853401276 0.0 125.201
4.36198410732 0.999807090207504 0.0 125.381
4.36576158888 0.999842339375166 0.0 125.564
4.3665791952 0.9998101646786742 0.0 125.747
4.36957766988 0.999818242936983 0.0 125.93
4.3715532594 0.9997968728646623 0.0 126.107
4.37460787872 0.9996885407999536 0.0 126.289
4.37677646544 0.9996490640890094 0.0 126.47
4.37905558692 0.9997691069904638 0.0 126.649
4.3816768398 0.9998714480279146 0.0 126.832
4.38310501908 0.9997877396809252 0.0 127.013
4.38660353196 0.9997805795309336 0.0 127.195
4.3877737968 0.9997317832287888 0.0 127.376
4.3913898625200005 0.9997257180429509 0.0 127.556
4.392382920839999 0.9997349862097076 0.0 127.738
4.39586388852 0.9998670135562816 0.0 127.919
4.39750085568 1.0 0.0 128.102
