X_channel Y_channel II_channel timestamp
4.69489725924 0.9977632910002912 0.0 0.543
4.69489024116 0.9978606285112576 0.0 0.723
4.69506744768 0.9978015240605964 0.0 0.907
4.69494287676 0.9976846835500044 0.0 1.092
4.69485339624 0.9976452710730692 0.0 1.272
4.6948586597999995 0.9978020125883018 0.0 1.454
4.69494989484 0.9978604889236752 0.0 1.635
4.69491831348 0.9979001846383848 0.0 1.815
4.69500954852 0.9978016595346176 0.0 1.998
4.69493936772 0.9976450699461412 0.0 2.181
4.69397789076 0.9974492097747314 0.0 2.364
4.6924111044 0.9974726855359388 0.0 2.547
4.6919198388 0.9976323230180022 0.0 2.728
4.68862835928 0.9978562130391948 0.0 2.909
4.68805463124 0.9981136156624696 0.0 3.089
4.6845333096 0.9981795583995554 0.0 3.273
4.68386132844 0.9981241735196084 0.0 3.457
4.68088917156 0.998131130331829 0.0 3.636
4.679510118840001 0.9981534269475818 0.0 3.817
4.67742399456 0.9981771311749186 0.0 3.999
4.67531857056 0.9980252985728852 0.0 4.181
4.67378512008 0.9978513235052964 0.0 4.362
4.67113228584 0.997799828848829 0.0 4.544
4.6701462456 0.9977426999673136 0.0 4.725
4.666968809879999 0.9976708858431113 0.0 4.909
4.66635472788 0.99763269812772 0.0 5.092
4.66295797716 0.997601020404398 0.0 5.27
4.66212458016 0.9977218447555284 0.0 5.449
4.6594699914 0.997943517587468 0.0 5.635
4.65793127736 0.998065994494471 0.0 5.814
4.65567847368 0.9979722038949412 0.0 5.994
4.65356778612 0.997957331034793 0.0 6.174
4.65253788288 0.9979010457992996 0.0 6.356
4.6493727287999995 0.9976328045501852 0.0 6.537
4.64840247924 0.997615261561706 0.0 6.719
4.64511275424 0.997781464187011 0.0 6.9
4.64451621744 0.997743233618243 0.0 7.083
4.64101945908 0.9977117891621432 0.0 7.266
4.6400825454 0.9976545410968696 0.0 7.447
4.63711565208 0.997819991780884 0.0 7.629
4.6357225632 0.9978826928558124 0.0 7.81
4.63359608496 0.997906740309648 0.0 7.992
4.63138363524 0.9981083232623648 0.0 8.173
4.62964490592 0.9983873118878492 0.0 8.355
4.62706576152 0.9986888283202168 0.0 8.536
4.62596041392 0.9988491872263512 0.0 8.719
4.62275139684 0.9990927423116216 0.0 8.899
4.6220899428 0.9991728063980458 0.0 9.079
4.61899672404 0.998984387684565 0.0 9.262
4.6177738236 0.9988089225413872 0.0 9.442
4.615089408 0.9987953965127476 0.0 9.624
4.6134875312400005 0.998759519695284 0.0 9.805
4.61181547368 0.9986073952345278 0.0 9.987
4.60913983068 0.9986723637165046 0.0 10.168
4.60743443724 0.9987736993986016 0.0 10.35
4.60462720524 0.9987406454232026 0.0 10.53
4.60380608988 0.9987821991934804 0.0 10.709
4.60046899284 0.9986926741870628 0.0 10.89
4.59956892408 0.9986757102819918 0.0 11.07
4.59625288128 0.9986834778452448 0.0 11.252
4.59510893424 0.9986068952948792 0.0 11.433
4.59228240252 0.9985738844694168 0.0 11.613
4.59064368084 0.9985777227021168 0.0 11.795
4.58871546336 0.9987390318884838 0.0 11.976
4.5861994816800005 0.9989621583434118 0.0 12.159
4.58477832048 0.9989258562921224 0.0 12.341
4.581702646919999 0.9988339820169316 0.0 12.525
4.5810166296 0.9989743026733008 0.0 12.706
4.5775602252 0.9992969865324728 0.0 12.892
4.57676893668 0.9994771888819618 0.0 13.077
4.5731037444 0.9994065153830048 0.0 13.26
4.5722001666 0.9994673403178056 0.0 13.44
4.5701912412 0.999648666454012 0.0 13.621
4.5677963214 0.9996740990161376 0.0 13.803
4.565524218 0.9995803423366488 0.0 13.984
4.563197724479999 0.9995857973197676 0.0 14.165
4.56166251948 0.9995893969830146 0.0 14.343
4.5588254606400005 0.9995769751430404 0.0 14.529
4.557704322359999 0.9993633478130488 0.0 14.712
4.55429529 0.9991756422352543 0.0 14.892
4.553593482 0.9992350055483272 0.0 15.073
4.55010023268 0.999224366916749 0.0 15.255
4.5489264588 0.9992080436746756 0.0 15.432
4.546487676 0.999330189647426 0.0 15.614
4.54442260596 0.9993548485679568 0.0 15.794
4.542276827999999 0.9993004249308192 0.0 15.975
4.53986085396 0.9992862703309608 0.0 16.162
4.5387590154 0.9992888532253056 0.0 16.342
4.5354692904 0.9993163832896604 0.0 16.528
4.53439552416 0.9993585372149908 0.0 16.708
4.53086192088 0.9994659139865102 0.0 16.889
4.53007589592 0.9995073940668496 0.0 17.07
4.526656336439999 0.9995946869995428 0.0 17.249
4.52541238176 0.9995976040292306 0.0 17.429
4.522845519 0.9994648909518488 0.0 17.612
4.5208488752400005 0.99935065846724 0.0 17.795
4.51893644844 0.99949387561943 0.0 17.976
4.5162467692799995 0.9995992783793058 0.0 18.156
4.51503615048 0.9995822980518008 0.0 18.339
4.5116867718 0.9996686868478502 0.0 18.522
4.51089899232 0.99970843908021 0.0 18.702
4.50724257264 0.9997170145961752 0.0 18.884
4.5063916304400005 0.9997190103587582 0.0 19.065
4.50304049724 0.999688964620808 0.0 19.249
4.50173337984 0.9995936740378794 0.0 19.433
4.49912967216 0.9995006799730782 0.0 19.61
4.49711021964 0.9994459550826336 0.0 19.79
4.49497847784 0.9994509535547652 0.0 19.976
4.49246775972 0.9995163016600708 0.0 20.157
4.49122555956 0.9998140426591576 0.0 20.34
4.48799724276 1.0 0.0 20.52
4.4871761274 0.9999424647500086 0.0 20.699
4.48337408256 0.999635986864804 0.0 20.875
4.48263367512 0.9994799004225964 0.0 21.055
4.4791755162 0.999488009631218 0.0 21.237
4.47782102676 0.9994515438799204 0.0 21.42
4.47558576828 0.9993205152655968 0.0 21.597
4.47324699312 0.999167429088737 0.0 21.776
4.4714468556 0.9991518277826518 0.0 21.957
4.46850452556 0.999119082443196 0.0 22.139
4.46731847004 0.9990234986288404 0.0 22.316
4.46382697524 0.9990128519977488 0.0 22.498
4.46300936892 0.9990526773969318 0.0 22.682
4.45955647356 0.9989443178187224 0.0 22.862
4.4583195369599995 0.9987886417180052 0.0 23.041
4.45547896908 0.998795298469948 0.0 23.224
4.45349987052 0.9989188692337374 0.0 23.404
4.45132952928 0.9991395228057692 0.0 23.581
4.44892408236 0.9992442736483512 0.0 23.764
4.4476117014 0.9991284161981716 0.0 23.943
4.4442254778 0.9990397195967028 0.0 24.124
4.4432078562 0.999081006886955 0.0 24.306
4.43963214444 0.9992660596595544 0.0 24.485
4.43871102144 0.9994466247451084 0.0 24.663
4.4360739778800005 0.9995105432116044 0.0 24.845
4.434022944 0.9995344331113718 0.0 25.026
4.4314613448 0.9996197335508192 0.0 25.208
4.429134851280001 0.9997243067784743 0.0 25.39
4.42698907332 0.9996500469164746 0.0 25.579
4.42429939416 0.9996761794523418 0.0 25.76
4.42290630528 0.9996794472485806 0.0 25.942
4.41960605316 0.9995501574334466 0.0 26.127
4.4185322869200006 0.9994543005079728 0.0 26.309
4.41488639436 0.9995223227896984 0.0 26.494
4.4139336899999995 0.9995245572703252 0.0 26.681
4.41018428076 0.9995333512625656 0.0 26.861
4.4091438504 0.9996126102972008 0.0 27.042
4.40625415596 0.999580483302812 0.0 27.224
4.40441892804 0.9995468738192758 0.0 27.406
4.40241877524 0.999531740730604 0.0 27.583
4.39965365172 0.999359804645598 0.0 27.763
4.39825179024 0.9992837933721548 0.0 27.945
4.39489890252 0.9993709551582084 0.0 28.125
4.39418130384 0.9993924629318351 0.0 28.308
4.39042838556 0.9994012643990408 0.0 28.489
4.38934058316 0.9994236406918108 0.0 28.671
4.38579294372 0.9995310874770206 0.0 28.852
4.3843595008800005 0.9996905743451352 0.0 29.032
4.38169964856 0.9997166397760694 0.0 29.211
4.37951176212 0.999604553985661 0.0 29.394
4.37724492228 0.9994916609488038 0.0 29.574
4.37458682448 0.9994582440570252 0.0 29.758
4.373184963 0.9994218803670368 0.0 29.941
4.369800493920001 0.9993108622150958 0.0 30.121
4.36882147176 0.9992165060948784 0.0 30.303
4.36503170856 0.9992253929367988 0.0 30.482
4.36409830392 0.9992077554690222 0.0 30.664
4.36081033344 0.9991163334297344 0.0 30.846
4.3592540742 0.9991398089922215 0.0 31.027
4.35689775384 0.9993022123068754 0.0 31.207
4.35434317272 0.999366940084447 0.0 31.387
4.35264128832 0.9994304121157896 0.0 31.567
4.34949192492 0.9993584912246584 0.0 31.746
4.3486901092800005 0.999282798631327 0.0 31.926
4.345024917 0.9991731747976548 0.0 32.107
4.3438318434 0.9990768363685176 0.0 32.285
4.34005260732 0.9990460429911664 0.0 32.465
4.33892971452 0.9989891934633496 0.0 32.648
4.33554699996 0.9989592042196982 0.0 32.832
4.33387143336 0.9992580695914312 0.0 33.014
4.3314449322 0.9996387537374644 0.0 33.195
4.3289359686 0.9997809571215388 0.0 33.378
4.32716565792 0.999668621602631 0.0 33.558
4.32409875696 0.9994973639608176 0.0 33.738
4.32286708392 0.9994605968683674 0.0 33.917
4.31915627412 0.9995287867693468 0.0 34.1
4.31836147656 0.9995703081574324 0.0 34.281
4.31454715008 0.9995197710442304 0.0 34.462
4.3133733762 0.9994432100709826 0.0 34.643
4.31077142304 0.999332819685126 0.0 34.826
4.30858704564 0.9991991411366818 0.0 35.005
4.30613773572 0.9991850563783408 0.0 35.186
4.30356210036 0.9991910968207006 0.0 35.366
4.30190407896 0.9991949852912406 0.0 35.545
4.29852838248 0.999202902228502 0.0 35.727
4.29744058008 0.9991856240609772 0.0 35.908
4.293792933000001 0.999056115500499 0.0 36.092
4.29286479192 0.9989807086505514 0.0 36.274
4.28920661772 0.9991057863428988 0.0 36.455
4.28784160116 0.999168476987984 0.0 36.635
4.28493962508 0.999214942901254 0.0 36.817
4.28291315448 0.9992990160673348 0.0 36.998
4.28043752676 0.9993048229467136 0.0 37.18
4.2777513566400005 0.9992516328346178 0.0 37.361
4.27629861408 0.9991558884151236 0.0 37.543
4.2728544913199995 0.9989483089374798 0.0 37.722
4.27172633496 0.9987543835928095 0.0 37.904
4.26785761836 0.9987443663365227 0.0 38.086
4.2669838674 0.9988034283232136 0.0 38.267
4.263897666719999 0.9987338191276344 0.0 38.45
4.26201682128 0.9986985664915764 0.0 38.634
4.25909905452 0.998764900215767 0.0 38.817
4.25694625848 0.9989062874510498 0.0 38.998
4.25460221976 0.9990307721509204 0.0 39.183
4.25194236744 0.9987214410208544 0.0 39.364
4.25040716244 0.9983903822940318 0.0 39.546
4.24694373996 0.998260420919571 0.0 39.726
4.24586646468 0.9982629453755292 0.0 39.905
4.24203810204 0.9982719167539232 0.0 40.085
4.24108364316 0.998174993388238 0.0 40.266
4.23755530344 0.9982625897634904 0.0 40.445
4.23591658176 0.9981474364698132 0.0 40.628
4.2332269026 0.997997558872598 0.0 40.809
4.23086882772 0.9980030834569954 0.0 40.991
4.22888095656 0.9979284104351084 0.0 41.173
4.22577545616 0.9977777676150086 0.0 41.355
4.22432797716 0.9977233951154678 0.0 41.535
4.22081542812 0.9976919564632588 0.0 41.717
4.2199627314 0.997693953631835 0.0 41.902
4.2162712213199995 0.9978000303443322 0.0 42.082
4.21497287652 0.997861827607395 0.0 42.268
4.211426991600001 0.9977536130940148 0.0 42.45
4.20980230608 0.9976384179044748 0.0 42.631
4.2070126192799995 0.9975061164995488 0.0 42.812
4.204663317 0.9974719507406468 0.0 42.991
4.20279299868 0.9975159981648012 0.0 43.171
4.1996015267999995 0.9974639703679364 0.0 43.353
4.19823475572 0.9974275030052364 0.0 43.538
4.19463097164 0.9975549470369202 0.0 43.718
4.19334490848 0.997696798656441 0.0 43.899
4.189530582 0.9978239958678188 0.0 44.081
4.18858138668 0.9978262195114592 0.0 44.26
4.18516884528 0.9976366116510484 0.0 44.446
4.18341257076 0.997482047694602 0.0 44.627
4.18095273372 0.9974109484872932 0.0 44.807
4.17833498988 0.997357573778803 0.0 44.989
4.17630851928 0.9973623190317558 0.0 45.17
4.173206527920001 0.9973100773259348 0.0 45.356
4.17213802524 0.9973324144976656 0.0 45.537
4.16844476064 0.9974204042977076 0.0 45.723
4.1671078164 0.997579739430152 0.0 45.904
4.16315312832 0.9977476873509502 0.0 46.09
4.16214954288 0.9977103670001516 0.0 46.271
4.15865278452 0.9974624279268683 0.0 46.451
4.15692107328 0.9971902682106238 0.0 46.632
4.153862944919999 0.9970999836861956 0.0 46.814
4.151720676 0.9969859820415392 0.0 46.993
4.149790704 0.9968516460746898 0.0 47.177
4.14662730444 0.9967226750250736 0.0 47.36
4.14494998332 0.9965480720749632 0.0 47.544
4.1415532326 0.9964179075512912 0.0 47.727
4.1402110248 0.9965591609155434 0.0 47.912
4.13633529012 0.9966872514029363 0.0 48.093
4.13543346684 0.9966893619264569 0.0 48.273
4.13190863616 0.996697611120668 0.0 48.454
4.130315532 0.996661665178442 0.0 48.637
4.127550408479999 0.9965292752050886 0.0 48.814
4.12516075224 0.9963191350757624 0.0 48.996
4.123079891520001 0.9961851406636868 0.0 49.177
4.1200428174 0.996212082609152 0.0 49.36
4.11865499208 0.996255004525351 0.0 49.544
4.1149406732400005 0.9961645042985208 0.0 49.724
4.1137142637599995 0.9960111492694944 0.0 49.907
4.10978413896 0.9958616361706272 0.0 50.087
4.1087700264 0.9956284293323696 0.0 50.27
4.10582945088 0.9954386570125172 0.0 50.454
4.10364331896 0.9953056421972598 0.0 50.636
4.1004711468 0.9950955760657744 0.0 50.817
4.09832536884 0.994864262154131 0.0 50.998
4.09597606656 0.9946532600500342 0.0 51.176
4.09319164332 0.994422440885742 0.0 51.356
4.091658192840001 0.9941904340105996 0.0 51.538
4.08810528984 0.9940201766654182 0.0 51.719
4.08692449788 0.993787342555939 0.0 51.901
4.08298033692 0.993383144277978 0.0 52.082
4.08193639752 0.9924392390026606 0.0 52.264
4.07826243264 0.991146572082031 0.0 52.446
4.07672020956 0.990598866964361 0.0 52.629
4.073658572159999 0.9909606259579924 0.0 52.812
4.0713917323199995 0.99159656267751 0.0 52.992
4.06898102184 0.9923511375873426 0.0 53.176
4.06623695256 0.9928890007975248 0.0 53.359
4.06457191308 0.9930905415977456 0.0 53.542
4.06104883692 0.9929598754906914 0.0 53.728
4.059724174319999 0.9927670399872948 0.0 53.91
4.0558887936 0.9927363009589216 0.0 54.089
4.0550115336 0.9927978682853016 0.0 54.268
4.05174637188 0.992706277210298 0.0 54.448
4.04977253688 0.9927505608701344 0.0 54.628
4.04683371588 0.9928955561970286 0.0 54.807
4.04447739552 0.9927430655298208 0.0 54.99
4.04230179072 0.992433157828215 0.0 55.168
4.0392296262 0.9922228069821096 0.0 55.35
4.03786460964 0.9919896263102764 0.0 55.531
4.03401168372 0.9918597112836428 0.0 55.709
4.03297300788 0.9918621308895024 0.0 55.892
4.02904288308 0.991832346552338 0.0 56.075
4.02788314536 0.9915002153225152 0.0 56.254
4.02440919576 0.9912917781700608 0.0 56.434
4.02255466812 0.991375464712958 0.0 56.617
4.02001938672 0.991656680033304 0.0 56.797
4.0175525316 0.991997266561582 0.0 56.978
4.01559097824 0.9920018368402332 0.0 57.16
4.01226616284 0.991793050359605 0.0 57.342
4.01083272 0.9915597648680728 0.0 57.523
4.00700260284 0.9913719920926792 0.0 57.705
4.0061569242 0.991274746481274 0.0 57.887
4.00253910396 0.9911846983522136 0.0 58.066
4.000833710519999 0.990991972911599 0.0 58.245
3.9975159132000004 0.9906053088659872 0.0 58.429
3.99546137028 0.990295074460942 0.0 58.607
3.9928401173999997 0.9899861548469786 0.0 58.791
3.99019781028 0.9898930806156572 0.0 58.971
3.98845908096 0.9897780607052163 0.0 59.155
3.9849447773999995 0.9896299599808656 0.0 59.338
3.9836359054800003 0.9894742504580636 0.0 59.518
3.9796724448 0.9892081241750164 0.0 59.698
3.97880746644 0.9889340511493162 0.0 59.881
3.97487734164 0.9887065360103734 0.0 60.061
3.9735228522 0.9882755837633964 0.0 60.243
3.9702769902 0.987869854416918 0.0 60.427
3.96823999248 0.9877165676388256 0.0 60.607
3.96595034388 0.987582966139062 0.0 60.787
3.9628641431999996 0.9874140015041104 0.0 60.967
3.9610920779999996 0.9872990413954272 0.0 61.149
3.95757777444 0.987169019449545 0.0 61.334
3.95666016048 0.9868950500791204 0.0 61.516
3.9526212554400004 0.9866489032253788 0.0 61.697
3.9514773084 0.986512636030668 0.0 61.878
3.9475471836 0.986305921902988 0.0 62.058
3.94611198624 0.9861115338273164 0.0 62.239
3.943064385 0.9857638481709052 0.0 62.417
3.9407992996799996 0.9853548080975936 0.0 62.599
3.93852193272 0.9849070921748584 0.0 62.781
3.93550064928 0.9846178772643226 0.0 62.965
3.93383210076 0.9844647026130162 0.0 63.148
3.93025989804 0.9841373102046926 0.0 63.329
3.92902120692 0.9837655703041704 0.0 63.509
3.92498756544 0.9836565562067796 0.0 63.688
3.92405766984 0.9835205218096214 0.0 63.868
3.920343351 0.9833125239571516 0.0 64.051
3.9187607739600003 0.9829415670915144 0.0 64.231
3.91591494252 0.9824154904337205 0.0 64.414
3.91336737948 0.9819088140867676 0.0 64.598
3.911351436 0.9814800473816776 0.0 64.777
3.90810031044 0.9811915675947456 0.0 64.955
3.9070265442 0.980859114894635 0.0 65.137
3.90301395696 0.9805919812806624 0.0 65.32
3.9017822839200003 0.9802201911057938 0.0 65.504
3.89770477944 0.9798162463478116 0.0 65.683
3.8965257419999997 0.9793252397660416 0.0 65.863
3.89284475904 0.9788414727434028 0.0 66.047
3.891174456 0.9781945372430404 0.0 66.23
3.88805491944 0.9775112281626848 0.0 66.413
3.88571263524 0.9769846657396554 0.0 66.594
3.8837089734 0.9763575811305616 0.0 66.774
3.8804578478400003 0.9757338465856928 0.0 66.953
3.8788629891599995 0.9752447540199424 0.0 67.133
3.8751293706 0.9747412031123946 0.0 67.313
3.8740713950399996 0.9740722297404346 0.0 67.496
3.87002722644 0.9735296746320674 0.0 67.676
3.8688639796799995 0.9729998763577598 0.0 67.858
3.8656742623199998 0.9725935543260694 0.0 68.039
3.86350216656 0.972085653698481 0.0 68.221
3.8605212370799995 0.9714019390597692 0.0 68.402
3.8581368444 0.9704421818585184 0.0 68.584
3.8566121665199997 0.9696169238227064 0.0 68.769
3.85306277256 0.969051094310666 0.0 68.952
3.8513398339199996 0.9685404015076908 0.0 69.132
3.84747111732 0.9680951287967938 0.0 69.311
3.84640086012 0.967388903836471 0.0 69.491
3.8423198466 0.9667669312657754 0.0 69.675
3.84113203656 0.9660790749742574 0.0 69.858
3.83757737904 0.9651797135945536 0.0 70.038
3.83578952316 0.9642574756420124 0.0 70.221
3.83296474596 0.963553457067442 0.0 70.4
3.830468064 0.9629278433015348 0.0 70.581
3.82834334028 0.962164407523956 0.0 70.764
3.82496238024 0.9614425122986032 0.0 70.947
3.8234815653600003 0.9605185457381952 0.0 71.127
3.81971987448 0.9596783779673134 0.0 71.307
3.81885489612 0.958774595186553 0.0 71.486
3.81513180468 0.9578946122518296 0.0 71.666
3.8136158994000002 0.9570898025176596 0.0 71.846
3.8101682676 0.9564069515632284 0.0 72.027
3.8081224972800003 0.955543760403801 0.0 72.209
3.80543632716 0.9545440240143044 0.0 72.393
3.80279752908 0.9534257986870756 0.0 72.572
3.80086580256 0.9521091889845258 0.0 72.754
3.79741817076 0.9509339305042293 0.0 72.934
3.79601104572 0.9498717264076928 0.0 73.117
3.79212829296 0.9487768181969318 0.0 73.297
3.7912019064 0.9474760318384916 0.0 73.474
3.78708580248 0.9462617448362896 0.0 73.656
3.78558217884 0.9451806050969332 0.0 73.837
3.7823871979200003 0.944083356846688 0.0 74.021
3.78017650272 0.9430236178921798 0.0 74.204
3.77776754676 0.9418451851650064 0.0 74.383
3.77486206164 0.940610012706022 0.0 74.563
3.77304788796 0.9391140662854064 0.0 74.747
3.76942655868 0.9378208772771482 0.0 74.93
3.7681966401599998 0.936541264294162 0.0 75.114
3.76423142496 0.9353480656786216 0.0 75.296
3.7633050384000004 0.9339684922122132 0.0 75.477
3.75927666048 0.9326959764881338 0.0 75.66
3.75771513768 0.9311599277128082 0.0 75.844
3.754321896 0.929570539101018 0.0 76.027
3.75227612568 0.9279766973012392 0.0 76.207
3.7498303248 0.9264045587685854 0.0 76.389
3.7469616846 0.9248521835158212 0.0 76.569
3.7453212084 0.9231596255592424 0.0 76.75
3.74153495424 0.921609199525828 0.0 76.934
3.74037697104 0.9198569910280424 0.0 77.113
3.73633280244 0.918385751815206 0.0 77.296
3.73525728168 0.9167120132466172 0.0 77.48
3.73106748792 0.9150050040335748 0.0 77.662
3.72985160556 0.9131337236737336 0.0 77.846
3.72673382352 0.91150328868668 0.0 78.026
3.724363467 0.9097319905390804 0.0 78.206
3.72188783928 0.907785666213886 0.0 78.386
3.7189700725199994 0.9061934554112184 0.0 78.565
3.7172892423599997 0.9043039730933292 0.0 78.745
3.7137135305999998 0.9024574635105346 0.0 78.929
3.71255203836 0.900506529235183 0.0 79.111
3.70834996296 0.8988382643428008 0.0 79.293
3.7074007676400003 0.89710527385201 0.0 79.475
3.70331449056 0.8954756809709569 0.0 79.657
3.70182490308 0.8935660761712165 0.0 79.841
3.69928786716 0.8916378031223112 0.0 80.022
3.69641747244 0.8899475001803048 0.0 80.204
3.69413133288 0.8881576599201043 0.0 80.383
3.69100302372 0.8864872116300248 0.0 80.566
3.6894274647599996 0.8846948594553157 0.0 80.746
3.68556576624 0.8831450369065088 0.0 80.927
3.68458674408 0.881351413622473 0.0 81.109
3.68041800456 0.8798409014552455 0.0 81.287
3.67926002136 0.8782059874028053 0.0 81.47
3.6753983228399996 0.8766955374510134 0.0 81.65
3.6737859189599997 0.8753179526153825 0.0 81.832
3.67095412368 0.8740610209635385 0.0 82.013
3.66834690696 0.8729617368272711 0.0 82.194
3.66621516516 0.8717621706916032 0.0 82.376
3.6628763136 0.8705849217405194 0.0 82.556
3.66162534084 0.8692072794222625 0.0 82.738
3.6576899524799997 0.868209203115541 0.0 82.918
3.65655653256 0.8673235589841178 0.0 83.098
3.6524983278 0.8666211128413555 0.0 83.278
3.65123682792 0.8659534242299212 0.0 83.458
3.64827344364 0.8652494741139389 0.0 83.638
3.64579781592 0.8645842424330762 0.0 83.818
3.64323621672 0.8638387450704278 0.0 84.0
3.6403324861199997 0.8632729213405957 0.0 84.181
3.63847620396 0.8629216890278726 0.0 84.361
3.6348566291999997 0.86279000968413 0.0 84.544
3.63361618356 0.8629116876588173 0.0 84.723
3.6294684982799996 0.8632155269375974 0.0 84.906
3.62860702896 0.8635134458478633 0.0 85.086
3.624619005 0.863719404384189 0.0 85.265
3.62306099124 0.8639584152763828 0.0 85.445
3.6197081035200003 0.8642812632001111 0.0 85.626
3.6175658345999997 0.8647200772036673 0.0 85.805
3.6151059975599997 0.865316941542173 0.0 85.985
3.61226192064 0.8660923539095248 0.0 86.171
3.61073548824 0.8669435438666595 0.0 86.35
3.6069334433999996 0.8676613445811561 0.0 86.53
3.60562983504 0.8686712372585872 0.0 86.707
3.6015821573999998 0.869744594312888 0.0 86.886
3.60058032648 0.8709110453988135 0.0 87.069
3.5975678156399997 0.8719227282979295 0.0 87.246
3.59525360376 0.872952854528748 0.0 87.429
3.59211827652 0.87428261327508 0.0 87.609
3.589660194 0.8757674137280513 0.0 87.789
3.58723544736 0.877132987584663 0.0 87.972
3.5841088927199998 0.8784223139519833 0.0 88.155
3.5825421063599996 0.8799251851281799 0.0 88.339
3.57869795304 0.8813342172595684 0.0 88.519
3.57742768056 0.8827967768976958 0.0 88.702
3.5734554472799998 0.8841862550499369 0.0 88.885
3.5723869446 0.8858654264794145 0.0 89.064
3.56853752772 0.887393737166674 0.0 89.244
3.5667900258 0.8889559195919755 0.0 89.424
3.5638424322 0.8904816453092181 0.0 89.604
3.5613089053199998 0.8921445765387115 0.0 89.786
3.5594561322 0.8939635175337708 0.0 89.972
3.5560979809199997 0.8955894884808077 0.0 90.153
3.55442592336 0.8973286293193157 0.0 90.335
3.5504729898000003 0.8989559032631739 0.0 90.515
3.54932728824 0.9006353660208037 0.0 90.696
3.5452129388399998 0.9021835748011812 0.0 90.879
3.54413215452 0.903862680752032 0.0 91.059
3.54031958256 0.9054301618930032 0.0 91.241
3.5385404992800003 0.9069925894341276 0.0 91.422
3.53578941192 0.9087356424090784 0.0 91.6
3.53311903248 0.9104581834947932 0.0 91.78
3.53106098052 0.912198304697992 0.0 91.961
3.5274975504 0.9138051040084902 0.0 92.144
3.5260904253599996 0.9154857569026924 0.0 92.324
3.522242763 0.9169534117758604 0.0 92.505
3.5212163688 0.9185349387865176 0.0 92.687
3.51704762928 0.919827023890222 0.0 92.87
3.51569664888 0.9213486896133564 0.0 93.052
3.51201566592 0.9227192248913992 0.0 93.237
3.51016815636 0.9242223791744812 0.0 93.417
3.50795746116 0.925845286018772 0.0 93.599
3.5048484517199996 0.92733309113988 0.0 93.78
3.50286935316 0.9288373232119836 0.0 93.96
3.49929890496 0.9302067295336388 0.0 94.142
3.49801635084 0.9315505351421272 0.0 94.323
3.4940020090800004 0.932507971458071 0.0 94.502
3.49303526856 0.9335754539575428 0.0 94.681
3.48892091916 0.934629992465946 0.0 94.862
3.48750151248 0.9358574258749256 0.0 95.044
3.48421880556 0.9371468371885956 0.0 95.223
3.482020392 0.9383156643701236 0.0 95.405
3.47942019336 0.9394861363628204 0.0 95.589
3.47652523536 0.94067714239215 0.0 95.775
3.47475843372 0.9419252690325758 0.0 95.955
3.4709669159999996 0.9429792177356364 0.0 96.137
3.4697984056799998 0.9441068337879452 0.0 96.32
3.46570861956 0.9450827495741808 0.0 96.5
3.46462257168 0.9460331262686552 0.0 96.682
3.46042751436 0.9468712213716473 0.0 96.863
3.45909934272 0.9478211607281604 0.0 97.046
3.4556955739199995 0.9489339414610268 0.0 97.226
3.45360944964 0.9500437959343302 0.0 97.408
3.45118821204 0.9509971986132272 0.0 97.589
3.4481634195599997 0.9516944115465537 0.0 97.772
3.4463246826000002 0.952429461010094 0.0 97.954
3.4426507177200003 0.9532473628520238 0.0 98.136
3.44122429296 0.9541181050537664 0.0 98.318
3.4371871424399996 0.9548971079688634 0.0 98.499
3.43637129064 0.9557476183205166 0.0 98.681
3.4322376415200004 0.956685075507682 0.0 98.862
3.4306726096799998 0.9575171682181468 0.0 99.044
3.42731621292 0.9583535531883408 0.0 99.228
3.4252160524799997 0.959187862420744 0.0 99.411
3.4224632106 0.9599434277077684 0.0 99.592
3.41971212324 0.96074022974232 0.0 99.776
3.41784531396 0.9615136815449988 0.0 99.959
3.41417661264 0.9621543597854384 0.0 100.139
3.41288177688 0.9627881830565304 0.0 100.318
3.408813045 0.9633895478240194 0.0 100.498
3.40784454996 0.9640042623225916 0.0 100.68
3.40434603708 0.9644659999619232 0.0 100.861
3.40245641904 0.9649042224908192 0.0 101.045
3.3990438776399996 0.9654450149546366 0.0 101.225
3.39678230136 0.96616154675011 0.0 101.407
3.39425754708 0.9668975626417752 0.0 101.59
3.39128363568 0.9676346095758565 0.0 101.772
3.38938524504 0.9683096017804926 0.0 101.955
3.3858323420399996 0.968831879766584 0.0 102.138
3.3845024158799997 0.9695254615704202 0.0 102.318
3.3803985936000003 0.9701473800051488 0.0 102.501
3.3794020262399997 0.970666331670245 0.0 102.684
3.37531224012 0.9709315268961004 0.0 102.866
3.3739156422 0.9712114406819634 0.0 103.045
3.37053994572 0.9717124906106362 0.0 103.224
3.3682941601199996 0.9722700858315252 0.0 103.406
3.365871168 0.9727689707537704 0.0 103.59
3.3627218046 0.9729940350221108 0.0 103.771
3.36082867752 0.9732152330138628 0.0 103.954
3.3571319038799996 0.9737172981330378 0.0 104.142
3.3563072794799997 0.9743310358956014 0.0 104.322
3.35211222216 0.9748342587162128 0.0 104.504
3.35095599348 0.9752716438753612 0.0 104.685
3.34666443756 0.9756764803787152 0.0 104.868
3.3452888938800003 0.9761335055711076 0.0 105.05
3.3417342363599998 0.9764976606594066 0.0 105.234
3.33969899316 0.9768178367711544 0.0 105.416
3.33676894476 0.9771201986274162 0.0 105.597
3.3341652370799997 0.9774424338845716 0.0 105.778
3.33232299108 0.9779601751176374 0.0 105.957
3.3286928891999996 0.978422412539584 0.0 106.141
3.3272173378799996 0.9788605668909304 0.0 106.323
3.32311000656 0.9790869095504012 0.0 106.504
3.32220818328 0.9792472405395802 0.0 106.684
3.3179201363999997 0.9796908928897772 0.0 106.864
3.3167603986799996 0.980010077455089 0.0 107.043
3.3135548906400003 0.980194606510336 0.0 107.226
3.3111652343999998 0.9803981257930502 0.0 107.407
3.30871416996 0.9806405462877604 0.0 107.589
3.30553497972 0.9809236558451448 0.0 107.772
3.30441559596 0.9813212689966604 0.0 107.953
3.3001591304399995 0.9815678678826668 0.0 108.135
3.29904325572 0.9818280870256314 0.0 108.314
3.2947095913199997 0.9821933841407918 0.0 108.493
3.29376215052 0.98258986791505 0.0 108.677
3.28966534632 0.982855992898889 0.0 108.86
3.28805294244 0.983096500025127 0.0 109.042
3.28506324036 0.983301436022527 0.0 109.221
3.2822279360400004 0.9833875024845944 0.0 109.4
3.28057693272 0.98337144558058 0.0 109.581
3.27637661184 0.9834798035530098 0.0 109.762
3.2757151578 0.9835988572302984 0.0 109.943
3.27233068872 0.9836265669302696 0.0 110.125
3.26926027872 0.9839102166348652 0.0 110.307
3.2667600877200003 0.984251437024126 0.0 110.49
3.26491082364 0.9844537498155564 0.0 110.674
3.26311244064 0.9847543408453912 0.0 110.854
3.26179479612 0.9850341909605876 0.0 111.036
3.26078594712 0.9852136896610748 0.0 111.219
3.25975604388 0.9854329936388456 0.0 111.398
3.2589823005599996 0.98565269849904 0.0 111.583
3.2582682109200003 0.9857711370950262 0.0 111.766
3.25758570264 0.9857727201280824 0.0 111.947
3.2573172610800003 0.9857161937444596 0.0 112.13
3.2568628404 0.9856377359247658 0.0 112.308
3.2564926366799996 0.9855590826430756 0.0 112.491
3.2528730619200004 0.9854680856606584 0.0 112.671
3.2404756236 0.9855167117274348 0.0 112.851
3.23687183952 0.9858811490739482 0.0 113.03
3.23359615068 0.986343480876445 0.0 113.213
3.2307608463599995 0.9866648976289348 0.0 113.396
3.22770973608 0.9869296668711462 0.0 113.576
3.2257902911999996 0.9872305759231768 0.0 113.757
3.22225668792 0.9874350953462052 0.0 113.94
3.2209741338 0.9874579550433208 0.0 114.12
3.21685452084 0.9876258204840208 0.0 114.303
3.21582812664 0.9881416032314004 0.0 114.485
3.21166114164 0.9885066485462434 0.0 114.668
3.21023998044 0.9885887293320584 0.0 114.851
3.20673444948 0.9884403271500594 0.0 115.033
3.20470797888 0.9883257584484691 0.0 115.217
3.20174810364 0.988332642380016 0.0 115.4
3.19912685076 0.9883983807639288 0.0 115.582
3.19758462768 0.9886579320725952 0.0 115.762
3.19359309468 0.988826265881426 0.0 115.946
3.1922175509999997 0.9890059103038754 0.0 116.127
3.1880874109199997 0.9892135889319418 0.0 116.31
3.1870732983599996 0.9895323093808694 0.0 116.49
3.18270278904 0.9896418940084905 0.0 116.676
3.18155182392 0.9896644560218132 0.0 116.857
3.17786382288 0.989730950758018 0.0 117.04
3.1760671944 0.9898337984972372 0.0 117.22
3.17322311748 0.9901766754889684 0.0 117.402
3.1704965934 0.9904390095480438 0.0 117.583
3.16855258524 0.990424652879516 0.0 117.763
3.1649400285600002 0.9902548787756784 0.0 117.945
3.16364694732 0.9901982453969242 0.0 118.126
3.1594185541199997 0.990208099198296 0.0 118.309
3.1584991856399998 0.9903494195048748 0.0 118.49
3.15432518256 0.9906350211386976 0.0 118.673
3.1531145637599995 0.9909144630095776 0.0 118.856
3.14931251892 0.9907858888294926 0.0 119.039
3.14745272772 0.9907504594429004 0.0 119.219
3.14459461464 0.9910735152092984 0.0 119.401
3.1417312379999998 0.9915931839961596 0.0 119.583
3.14006268948 0.9919134726971388 0.0 119.763
3.1362483629999995 0.9919223774448658 0.0 119.945
3.13498861764 0.9919054347801924 0.0 120.126
3.1308198781199996 0.9919549346441142 0.0 120.308
3.12984085596 0.9920566397690652 0.0 120.488
3.12564053508 0.9921633821900212 0.0 120.67
3.12436149 0.9921663690245588 0.0 120.851
3.12104193816 0.9921542366529584 0.0 121.032
3.1187715892799996 0.9923186136170922 0.0 121.215
3.1161433183200002 0.9923844058244335 0.0 121.395
3.113220288 0.99239123340382 0.0 121.574
3.11150261292 0.9923554760898357 0.0 121.754
3.1076602141199996 0.9923644509749756 0.0 121.937
3.10662680184 0.9924655439576312 0.0 122.117
3.1024826255999995 0.9926325662679424 0.0 122.301
3.10149658536 0.992774066556538 0.0 122.483
3.09733837296 0.9930000372087272 0.0 122.663
3.09572947812 0.993242423488114 0.0 122.843
3.09244150764 0.9933271673364996 0.0 123.027
3.0901658951999997 0.9933722595033392 0.0 123.21
3.08766921324 0.9933780973794916 0.0 123.39
3.08466372048 0.9932682948394488 0.0 123.577
3.0827635753200004 0.9932727374474452 0.0 123.76
3.07907031072 0.993437976840261 0.0 123.943
3.07784214672 0.993540280440534 0.0 124.131
3.07357515408 0.9936688331267576 0.0 124.314
3.07263297684 0.993728956520302 0.0 124.495
3.068348439 0.9937986391945216 0.0 124.678
3.06706413036 0.9938016436688156 0.0 124.862
3.0633691112399997 0.9937314855749304 0.0 125.045
3.0614268576 0.9937551702995672 0.0 125.228
3.05872840584 0.9938211444620152 0.0 125.405
3.0558773108399997 0.9940465753543922 0.0 125.589
3.0539069848800002 0.9939716362207353 0.0 125.772
3.0503540818799997 0.9937818193001978 0.0 125.956
3.0488136133199997 0.9937275002654178 0.0 126.139
3.04479927156 0.9938139565920422 0.0 126.322
3.04381849488 0.9938560269728752 0.0 126.503
3.03950237568 0.993886013326685 0.0 126.688
3.0383707102799997 0.9940669088003364 0.0 126.87
3.03470902704 0.9942527325972668 0.0 127.05
3.0327001016399997 0.9944165421889796 0.0 127.231
3.0299191874399996 0.9945804206278396 0.0 127.41
3.02726108964 0.9947847854031387 0.0 127.596
3.02569430328 0.9948083434503036 0.0 127.779
3.0216834705599998 0.9947978478660984 0.0 127.96
3.01988508756 0.9948418377093642 0.0 128.14
3.01604970684 0.994731485325234 0.0 128.323
3.01488996912 0.9946156115243612 0.0 128.506
3.0105194598000002 0.9945679174560152 0.0 128.689
3.0096088639199996 0.9945302705918948 0.0 128.87
3.0055822405200003 0.994420360456666 0.0 129.053
3.00399790896 0.994304731019828 0.0 129.232
3.0008590726799995 0.9943120788066522 0.0 129.413
2.9983606361999997 0.9944372677711188 0.0 129.599
2.99601484296 0.9946409154966536 0.0 129.778
2.9928040713599997 0.9947461454536644 0.0 129.962
2.9911249957200003 0.9945536604090472 0.0 130.143
2.98722645228 0.9943439930369614 0.0 130.325
2.98639130076 0.9944056200057342 0.0 130.506
2.9820962358 0.9946924066571432 0.0 130.686
2.9809505342400002 0.9949529250212058 0.0 130.869
2.9768607481199996 0.9950022877849648 0.0 131.049
2.97527817108 0.9949264308280314 0.0 131.228
2.9720165184000003 0.9949340714119744 0.0 131.412
2.96956545396 0.9950584156231363 0.0 131.595
2.9673144048 0.9951415150389288 0.0 131.778
2.96421241344 0.9952283498624512 0.0 131.959
2.9625579010800003 0.9952521186175094 0.0 132.141
2.9586856754400004 0.995360652234615 0.0 132.32
2.9577399891600002 0.9952634088903088 0.0 132.497
2.95352914116 0.9953528453332808 0.0 132.677
2.95233431304 0.9953755378008274 0.0 132.859
2.94852525012 0.995384465242095 0.0 133.04
2.94670054932 0.9954476733231736 0.0 133.223
2.9438915627999998 0.9955519797419772 0.0 133.404
2.94107380368 0.9956182632781184 0.0 133.583
2.9389174986 0.9956432112588284 0.0 133.766
2.9354751303600004 0.9957308536156732 0.0 133.946
2.93407853244 0.9958534864468006 0.0 134.128
2.93002383672 0.9959408268608736 0.0 134.308
2.9290588507199997 0.9959622372081838 0.0 134.485
2.92500590952 0.99599163583519 0.0 134.667
2.9235917664 0.995937012525202 0.0 134.848
2.9199511374 0.9961029595748196 0.0 135.031
2.91797905692 0.9964035056432582 0.0 135.213
2.9157122170800003 0.9964088244171873 0.0 135.399
2.91233301156 0.9961208290285468 0.0 135.58
2.91052761048 0.995789350143921 0.0 135.759
2.9067325837199998 0.9957186719420166 0.0 135.939
2.90539388496 0.995781494077924 0.0 136.12
2.90133392568 0.9959693196914964 0.0 136.305
2.90035490352 0.9961290321405974 0.0 136.484
2.8961686188000004 0.9962184316277128 0.0 136.663
2.8947772844400004 0.9961620110538376 0.0 136.845
2.89143667836 0.99611016265572 0.0 137.026
2.88928739136 0.9961350995871618 0.0 137.209
2.88675737352 0.9962803015316448 0.0 137.389
2.88362204628 0.9962478668920784 0.0 137.571
2.88200437884 0.9961521847538772 0.0 137.752
2.87818654332 0.9960815585516172 0.0 137.934
2.87702329656 0.996065137656906 0.0 138.115
2.8726720869599998 0.996094494464138 0.0 138.296
2.8716948193199996 0.9961564749059696 0.0 138.478
2.86769802276 0.9962454361144828 0.0 138.658
2.86601543808 0.9962095913884146 0.0 138.839
2.86340120328 0.9961560357500248 0.0 139.021
2.8604343099599996 0.9961040528849092 0.0 139.203
2.85797973648 0.9962682379877058 0.0 139.386
2.85472510188 0.996591735693436 0.0 139.57
2.8531600700399995 0.996812533289398 0.0 139.751
2.8492580175599995 0.9970000210851768 0.0 139.933
2.84813161572 0.9971021513866772 0.0 140.114
2.8439277857999996 0.9969926399443052 0.0 140.294
2.84285401956 0.9967979290719602 0.0 140.476
2.8388361687600003 0.9965302889058548 0.0 140.657
2.83725534624 0.9964951989168834 0.0 140.839
2.8337533243200004 0.9967205523795314 0.0 141.02
2.8316110554 0.9970016641297932 0.0 141.202
2.8292266627199996 0.9971465489524206 0.0 141.383
2.82598080072 0.9971541721340256 0.0 141.563
2.82458946636 0.997197236194033 0.0 141.744
2.82042072684 0.9971473323346358 0.0 141.926
2.81948205864 0.9969903495655692 0.0 142.108
2.8151729575199997 0.9969407726657876 0.0 142.286
2.81413779072 0.9969631020774736 0.0 142.468
2.81105860812 0.997069826787478 0.0 142.648
2.80866017928 0.9970754594969709 0.0 142.826
2.8055669605199998 0.9970827240143716 0.0 143.003
2.80288254492 0.9971487261199092 0.0 143.183
2.8010560896000003 0.997292310939298 0.0 143.366
2.79739265184 0.9971616204947974 0.0 143.546
2.7958749920400003 0.997045788005424 0.0 143.73
2.7917799423600003 0.9970554053790264 0.0 143.913
2.79103076232 0.997256162393902 0.0 144.093
2.786704116 0.99742303808884 0.0 144.272
2.7853373449200003 0.9974262492638536 0.0 144.452
2.7817984780800002 0.997454463973265 0.0 144.634
2.77970007216 0.997439494033484 0.0 144.813
2.77684195908 0.997446209303167 0.0 144.995
2.77409613528 0.997452660829124 0.0 145.174
2.77263812916 0.9974560865614946 0.0 145.354
2.76870975888 0.9974272565041848 0.0 145.536
2.76750615816 0.9973313264568078 0.0 145.717
2.76324969264 0.9972617222398428 0.0 145.897
2.76222154392 0.997244236473441 0.0 146.08
2.7587054858399997 0.997212693816926 0.0 146.266
2.75663339772 0.997197660044814 0.0 146.448
2.75294364216 0.9972063276832412 0.0 146.627
2.7508434817199996 0.9972311628922936 0.0 146.809
2.7482117017200003 0.9974157150233408 0.0 146.99
2.745253581 0.9976000412812436 0.0 147.17
2.743367472 0.9977437877485016 0.0 147.353
2.7397110523199997 0.9977324798916078 0.0 147.533
2.7384320072399997 0.9978730603016192 0.0 147.716
2.73433871208 0.9980610581784944 0.0 147.897
2.73335618088 0.9982417441148894 0.0 148.079
2.72926464024 0.9983889432409336 0.0 148.259
2.7277259261999998 0.998254984832014 0.0 148.441
2.724374793 0.9983407358919932 0.0 148.622
2.7220675992 0.9985053862286516 0.0 148.801
2.7201025368000002 0.998549814939988 0.0 148.982
2.71657068804 0.9986576398132616 0.0 149.165
2.71481792256 0.9985622470250524 0.0 149.348
2.71106324976 0.9985511766013754 0.0 149.528
2.70973683264 0.9984945863574958 0.0 149.71
2.70551019396 0.998267425660636 0.0 149.894
2.7045504715199997 0.9982505254156768 0.0 150.077
2.7003571687199996 0.9983773235809336 0.0 150.258
2.6988623176799997 0.998283807395132 0.0 150.442
2.6953111692 0.9984297477065314 0.0 150.626
2.69324434464 0.998672715210865 0.0 150.808
2.6905827378000002 0.9986590733230044 0.0 150.992
2.68747899192 0.9985071393171812 0.0 151.178
2.6855858648399997 0.9983540971214596 0.0 151.363
2.68193470872 0.9982041929662776 0.0 151.545
2.68076970744 0.9980285350504954 0.0 151.725
2.67643779756 0.9979011273198668 0.0 151.906
2.67548158416 0.9979431859033888 0.0 152.086
2.67117423756 0.997993124589277 0.0 152.269
2.66990221056 0.9980341848254176 0.0 152.452
2.66610893832 0.9980622640843202 0.0 152.636
2.66420703864 0.9981861708526832 0.0 152.818
2.66152262304 0.998272107745447 0.0 152.999
2.6587469724 0.9981990127082364 0.0 153.179
2.65823465256 0.9981404997455118 0.0 153.361
2.6579135754 0.998181066859944 0.0 153.543
2.6577556686 0.9983605922573684 0.0 153.725
2.65768373328 0.9983806674805936 0.0 153.906
2.65762232508 0.9983999714706064 0.0 154.089
2.65743459144 0.9985181074278104 0.0 154.269
2.65743283692 0.9982618215993142 0.0 154.451
2.65744687308 0.9980047521606872 0.0 154.63
2.65735388352 0.9979061872064025 0.0 154.811
2.65734160188 0.997965934145258 0.0 154.994
2.65728896628 0.9979461518923948 0.0 155.171
2.65728370272 0.9978665401770246 0.0 155.352
2.6572819482 0.9978665443022778 0.0 155.534
2.6571591318000003 0.9980452408538472 0.0 155.716
2.6572819482 0.998202458442284 0.0 155.9
2.65722054 0.9982026028747696 0.0 156.082
2.6572994934 0.998082981042136 0.0 156.264
2.6572029948 0.9981429260607576 0.0 156.444
2.65725212136 0.9983020587177526 0.0 156.622
2.65718895864 0.9983818314016067 0.0 156.803
2.65722054 0.9984198273834042 0.0 156.984
2.65723633068 0.998419790235536 0.0 157.169
2.65718895864 0.9983818314016067 0.0 157.352
2.65718018604 0.9985784240638876 0.0 157.533
2.65718194056 0.99877673373767 0.0 157.713
2.65714334112 0.9989542370649728 0.0 157.895
2.65722054 0.9987965489252976 0.0 158.074
2.6571486046799997 0.998341367796622 0.0 158.254
2.65710825072 0.9981431488862188 0.0 158.435
2.65715737728 0.9981828454049868 0.0 158.616
2.65722755808 0.9982623044451854 0.0 158.794
2.65721527644 0.9981628032022216 0.0 158.974
2.65715562276 0.9981430374734758 0.0 159.156
2.65716264084 0.9981828330253012 0.0 159.337
2.65709246004 0.998440034725992 0.0 159.516
2.65718895864 0.9987177456152138 0.0 159.699
2.6572380852 0.9986977239844148 0.0 159.882
2.65714334112 0.9986780409040976 0.0 160.063
2.65717843152 0.9985983342200516 0.0 160.243
2.65715386824 0.9985585799577292 0.0 160.425
2.65717843152 0.998498804080218 0.0 160.61
2.65717316796 0.9985386285202492 0.0 160.792
2.65716264084 0.9985585593171532 0.0 160.974
2.65712053236 0.9985586583919268 0.0 161.153
2.65717316796 0.9985784405766766 0.0 161.339
2.6571854496 0.9985983177069342 0.0 161.522
2.657132814 0.9985387234650096 0.0 161.703
2.65716614988 0.998401044610078 0.0 161.885
2.65710298716 0.998262597454446 0.0 162.062
2.65716439536 0.9981430168414888 0.0 162.242
2.65714509564 0.9981629682613912 0.0 162.425
2.65712053236 0.9983222742775728 0.0 162.606
2.65711702332 0.9984790425247706 0.0 162.785
2.65712579592 0.9984989279162724 0.0 162.968
2.6571942222 0.9984987669294074 0.0 163.149
2.6570714058 0.998459243814254 0.0 163.331
2.65709421456 0.9984201245664492 0.0 163.511
2.65718895864 0.9985186853404836 0.0 163.694
2.6571152688 0.998558670776275 0.0 163.878
2.65715737728 0.9985386656725443 0.0 164.062
2.65720124028 0.99830217840233 0.0 164.245
2.6570977235999997 0.9981232676128572 0.0 164.427
2.6571503591999996 0.9980452614838132 0.0 164.608
2.65709596908 0.99802622983398 0.0 164.792
2.6571100052400003 0.9980841731424608 0.0 164.978
2.6571468501599997 0.9981828701643594 0.0 165.158
2.65715386824 0.9982624777745862 0.0 165.338
2.6570801783999998 0.9983621812669232 0.0 165.519
2.65718895864 0.9984009909530496 0.0 165.7
2.657176677 0.9985187142361348 0.0 165.881
2.65716614988 0.9985585510609232 0.0 166.062
2.6571608863200002 0.9985386574164784 0.0 166.241
