X_channel Y_channel II_channel timestamp
4.693426971479999 0.9842739953880468 0.0 0.549
4.6933497726 0.9843949646542928 0.0 0.732
4.6934445166800005 0.9844982925692108 0.0 0.913
4.69337959944 0.9844158822565808 0.0 1.096
4.69340065368 0.9842941569324212 0.0 1.275
4.69338310848 0.9842135107549238 0.0 1.454
4.69345679832 0.9841731876661752 0.0 1.634
4.69335503616 0.9842739953880468 0.0 1.815
4.69334275452 0.984153026121801 0.0 1.997
4.69339889916 0.984092541488678 0.0 2.178
4.69333573644 0.9840144155042276 0.0 2.361
4.69340591724 0.9839740924154792 0.0 2.541
4.692846225359999 0.984033820990688 0.0 2.727
4.69075659204 0.984233672299298 0.0 2.908
4.6902179544 0.9843344800211696 0.0 3.088
4.68690542064 0.9842538338436724 0.0 3.269
4.686389591759999 0.984153026121801 0.0 3.451
4.68341568036 0.9842538338436724 0.0 3.631
4.68210505392 0.984233672299298 0.0 3.814
4.67968030728 0.9839740924154792 0.0 3.997
4.67619232152 0.9837127483965272 0.0 4.347
4.67373599352 0.98357338172104 0.0 4.532
4.67297453184 0.9836338663541628 0.0 4.712
4.66962164412 0.9837321538829876 0.0 4.894
4.66890229092 0.9837321538829876 0.0 5.078
4.66548448596 0.9837926385161104 0.0 5.259
4.66471074264 0.9840144155042276 0.0 5.442
4.662545664960001 0.9839942539598534 0.0 5.623
4.66059639324 0.9839740924154792 0.0 5.805
4.658147083319999 0.9840144155042276 0.0 5.986
4.6561714938 0.984034577048602 0.0 6.168
4.654522245 0.9839942539598534 0.0 6.345
4.65195538224 0.9839740924154792 0.0 6.526
4.650771081239999 0.984153026121801 0.0 6.708
4.64778313368 0.9843143184767954 0.0 6.889
4.6470146539199995 0.9843949646542928 0.0 7.069
4.64355474048 0.9843949646542928 0.0 7.251
4.64270379828 0.9843949646542928 0.0 7.433
4.63984042164 0.9844572134225482 0.0 7.614
4.6384157514 0.984578938746708 0.0 7.8
4.636117330199999 0.9845991002910824 0.0 7.984
4.63401366072 0.9846588288662912 0.0 8.169
4.63277321508 0.9845991002910824 0.0 8.352
4.6298624664 0.9845991002910824 0.0 8.532
4.62849569532 0.9847175493642814 0.0 8.721
4.6253393138400005 0.9847377109086556 0.0 8.902
4.6245462708 0.9846779823334468 0.0 9.085
4.621186365 0.9846588288662912 0.0 9.262
4.62040911264 0.9846394233798308 0.0 9.441
4.61740186536 0.9846588288662912 0.0 9.621
4.61601228552 0.984697387819907 0.0 9.8
4.61385773496 0.9846386673219168 0.0 9.98
4.61159615868 0.9844360438009552 0.0 10.16
4.61019956076 0.984517698055671 0.0 10.341
4.60732741152 0.9847981955417786 0.0 10.523
4.60611679272 0.9849796494411472 0.0 10.705
4.6029323389200005 0.9850980985143464 0.0 10.888
4.60222702188 0.9852392293249664 0.0 11.069
4.59882676212 0.985340037046838 0.0 11.253
4.5977898408 0.9853601985912122 0.0 11.434
4.5948422472 0.9854584861200368 0.0 11.617
4.59344915832 0.9856802631081542 0.0 11.796
4.59117880944 0.9858793583588504 0.0 11.975
4.58897162328 0.9859600045363476 0.0 12.159
4.58756274372 0.9860003276250962 0.0 12.34
4.5845484783599995 0.986060812258219 0.0 12.522
4.58349401184 0.9859600045363476 0.0 12.701
4.5800569071599995 0.985859196814476 0.0 12.883
4.57946914296 0.9857601532277374 0.0 13.061
4.5760057204799995 0.9857004246525284 0.0 13.244
4.5748582643999995 0.9857205861969028 0.0 13.424
4.57240719996 0.98566010156378 0.0 13.606
4.57048775508 0.9856399400194056 0.0 13.787
4.56835250424 0.985539132297534 0.0 13.967
4.56601022004 0.9855794553862828 0.0 14.15
4.5645065964 0.9855592938419084 0.0 14.33
4.56142916832 0.9854383245756626 0.0 14.512
4.560743151 0.9854383245756626 0.0 14.693
4.55719200252 0.9855794553862828 0.0 14.873
4.55633755128 0.9858196297836416 0.0 15.054
4.55301273588 0.9860003276250962 0.0 15.235
4.551916160879999 0.9860204891694704 0.0 15.415
4.54940193372 0.9860204891694704 0.0 15.595
4.54741055352 0.986060812258219 0.0 15.777
4.54561743408 0.9860809738025932 0.0 15.958
4.54291547328 0.9860809738025932 0.0 16.14
4.5416013377999995 0.9859600045363476 0.0 16.32
4.53836951196 0.985800476316486 0.0 16.497
4.53773963928 0.9858793583588504 0.0 16.678
4.53437622444 0.9860809738025932 0.0 16.858
4.5331708692 0.986380876775161 0.0 17.037
4.53013204056 0.9868009929560604 0.0 17.218
4.52853367284 0.9870613288977936 0.0 17.399
4.5261878796 0.9869209541450876 0.0 17.582
4.52386489512 0.9867412643808516 0.0 17.763
4.52239285284 0.9866807797477288 0.0 17.941
4.51929086148 0.9866807797477288 0.0 18.121
4.51838377464 0.98664045665898 0.0 18.301
4.5149414064 0.98664045665898 0.0 18.48
4.5141255546 0.9868017490139744 0.0 18.66
4.51054107024 0.9870411673534194 0.0 18.838
4.50937606896 0.9873015032951524 0.0 19.019
4.50686359632 0.9874822011366072 0.0 19.2
4.50485467092 0.9875830088584786 0.0 19.382
4.50308786928 0.9875225242253556 0.0 19.562
4.5003245002800005 0.98754268576973 0.0 19.744
4.4990366826 0.9874822011366072 0.0 19.925
4.49565747708 0.9872420267392484 0.0 20.107
4.49500830468 0.987021005809045 0.0 20.288
4.49147645592 0.9869403596315478 0.0 20.474
4.49037637188 0.987081490442168 0.0 20.657
4.48694102172 0.9871218135309164 0.0 20.839
4.48569531252 0.987222621252788 0.0 21.026
4.4828564991599995 0.9872831058859108 0.0 21.208
4.4808054652800005 0.9872024597084136 0.0 21.39
4.47845440848 0.9871621366196652 0.0 21.573
4.4761138788 0.9873025113723712 0.0 21.752
4.47480325236 0.9875830088584786 0.0 21.934
4.4715170364 0.9877022139895916 0.0 22.118
4.47033098088 0.9877619425648004 0.0 22.299
4.46681667732 0.9877619425648004 0.0 22.482
4.46605872468 0.9877619425648004 0.0 22.667
4.46274268188 0.9877022139895916 0.0 22.848
4.46146714584 0.9876434934916016 0.0 23.029
4.4587704486 0.9877619425648004 0.0 23.21
4.45675801416 0.9878224271979236 0.0 23.396
4.45446134748 0.9877619425648004 0.0 23.58
4.45195940196 0.9876628989780616 0.0 23.759
4.4507522922 0.9875225242253556 0.0 23.943
4.44736080504 0.9874217165034842 0.0 24.125
4.44599052492 0.9873612318703614 0.0 24.307
4.44247446684 0.98754268576973 0.0 24.49
4.4418217854 0.9877821041091748 0.0 24.672
4.43820396516 0.9880626015952824 0.0 24.852
4.43696001048 0.9882231378923626 0.0 25.033
4.43394749964 0.9882231378923626 0.0 25.213
4.432245615239999 0.988182814803614 0.0 25.397
4.42971033384 0.988182814803614 0.0 25.58
4.42742243976 0.9881626532592396 0.0 25.763
4.4255854573199995 0.9880618455373682 0.0 25.946
4.42265189988 0.9881424917148656 0.0 26.126
4.4213816274 0.988182814803614 0.0 26.308
4.4179778586 0.988182814803614 0.0 26.489
4.4172111333599995 0.9882432994367368 0.0 26.67
4.41377753772 0.9884239972781916 0.0 26.851
4.41235813104 0.9884045917917312 0.0 27.036
4.409021034 0.9882634609811112 0.0 27.219
4.40748407448 0.988182814803614 0.0 27.401
4.40515582644 0.988042440050908 0.0 27.583
4.40272932528 0.9878829118310464 0.0 27.763
4.40132921832 0.9877417810204262 0.0 27.946
4.39799913936 0.9877417810204262 0.0 28.132
4.39665868608 0.9878224271979236 0.0 28.313
4.39302507516 0.9878829118310464 0.0 28.495
4.39231449456 0.9878829118310464 0.0 28.676
4.3886861472 0.9878829118310464 0.0 28.857
4.3875369366 0.9880232865837524 0.0 29.038
4.38478409472 0.9880820070817424 0.0 29.219
4.38271551564 0.9882432994367368 0.0 29.401
4.38017497068 0.9885641200115928 0.0 29.582
4.377694079399999 0.9887649793974218 0.0 29.761
4.3760009676 0.9887246563086732 0.0 29.941
4.37283581352 0.9886843332199248 0.0 30.123
4.37177608344 0.9887448178530476 0.0 30.308
4.368140717999999 0.9888045464282564 0.0 30.492
4.36735293852 0.9887246563086732 0.0 30.675
4.36344913152 0.9887246563086732 0.0 30.86
4.36239641952 0.9886843332199248 0.0 31.042
4.3591979295600005 0.988644010131176 0.0 31.224
4.357483763519999 0.9886641716755504 0.0 31.405
4.35488356488 0.9885835254980532 0.0 31.585
4.35267111516 0.9884038357338172 0.0 31.764
4.35093589488 0.9882231378923626 0.0 31.946
4.3477093326 0.9881626532592396 0.0 32.128
4.3463320344000005 0.9882432994367368 0.0 32.311
4.34285983932 0.9883037840698596 0.0 32.494
4.34204398752 0.9882432994367368 0.0 32.676
4.33853494752 0.9882634609811112 0.0 32.858
4.33717519452 0.9885842815559672 0.0 33.04
4.33387669692 0.9889439131037436 0.0 33.221
4.33224674784 0.9891850955783212 0.0 33.402
4.3297342752 0.9893647853425572 0.0 33.584
4.3272954924 0.9893647853425572 0.0 33.764
4.32555676308 0.9892236545319372 0.0 33.947
4.32229861944 0.9891455285474868 0.0 34.129
4.32115291788 0.9891253670031124 0.0 34.309
4.31756316996 0.9891455285474868 0.0 34.49
4.31668590996 0.989164934033947 0.0 34.668
4.31302598124 0.9893647853425572 0.0 34.849
4.31162061072 0.9895260776975516 0.0 35.035
4.30855370976 0.9895858062727604 0.0 35.216
4.3067149728 0.9895858062727604 0.0 35.392
4.3045305954 0.9896848498594992 0.0 35.573
4.3017496812000005 0.989866303758868 0.0 35.751
4.3002495666 0.9899653473456068 0.0 35.934
4.29684755232 0.9898864653032424 0.0 36.114
4.29567553296 0.989866303758868 0.0 36.296
4.29198051384 0.9898461422144936 0.0 36.48
4.2911155354799995 0.9897453344926224 0.0 36.661
4.287476661 0.9897453344926224 0.0 36.841
4.2861519984 0.9898058191257452 0.0 37.02
4.28335529352 0.989866303758868 0.0 37.202
4.28097265536 0.9900056704343554 0.0 37.386
4.27886898588 0.9901662067314356 0.0 37.567
4.27610210784 0.9902266913645584 0.0 37.75
4.27475112744 0.990326743028516 0.0 37.93
4.27109646228 0.9905265943371264 0.0 38.113
4.2701507759999995 0.9907466071901108 0.0 38.293
4.266255741599999 0.990826497309694 0.0 38.476
4.26539953584 0.9907466071901108 0.0 38.656
4.26169925316 0.9907080482364948 0.0 38.838
4.2602447560800005 0.9907080482364948 0.0 39.02
4.25755156788 0.9907080482364948 0.0 39.201
4.2552110382 0.9907080482364948 0.0 39.382
4.2532547484 0.9907080482364948 0.0 39.562
4.2501317028 0.9908063357653196 0.0 39.741
4.249287778679999 0.9909474665759398 0.0 39.923
4.2454137985200004 0.9911264002822616 0.0 40.103
4.24436459556 0.9910281127534368 0.0 40.285
4.24037306256 0.9910079512090628 0.0 40.467
4.2392361336 0.9910079512090628 0.0 40.652
4.23587096424 0.9911069947958014 0.0 40.833
4.2342357516 0.9911069947958014 0.0 41.018
4.23118815036 0.9910079512090628 0.0 41.201
4.2290704447200005 0.9910079512090628 0.0 41.382
4.22716854504 0.9910079512090628 0.0 41.562
4.22404725396 0.9910079512090628 0.0 41.743
4.22259977496 0.9910676797842716 0.0 41.927
4.2190609081199995 0.9911667233710104 0.0 42.108
4.21782397152 0.991146561826636 0.0 42.292
4.21397280012 0.9911069947958014 0.0 42.479
4.213128876 0.991146561826636 0.0 42.659
4.20968299872 0.9913078541816304 0.0 42.84
4.2080495406 0.9915674340654494 0.0 43.022
4.20521774532 0.9917690495091924 0.0 43.206
4.20301055916 0.9917892110535668 0.0 43.388
4.2012911295599995 0.9917892110535668 0.0 43.569
4.1979698232 0.991728726420444 0.0 43.751
4.1962942566 0.9915674340654494 0.0 43.93
4.192758898799999 0.9914875439458662 0.0 44.111
4.19151669864 0.9913683388147532 0.0 44.295
4.187711144760001 0.991287692637256 0.0 44.478
4.18686722064 0.9913078541816304 0.0 44.661
4.183137111120001 0.9914482289343364 0.0 44.841
4.1816966502 0.991467382401492 0.0 45.017
4.178696421 0.9913683388147532 0.0 45.201
4.17661029672 0.9913683388147532 0.0 45.384
4.1743803018 0.9915271109767008 0.0 45.564
4.171499379959999 0.9914482289343364 0.0 45.743
4.16991855744 0.9914482289343364 0.0 45.923
4.16647443468 0.9914482289343364 0.0 46.103
4.1655901566 0.9913280157260046 0.0 46.285
4.16167055892 0.9914482289343364 0.0 46.468
4.16045994012 0.9916682417873208 0.0 46.649
4.1568263292 0.9916279186985724 0.0 46.829
4.1552823516 0.9916279186985724 0.0 47.008
4.15249968288 0.9917892110535668 0.0 47.188
4.15011178116 0.9918496956866896 0.0 47.368
4.14809408316 0.9917690495091924 0.0 47.551
4.14490085676 0.991809372597941 0.0 47.735
4.14353408568 0.9918496956866896 0.0 47.921
4.13984959368 0.991728726420444 0.0 48.102
4.1388565353599995 0.9915875956098238 0.0 48.284
4.13488956564 0.9915472725210752 0.0 48.465
4.13380878132 0.9916279186985724 0.0 48.651
4.13024359668 0.9916682417873208 0.0 48.831
4.1286627741599995 0.9917085648760696 0.0 49.014
4.12583975148 0.9916682417873208 0.0 49.195
4.12343079552 0.991428067389962 0.0 49.375
4.121321862479999 0.9911667233710104 0.0 49.557
4.11832163328 0.9911264002822616 0.0 49.734
4.117277693879999 0.9912473695485076 0.0 49.916
4.113328269359999 0.9913683388147532 0.0 50.097
4.11226678476 0.9914288234478762 0.0 50.281
4.1081261175599995 0.9913885003591276 0.0 50.464
4.10710498692 0.9913885003591276 0.0 50.646
4.10350471188 0.9915271109767008 0.0 50.827
4.10177124612 0.991607757154198 0.0 51.007
4.0991815746 0.991728726420444 0.0 51.193
4.0966199754 0.991809372597941 0.0 51.374
4.0944987607200005 0.9918295341423154 0.0 51.557
4.0914265962 0.9916884033316952 0.0 51.741
4.09005456156 0.9915472725210752 0.0 51.921
4.08645604104 0.9915674340654494 0.0 52.104
4.08538929288 0.9917085648760696 0.0 52.286
4.08133986072 0.9919084161846796 0.0 52.467
4.0803029394 0.9919681447598886 0.0 52.65
4.076790390359999 0.9919479832155144 0.0 52.833
4.07511657828 0.9918882546403056 0.0 53.011
4.07223916548 0.9918496956866896 0.0 53.193
4.06983547308 0.99192782167114 0.0 53.374
4.0681879788 0.9919681447598886 0.0 53.556
4.064740347 0.9919681447598886 0.0 53.738
4.063171806120001 0.99186910117315 0.0 53.922
4.05929080788 0.9918295341423154 0.0 54.102
4.0584556563600005 0.99186910117315 0.0 54.283
4.054434296519999 0.99192782167114 0.0 54.466
4.05333245796 0.9919681447598886 0.0 54.648
4.0497567462 0.9919479832155144 0.0 54.829
4.0479583632 0.99186910117315 0.0 55.009
4.045372200719999 0.991728726420444 0.0 55.191
4.04283341028 0.9915674340654494 0.0 55.372
4.04087185692 0.9915472725210752 0.0 55.556
4.03751195112 0.9916279186985724 0.0 55.739
4.0361943066 0.991809372597941 0.0 55.919
4.03242735216 0.9918496956866896 0.0 56.102
4.0314781568399995 0.99186910117315 0.0 56.284
4.02747083316 0.9919681447598886 0.0 56.465
4.02622336944 0.9920891140261344 0.0 56.645
4.0226599393199995 0.9920891140261344 0.0 56.827
4.02091945548 0.9920286293930116 0.0 57.009
4.01817714072 0.9919883063042628 0.0 57.19
4.01565940452 0.9921092755705088 0.0 57.371
4.01371364184 0.9922889653347448 0.0 57.555
4.01041514424 0.9924898247205736 0.0 57.741
4.00889572992 0.992509986264948 0.0 57.922
4.00506736728 0.992509986264948 0.0 58.107
4.0041129084 0.9925301478093222 0.0 58.286
4.000179274560001 0.9926284353381468 0.0 58.468
3.99889145688 0.9926284353381468 0.0 58.651
3.9955175149200004 0.9925898763845312 0.0 58.832
3.99366298728 0.9925704708980708 0.0 59.012
3.99105401604 0.992509986264948 0.0 59.192
3.9883081922400003 0.9924293400874508 0.0 59.374
3.9862641764399998 0.992629191396061 0.0 59.553
3.983155167 0.9930702251792488 0.0 59.741
3.9818392769999997 0.993410451240565 0.0 59.922
3.9780565318799996 0.9934298567270252 0.0 60.104
3.97697750208 0.9933902896961908 0.0 60.285
3.97292105184 0.993291246109452 0.0 60.468
3.97179640452 0.993291246109452 0.0 60.651
3.96881372052 0.993470179815774 0.0 60.831
3.9664784544000002 0.9935911490820196 0.0 61.011
3.9638572015199998 0.9934903413601482 0.0 61.191
3.96115524072 0.9933711362290352 0.0 61.373
3.959337558 0.993351730742575 0.0 61.554
3.9557758823999998 0.993410451240565 0.0 61.733
3.95432489436 0.9935508259932712 0.0 61.916
3.95049126816 0.9936516337151426 0.0 62.099
3.94968067992 0.9936516337151426 0.0 62.278
3.94567160172 0.993671795259517 0.0 62.46
3.94438202952 0.9938305674214644 0.0 62.643
3.94070806464 0.9938910520545874 0.0 62.823
3.93895179012 0.9938305674214644 0.0 63.006
3.9361392945600002 0.9937315238347258 0.0 63.186
3.93362331288 0.993790244332716 0.0 63.366
3.93201792708 0.9939112135989616 0.0 63.548
3.92852292324 0.993931375143336 0.0 63.729
3.9271912425599997 0.9937708388462556 0.0 63.911
3.923282172 0.993671795259517 0.0 64.092
3.92223647808 0.9936516337151426 0.0 64.275
3.91875375588 0.9937506773018812 0.0 64.457
3.9170974889999997 0.9936314721707684 0.0 64.637
3.91332000744 0.9933912977734094 0.0 64.818
3.91159882332 0.993150115298832 0.0 65.0
3.90911793204 0.9930107486233446 0.0 65.182
3.9062264830799998 0.99297118159251 0.0 65.364
3.9042982656 0.9930299020905002 0.0 65.545
3.90089625132 0.9930299020905002 0.0 65.728
3.89951368956 0.9929510200481356 0.0 65.907
3.8957011176 0.9929905870789704 0.0 66.09
3.89468174148 0.9930493075769604 0.0 66.271
3.8905340562 0.9930896306657092 0.0 66.454
3.8892778198799998 0.9931904383875804 0.0 66.636
3.8859021233999997 0.9931904383875804 0.0 66.817
3.88396513332 0.9931299537544576 0.0 66.997
3.88183690056 0.9931702768432062 0.0 67.176
3.8787261366 0.9931097922100832 0.0 67.36
3.8766207126000003 0.9931097922100832 0.0 67.546
3.8733362511600005 0.993150115298832 0.0 67.728
3.8725274174399997 0.9930299020905002 0.0 67.909
3.86843763132 0.9929308585037616 0.0 68.093
3.86703401532 0.9928098892375156 0.0 68.275
3.86294247468 0.992509230207034 0.0 68.461
3.861830109 0.9923890169987022 0.0 68.642
3.85809824496 0.992629191396061 0.0 68.823
3.85638583344 0.9928703738706384 0.0 69.002
3.85367334552 0.9927897276931412 0.0 69.186
3.85093980336 0.9926485968825212 0.0 69.367
3.84884841552 0.9926485968825212 0.0 69.549
3.84567624336 0.9927897276931412 0.0 69.729
3.8443235084399996 0.9928502123262642 0.0 69.911
3.8403986472000002 0.9928098892375156 0.0 70.092
3.83920732812 0.9928502123262642 0.0 70.275
3.8351245600799997 0.9928905354150128 0.0 70.459
3.83403500316 0.9928703738706384 0.0 70.64
3.83114004516 0.9929106969593872 0.0 70.821
3.82870126236 0.9929308585037616 0.0 70.997
3.826037901 0.9928905354150128 0.0 71.179
3.8232727774799997 0.99283005078189 0.0 71.364
3.8213428054799996 0.9929106969593872 0.0 71.543
3.8178706104 0.9929106969593872 0.0 71.721
3.8166705187199996 0.9927897276931412 0.0 71.901
3.81268249476 0.9926889199712698 0.0 72.087
3.81165434604 0.992509986264948 0.0 72.268
3.8076014048399998 0.9924091785430764 0.0 72.449
3.8062960419599996 0.9926090298516866 0.0 72.632
3.8031080791200003 0.9928098892375156 0.0 72.81
3.800816676 0.9927292430600184 0.0 72.99
3.79853229096 0.9924091785430764 0.0 73.166
3.7954864442400003 0.992189921748006 0.0 73.35
3.7939863296399996 0.9921495986592572 0.0 73.533
3.79007199552 0.9922100832923804 0.0 73.712
3.78895261176 0.9922100832923804 0.0 73.893
3.78508389516 0.9922680477324564 0.0 74.077
3.7840171469999997 0.9922100832923804 0.0 74.259
3.78067127736 0.9922294887788404 0.0 74.439
3.7786219979999998 0.992189921748006 0.0 74.62
3.77558141484 0.9919883063042628 0.0 74.802
3.77310754164 0.991728726420444 0.0 74.986
3.7706266503599997 0.9914683904787108 0.0 75.169
3.7677334468800003 0.9913078541816304 0.0 75.351
3.7661824512 0.9912473695485076 0.0 75.531
3.7624804139999997 0.991146561826636 0.0 75.711
3.76122417768 0.9910079512090628 0.0 75.892
3.7571782545600003 0.9908070918232336 0.0 76.072
3.7561220335199996 0.9905669174258748 0.0 76.254
3.75250245876 0.9904257866152548 0.0 76.435
3.75061634976 0.9905467558815004 0.0 76.618
3.7478161358399995 0.9906072405146236 0.0 76.798
3.7452194462399997 0.9906878866921208 0.0 76.98
3.74319648468 0.9907080482364948 0.0 77.16
3.73984535148 0.9906878866921208 0.0 77.341
3.7382347021199998 0.9905265943371264 0.0 77.524
3.73447301124 0.9904862712483776 0.0 77.704
3.7336448778 0.9903065814841416 0.0 77.886
3.729758616 0.989985508889981 0.0 78.067
3.7282585014 0.989665444373039 0.0 78.251
3.72456874584 0.98942526997568 0.0 78.43
3.72265982808 0.9891850955783212 0.0 78.61
3.71998944864 0.9890850439143638 0.0 78.793
3.71726467908 0.9890850439143638 0.0 78.973
3.7153890972 0.9890850439143638 0.0 79.156
3.7118449667999998 0.989105205458738 0.0 79.334
3.7105799578800003 0.9889439131037436 0.0 79.515
3.7065042079199997 0.9888431053818724 0.0 79.698
3.70548834084 0.9889035900149952 0.0 79.879
3.70126696572 0.9890850439143638 0.0 80.064
3.70010371896 0.989344623798183 0.0 80.244
3.69680697588 0.989344623798183 0.0 80.424
3.6946997973599998 0.9892042490454768 0.0 80.604
3.69226978716 0.989105205458738 0.0 80.786
3.68923622208 0.989105205458738 0.0 80.968
3.6873571311599997 0.9892042490454768 0.0 81.149
3.6838305459600003 0.9893244622538088 0.0 81.331
3.6829164410399997 0.98942526997568 0.0 81.511
3.6788722724399996 0.9895059161531774 0.0 81.693
3.67759498188 0.9896848498594992 0.0 81.874
3.6734385240000003 0.989866303758868 0.0 82.053
3.6721928148000003 0.9901460451870614 0.0 82.237
3.6684556872 0.9904063811287944 0.0 82.419
3.66660291408 0.9906677251477464 0.0 82.599
3.66398692476 0.9908466588540684 0.0 82.78
3.66120776508 0.990826497309694 0.0 82.962
3.6591269043600003 0.9908869819428168 0.0 83.144
3.65576348952 0.9910676797842716 0.0 83.327
3.6544247907600003 0.9912272080041332 0.0 83.507
3.650322723 0.9913885003591276 0.0 83.692
3.6493279101600002 0.991607757154198 0.0 83.873
3.64528023252 0.9918489396287756 0.0 84.053
3.6439274976 0.9920084678486372 0.0 84.235
3.64095884976 0.9922093272344662 0.0 84.413
3.63855691188 0.9923890169987022 0.0 84.598
3.63580757904 0.9924091785430764 0.0 84.777
3.6330021015600003 0.9924696631761992 0.0 84.96
3.6311195016 0.992629191396061 0.0 85.142
3.62748238164 0.9928098892375156 0.0 85.322
3.62636299788 0.9929510200481356 0.0 85.504
3.622294266 0.9930493075769604 0.0 85.685
3.6213555978 0.9930299020905002 0.0 85.864
3.6170780780399996 0.9929106969593872 0.0 86.047
3.61592886744 0.9928905354150128 0.0 86.23
3.612600543 0.9930299020905002 0.0 86.411
3.6104038839599997 0.9933114076538264 0.0 86.596
3.6076615692 0.9934500182713996 0.0 86.783
3.60484381008 0.9934903413601482 0.0 86.964
3.60309630816 0.9935709875376454 0.0 87.143
3.5994153252000003 0.9935911490820196 0.0 87.323
3.59820295188 0.993671795259517 0.0 87.502
3.59412720192 0.9937708388462556 0.0 87.684
3.59305168116 0.9939112135989616 0.0 87.865
3.58909172952 0.9940523444095818 0.0 88.045
3.58758459684 0.994072505953956 0.0 88.227
3.58440891564 0.9939515366877104 0.0 88.407
3.58212102156 0.993790244332716 0.0 88.588
3.5797945280400003 0.9937700827883416 0.0 88.77
3.57682237116 0.9938910520545874 0.0 88.952
3.57548016336 0.994132234529165 0.0 89.133
3.5715377569199998 0.9941909550271552 0.0 89.314
3.57031485648 0.9941523960735392 0.0 89.496
3.566105763 0.9940523444095818 0.0 89.677
3.5650477874399997 0.9940120213208332 0.0 89.857
3.56108257224 0.994072505953956 0.0 90.041
3.55958947572 0.9941523960735392 0.0 90.222
3.55644186684 0.9942111165715294 0.0 90.403
3.55402413828 0.9942716012046524 0.0 90.585
3.55166430888 0.9944321375017326 0.0 90.765
3.5485359997200003 0.9947925251074232 0.0 90.948
3.54689552352 0.995093184137905 0.0 91.132
3.54308821512 0.9951738303154024 0.0 91.315
3.5419354954799998 0.9953535200796382 0.0 91.496
3.5378369367599998 0.9954938948323444 0.0 91.677
3.53676492504 0.9955543794654672 0.0 91.858
3.53291199912 0.9955745410098412 0.0 92.041
3.5312627503200003 0.9955745410098412 0.0 92.223
3.52807478748 0.9955342179210928 0.0 92.403
3.5258061931199998 0.9955947025542156 0.0 92.582
3.52394640192 0.9957534747161632 0.0 92.762
3.52047771588 0.995934928615532 0.0 92.946
3.51872144136 0.9959954132486548 0.0 93.128
3.5149755411599997 0.9959752517042806 0.0 93.31
3.51374913168 0.9958946055267832 0.0 93.491
3.50964180036 0.9959752517042806 0.0 93.675
3.50862066972 0.9960742952910192 0.0 93.856
3.5045835191999997 0.996254993132474 0.0 94.043
3.5029079526 0.9963558008543454 0.0 94.223
3.49979718864 0.9963154777655968 0.0 94.407
3.49751806716 0.9961945084993512 0.0 94.586
3.49531614456 0.9963154777655968 0.0 94.769
3.49200536532 0.9964750059854586 0.0 94.949
3.49060701288 0.9965347345606672 0.0 95.129
3.48667513356 0.996396123943094 0.0 95.308
3.48567505716 0.9963154777655968 0.0 95.488
3.48138701028 0.9964356909739286 0.0 95.67
3.48022376352 0.9964742499275444 0.0 95.852
3.4764866359199997 0.9964162854874684 0.0 96.033
3.47475492468 0.9964944114719188 0.0 96.214
3.47249510292 0.9965347345606672 0.0 96.394
3.46944399264 0.9965548961050418 0.0 96.576
3.46725435168 0.9966960269156618 0.0 96.76
3.46373478456 0.996716188460036 0.0 96.94
3.4622767784399997 0.996716188460036 0.0 97.121
3.45818348328 0.9966758653712876 0.0 97.307
3.45732376848 0.996716188460036 0.0 97.49
3.45315151992 0.996716188460036 0.0 97.673
3.45195142824 0.9966960269156618 0.0 97.854
3.4481757012 0.996575057649416 0.0 98.034
3.4463439823199997 0.9965347345606672 0.0 98.213
3.4433314714799996 0.9965145730162932 0.0 98.393
3.44076636324 0.9963558008543454 0.0 98.575
3.43896973476 0.9963154777655968 0.0 98.753
3.43540981368 0.9963558008543454 0.0 98.935
3.43405707876 0.9962953162212226 0.0 99.118
3.43002343728 0.9963356393099712 0.0 99.299
3.42902686992 0.996396123943094 0.0 99.481
3.4247019781200003 0.9962953162212226 0.0 99.662
3.42342117852 0.9962953162212226 0.0 99.845
3.42044726712 0.9962953162212226 0.0 100.028
3.41804708376 0.9963558008543454 0.0 100.211
3.4151872161599997 0.9964356909739286 0.0 100.395
3.4123747206 0.9963558008543454 0.0 100.578
3.41028333276 0.9963356393099712 0.0 100.762
3.4068690368400003 0.9963558008543454 0.0 100.945
3.4052478603600003 0.9964162854874684 0.0 101.125
3.4014405519600004 0.9964951675298328 0.0 101.306
3.40049486568 0.9966153807381646 0.0 101.489
3.39604364844 0.9967557554908708 0.0 101.676
3.3948979468799996 0.996895122166358 0.0 101.86
3.39092045004 0.9970765760657266 0.0 102.04
3.38936243628 0.9971370606988496 0.0 102.223
3.38596393104 0.9969959298882296 0.0 102.403
3.3838725432000003 0.9968346375332352 0.0 102.586
3.3817250107200003 0.9969152837107323 0.0 102.766
3.3783036967199997 0.9969556067994808 0.0 102.949
3.37683516348 0.9969354452551066 0.0 103.132
3.3728892480000003 0.9967759170352448 0.0 103.316
3.37167161112 0.9966355422825388 0.0 103.5
3.3675467346 0.9965347345606672 0.0 103.682
3.36653437656 0.9965347345606672 0.0 103.863
3.3627200500799996 0.9965548961050418 0.0 104.045
3.3609953569199997 0.9964750059854586 0.0 104.222
3.35756527032 0.9964356909739286 0.0 104.405
3.35533352088 0.9966153807381646 0.0 104.585
3.35324213304 0.9967950705024006 0.0 104.765
3.3498962634000002 0.9967759170352448 0.0 104.947
3.3486365180399997 0.9966153807381646 0.0 105.128
3.3444800601599995 0.996575057649416 0.0 105.31
3.34323610548 0.9965548961050418 0.0 105.491
3.3390077122800004 0.9966355422825388 0.0 105.671
3.3379655273999997 0.996716188460036 0.0 105.854
3.3342161181599996 0.996716188460036 0.0 106.036
3.33242650776 0.996716188460036 0.0 106.216
3.3297877096799997 0.996716188460036 0.0 106.397
3.3269524053599997 0.9966960269156618 0.0 106.577
3.3245346768 0.996575057649416 0.0 106.759
3.32130811452 0.996716188460036 0.0 106.94
3.32045015424 0.9968547990776092 0.0 107.121
3.3162305336399998 0.996895122166358 0.0 107.303
3.3148637625599995 0.9969757683438552 0.0 107.486
3.3106248422399998 0.9970564145213524 0.0 107.668
3.3094984404 0.9969556067994808 0.0 107.854
3.3052682926799997 0.9969556067994808 0.0 108.039
3.30385941312 0.9968547990776092 0.0 108.225
3.30050477088 0.9967960785796192 0.0 108.41
3.2983537293599996 0.9967960785796192 0.0 108.591
3.2957184403200004 0.9968547990776092 0.0 108.772
3.29278488288 0.9969354452551066 0.0 108.953
3.2909391278399998 0.9969354452551066 0.0 109.135
3.28732832568 0.996895122166358 0.0 109.316
3.28599489048 0.9969354452551066 0.0 109.498
3.2818507142399995 0.9969354452551066 0.0 109.678
3.28089800988 0.9969556067994808 0.0 109.861
3.2771152647600004 0.9969556067994808 0.0 110.042
3.27534846312 0.9969556067994808 0.0 110.222
3.27191486748 0.9969556067994808 0.0 110.406
3.2696638183199997 0.9968353935911493 0.0 110.586
3.2671671363600003 0.996716188460036 0.0 110.769
3.2641844523600003 0.996716188460036 0.0 110.949
3.2626264386 0.996716188460036 0.0 111.132
3.2586331510799997 0.9966758653712876 0.0 111.316
3.25757693004 0.9966758653712876 0.0 111.495
3.25327660152 0.996716188460036 0.0 111.674
3.25225371636 0.9967363500044104 0.0 111.856
3.24834815484 0.9968749606219838 0.0 112.036
3.2465515263599998 0.9967950705024006 0.0 112.218
3.24374429436 0.996716188460036 0.0 112.401
3.24078441912 0.9967363500044104 0.0 112.581
3.2393860666800003 0.996895122166358 0.0 112.761
3.23513486472 0.997036252976978 0.0 112.944
3.2341681242 0.9971363046409356 0.0 113.127
3.2305818853200003 0.9972555097720486 0.0 113.31
3.22801326804 0.9973159944051716 0.0 113.489
3.22617277656 0.9972353482276743 0.0 113.67
3.22388839152 0.9971168991544752 0.0 113.856
3.2220338638799997 0.9972361042855884 0.0 114.037
3.2205109405199996 0.9973764790382944 0.0 114.222
3.21915118752 0.997215942741214 0.0 114.408
3.21816339276 0.9969556067994808 0.0 114.591
3.21720893388 0.9967960785796192 0.0 114.774
3.21655976148 0.9968152320467748 0.0 114.956
3.2159333978399998 0.9968346375332352 0.0 115.138
3.21540879636 0.996776673093159 0.0 115.318
3.21500525676 0.996895122166358 0.0 115.5
3.2146017171600003 0.9971161430965612 0.0 115.681
3.21312792036 0.997416802127043 0.0 115.864
3.20006727348 0.9975773384241232 0.0 116.044
3.19449316344 0.997596491891279 0.0 116.228
3.19211403432 0.997477286760166 0.0 116.411
3.18938575572 0.9975773384241232 0.0 116.591
3.18641710788 0.997676382010862 0.0 116.775
3.18444853644 0.9976166534356532 0.0 116.954
3.18087984276 0.997477286760166 0.0 117.136
3.17927972052 0.9974571252157916 0.0 117.318
3.17528818752 0.9973966405826686 0.0 117.498
3.17443724532 0.9973966405826686 0.0 117.679
3.17018604336 0.9973764790382944 0.0 117.86
3.1687929544799998 0.9971161430965612 0.0 118.043
3.1654207670399996 0.9969556067994808 0.0 118.226
3.1632065628 0.9969556067994808 0.0 118.409
3.1604958294 0.9969556067994808 0.0 118.594
3.15767631576 0.9969556067994808 0.0 118.776
3.1560884751600002 0.9970765760657266 0.0 118.957
3.1522390582799997 0.9971370606988496 0.0 119.14
3.1507705250400004 0.9972353482276743 0.0 119.324
3.14659652196 0.9973764790382944 0.0 119.504
3.145722771 0.997477286760166 0.0 119.687
3.14135050716 0.9975377713932888 0.0 119.867
3.1401433973999997 0.9976360589221136 0.0 120.05
3.1362185361600003 0.9976166534356532 0.0 120.23
3.1345587602399996 0.99749744830454 0.0 120.414
3.1313971152000004 0.9973966405826686 0.0 120.596
3.12896008692 0.9973764790382944 0.0 120.777
3.1267388646 0.9972756713164228 0.0 120.961
3.123308778 0.9971950251389258 0.0 121.144
3.12174199164 0.9971756196524654 0.0 121.325
3.11792064708 0.997096737610101 0.0 121.507
3.1170381235199995 0.9969959298882296 0.0 121.69
3.1127869215599997 0.9969556067994808 0.0 121.874
3.1114745406 0.9969354452551066 0.0 122.056
3.1073075556 0.9969556067994808 0.0 122.237
3.10595131164 0.996895122166358 0.0 122.416
3.1036634175599995 0.9967960785796192 0.0 122.599
3.1004737002 0.9968346375332352 0.0 122.782
3.0979349097599997 0.996895122166358 0.0 122.967
3.0947206291200002 0.9969556067994808 0.0 123.149
3.09290996448 0.9969556067994808 0.0 123.33
3.0891851185199997 0.9969959298882296 0.0 123.514
3.08813591556 0.9969152837107323 0.0 123.693
3.08370224352 0.9969354452551066 0.0 123.876
3.08268111288 0.9969959298882296 0.0 124.059
3.0786439623599997 0.9969556067994808 0.0 124.24
3.07718946528 0.9968547990776092 0.0 124.421
3.07407168324 0.9968547990776092 0.0 124.603
3.0716293914 0.997036252976978 0.0 124.785
3.0691099006799996 0.9971756196524654 0.0 124.966
3.065935974 0.9972353482276743 0.0 125.149
3.0648411535199998 0.9972756713164228 0.0 125.328
3.0607373312400004 0.997477286760166 0.0 125.509
3.0594530226 0.9976360589221136 0.0 125.692
3.0553299006 0.9978376743658564 0.0 125.872
3.0541824445200003 0.9978974029410652 0.0 126.056
3.0501207307200002 0.9976166534356532 0.0 126.239
3.04855569888 0.99749744830454 0.0 126.425
3.0452589558 0.9973966405826686 0.0 126.606
3.0429728162400003 0.9973764790382944 0.0 126.789
3.04058842356 0.9974369636714172 0.0 126.969
3.0374337966 0.9975579329376631 0.0 127.152
3.0359108732399998 0.99749744830454 0.0 127.332
3.0319509215999996 0.9972756713164228 0.0 127.513
3.0308192562 0.9969757683438552 0.0 127.695
3.02655752712 0.9968346375332352 0.0 127.876
3.02551007868 0.9967363500044104 0.0 128.058
3.02153609088 0.9965548961050418 0.0 128.241
3.0198464881200002 0.9965347345606672 0.0 128.42
3.0167743236 0.9965347345606672 0.0 128.602
3.01427939616 0.9968353935911493 0.0 128.788
3.0118125410400003 0.9972562658299626 0.0 128.972
3.00877722144 0.997477286760166 0.0 129.152
3.0072718432800003 0.9975579329376631 0.0 129.332
3.00318030264 0.997596491891279 0.0 129.513
3.00205916436 0.9976562204664878 0.0 129.694
2.99782901664 0.9976360589221136 0.0 129.879
2.99678332272 0.9977771897327335 0.0 130.061
2.9927461722 0.9978981589989794 0.0 130.242
2.99116184064 0.9979568794969694 0.0 130.425
2.9881388026799995 0.9979762849834298 0.0 130.607
2.98556667636 0.997797351277108 0.0 130.785
2.98335247212 0.9976569765244018 0.0 130.966
2.9800364293199997 0.9975176098489144 0.0 131.145
2.9785907048399998 0.99749744830454 0.0 131.326
2.97457109952 0.9975773384241232 0.0 131.51
2.9735955864 0.9976562204664878 0.0 131.692
2.9692268316 0.99749744830454 0.0 131.875
2.96808814812 0.9973159944051716 0.0 132.057
2.96419486824 0.9972756713164228 0.0 132.237
2.96262632736 0.9973764790382944 0.0 132.417
2.9594822275199997 0.9975176098489144 0.0 132.599
2.95692940092 0.9976965435552364 0.0 132.78
2.9547081786 0.9978376743658564 0.0 132.966
2.9512886191199996 0.997817512821482 0.0 133.147
2.94973762344 0.997797351277108 0.0 133.333
2.9457180181200004 0.997797351277108 0.0 133.514
2.9447372414399995 0.997797351277108 0.0 133.697
2.9402772516 0.9977771897327335 0.0 133.881
2.9393771828400004 0.9977167050996106 0.0 134.067
2.9353803862800003 0.9975773384241232 0.0 134.248
2.9337943001999998 0.9975176098489144 0.0 134.431
2.93041158564 0.997477286760166 0.0 134.615
2.9281201825200003 0.9973159944051716 0.0 134.796
2.925486648 0.9972756713164228 0.0 134.981
2.9225197546799997 0.997477286760166 0.0 135.162
2.9209933222799997 0.9976166534356532 0.0 135.344
2.91700529832 0.997596491891279 0.0 135.522
2.91592275948 0.9975579329376631 0.0 135.704
2.91161190384 0.9976166534356532 0.0 135.884
2.91056796444 0.997736866643985 0.0 136.064
2.90649747804 0.997797351277108 0.0 136.247
2.90504473548 0.9975773384241232 0.0 136.427
2.90204275176 0.997477286760166 0.0 136.609
2.89947764352 0.9976368149800274 0.0 136.79
2.8971318502799996 0.9977167050996106 0.0 136.971
2.89384738884 0.997736866643985 0.0 137.153
2.89239990984 0.997736866643985 0.0 137.334
2.88838381356 0.997797351277108 0.0 137.51
2.88756094368 0.9977771897327335 0.0 137.688
2.88323956092 0.9976965435552364 0.0 137.865
2.88198683364 0.9976360589221136 0.0 138.049
2.87843568516 0.9976562204664878 0.0 138.227
2.8763074524000003 0.997797351277108 0.0 138.41
2.87412658404 0.997937726029814 0.0 138.592
2.8708175593200003 0.9979568794969694 0.0 138.775
2.86888056924 0.9980166080721784 0.0 138.955
2.86514519616 0.9980770927053012 0.0 139.138
2.8638766782 0.9981577388827984 0.0 139.321
2.85978162852 0.99811741579405 0.0 139.502
2.8585604825999997 0.9979367179525952 0.0 139.684
2.85418120068 0.997736866643985 0.0 139.868
2.8530863802 0.9976965435552364 0.0 140.05
2.8491983638800003 0.997676382010862 0.0 140.228
2.84743507128 0.9975773384241232 0.0 140.408
2.8445330952 0.9975377713932888 0.0 140.591
2.84188377 0.9976166534356532 0.0 140.774
2.8396064030400003 0.9977570281883592 0.0 140.954
2.83636931364 0.9978578359102308 0.0 141.134
2.83520957592 0.997797351277108 0.0 141.316
2.83093030164 0.997736866643985 0.0 141.497
2.82995127948 0.9977771897327335 0.0 141.678
2.8255351526399997 0.9979568794969694 0.0 141.858
2.82434383356 0.9979568794969694 0.0 142.04
2.8216155549599997 0.9978779974546051 0.0 142.222
2.8189065760800003 0.9979568794969694 0.0 142.404
2.81601512712 0.9980972542496755 0.0 142.583
2.81313245076 0.9980367696165526 0.0 142.764
2.81121125136 0.997817512821482 0.0 142.946
2.80755834072 0.9975974999684976 0.0 143.127
2.8062126238799996 0.9975176098489144 0.0 143.313
2.8020877473600003 0.9975377713932888 0.0 143.49
2.8011087251999998 0.9976562204664878 0.0 143.669
2.7968540142 0.9977771897327335 0.0 143.849
2.79555040584 0.997797351277108 0.0 144.028
2.7922641898799996 0.997797351277108 0.0 144.211
2.7899236602000004 0.997797351277108 0.0 144.392
2.7872497717199995 0.9977570281883592 0.0 144.578
2.7843249868799997 0.997676382010862 0.0 144.759
2.78283364488 0.9976562204664878 0.0 144.945
2.77889474748 0.9975773384241232 0.0 145.125
2.7773156794800005 0.99749744830454 0.0 145.308
2.7731697487200004 0.99749744830454 0.0 145.495
2.77203808332 0.9975377713932888 0.0 145.678
2.76774301836 0.99749744830454 0.0 145.863
2.76653064504 0.99749744830454 0.0 146.049
2.7628584346799996 0.99749744830454 0.0 146.23
2.7611495322 0.99749744830454 0.0 146.412
2.75817035724 0.9973159944051716 0.0 146.591
2.7554613783599997 0.9971564661853098 0.0 146.773
2.7536296594799996 0.9971370606988496 0.0 146.951
2.74989604092 0.9973159944051716 0.0 147.132
2.74849417944 0.9975773384241232 0.0 147.315
2.74443422016 0.9977570281883592 0.0 147.499
2.74357099632 0.9979175644854396 0.0 147.681
2.73917592372 0.9979762849834298 0.0 147.861
2.73792846 0.9980972542496755 0.0 148.042
2.73415975104 0.9980770927053012 0.0 148.225
2.73220521576 0.997736866643985 0.0 148.405
2.7299103036 0.997676382010862 0.0 148.587
2.72670479556 0.9977771897327335 0.0 148.769
2.72456252664 0.997817512821482 0.0 148.952
2.72105173212 0.9977771897327335 0.0 149.135
2.7194674005599997 0.997676382010862 0.0 149.323
2.71544779524 0.997797351277108 0.0 149.506
2.71441964652 0.9979568794969694 0.0 149.687
2.7101403722399997 0.9979367179525952 0.0 149.873
2.70899817972 0.9977167050996106 0.0 150.052
2.70511718148 0.9976965435552364 0.0 150.236
2.70337669764 0.9977771897327335 0.0 150.419
2.70039401364 0.9976166534356532 0.0 150.603
2.69767626216 0.9973966405826686 0.0 150.784
2.6954339856 0.9973764790382944 0.0 150.964
2.69152842408 0.9974672059879788 0.0 151.25
2.68821764484 0.9975377713932888 0.0 151.427
2.6861788926 0.9975176098489144 0.0 151.595
2.6842699748400003 0.9973764790382944 0.0 151.759
2.68065917268 0.9972756713164228 0.0 151.937
2.67963102396 0.9972555097720486 0.0 152.118
2.6753412225599997 0.9973159944051716 0.0 152.302
2.67415692156 0.9974571252157916 0.0 152.486
2.66974430376 0.9974369636714172 0.0 152.671
2.66864948328 0.997215942741214 0.0 152.851
2.66487200172 0.997176627729684 0.0 153.03
2.66301747408 0.997416802127043 0.0 153.211
2.66025761412 0.9976562204664878 0.0 153.392
2.65735388352 0.997817512821482 0.0 153.57
2.6553958392 0.9978981589989794 0.0 153.753
2.6518218819599997 0.9978578359102308 0.0 153.933
2.6504480928 0.997817512821482 0.0 154.113
2.64619689084 0.997817512821482 0.0 154.295
2.64545297436 0.997736866643985 0.0 154.476
2.6411491367999997 0.997676382010862 0.0 154.659
2.63990693664 0.9976562204664878 0.0 154.842
2.6364996588 0.9974571252157916 0.0 155.023
2.63428370004 0.9973764790382944 0.0 155.204
2.63154664884 0.9974369636714172 0.0 155.386
2.62857273744 0.9976166534356532 0.0 155.566
2.62725860196 0.997817512821482 0.0 155.749
2.62305828108 0.997797351277108 0.0 155.931
2.62163536536 0.9975974999684976 0.0 156.111
2.61725081988 0.9975176098489144 0.0 156.292
2.6165648025599997 0.9976166534356532 0.0 156.471
2.61258379668 0.9977771897327335 0.0 156.65
2.6109713928 0.997797351277108 0.0 156.831
2.60749042512 0.9979568794969694 0.0 157.013
2.6053972827600003 0.997916556408221 0.0 157.194
2.60301113556 0.9975773384241232 0.0 157.376
2.59976351904 0.9974571252157916 0.0 157.56
2.59785109224 0.9976166534356532 0.0 157.743
2.59417712736 0.997736866643985 0.0 157.924
2.5926840308399997 0.997797351277108 0.0 158.11
2.58858898116 0.9978376743658564 0.0 158.295
2.58765557652 0.9978578359102308 0.0 158.471
2.5837412424 0.9978376743658564 0.0 158.653
2.5821253294799997 0.9977570281883592 0.0 158.83
2.5785373360799997 0.997736866643985 0.0 159.012
2.57640559428 0.997817512821482 0.0 159.195
2.57484231696 0.997996446527804 0.0 159.373
2.5710086907600003 0.9981577388827984 0.0 159.552
2.56919802612 0.9981980619715471 0.0 159.736
2.56530474624 0.9980770927053012 0.0 159.917
2.5641081636 0.9980367696165526 0.0 160.095
2.5598323983599998 0.997996446527804 0.0 160.277
2.55890250276 0.997937726029814 0.0 160.458
2.55476709912 0.9978779974546051 0.0 160.64
2.5531739949600003 0.9979175644854396 0.0 160.821
2.55000533184 0.99811741579405 0.0 161.001
2.54755075836 0.9983374286470345 0.0 161.182
2.5454295436799996 0.998376995677869 0.0 161.362
2.54191874916 0.9982981136355046 0.0 161.541
2.5404730246800002 0.9982787081490442 0.0 161.723
2.536421838 0.9982981136355046 0.0 161.907
2.53567792152 0.9983568341334946 0.0 162.088
2.5313811020399997 0.998457641855366 0.0 162.27
2.5300792482 0.998718985874318 0.0 162.453
2.52596138976 0.9988785140941796 0.0 162.633
2.52431038644 0.9989389987273024 0.0 162.819
2.52111189648 0.9987784624302222 0.0 163.001
2.51864679588 0.998578611121612 0.0 163.183
2.51636942892 0.9985181264884893 0.0 163.364
2.5130253138 0.9985181264884893 0.0 163.547
2.51153221728 0.9985181264884893 0.0 163.728
2.50744418568 0.9985181264884893 0.0 163.911
2.50644937284 0.9986189342103604 0.0 164.094
2.50212623556 0.9986390957547348 0.0 164.274
2.5009893065999997 0.998758300885848 0.0 164.456
2.4970416366 0.9989188371829282 0.0 164.637
2.4952607988 0.9989994833604254 0.0 164.818
2.49243953064 0.9988785140941796 0.0 164.996
2.48970949752 0.9986988243299436 0.0 165.179
2.48360727696 0.9984778033997403 0.0 165.638
2.47823142768 0.998376995677869 0.0 165.958
2.4766102512 0.99831726710266 0.0 166.141
2.47269065352 0.9983971572222432 0.0 166.32
2.4715309158 0.998437480310992 0.0 166.497
2.46723058728 0.998457641855366 0.0 166.675
2.46618138432 0.9985181264884893 0.0 166.858
2.4623109132 0.9985181264884893 0.0 167.038
2.4557314632 0.9982182235159214 0.0 167.482
2.45475595008 0.9982182235159214 0.0 167.665
2.45046263964 0.9983374286470345 0.0 167.846
2.44905902364 0.9983971572222432 0.0 168.022
2.4459131692800002 0.9983568341334946 0.0 168.202
2.44334806104 0.9983366725891204 0.0 168.384
2.44290416748 0.9982779520911302 0.0 168.561
2.4425743177199997 0.998137577338424 0.0 168.743
2.44250062788 0.99811741579405 0.0 168.924
2.44233394848 0.99825854660467 0.0 169.104
2.44222692276 0.9983575901914088 0.0 169.288
2.44220060496 0.998457641855366 0.0 169.467
2.442116388 0.9984173187666175 0.0 169.648
2.44204971624 0.9984173187666175 0.0 169.826
2.44200585324 0.9985382880328634 0.0 170.009
2.44205322528 0.9986390957547348 0.0 170.19
2.44196023572 0.9986189342103604 0.0 170.371
2.4420286620000002 0.998457641855366 0.0 170.552
2.44185847356 0.9982383850602956 0.0 170.733
2.44200409872 0.9982182235159214 0.0 170.915
2.4419760264 0.9983374286470345 0.0 171.095
2.44190935464 0.998457641855366 0.0 171.277
2.44196023572 0.998437480310992 0.0 171.461
2.4419058456 0.9983971572222432 0.0 171.641
2.4418988275199998 0.9982779520911302 0.0 171.817
2.441897073 0.9982779520911302 0.0 171.998
2.4418268922 0.9983971572222432 0.0 172.18
2.44186549164 0.9983971572222432 0.0 172.361
2.44193040888 0.99831726710266 0.0 172.542
2.4418637371200003 0.9982383850602956 0.0 172.723
2.44188654588 0.998376995677869 0.0 172.903
2.44189005492 0.9984778033997403 0.0 173.086
2.44182162864 0.9986390957547348 0.0 173.266
2.44189356396 0.9988381910054313 0.0 173.447
2.44193567244 0.9988583525498054 0.0 173.628
2.44188479136 0.9987784624302222 0.0 173.811
2.44184619192 0.9985987726659862 0.0 173.99
2.44186549164 0.9984778033997403 0.0 174.168
2.4417918018 0.9984778033997403 0.0 174.35
2.44182513768 0.9986189342103604 0.0 174.528
2.44179004728 0.9988180294610568 0.0 174.707
2.44182338316 0.9988583525498054 0.0 174.89
2.44192689984 0.9988180294610568 0.0 175.07
2.4417567114 0.9986988243299436 0.0 175.249
2.44177952016 0.9984979649441148 0.0 175.433
2.44189531848 0.99831726710266 0.0 175.615
2.44176723852 0.9982787081490442 0.0 175.796
2.44182513768 0.9983374286470345 0.0 175.978
2.44180759248 0.998457641855366 0.0 176.16
2.4417830292 0.9986189342103604 0.0 176.345
2.44181110152 0.9987784624302222 0.0 176.526
2.44181636508 0.9989188371829282 0.0 176.711
2.44183917384 0.9989591602716767 0.0 176.893
2.4417303936 0.9988785140941796 0.0 177.079
2.4418356648 0.9988180294610568 0.0 177.263
2.4418637371200003 0.9988180294610568 0.0 177.445
2.4417567114 0.9988583525498054 0.0 177.626
2.4417532023599997 0.9989389987273024 0.0 177.804
2.44172513004 0.999039806449174 0.0 177.985
2.44176723852 0.9990793734800086 0.0 178.166
2.44177074756 0.999039806449174 0.0 178.348
2.44177250208 0.9989389987273024 0.0 178.533
2.44170056676 0.9989389987273024 0.0 178.716
2.44169881224 0.9989389987273024 0.0 178.9
2.4418514554799997 0.9989389987273024 0.0 179.083
2.4418532099999997 0.9989793218160512 0.0 179.43
2.44170583032 0.9990793734800086 0.0 179.617
2.44176723852 0.9991784170667474 0.0 179.798
2.44181636508 0.9993792764525764 0.0 179.981
2.4417918018 0.999538804672438 0.0 180.165
2.44174092072 0.9996194508499352 0.0 180.345
2.4417830292 0.9996597739386838 0.0 180.527
2.44179881988 0.9996597739386838 0.0 180.709
2.44184268288 0.9997000970274325 0.0 180.89
2.4417654840000003 0.9997202585718068 0.0 181.072
2.44172513004 0.9996396123943094 0.0 181.255
2.4418637371200003 0.9996194508499352 0.0 181.439
2.44174092072 0.9996597739386838 0.0 181.621
2.44170933936 0.9996597739386838 0.0 181.802
2.4418181196 0.9997000970274325 0.0 181.978
2.44179004728 0.9997404201161808 0.0 182.161
2.44178127468 0.9998394637029198 0.0 182.341
2.44181987412 1.0 0.0 182.52
2.44176372948 0.9998797867916682 0.0 182.704
2.44176197496 0.9995589662168122 0.0 182.886
2.4417918018 0.9993397094217418 0.0 183.067
2.4417918018 0.9992993863329932 0.0 183.251
2.44173390264 0.9994195995413248 0.0 183.434
2.44169003964 0.9995589662168122 0.0 183.62
2.44175846592 0.9994984815836894 0.0 183.801
2.44178829276 0.999538804672438 0.0 183.985
2.4418023289199997 0.9997202585718068 0.0 184.167
2.44177776564 0.9997807432049296 0.0 184.348
2.44183215576 0.9997605816605551 0.0 184.53
2.44183040124 0.9995589662168122 0.0 184.711
2.4417742566 0.9992993863329932 0.0 184.893
2.44182864672 0.9991186884915384 0.0 185.074
2.44186022808 0.9989994833604254 0.0 185.254
2.44173214812 0.9989389987273024 0.0 185.436
2.44179881988 0.9989188371829282 0.0 185.613
2.44175846592 0.9987978679166823 0.0 185.794
