X_channel Y_channel II_channel timestamp
2.65088145924 0.9869533804246292 0.0 58.443
2.6508340872 0.9868722076972328 0.0 58.624
2.65083057816 0.986752571749466 0.0 58.806
2.65229560236 0.9867434046392056 0.0 58.988
2.65376238108 0.9868742493289854 0.0 59.165
2.65544672028 0.9870673758804648 0.0 59.345
2.65865573736 0.9871473398840294 0.0 59.524
2.65987512876 0.9872407740352922 0.0 59.707
2.66371577304 0.9873796569003694 0.0 59.888
2.66447197116 0.9875167175772592 0.0 60.071
2.6686863281999997 0.9875903724113454 0.0 60.254
2.66971096788 0.987665415649233 0.0 60.437
2.67299893836 0.9876040965884147 0.0 60.617
2.67520261548 0.9875495692908174 0.0 60.795
2.67775895112 0.987513199345512 0.0 60.976
2.6804363486400002 0.9873971641502132 0.0 61.156
2.6818013651999997 0.987388618838018 0.0 61.341
2.685643764 0.9873645653471969 0.0 61.52
2.6869807082399997 0.98737579536187 0.0 61.702
2.69104242204 0.9874096748040794 0.0 61.883
2.691916173 0.9874245672053896 0.0 62.066
2.69601473172 0.9875414411863624 0.0 62.246
2.69718148752 0.9878573726103989 0.0 62.426
2.70057823824 0.9879379052056976 0.0 62.609
2.70258190008 0.9879457172353164 0.0 62.792
2.7051891168 0.9880286452127884 0.0 62.972
2.7080402117999998 0.9879718499279574 0.0 63.155
2.70964735212 0.9879811265117414 0.0 63.334
2.7132844720800002 0.9880593811293368 0.0 63.514
2.71443017364 0.9881743600074744 0.0 63.693
2.71864102164 0.9881479845586504 0.0 63.877
2.7195165271199997 0.9879999917876052 0.0 64.06
2.72340629796 0.9878560296387644 0.0 64.241
2.72502922896 0.9878654620974314 0.0 64.421
2.7281294658 0.9879867704177896 0.0 64.6
2.7304103418 0.9880335585851108 0.0 64.784
2.7328421065199997 0.987977616871288 0.0 64.967
2.73601427868 0.9878763282805056 0.0 65.147
2.73743543988 0.9881516526925544 0.0 65.333
2.74112519544 0.9884931655741704 0.0 65.512
2.74234634136 0.9885262263567074 0.0 65.696
2.7464238458400003 0.988500681534723 0.0 65.877
2.74739935896 0.988574208624576 0.0 66.057
2.75151370836 0.9887105037324634 0.0 66.239
2.7527681901600003 0.9887840600678596 0.0 66.416
2.75564209392 0.9888856303709888 0.0 66.595
2.75829668268 0.9889097019276442 0.0 66.777
2.76056527704 0.988854779077787 0.0 66.959
2.76369007716 0.9887759210635666 0.0 67.143
2.76523405476 0.9887662470354448 0.0 67.322
2.7691554069599995 0.9887806013156448 0.0 67.507
2.77000810368 0.9887752587500848 0.0 67.689
2.77424877852 0.988709767682036 0.0 67.871
2.7753471080399996 0.9888842672045766 0.0 68.052
2.7793105687199997 0.9890425895348672 0.0 68.235
2.78087735508 0.989032770920682 0.0 68.419
2.78400741876 0.9889317557970876 0.0 68.602
2.78632864872 0.9887951125192896 0.0 68.786
2.7886235608799996 0.988821434291702 0.0 68.97
2.7917132706 0.989004805744421 0.0 69.153
2.7933625194 0.9891554823326586 0.0 69.333
2.79701543004 0.98925468092699 0.0 69.513
2.79809796888 0.9894691840121363 0.0 69.693
2.8022245999199997 0.9896857087024212 0.0 69.875
2.8032492396 0.9897192165427684 0.0 70.052
2.8070074214400003 0.9896567389235792 0.0 70.235
2.8086531612 0.9895454492524574 0.0 70.415
2.81161479096 0.9895472302804604 0.0 70.595
2.8140939277199997 0.9894299583704332 0.0 70.778
2.81635901304 0.9891937361991552 0.0 70.958
2.81970839172 0.9889700563369852 0.0 71.139
2.8208926927199998 0.9888812556277088 0.0 71.317
2.82487194408 0.9889580540306896 0.0 71.497
2.8257825399599996 0.9889726944227178 0.0 71.679
2.8300916410799997 0.9890270775185772 0.0 71.861
2.83121102484 0.9890607530639218 0.0 72.043
2.83488148068 0.9890581023438944 0.0 72.223
2.8367991710399996 0.989166368616302 0.0 72.405
2.8393923516000004 0.9892510738960102 0.0 72.59
2.84225397372 0.989294171928398 0.0 72.772
2.8441734186 0.989443104008424 0.0 72.953
2.8476771950399997 0.9897051711516112 0.0 73.136
2.8485597186000002 0.9898598309437407 0.0 73.316
2.8528179386400003 0.9896322661501036 0.0 73.499
2.85385661448 0.9894223450371304 0.0 73.683
2.85807974412 0.9892967223580936 0.0 73.863
2.85936405276 0.9892073142645972 0.0 74.046
2.863025736 0.9891233558308608 0.0 74.23
2.86492588116 0.9892530686012942 0.0 74.413
2.8679699733599997 0.9893745939767684 0.0 74.593
2.87039998356 0.9893186913349415 0.0 74.779
2.8725036530400003 0.9892462756928304 0.0 74.96
2.8757863599599998 0.9892646089916196 0.0 75.142
2.8774706991600003 0.9892540577946995 0.0 75.326
2.88133239768 0.9892502054031806 0.0 75.51
2.88231317436 0.9895076859993104 0.0 75.693
2.88646261416 0.9897036143687624 0.0 75.874
2.8875205897200003 0.9897986682748792 0.0 76.057
2.89121560884 0.989836520016412 0.0 76.239
2.89302451896 0.9897641748248313 0.0 76.419
2.8960229936400004 0.9898063912714088 0.0 76.6
2.8984582673999997 0.9900936183136632 0.0 76.781
2.8999303096799998 0.9904478819576652 0.0 76.963
2.9037481452000002 0.9906247463500136 0.0 77.145
2.90553951012 0.9906135112807696 0.0 77.326
2.9092854103200003 0.9904705564809448 0.0 77.506
2.91017495196 0.9903429753180348 0.0 77.685
2.9143173736800003 0.9902763370830436 0.0 77.865
2.91562449108 0.9902884756811836 0.0 78.045
2.9193984636 0.9901842479939146 0.0 78.228
2.9211705288000003 0.9899512621820432 0.0 78.408
2.92417426704 0.9899527704477028 0.0 78.59
2.9265797139600003 0.9902604627687072 0.0 78.771
2.9285746032 0.9903292836378256 0.0 78.953
2.93201521692 0.9903280459248464 0.0 79.132
2.9335170860399997 0.9904584056503288 0.0 79.313
2.93742089304 0.9905965736781503 0.0 79.497
2.93835780672 0.9907126803474432 0.0 79.68
2.9424142569600003 0.990786350163908 0.0 79.863
2.94373891956 0.99063827720382 0.0 80.044
2.9475128920800002 0.9904519811407814 0.0 80.223
2.94925513044 0.9902791907811292 0.0 80.403
2.95206060792 0.9901007576922976 0.0 80.586
2.9547959046 0.9900429606587466 0.0 80.767
2.95684342944 0.9902519584495864 0.0 80.949
2.9602173714 0.9904943072802436 0.0 81.134
2.96178064872 0.9906860010896998 0.0 81.323
2.9657072644799998 0.9909045403662848 0.0 81.503
2.9666862866400003 0.9909390539651382 0.0 81.686
2.9708673078 0.9910119234970972 0.0 81.868
2.97202880004 0.9910656167865528 0.0 82.05
2.9759203253999997 0.9911225115692384 0.0 82.234
2.97754501092 0.9911123214040134 0.0 82.416
2.9802610078800003 0.991074962064903 0.0 82.593
2.98303665852 0.9908957206613008 0.0 82.773
2.9852806896 0.990720834597859 0.0 82.956
2.98853181516 0.9907004529440884 0.0 83.14
2.98959505428 0.9907954057840298 0.0 83.322
2.99369887656 0.9907696773880824 0.0 83.503
2.9948007151200002 0.9907424468037076 0.0 83.685
2.99901156312 0.99065508242412 0.0 83.865
3.00006953868 0.9907289778867376 0.0 84.042
3.00381192984 0.990845993060535 0.0 84.224
3.00557346792 0.9909162359412091 0.0 84.405
3.00827718324 0.990858642353204 0.0 84.587
3.0110756426400003 0.9908614194557857 0.0 84.768
3.01293543384 0.9910115634863764 0.0 84.947
3.016546236 0.99119034811761 0.0 85.13
3.0177691364399997 0.9912233194513284 0.0 85.313
3.0218799767999998 0.991116262552749 0.0 85.494
3.0228309266399997 0.9909891456164476 0.0 85.674
3.02699966616 0.9909437077339786 0.0 85.86
3.02830853808 0.9910962739405712 0.0 86.041
3.03183512328 0.9912570269963424 0.0 86.222
3.0338247489600003 0.9912445506453392 0.0 86.404
3.03658811796 0.991064682086176 0.0 86.587
3.03939359544 0.9909251903566592 0.0 86.771
3.04073755776 0.990777086111896 0.0 86.95
3.04463434668 0.9906307646019064 0.0 87.131
3.04608533472 0.9906623051035855 0.0 87.311
3.05012950332 0.9907182266000828 0.0 87.494
3.05115063396 0.9907118275753202 0.0 87.678
3.0552263839199996 0.9906862872741188 0.0 87.861
3.05664403608 0.9906367739508464 0.0 88.041
3.05999867832 0.9905954400364912 0.0 88.224
3.06197602236 0.9907234740526284 0.0 88.404
3.0646692105600004 0.9908886624184674 0.0 88.584
3.06750802392 0.9910130668703148 0.0 88.765
3.0697134555599996 0.9911193464600052 0.0 88.945
3.0730856429999998 0.9912396373122336 0.0 89.13
3.07426818948 0.991354100502292 0.0 89.313
3.0782965674 0.991328844373744 0.0 89.493
3.07925979888 0.9913829801858076 0.0 89.673
3.08333379432 0.9914978420296447 0.0 89.853
3.0847146015600004 0.9913081585671946 0.0 90.032
3.08804818956 0.991166156440318 0.0 90.213
3.09026063928 0.9911725997545232 0.0 90.395
3.09208007652 0.991039332946142 0.0 90.575
3.09564701568 0.9909375164558332 0.0 90.755
3.09726994668 0.9910271188200184 0.0 90.938
3.1012334073599996 0.9912053744583096 0.0 91.12
3.10227559224 0.9912590082905238 0.0 91.301
3.1064285410799997 0.9911728139718954 0.0 91.485
3.10735843668 0.9911466775694509 0.0 91.668
3.1116096386399996 0.9911200356233932 0.0 91.849
3.1128957018000003 0.9912719001667012 0.0 92.03
3.11602927452 0.991272567779003 0.0 92.214
3.11833997736 0.991197925780635 0.0 92.397
3.12102965652 0.9911219264838756 0.0 92.577
3.12389127864 0.99114283073056 0.0 92.758
3.12572475204 0.9912727231501326 0.0 92.941
3.1294215256799998 0.9914736793381208 0.0 93.123
3.1304303746800004 0.9916112711975784 0.0 93.307
3.13470263088 0.9915235736688972 0.0 93.493
3.13562199936 0.991332528701702 0.0 93.674
3.1396889767199996 0.9912461279448772 0.0 93.855
3.14117330064 0.9912774349471524 0.0 94.038
3.1438261348800003 0.9913420263509222 0.0 94.218
3.14651055048 0.991325203727539 0.0 94.4
3.14939322684 0.9915119469439932 0.0 94.58
3.15221800404 0.9916548878293028 0.0 94.761
3.1540391958 0.9916434717752765 0.0 94.943
3.15753419964 0.9915015282636186 0.0 95.12
3.15878692692 0.9914335326493798 0.0 95.302
3.16283285004 0.9915079086162242 0.0 95.483
3.1638732804 0.9916021330799863 0.0 95.666
3.16798938432 0.9916169365801611 0.0 95.846
3.1692508842 0.9915887294255982 0.0 96.028
3.17261780808 0.991506727509242 0.0 96.21
3.1749355290000003 0.9914516034029331 0.0 96.391
3.1773532575599996 0.9914973519032716 0.0 96.571
3.1803727864799995 0.9916611225321064 0.0 96.756
3.18168341292 0.9916529083162708 0.0 96.939
3.18563459196 0.9915063547529084 0.0 97.119
3.18697329072 0.9915588610615768 0.0 97.302
3.1911560664 0.9916341389950488 0.0 97.485
3.19191401904 0.9917088036279562 0.0 97.66
3.1960494226800003 0.9919053937789828 0.0 97.839
3.19759340028 0.99205555396719 0.0 98.021
3.20074100916 0.992137303812128 0.0 98.204
3.203051712 0.992061928035301 0.0 98.387
3.2054115413999997 0.9921080220689252 0.0 98.57
3.2085082692 0.9922509724278112 0.0 98.751
3.2101399728 0.9922204463309802 0.0 98.937
3.21386306424 0.9920753347697784 0.0 99.118
3.2150175383999997 0.992068097724638 0.0 99.298
3.21912136068 0.992164137984307 0.0 99.48
3.220114419 0.9922789156690304 0.0 99.657
3.22409893392 0.9921938146893288 0.0 99.839
3.2256762474 0.9920418731834312 0.0 100.024
3.2289817630799997 0.9919399828279905 0.0 100.207
3.23120473992 0.991824587897294 0.0 100.39
3.23360492328 0.991870424385976 0.0 100.571
3.23665077 0.9919730889832938 0.0 100.753
3.23828422812 0.992044018740565 0.0 100.934
3.2421511902000004 0.9920603652908572 0.0 101.117
3.24329513724 0.9920531956262868 0.0 101.297
3.24745510416 0.9920872347051266 0.0 101.483
3.24828499212 0.9923237431634196 0.0 101.664
3.25248706752 0.992418379754064 0.0 101.843
3.25384682052 0.992449419970121 0.0 102.023
3.25688389464 0.99231041869269 0.0 102.206
3.25932443196 0.992132808253098 0.0 102.387
3.2617316334 0.9920771444110882 0.0 102.567
3.26484941544 0.9921387593318638 0.0 102.751
3.26639514756 0.9921493602440388 0.0 102.932
3.2702059649999997 0.992226916041444 0.0 103.113
3.2712832402800003 0.9924813656304172 0.0 103.298
3.2754958428 0.9925563921089632 0.0 103.479
3.2765029372799996 0.9925297915206208 0.0 103.663
3.2805979869599997 0.9923418294798118 0.0 103.845
3.28200160296 0.9922341372219882 0.0 104.022
3.28499130504 0.992134258077356 0.0 104.2
3.2874827234399997 0.9921389317650432 0.0 104.382
3.2896039381200004 0.992325955633948 0.0 104.565
3.2928655908 0.992406937804492 0.0 104.748
3.2944955398799998 0.992477859898842 0.0 104.929
3.2983239025200004 0.9925737932116796 0.0 105.109
3.29913624528 0.9927910634306936 0.0 105.291
3.3032225223599996 0.9929454586938762 0.0 105.472
3.30463140192 0.9930583233716253 0.0 105.656
3.3084211651200004 0.992912860650161 0.0 105.835
3.3101142769200003 0.9927425197264916 0.0 106.017
3.31284606456 0.9927651977890728 0.0 106.194
3.31561996068 0.9928271605959784 0.0 106.38
3.31717271088 0.9928579889935576 0.0 106.557
3.3211677529199997 0.99277209906631 0.0 106.737
3.3220222041599996 0.9927667426328232 0.0 106.92
3.3257961766800004 0.9927836458237748 0.0 107.103
3.3276700040400002 0.9928327401245574 0.0 107.287
3.3299333348399998 0.9928388314361788 0.0 107.47
3.3329212824 0.9927389821021698 0.0 107.65
3.33516531348 0.992625294170578 0.0 107.833
3.33706545864 0.9925735876763652 0.0 108.015
3.3388919139599995 0.9927015582958668 0.0 108.197
3.340035861 0.9928363391066573 0.0 108.377
3.3411306814799997 0.9927686406110776 0.0 108.56
3.3420465409199998 0.9926412294568678 0.0 108.74
3.3428080026 0.9925773966092004 0.0 108.925
3.3448257006 0.9924235662411518 0.0 109.107
3.35438608008 0.9923231131852244 0.0 109.289
3.35600550204 0.9924744207003504 0.0 109.47
3.36058655376 0.9927075327620114 0.0 109.653
3.36174102792 0.9928422290894192 0.0 109.837
3.36515707836 0.992841094132654 0.0 110.017
3.36728531112 0.9927872050548164 0.0 110.196
3.36982936512 0.992750986450538 0.0 110.376
3.3728541576 0.9925901096235086 0.0 110.558
3.37450516092 0.9924378452026732 0.0 110.74
3.37821070716 0.9925970958157792 0.0 110.922
3.3796178322 0.992809515265032 0.0 111.109
3.38371112736 0.9928236499330008 0.0 111.29
3.38444627124 0.9927397249204668 0.0 111.473
3.38835183276 0.9925538328481676 0.0 111.653
3.3900309084 0.992361623517301 0.0 111.832
3.39353643936 0.9921184505232308 0.0 112.014
3.3956471269199997 0.9920038759908348 0.0 112.198
3.39828943404 0.991946790088441 0.0 112.381
3.40121772792 0.9919689991481038 0.0 112.565
3.40310383692 0.9919166498018168 0.0 112.746
3.4065848046 0.9920164794986696 0.0 112.933
3.4080322836 0.9919668773403408 0.0 113.115
3.41203083468 0.9917416846158787 0.0 113.298
3.41283265032 0.9918169835774566 0.0 113.48
3.41711894268 0.99193026353481 0.0 113.664
3.41835938832 0.9919224986746932 0.0 113.845
3.42201756252 0.9918996001840656 0.0 114.028
3.42370190172 0.991990397193508 0.0 114.21
3.42650211564 0.99207344645431 0.0 114.394
3.42915144084 0.9920956222755022 0.0 114.575
3.4313235366 0.9921022913730446 0.0 114.755
3.4346588791199997 0.9921219446768798 0.0 114.934
3.4355396481600002 0.9920563914566136 0.0 115.114
3.43979962272 0.9918491054412708 0.0 115.296
3.4408242623999996 0.9918224271239257 0.0 115.477
3.44505616464 0.9917959438819643 0.0 115.659
3.4462790650799997 0.991686965827166 0.0 115.839
3.44981968644 0.9916040184260028 0.0 116.02
3.45187422936 0.9917330150450784 0.0 116.202
3.4544217924 0.9919179420773108 0.0 116.385
3.45721323372 0.9917806638674758 0.0 116.568
3.45933093936 0.991545275354779 0.0 116.752
3.462720672 0.991644888716144 0.0 116.935
3.46435413012 0.9919368381782644 0.0 117.115
3.46823337384 0.9920131141615384 0.0 117.302
3.4690983522 0.9918658657581808 0.0 117.482
3.473160066 0.9918201893037518 0.0 117.661
3.47440051164 0.9917136533033848 0.0 117.843
3.477809544 0.9916923263278232 0.0 118.023
3.4798886502 0.991778091174704 0.0 118.205
3.48271693644 0.9918616988746104 0.0 118.388
3.4853732797199997 0.991845079049398 0.0 118.569
3.48735237828 0.9916318712968782 0.0 118.751
3.4908280823999998 0.9915298529790714 0.0 118.937
3.4921439724 0.9916026598897898 0.0 119.12
3.4960811152799995 0.9917578307411368 0.0 119.304
3.49704961032 0.9919138410176092 0.0 119.485
3.5013271300800004 0.9919478534718308 0.0 119.669
3.50248160424 0.9917785672936582 0.0 119.853
3.5056309676399997 0.9915183092214548 0.0 120.035
3.50795044308 0.9914430325549156 0.0 120.215
3.51090330024 0.9914853387819216 0.0 120.399
3.5133280468800003 0.9916499529521394 0.0 120.582
3.51551066976 0.9917983524086694 0.0 120.764
3.5188302215999996 0.9917168213968658 0.0 120.945
3.5204935065600003 0.9917064186202744 0.0 121.125
3.52429204236 0.991682662042682 0.0 121.307
3.5256289865999997 0.9916743008760068 0.0 121.492
3.5296292921999997 0.9917708106323492 0.0 121.674
3.5305486606799996 0.9918840547107493 0.0 121.854
3.53452966656 0.99185915408752 0.0 122.038
3.53597363652 0.9917108789372268 0.0 122.215
3.5390598372 0.991408793456902 0.0 122.397
3.5413582584 0.991274679208966 0.0 122.578
3.5432987575199997 0.991181539056124 0.0 122.758
3.54673235316 0.9912410882498636 0.0 122.938
3.54843423756 0.9914506918444036 0.0 123.121
3.55222049172 0.991508028531336 0.0 123.301
3.55340654724 0.9914398594391156 0.0 123.484
3.5575366873200003 0.9911735622865294 0.0 123.666
3.5585472908399995 0.9911469958535608 0.0 123.851
3.56247215208 0.9912421984892946 0.0 124.031
3.5639687576399997 0.9912328452292464 0.0 124.213
3.5670707490000004 0.9910937333861458 0.0 124.399
3.56938320636 0.990978037229888 0.0 124.58
3.5717465448000003 0.990963271853418 0.0 124.765
3.5747818644 0.9910455521211468 0.0 124.946
3.57646444908 0.991154758427515 0.0 125.128
3.5800945509599997 0.9911320758708836 0.0 125.308
3.58121744376 0.990985096515503 0.0 125.488
3.58530372084 0.990657630599971 0.0 125.668
3.58629677916 0.9903502518526244 0.0 125.846
3.59010233304 0.9902867596251558 0.0 126.026
3.5918252716800003 0.9903949522510984 0.0 126.212
3.59488690908 0.9904973147584666 0.0 126.393
3.59734323708 0.990481978332637 0.0 126.574
3.59946094272 0.9903877744674056 0.0 126.757
3.6026243422799995 0.9901073703868628 0.0 126.934
3.60419990124 0.9898958475533536 0.0 127.116
3.6080651088 0.9896305692689378 0.0 127.297
3.60882306144 0.9895246197722304 0.0 127.479
3.61293741084 0.9895596903915168 0.0 127.663
3.6143112 0.989530878364527 0.0 127.844
3.61795358352 0.9894069460044106 0.0 128.023
3.6197326668 0.989395851843987 0.0 128.206
3.6226223612400004 0.989418317686806 0.0 128.387
3.62521378728 0.9894831271347228 0.0 128.566
3.6271279685999995 0.9894509481716725 0.0 128.748
3.6305141922 0.9891894641334916 0.0 128.93
3.63191254464 0.9890390571379024 0.0 129.115
3.63596373132 0.9889935655194988 0.0 129.296
3.63689713596 0.9889472665003344 0.0 129.475
3.64082024268 0.988863867378508 0.0 129.655
3.6421291146 0.9886338292619904 0.0 129.835
3.6456592088399997 0.9885511179311708 0.0 130.022
3.64752952716 0.9886001851139568 0.0 130.202
3.6500244546 0.988404262031588 0.0 130.38
3.65289835836 0.9881829636949688 0.0 130.56
3.65485113912 0.9881498067429948 0.0 130.741
3.65830227996 0.988047366359346 0.0 130.923
3.65919357612 0.9877602576539588 0.0 131.104
3.66333424332 0.9875126348555354 0.0 131.289
3.66457293444 0.987305085055664 0.0 131.471
3.6684995502 0.9871390017000766 0.0 131.652
3.6699207114 0.9869892657969106 0.0 131.834
3.6732367542 0.9867275822325698 0.0 132.016
3.67545095844 0.9864330449142574 0.0 132.197
3.6777774519600004 0.9860164050115756 0.0 132.38
3.68065486476 0.985755708252916 0.0 132.558
3.68244622968 0.9856856488949391 0.0 132.74
3.6860815951199997 0.9854217778689902 0.0 132.919
3.68712904356 0.9848724892048653 0.0 133.099
3.69109425876 0.9843048616324992 0.0 133.281
3.69226978716 0.983935895327145 0.0 133.461
3.6960613048799997 0.9834300851433078 0.0 133.642
3.69756668304 0.9827776025107998 0.0 133.82
3.7004756772 0.9821569135642572 0.0 134.001
3.70304429448 0.9816175108156452 0.0 134.18
3.70512164616 0.9811830804730454 0.0 134.36
3.7083131180400004 0.9811228919870932 0.0 134.54
3.70929564924 0.981096588254616 0.0 134.722
3.7133275361999996 0.9809325836661172 0.0 134.903
3.71439603888 0.9806435082717364 0.0 135.082
3.718573551 0.9802763178628944 0.0 135.265
3.7198175056799996 0.9797664232571658 0.0 135.446
3.72329145528 0.9791623691365564 0.0 135.628
3.7251354558000003 0.9784270339529269 0.0 135.809
3.72789356124 0.9776066875643656 0.0 135.991
3.7305656951999997 0.9768865254012364 0.0 136.172
3.7324868945999996 0.976110318617395 0.0 136.355
3.73589592696 0.9754471185776532 0.0 136.535
3.73705917372 0.974555757218026 0.0 136.714
3.7411840502400002 0.9735451110665868 0.0 136.894
3.74198235684 0.9725356761084052 0.0 137.074
3.74613881472 0.9717871106042556 0.0 137.256
3.747435405 0.9708747916048316 0.0 137.436
3.7506549492 0.9698101691848342 0.0 137.619
3.7528445901599996 0.9686717275455148 0.0 137.8
3.7552833729599997 0.9674104454370248 0.0 137.98
3.75828535668 0.9659265842437172 0.0 138.159
3.75956264724 0.9641905800197694 0.0 138.341
3.7633524104400005 0.9627012856431812 0.0 138.524
3.7645805744399996 0.9610657711172012 0.0 138.704
3.768665097 0.9595553518230822 0.0 138.886
3.76965990984 0.9578007393399828 0.0 139.065
3.77362687956 0.9559491333830272 0.0 139.243
3.77519892948 0.9538913225936552 0.0 139.427
3.7785167268 0.9517202072122312 0.0 139.607
3.7804958253599996 0.949358247879843 0.0 139.789
3.78272406576 0.946894762251855 0.0 139.97
3.78572955852 0.9445867288109604 0.0 140.153
3.78749285112 0.9419044704796776 0.0 140.333
3.7910615448 0.9393119431674368 0.0 140.513
3.792263391 0.9362716949047298 0.0 140.695
3.79626545112 0.9333151316952348 0.0 140.874
3.7973164086 0.9300949404631564 0.0 141.055
3.8007991307999998 0.9271820978875924 0.0 141.235
3.8026045318799997 0.9242187366446316 0.0 141.415
3.8053152652799995 0.9211700733386468 0.0 141.597
3.80796283596 0.9182828724605246 0.0 141.774
3.81003316956 0.9153381853905126 0.0 141.956
3.81334745784 0.9127480844786334 0.0 142.14
3.81459667608 0.910270002771469 0.0 142.321
3.81859522716 0.9082187618806284 0.0 142.503
3.8195198592 0.9064459634721754 0.0 142.682
3.82365877188 0.905056946371802 0.0 142.864
3.82474306524 0.9042875848713784 0.0 143.043
3.8283854487599998 0.903905485597826 0.0 143.229
3.8302662942 0.9039951070280426 0.0 143.41
3.832836666 0.9045834173072062 0.0 143.592
3.8355947714400003 0.905471596118215 0.0 143.773
3.8375808880799998 0.9067244834410596 0.0 143.959
3.84091798512 0.908392612577734 0.0 144.14
3.8419443793199997 0.9106356204766096 0.0 144.326
3.84593942136 0.9127604728949452 0.0 144.507
3.84737812776 0.9154035171006634 0.0 144.693
3.85126088052 0.918292893082594 0.0 144.874
3.8523381558 0.9214995703869878 0.0 145.054
3.85628407128 0.9243883397748622 0.0 145.238
3.85769645988 0.9273723480101692 0.0 145.417
3.86060896308 0.9302262468434962 0.0 145.596
3.86289685716 0.9330240834354818 0.0 145.776
3.86527247724 0.9360216708107668 0.0 145.958
3.86819726208 0.9390159235168516 0.0 146.137
3.8697289580399996 0.9420797151478156 0.0 146.318
3.8735503026 0.9445869231381538 0.0 146.497
3.874331064 0.947271794257213 0.0 146.677
3.8784629586 0.949575606993658 0.0 146.861
3.8797700760000002 0.9519980259631358 0.0 147.039
3.8829580388399996 0.9541868064311154 0.0 147.227
3.88502661792 0.9563223655693364 0.0 147.407
3.8881321183199997 0.9584324175299832 0.0 147.591
3.8904551028 0.9603053727449552 0.0 147.778
3.8928324774000003 0.9621973942793516 0.0 147.959
3.8957256808799996 0.9639672570324064 0.0 148.142
3.89732755764 0.965703981212358 0.0 148.324
3.90087168804 0.9670673936626076 0.0 148.505
3.90207528876 0.9683457390447968 0.0 148.688
3.90612472092 0.9694652597739462 0.0 148.871
3.90714760608 0.9706226527350268 0.0 149.051
3.91081279836 0.971823484142156 0.0 149.233
3.9124216931999998 0.9728383269194708 0.0 149.416
3.91538332296 0.9737233774744628 0.0 149.595
3.91780456056 0.9746321657793792 0.0 149.778
3.91997841084 0.9755616390450116 0.0 149.962
3.9230646115199996 0.976365266969358 0.0 150.141
3.92463841596 0.9772597343586896 0.0 150.321
3.92832817152 0.978079796065888 0.0 150.504
3.92911770552 0.9787972147160992 0.0 150.686
3.9330987114 0.9791338333189614 0.0 150.869
3.9343444206 0.979547895945966 0.0 151.052
3.93836753496 0.9799842268124056 0.0 151.236
3.9397781690399998 0.9804578585475568 0.0 151.418
3.9429134962799997 0.981080939787264 0.0 151.601
3.94516279092 0.9816082074309208 0.0 151.781
3.94734716832 0.9820762675843456 0.0 151.961
3.95028248028 0.9825404318138368 0.0 152.144
3.95194751976 0.9831520693369012 0.0 152.324
3.95552849508 0.9835112051325968 0.0 152.503
3.95651979888 0.9838459491664092 0.0 152.682
3.96049378668 0.9841218281569508 0.0 152.859
3.96174651396 0.9844354974604688 0.0 153.041
3.9652239726 0.984835621221703 0.0 153.222
3.96703814628 0.9854263067700454 0.0 153.404
3.9694997378399997 0.9859326756550452 0.0 153.581
3.97230521532 0.986177855681302 0.0 153.761
3.9740772805199995 0.9864698331848362 0.0 153.94
3.97740735948 0.9868707960575964 0.0 154.12
3.9784776166799998 0.9872655747341526 0.0 154.303
3.982409496 0.9877420445228516 0.0 154.487
3.9836183602799995 0.9882167300957304 0.0 154.668
3.9875239218000003 0.9883522627477456 0.0 154.848
3.98890472904 0.9883234854005332 0.0 155.03
3.99203830176 0.9884049895832226 0.0 155.209
3.9940595088 0.9887332233451668 0.0 155.389
3.99640881108 0.9891401882916816 0.0 155.571
3.99927569676 0.9894833370122476 0.0 155.752
4.00117057836 0.989651530576122 0.0 155.936
4.0045006573199995 0.989771410117554 0.0 156.119
4.00559196876 0.9899665570066356 0.0 156.299
4.00955893848 0.9900403085126134 0.0 156.478
4.01063621376 0.99009418249795 0.0 156.657
4.01434176 0.9902722862896566 0.0 156.841
4.015964691 0.9905633029218124 0.0 157.022
4.01886491256 0.9906462024297412 0.0 157.206
4.021173860879999 0.9906512570857444 0.0 157.389
4.023684578999999 0.9906356206535536 0.0 157.575
4.0264444389600005 0.9907983869713084 0.0 157.756
4.02766032132 0.9910515301675596 0.0 157.937
4.03145008452 0.9913090728190276 0.0 158.115
4.03268351208 0.9914409525132162 0.0 158.295
4.03667855412 0.9914968135861808 0.0 158.477
4.03782776472 0.9914896509771306 0.0 158.662
4.041624546 0.9915063662517668 0.0 158.848
4.04296499928 0.9915989572532866 0.0 159.029
4.04599154628 0.9916204702969624 0.0 159.21
4.0482268047600005 0.9916259692626588 0.0 159.391
4.0507305048 0.9917297259196236 0.0 159.572
4.05354124584 0.9918131438712736 0.0 159.753
4.0551975127199995 0.9918028187999351 0.0 159.931
4.05873637956 0.9918211325745534 0.0 160.114
4.06005402408 0.9919736568702242 0.0 160.298
4.06374377964 0.9920498185325912 0.0 160.48
4.06473508344 0.9921647555642668 0.0 160.661
4.06993723524 0.9922728597563129 0.0 161.023
4.0727865757199995 0.9921549213654668 0.0 161.204
4.07514991416 0.9919988902940716 0.0 161.388
4.076892152519999 0.9918686862834204 0.0 161.567
4.0802503038 0.9917879577721738 0.0 161.751
4.08202763256 0.991817248392206 0.0 161.932
4.08549105504 0.9917956616389484 0.0 162.109
4.0864788498 0.9919282670278337 0.0 162.289
4.0904352924 0.9921844020899286 0.0 162.469
4.0915494126 0.9925987739547298 0.0 162.652
4.0954532195999995 0.9929150029776904 0.0 162.836
4.09689017148 0.9930869207576186 0.0 163.017
4.09985531028 0.9932886522152028 0.0 163.199
4.1021221501200005 0.9932939287773392 0.0 163.382
4.104476715960001 0.9932002739684302 0.0 163.566
4.10733482904 0.9932613953855434 0.0 163.746
4.10896477812 0.9932116183525644 0.0 163.929
4.1124720636 0.9931897311892978 0.0 164.111
4.1133580962 0.9932439857452082 0.0 164.29
4.11719874048 0.9931007059696562 0.0 164.472
4.11850410336 0.9929924203634082 0.0 164.651
4.12424664732 0.9931364378917084 0.0 165.081
4.12814168172 0.9933527610860416 0.0 165.264
4.129175094 0.9935261495136404 0.0 165.444
4.13269115208 0.9935647365235192 0.0 165.624
4.134394791 0.993594457628968 0.0 165.803
4.13692831788 0.9935786435276714 0.0 165.983
4.1394776354400005 0.9936434387011736 0.0 166.165
4.14137602608 0.9937122951922944 0.0 166.346
4.14459206124 0.9936720433223252 0.0 166.529
4.14589917864 0.9937428228814816 0.0 166.707
4.1497380684000005 0.993778629159318 0.0 166.887
4.15056093828 0.9937137226442267 0.0 167.067
4.15452264444 0.9935293596091028 0.0 167.248
4.15583853444 0.9932992250764576 0.0 167.43
4.15897737072 0.9932400490253208 0.0 167.61
4.16098629612 0.9932469333953948 0.0 167.789
4.16342683344 0.9932922289841752 0.0 167.97
4.16624108352 0.9934562321734062 0.0 168.15
4.16770610772 0.9935673736675056 0.0 168.333
4.17128532852 0.9936037911316816 0.0 168.513
4.17249243828 0.9935962580474818 0.0 168.695
4.176327819 0.9935143287757588 0.0 168.876
4.177301577600001 0.9935864193260768 0.0 169.06
4.1812229298 0.9937434934068206 0.0 169.243
4.18252302912 0.9938362362734388 0.0 169.423
4.1853899148 0.9937981714475562 0.0 169.605
4.1876550001199995 0.993723522362332 0.0 169.786
4.190144664 0.9937281556391674 0.0 169.967
4.1928553974 0.993650728885825 0.0 170.152
4.19452394592 0.9937411663872534 0.0 170.335
4.19797684128 0.9938784529194208 0.0 170.516
4.199066398199999 0.993791731908207 0.0 170.698
4.20278948964 0.9936694183413624 0.0 170.879
4.20381412932 0.9935823500895894 0.0 171.059
4.20767407332 0.993618772157427 0.0 171.241
4.20898119072 0.9936711207926197 0.0 171.422
4.2119621202 0.9936525213665908 0.0 171.603
4.21414825212 0.993697618972716 0.0 171.785
4.2163484202 0.9938646386767976 0.0 171.965
4.21932584064 0.993946891970913 0.0 172.144
4.22078209224 0.9940159490248852 0.0 172.324
4.224377103719999 0.9940741763255893 0.0 172.506
4.225114002120001 0.994150240919444 0.0 172.683
4.2289897368 0.994347113527832 0.0 172.867
4.23021088272 0.9944990481543952 0.0 173.05
4.23382694844 0.9945974593995536 0.0 173.232
4.2355147966799995 0.9947860459470428 0.0 173.412
4.23819921228 0.9949305951985548 0.0 173.594
4.240520442239999 0.9950950519888532 0.0 173.778
4.242692538 0.995242792523598 0.0 173.96
4.24564539516 0.9952445063995614 0.0 174.142
4.24718761824 0.9950937283100558 0.0 174.32
4.25073525768 0.9947716458539696 0.0 174.501
4.2517090162799995 0.994565702960086 0.0 174.684
4.25546895264 0.9945228221738872 0.0 174.865
4.25668308048 0.9945152422925756 0.0 175.042
4.26015527556 0.994552286293209 0.0 175.224
4.2619220771999995 0.9946211453169886 0.0 175.407
4.26420997128 0.9947076662791496 0.0 175.586
4.266876841679999 0.99469101479991 0.0 175.771
4.26895068432 0.9947183873393136 0.0 175.956
4.27209478416 0.9947390766275132 0.0 176.142
4.2731159148 0.9949317800036904 0.0 176.323
4.2769811223600005 0.9951092365963468 0.0 176.509
4.27800400752 0.9952212835712833 0.0 176.689
4.28194465944 0.9952168272340752 0.0 176.869
4.283002635 0.9951313479589938 0.0 177.052
4.28660992812 0.9950087827689612 0.0 177.233
4.288178469 0.99495867141065 0.0 177.414
4.29076112244 0.9947417232747708 0.0 177.596
4.2931753419600005 0.9945469987157888 0.0 177.778
4.29530006568 0.9946730727781246 0.0 177.959
4.29837749376 0.9948949869805808 0.0 178.149
4.2999863886 0.9950454377125332 0.0 178.33
4.30344454752 0.99508254774553 0.0 178.513
4.3046007762 0.9952365748395068 0.0 178.7
4.30855897332 0.99527232013775 0.0 178.879
4.3094397423599995 0.9952063531776332 0.0 179.063
4.31304879 0.9950628850039972 0.0 179.251
4.3144874964 0.9948347193638872 0.0 179.431
4.3175666790000005 0.9948558057083656 0.0 179.614
4.31954753208 0.9949618448008274 0.0 179.796
4.3212915249599995 0.9949114046868776 0.0 179.974
4.32450405108 0.9946714253145726 0.0 180.157
4.326062064839999 0.9945407820494524 0.0 180.337
4.32960093168 0.994478392850752 0.0 180.518
4.33072031544 0.9944915606429682 0.0 180.703
4.33441358004 0.994629732549973 0.0 180.886
4.33553647284 0.9948033373815652 0.0 181.067
4.33933500864 0.9947803841632444 0.0 181.249
4.34048246472 0.9948916118293524 0.0 181.429
4.3434370764 0.9949134712216848 0.0 181.612
4.34550916452 0.9947410943460696 0.0 181.791
4.34802339168 0.9945649555814586 0.0 181.973
4.3506218358 0.9946293426155112 0.0 182.155
4.3524026736 0.9948575100382244 0.0 182.336
4.3556608172399995 0.9947968760825469 0.0 182.518
4.35655035888 0.9948114739203324 0.0 182.699
4.360306786200001 0.9947081907956188 0.0 182.879
4.36154898636 0.9945813099840272 0.0 183.06
4.36537033092 0.9947362835763488 0.0 183.242
4.36661604012 0.9949896797575424 0.0 183.425
4.36881094464 0.995135399547572 0.0 183.605
4.37136201672 0.9952202121063238 0.0 183.786
4.3738253628 0.9953048141389768 0.0 183.968
4.37663785836 0.9953660793780382 0.0 184.149
4.37829237072 0.9953960424900772 0.0 184.33
4.38166455816 0.9955563033669702 0.0 184.509
4.38263656224 0.9957693219632586 0.0 184.689
4.38648948816 0.9956855760927488 0.0 184.869
4.3873790298 0.9955609106602196 0.0 185.05
4.39103194044 0.995417230739703 0.0 185.231
4.39248819204 0.995307414768326 0.0 185.409
4.39506733644 0.995251025304705 0.0 185.591
4.3974587472 0.9954576838728578 0.0 185.772
4.3994852178 0.9956245647061462 0.0 185.955
4.40238368484 0.9957064283252036 0.0 186.139
4.4034592056 0.9955201836733156 0.0 186.321
4.40717176992 0.9951956155168288 0.0 186.502
4.40831571696 0.995168332929314 0.0 186.685
4.41205986264 0.9951054362523306 0.0 186.865
4.41303537576 0.9949198309465864 0.0 187.045
4.41654967932 0.994837478837995 0.0 187.224
4.41818664648 0.9947668415604608 0.0 187.407
4.42070087364 0.994851863619088 0.0 187.59
4.423153692600001 0.995116772260346 0.0 187.77
4.42505032872 0.9954850925951098 0.0 187.953
4.42807863024 0.9955459947631016 0.0 188.133
4.42936293888 0.9954574165566512 0.0 188.314
4.4329772500799995 0.9954549956322094 0.0 188.497
4.433931708959999 0.9956101545568592 0.0 188.677
4.437756562560001 0.9958657067302038 0.0 188.859
4.43884436496 0.9960200257729384 0.0 189.042
4.44206390916 0.9959193648743512 0.0 189.226
4.443741230280001 0.995628716182582 0.0 189.407
4.44659583432 0.9955512373608172 0.0 189.593
4.44888548292 0.995675392017176 0.0 189.778
4.45103476992 0.9958432114675674 0.0 189.96
4.45378585728 0.9961054365688152 0.0 190.142
4.45519298232 0.9961570594473598 0.0 190.324
4.45861780536 0.9961356700273128 0.0 190.507
4.45964244504 0.9961292709121236 0.0 190.682
4.46342168112 0.9961862128289724 0.0 190.862
4.4645129925600004 0.9962800757839606 0.0 191.043
4.46782903536 0.9962593643795632 0.0 191.224
4.46938880364 0.9961892173396544 0.0 191.405
4.47179600508 0.9960533753489088 0.0 191.586
4.474324268399999 0.9958571332384644 0.0 191.769
4.47621915 0.9956859916219356 0.0 191.95
4.4792632422 0.9955663221918252 0.0 192.132
4.4804984242799994 0.995578747306874 0.0 192.314
4.48419695244 0.995795502738478 0.0 192.496
4.48496016864 0.9959510487605882 0.0 192.68
4.48878502224 0.9959473030966464 0.0 192.863
4.4898675610800005 0.9959405449466904 0.0 193.043
4.49322746688 0.995879305886302 0.0 193.226
4.49490303348 0.9959493741135927 0.0 193.409
4.497548849639999 0.9961726744552138 0.0 193.59
4.4998349892 0.9963984653170062 0.0 193.772
4.50153336456 0.99646662126743 0.0 193.951
4.5047037822 0.9963889446754568 0.0 194.135
4.506010899600001 0.996419281262139 0.0 194.316
4.50956906616 0.996476825556228 0.0 194.498
4.51057089708 0.9964705687420812 0.0 194.685
4.51432030632 0.9963281376883928 0.0 194.863
4.51535020956 0.9962016857395418 0.0 195.045
4.51841711052 0.9961221512637284 0.0 195.222
4.5202400568 0.9961107710145588 0.0 195.403
4.52264550372 0.996176268268955 0.0 195.585
4.52516499444 0.9962996745218596 0.0 195.767
4.527056367 0.9963273663605228 0.0 195.948
4.53014958576 0.9963483081741628 0.0 196.132
4.53121808844 0.996321509392915 0.0 196.313
4.53468501996 0.9962998637366128 0.0 196.493
4.5355973703600005 0.9963746746607955 0.0 196.672
4.53928888044 0.996351626291799 0.0 196.852
4.54050300828 0.9963440459776086 0.0 197.034
4.543592718 0.996244253172024 0.0 197.211
4.54536302868 0.99613433529978 0.0 197.393
4.54748424336 0.9959809730783188 0.0 197.574
4.550084442 0.9959446210294792 0.0 197.754
4.5517687812 0.9959944841511724 0.0 197.936
4.5551199144000005 0.996112680152222 0.0 198.12
4.55585330376 0.9960494911156668 0.0 198.3
4.5595062144 0.9960065703451378 0.0 198.479
4.560785259479999 0.9960388356491732 0.0 198.66
4.56412586556 0.9960179884646018 0.0 198.839
4.5656470343999995 0.9960084958393576 0.0 199.019
4.56831741384 0.9959717095535374 0.0 199.202
4.57056144492 0.99579672838134 0.0 199.385
4.57286162064 0.9957220121697042 0.0 199.567
4.57547760996 0.9957056933381389 0.0 199.749
4.57669524684 0.9957785840314984 0.0 199.932
4.58019025068 0.9958372657174632 0.0 200.111
4.58135700648 0.9958501077695836 0.0 200.292
4.584997635480001 0.9959456036081212 0.0 200.475
4.58593104012 0.9960001412064124 0.0 200.659
4.589561142 0.996138451457195 0.0 200.838
4.59082965996 0.996170775322474 0.0 201.018
4.59314562636 0.9960758451847552 0.0 201.197
4.59557739108 0.9958803538801306 0.0 201.38
4.5975529806 0.9957088385871822 0.0 201.561
4.60041460272 0.9956507533422624 0.0 201.74
4.6013129169599996 0.9955646770125444 0.0 201.924
4.60499565444 0.995622183561936 0.0 202.106
4.60629575376 0.9957933759855506 0.0 202.287
4.60995217344 0.995731341244081 0.0 202.469
4.61089435068 0.9956055159475724 0.0 202.649
4.61405950476 0.9955455447317216 0.0 202.83
4.615729807799999 0.9954948963755872 0.0 203.013
4.61834930616 0.9954986800848752 0.0 203.193
4.62060561888 0.9955047281225626 0.0 203.376
4.62235487532 0.99557428489932 0.0 203.556
4.62534282288 0.9956160006434154 0.0 203.74
4.62661835892 0.9956274080556294 0.0 203.921
4.63012038084 0.9956842708924072 0.0 204.101
4.63103448576 0.9957791443976296 0.0 204.281
4.63469441448 0.995756320513681 0.0 204.462
4.63575414456 0.9958301685639184 0.0 204.643
4.63855962204 0.9958327864683324 0.0 204.824
4.64041765872 0.9957206315709168 0.0 205.006
4.6433284074 0.99548299677024 0.0 205.194
4.64533908732 0.9952700874893474 0.0 205.377
4.64676902112 0.9953818518526562 0.0 205.558
4.64991312096 0.995661425515952 0.0 205.74
4.65144481692 0.9958321308774905 0.0 205.92
4.65483454956 0.9959902392318344 0.0 206.1
4.655706546 0.9961054705558506 0.0 206.279
4.65932612076 0.996143227876635 0.0 206.455
4.6602226804799995 0.9959767473019928 0.0 206.636
4.66342117044 0.9958167803240858 0.0 206.817
4.66515639072 0.995707168432409 0.0 206.998
4.66753025628 0.9956521485071408 0.0 207.179
4.66999009332 0.995536264865058 0.0 207.361
4.6715989881599995 0.9956267843612636 0.0 207.542
4.67470448856 0.9956476442299336 0.0 207.724
4.6759449342 0.9957185883451588 0.0 207.907
4.67942414736 0.9957765792519008 0.0 208.087
4.68008911044 0.9958729763327728 0.0 208.265
4.68343147104 0.995972785970319 0.0 208.449
4.68484736868 0.996162523195015 0.0 208.632
4.6880528767200005 0.9963234999784616 0.0 208.812
4.68978634248 0.9963730095981956 0.0 208.992
4.69208476368 0.9963780259084508 0.0 209.173
4.69457091852 0.9964411858851352 0.0 209.356
4.6949990214 0.996340495415584 0.0 209.537
4.69535518896 0.996318167272006 0.0 209.718
4.695402561 0.996197232125686 0.0 209.896
4.69550607768 0.9961161601536356 0.0 210.077
4.69558503108 0.9961156678090792 0.0 210.259
4.69560608532 0.9961557496924912 0.0 210.442
4.69557976752 0.9962162335866264 0.0 210.621
4.69561485792 0.9961959081583792 0.0 210.802
4.69572363816 0.9961751231904626 0.0 210.981
4.69565170284 0.9962962112886072 0.0 211.163
4.6956955658399995 0.9964148178472289 0.0 211.348
4.69564117572 0.9965149360385698 0.0 211.528
4.695621876 0.99635596307891 0.0 211.709
4.6957183746 0.996215369162292 0.0 211.887
4.69565872092 0.9963162740977368 0.0 212.067
4.6956955658399995 0.996394711270886 0.0 212.248
4.6957008294 0.996514563896254 0.0 212.431
4.6956797751599995 0.9963948097672743 0.0 212.614
4.6956920568 0.9962557464469484 0.0 212.795
4.6957078474800005 0.9959960218172504 0.0 212.977
4.69569381132 0.99573547783585 0.0 213.157
4.6956762661199996 0.9956752674675604 0.0 213.34
4.69571486556 0.9958157728899044 0.0 213.522
4.6956832842 0.9961954814258652 0.0 213.701
4.69572890172 0.9964138559098212 0.0 213.882
4.6956832842 0.9962356945816426 0.0 214.066
4.6956955658399995 0.9959960983948914 0.0 214.249
4.695753465 0.9958155322609604 0.0 214.429
4.69581136416 0.9957548516324616 0.0 214.609
4.69568152968 0.9957355543934658 0.0 214.788
4.69576399212 0.9958556797703648 0.0 214.972
4.69569381132 0.9959760027579916 0.0 215.153
4.695227109 0.9960181205972496 0.0 215.335
4.695183246 0.9959799401451844 0.0 215.517
4.6949990214 0.9960388954553148 0.0 215.698
4.69512534684 0.9960187551140476 0.0 215.878
4.69504463892 0.995860164418474 0.0 216.06
4.69501832112 0.9958000085069662 0.0 216.241
4.6950341118 0.9958200167285688 0.0 216.424
4.6950341118 0.995920550026574 0.0 216.604
4.69496217648 0.9959612118581408 0.0 216.786
4.69502007564 0.995860317553513 0.0 216.971
4.69504463892 0.9957596311270944 0.0 217.153
4.69503762084 0.9957998881938596 0.0 217.333
4.6949990214 0.9960798627832512 0.0 217.512
4.69503060276 0.9963988590800996 0.0 217.692
4.695065693159999 0.9965185261316528 0.0 217.873
4.69509376548 0.9965384576566536 0.0 218.057
4.69499726688 0.9966395929896305 0.0 218.24
4.69501832112 0.9966997816130584 0.0 218.422
4.69500954852 0.9966998363502576 0.0 218.603
4.69511481972 0.9966388595559352 0.0 218.779
4.69506393864 0.9965587503887916 0.0 218.958
4.69497796716 0.9963599794042012 0.0 219.136
4.69498673976 0.9962199320266668 0.0 219.317
4.695014812079999 0.9962197569519629 0.0 219.501
4.69497445812 0.9961999019547592 0.0 219.683
4.69500954852 0.9960395838140802 0.0 219.862
4.694960421959999 0.9959009027908424 0.0 220.042
4.69497094908 0.9958204104886292 0.0 220.222
4.69492357704 0.9958810258294216 0.0 220.4
4.6946656626 0.9959228471965376 0.0 220.585
4.6944463476 0.9958236808967198 0.0 220.766
4.6945077558 0.9959431844248297 0.0 220.948
4.694407748160001 0.9962436496946014 0.0 221.128
4.69435160352 0.9963445335813504 0.0 221.309
4.6943761668 0.9962840601439568 0.0 221.491
4.69436914872 0.9963042106589288 0.0 221.671
4.6944200298 0.9963441067817956 0.0 221.851
4.6943410764 0.9963043857491822 0.0 222.032
4.694386693919999 0.9962638877453652 0.0 222.214
4.6942849317599995 0.9965032901246602 0.0 222.396
4.69437441228 0.9966233723689104 0.0 222.58
4.69435686708 0.9967031548118228 0.0 222.761
4.6943673942 0.9968219702477744 0.0 222.945
4.6943849394 0.9969425012074116 0.0 223.127
4.69432528572 0.9967827735251024 0.0 223.308
4.69437967584 0.996583126045026 0.0 223.49
4.69438844844 0.9964028646489512 0.0 223.671
4.69425861396 0.9962847933199426 0.0 223.854
4.69437792132 0.9963637221669974 0.0 224.034
4.694288440799999 0.9965635884943802 0.0 224.214
4.69432704024 0.9967425490794996 0.0 224.396
4.69428142272 0.9967036255554764 0.0 224.577
4.69429896792 0.9966439498269666 0.0 224.759
4.6943849394 0.9967230863928211 0.0 224.943
4.69435335804 0.996742384860181 0.0 225.122
4.69439546652 0.99658302752922 0.0 225.303
4.69442529336 0.996421987553985 0.0 225.486
4.69435160352 0.9963445335813504 0.0 225.666
4.694309495040001 0.9964026031359924 0.0 225.846
4.69434809448 0.9964023623631288 0.0 226.028
4.69439546652 0.9963636127290896 0.0 226.212
4.69431826764 0.9962442077609396 0.0 226.393
4.6944112572000005 0.9961229873816512 0.0 226.572
4.6943673942 0.996103154166842 0.0 226.753
4.69439195748 0.9962839616577124 0.0 226.936
4.69431651312 0.9964025593590994 0.0 227.114
4.6944024846 0.9964020230924726 0.0 227.296
4.69433405832 0.99646277016004 0.0 227.477
4.69434809448 0.9964425758550328 0.0 227.663
4.69437967584 0.9963828126280831 0.0 227.844
4.69440599364 0.9965427483746992 0.0 228.026
4.69431651312 0.9966036268583708 0.0 228.207
4.69447441992 0.9964224351124524 0.0 228.387
4.69440423912 0.9963039917961986 0.0 228.57
4.69434458544 0.9965230247299276 0.0 228.75
4.694390202959999 0.9966433805897744 0.0 228.932
4.694309495040001 0.9966036706440978 0.0 229.112
4.694455120200001 0.9965223351611328 0.0 229.292
4.6943673942 0.9965228824378758 0.0 229.471
4.6943358128399995 0.99662361319514 0.0 229.652
4.69434809448 0.9966436433145516 0.0 229.834
4.69436213064 0.996703875972166 0.0 230.015
4.69433054928 0.9966437527832498 0.0 230.194
4.694407748160001 0.9965427374289426 0.0 230.374
4.6943831848799995 0.996562997411088 0.0 230.554
4.69429896792 0.9964235295566796 0.0 230.733
4.69438143036 0.9963041340569622 0.0 230.916
4.6943410764 0.9963639519866818 0.0 231.095
4.69435160352 0.9965028742022434 0.0 231.276
4.69437967584 0.9964624855931656 0.0 231.459
4.69436213064 0.9962841476873012 0.0 231.639
4.69438844844 0.9962236633209256 0.0 231.819
4.69432704024 0.996244153048526 0.0 231.998
4.69436213064 0.99638392740532 0.0 232.178
4.6943761668 0.99658314793743 0.0 232.36
4.694393712 0.9967622397975402 0.0 232.541
4.694288440799999 0.9969632102194118 0.0 232.723
4.69439546652 0.9970630759464584 0.0 232.907
4.6943586216 0.9969426654596684 0.0 233.088
4.69437441228 0.9968822466803904 0.0 233.271
4.6943586216 0.997042445179879 0.0 233.454
4.69437792132 0.9972818462825912 0.0 233.635
4.69439897556 0.997362141794281 0.0 233.818
4.6943673942 0.9972819120058536 0.0 234.0
4.6943673942 0.9970624971671636 0.0 234.182
4.694390202959999 0.9969223616163152 0.0 234.362
4.69435511256 0.9967423739122284 0.0 234.546
4.69442529336 0.9966431616525658 0.0 234.732
4.69433405832 0.9968623917709488 0.0 234.917
4.69433756736 0.9970433305978978 0.0 235.101
4.69437967584 0.9971217353957256 0.0 235.285
4.6943849394 0.9972013755018307 0.0 235.468
4.69430423148 0.997221986091193 0.0 235.653
4.6943410764 0.9971815425798722 0.0 235.834
4.69435160352 0.9971814768632132 0.0 236.015
4.69443582048 0.997101278193174 0.0 236.196
4.6943410764 0.996802027733356 0.0 236.378
4.69438143036 0.9966635420658476 0.0 236.559
4.6943638851600005 0.9967031110217384 0.0 236.742
4.69443582048 0.996861756713564 0.0 236.922
4.69436213064 0.9969426435593643 0.0 237.105
4.6943761668 0.9969425559581578 0.0 237.285
4.69439546652 0.9970228624664804 0.0 237.467
4.694386693919999 0.9972616847721189 0.0 237.647
4.69446740184 0.9974622482136164 0.0 237.825
4.69442529336 0.9974826178903622 0.0 238.006
4.6943673942 0.9972618052623312 0.0 238.187
4.69440950268 0.9970026681200208 0.0 238.37
4.6944340659599995 0.9969824080736046 0.0 238.548
4.69445687472 0.9970023724482976 0.0 238.726
4.69444283856 0.9970024600547156 0.0 238.908
4.6944621382800005 0.996942019401104 0.0 239.095
4.694360376120001 0.9968823342762984 0.0 239.276
4.69436213064 0.9967616828616982 0.0 239.456
4.69440950268 0.9967613872613538 0.0 239.637
4.69439897556 0.9968619866480408 0.0 239.815
4.694390202959999 0.9968620413943604 0.0 239.995
4.6943831848799995 0.9969022986744904 0.0 240.178
4.69439195748 0.997082450587068 0.0 240.358
4.69432879476 0.9972218327460812 0.0 240.54
4.69437792132 0.9972818462825912 0.0 240.721
4.69442178432 0.9974223195924906 0.0 240.903
4.6943849394 0.9974828698802286 0.0 241.082
4.694360376120001 0.9974227030322091 0.0 241.26
4.6943638851600005 0.9971821541966872 0.0 241.443
4.69432528572 0.996882553266136 0.0 241.627
4.6944288024 0.9968215870390128 0.0 241.809
4.69444108404 0.9970024710055192 0.0 241.99
4.69433756736 0.9972016712327042 0.0 242.173
4.69440423912 0.997301788713357 0.0 242.357
4.6944340659599995 0.997361922699191 0.0 242.539
4.69431124956 0.997443116534786 0.0 242.722
4.69430247696 0.9976216187343344 0.0 242.905
4.6943761668 0.997601051772359 0.0 243.088
4.69432704024 0.9975025841766584 0.0 243.265
4.69434633996 0.9973825771832692 0.0 243.448
4.694393712 0.9973822813987628 0.0 243.629
4.69438143036 0.997482891792397 0.0 243.811
4.694291949839999 0.9974231302939572 0.0 243.987
4.69432002216 0.9973224212596146 0.0 244.168
4.69440073008 0.9973420241001978 0.0 244.347
4.69429545888 0.9973627881253572 0.0 244.531
4.69440423912 0.9973621089300112 0.0 244.716
4.69433054928 0.9973625690299834 0.0 244.897
4.69435160352 0.9972417970997436 0.0 245.076
4.69438844844 0.9971611401141024 0.0 245.26
4.69425861396 0.997063176158633 0.0 245.443
4.69432704024 0.9970031828082542 0.0 245.624
4.69424633232 0.9970439000637106 0.0 245.805
4.69432528572 0.9973022816478146 0.0 245.986
4.69437265776 0.9976412871728448 0.0 246.167
4.69437441228 0.9978616963812024 0.0 246.349
4.69438844844 0.9978807101030744 0.0 246.53
4.69431124956 0.9978620909501988 0.0 246.713
4.6943323037999996 0.997742072942576 0.0 246.893
4.6943358128399995 0.9975811970447244 0.0 247.073
4.69439195748 0.9974828260558948 0.0 247.255
4.6943761668 0.9974829246606512 0.0 247.436
4.694360376120001 0.9974830232654271 0.0 247.618
4.69447968348 0.997540839101392 0.0 247.797
4.6943147586 0.9977220757817852 0.0 247.979
4.69436563968 0.99778207821035 0.0 248.161
4.69434809448 0.9976816540743192 0.0 248.342
4.69435511256 0.9976212900060362 0.0 248.524
4.69437265776 0.9977619276300052 0.0 248.704
4.69442529336 0.9976610651744446 0.0 248.884
4.69440423912 0.9975606629764988 0.0 249.068
4.69441476624 0.9976008107100002 0.0 249.25
4.69425861396 0.9976017859175328 0.0 249.431
4.69440599364 0.9976611857128816 0.0 249.611
4.69439546652 0.9978806662612628 0.0 249.792
4.694458629240001 0.9981409051991792 0.0 249.974
4.6944200298 0.9982007126000392 0.0 250.155
4.6944200298 0.9980406127074952 0.0 250.336
4.69441476624 0.9978413375580584 0.0 250.517
4.6943673942 0.9977820672509784 0.0 250.698
4.694390202959999 0.9978020315198216 0.0 250.882
4.69431826764 0.9979005012679972 0.0 251.065
4.69439722104 0.9977416674621624 0.0 251.243
4.6944200298 0.9976007778378692 0.0 251.423
4.69433405832 0.9975611012541732 0.0 251.604
4.6943130040800005 0.9975217732399516 0.0 251.786
4.694386693919999 0.9974627521830516 0.0 251.967
4.69436914872 0.9973422212818812 0.0 252.149
4.69445336568 0.997241161800726 0.0 252.333
4.69441827528 0.9973419145548515 0.0 252.516
4.69437090324 0.997422637299665 0.0 252.696
4.69431826764 0.9975217403704044 0.0 252.877
4.6943586216 0.9975023869632178 0.0 253.061
4.69447441992 0.9973616707399564 0.0 253.24
4.69447968348 0.9973214244169412 0.0 253.421
4.6944200298 0.997442437284804 0.0 253.603
4.69439722104 0.9976009202837852 0.0 253.785
4.69439546652 0.997560717761187 0.0 253.97
4.694407748160001 0.997482727451158 0.0 254.156
4.69440423912 0.9974827493633202 0.0 254.341
4.69437967584 0.9974829027484814 0.0 254.523
4.69434633996 0.997483110914133 0.0 254.708
4.69435160352 0.9975225375339302 0.0 254.894
4.69443231144 0.9976409146069416 0.0 255.079
4.69434633996 0.997601238047898 0.0 255.26
4.6943673942 0.9976011065592748 0.0 255.439
4.69433405832 0.9976013147496104 0.0 255.624
4.69455337332 0.9975999450779448 0.0 255.805
4.69440073008 0.9976008983690264 0.0 255.985
4.6943358128399995 0.9976817307822138 0.0 256.168
4.69443932952 0.9979004989844936 0.0 256.348
4.69451477388 0.9980400207486358 0.0 256.53
4.6943831848799995 0.9982009428433802 0.0 256.711
4.6944621382800005 0.9982791170522948 0.0 256.894
4.6944340659599995 0.9982013788908854 0.0 257.074
4.69440599364 0.9981613408371476 0.0 257.254
4.69439722104 0.998000541736678 0.0 257.435
4.6943849394 0.997781957657276 0.0 257.613
4.694244577799999 0.9976621938536764 0.0 257.802
4.69429370436 0.9977222072863956 0.0 257.984
4.694386693919999 0.9977819466979072 0.0 258.166
4.69442704788 0.9977816946324892 0.0 258.347
4.69439722104 0.997860548561042 0.0 258.53
4.69435160352 0.9979405065062238 0.0 258.713
4.69431826764 0.9978620471091838 0.0 258.89
4.69436213064 0.9977619933849086 0.0 259.069
4.6943638851600005 0.9975810217300788 0.0 259.249
4.6943586216 0.9975408411123166 0.0 259.432
4.69441301172 0.9975020473180308 0.0 259.612
4.6942849317599995 0.9974231741156956 0.0 259.792
4.694393712 0.9973621746585528 0.0 259.974
4.69431124956 0.9974632232853756 0.0 260.153
4.6944024846 0.9976008874116472 0.0 260.334
4.69439897556 0.997781869982332 0.0 260.513
4.69435511256 0.9979002710938618 0.0 260.696
4.69437441228 0.9978021301561336 0.0 260.877
4.69433405832 0.997641528245048 0.0 261.057
4.6943586216 0.997621268090824 0.0 261.24
4.694349849 0.9976414296245872 0.0 261.42
4.69436914872 0.9976212023451932 0.0 261.602
4.6944621382800005 0.997721155250482 0.0 261.78
4.69429896792 0.9977623879145112 0.0 261.962
4.69437792132 0.9977618947525568 0.0 262.146
4.69437265776 0.9978423546014454 0.0 262.323
4.69431826764 0.9978024808631788 0.0 262.505
4.69441827528 0.9976812157437184 0.0 262.687
4.69440073008 0.9976008983690264 0.0 262.868
4.69432002216 0.9976818294066672 0.0 263.049
4.694305986 0.9978025575803776 0.0 263.229
4.69437792132 0.9978021082369516 0.0 263.411
4.6943007224399995 0.9977221634515218 0.0 263.592
4.694390202959999 0.9976612843352608 0.0 263.774
4.69431124956 0.9978218774490196 0.0 263.955
4.69436914872 0.9979806103817116 0.0 264.136
4.69443582048 0.9979600871079984 0.0 264.319
4.69431124956 0.9979005451107016 0.0 264.502
4.69432528572 0.9979205641741192 0.0 264.683
4.6943761668 0.998121313732434 0.0 264.863
4.69428142272 0.9982601396761394 0.0 265.042
4.6944112572000005 0.9982794350323032 0.0 265.222
4.69431826764 0.9981618890141792 0.0 265.404
4.69432002216 0.9981015578021764 0.0 265.584
4.6943831848799995 0.9980006294308382 0.0 265.767
4.69427440464 0.998001309061101 0.0 265.948
4.69435686708 0.9980812208368204 0.0 266.128
4.69432528572 0.9980009911694112 0.0 266.31
4.694291949839999 0.997881312928378 0.0 266.491
4.69432704024 0.9978024260651868 0.0 266.67
4.6943831848799995 0.9977618618751104 0.0 266.851
4.69425685944 0.9978229712067276 0.0 267.032
4.69436213064 0.9979009812540882 0.0 267.217
4.69427440464 0.9981219495924658 0.0 267.397
4.6943147586 0.9982599313482444 0.0 267.579
4.69434809448 0.9982403702774576 0.0 267.76
4.69434809448 0.9982403702774576 0.0 267.94
4.69424808684 0.9981221140391576 0.0 268.123
4.69431651312 0.9981015797279444 0.0 268.309
4.69435160352 0.9981214672158156 0.0 268.49
4.6943007224399995 0.998041358138169 0.0 268.672
4.69437967584 0.9980207580963572 0.0 268.853
4.69437441228 0.9980207909823352 0.0 269.036
4.69439897556 0.998101064472646 0.0 269.215
4.69427615916 0.998162152139368 0.0 269.396
4.694262123000001 0.9983205805573862 0.0 269.578
4.69426036848 0.9984412320646454 0.0 269.759
4.6943130040800005 0.9983805828150816 0.0 269.945
4.694339321879999 0.9982213236897904 0.0 270.126
4.69420422384 0.9981626016452204 0.0 270.309
4.69428142272 0.9981420124943676 0.0 270.491
4.69439722104 0.9980206484764462 0.0 270.669
4.69430423148 0.9979005889534096 0.0 270.849
4.6943007224399995 0.9978226972110956 0.0 271.031
4.6943638851600005 0.9977217689378288 0.0 271.211
4.69434458544 0.997681675990859 0.0 271.39
4.6943130040800005 0.997821866489207 0.0 271.573
4.69436213064 0.997880874509903 0.0 271.754
4.69435686708 0.9978223464969064 0.0 271.934
4.69435335804 0.9979002820545324 0.0 272.116
4.6943130040800005 0.9979407476507628 0.0 272.293
4.69425510492 0.997900895852476 0.0 272.476
4.6943130040800005 0.997900534150025 0.0 272.656
4.69444108404 0.9978997340212924 0.0 272.839
4.6942533504 0.9979009068131606 0.0 273.02
4.69444459308 0.9978612579715724 0.0 273.201
4.694349849 0.9978022835904355 0.0 273.382
4.694339321879999 0.9977420291068396 0.0 273.562
4.694305986 0.9976215968191076 0.0 273.745
4.6943147586 0.9978017487792468 0.0 273.923
4.69439722104 0.9981211821752872 0.0 274.103
4.694288440799999 0.9983003093245496 0.0 274.283
4.69440950268 0.9983397662118014 0.0 274.463
4.6942972134 0.9984410017657026 0.0 274.643
4.6943673942 0.9985008833319108 0.0 274.826
4.694386693919999 0.9984806559508984 0.0 275.009
4.69435686708 0.9984607356458202 0.0 275.19
4.69441476624 0.9985005872157978 0.0 275.372
4.6944112572000005 0.9984201821983132 0.0 275.549
4.69429370436 0.9983203831821414 0.0 275.732
4.69440423912 0.9983196923694 0.0 275.912
4.69432879476 0.9983201638764057 0.0 276.091
4.694386693919999 0.998440442468712 0.0 276.274
4.694360376120001 0.9988603352572368 0.0 276.455
4.69444108404 0.9989998237187824 0.0 276.635
4.6944288024 0.9989604410589876 0.0 276.817
4.69431124956 0.9988606424513596 0.0 276.998
4.694437574999999 0.9989201727280624 0.0 277.181
4.69442353884 0.9988800470300973 0.0 277.363
4.69440073008 0.9988600829193484 0.0 277.542
4.69436213064 0.9988603242860216 0.0 277.73
4.694360376120001 0.9989802217207574 0.0 277.915
4.69439195748 0.9990989053180148 0.0 278.098
4.6942708956 0.9990008880758776 0.0 278.279
4.69448670156 0.9988595453303593 0.0 278.462
4.69442704788 0.9986797117297052 0.0 278.642
4.69437265776 0.998541063915832 0.0 278.821
4.6943586216 0.9984808314236208 0.0 279.001
4.69430423148 0.998601811911034 0.0 279.185
4.69431651312 0.9986796487883502 0.0 279.371
4.6944112572000005 0.9986991631880828 0.0 279.552
4.69439546652 0.9987394753930444 0.0 279.732
4.69432528572 0.9987801276862992 0.0 279.911
4.6942972134 0.9988004099640746 0.0 280.09
4.69436563968 0.9987597686248746 0.0 280.273
4.6943849394 0.9988601816602458 0.0 280.454
4.69435686708 0.9988804639445154 0.0 280.632
4.69432879476 0.99884042599077 0.0 280.812
4.69444985664 0.9988195622592836 0.0 280.992
4.694349849 0.999099922693054 0.0 281.177
4.69435511256 0.999320309964326 0.0 281.357
4.69421826 0.9993211661139564 0.0 281.534
4.69432704024 0.999179738344429 0.0 281.712
4.69434458544 0.9990790948652146 0.0 281.894
4.69426914108 0.9989815462960988 0.0 282.076
4.69441301172 0.9989806465475694 0.0 282.257
4.69437090324 0.9990394707776578 0.0 282.438
4.6944024846 0.9991390529532296 0.0 282.617
4.694305986 0.9990994430361474 0.0 282.797
4.6943673942 0.9991794859257984 0.0 282.978
4.6942796682 0.9993793428667398 0.0 283.158
4.69425685944 0.9993794855667396 0.0 283.34
4.69437265776 0.9992598799730792 0.0 283.522
4.694393712 0.9991592145648114 0.0 283.703
4.69427265012 0.9991800785610458 0.0 283.887
4.69433756736 0.9992802062324634 0.0 284.069
4.6942656320400005 0.999180122459981 0.0 284.251
4.69437090324 0.998980155885569 0.0 284.43
4.69438143036 0.9988400968609144 0.0 284.615
4.6942972134 0.9987601964593616 0.0 284.8
4.69423229616 0.9990403376598008 0.0 284.982
4.69428317724 0.9992805464832666 0.0 285.163
4.69433054928 0.999519017770184 0.0 285.343
4.69432177668 0.9996598199073004 0.0 285.525
4.69433756736 0.9996999345818708 0.0 285.706
4.69434458544 0.9996998906601172 0.0 285.888
4.69442704788 0.9996792678437908 0.0 286.071
4.69429370436 0.9995192483177324 0.0 286.253
4.694390202959999 0.9993980040590408 0.0 286.436
4.69435511256 0.999518864071878 0.0 286.62
4.69424808684 0.9996803878260234 0.0 286.799
4.69431124956 0.9996598857873004 0.0 286.979
4.69428317724 0.9994589939261106 0.0 287.159
4.69437967584 0.9993395090357514 0.0 287.342
4.69435511256 0.9993396627064548 0.0 287.523
4.6943638851600005 0.9994182754598154 0.0 287.705
4.6943586216 0.9993587421608896 0.0 287.888
4.69435335804 0.9992197872141474 0.0 288.073
4.6943235312 0.999199867042925 0.0 288.256
4.694349849 0.9993789037900724 0.0 288.434
4.694349849 0.9995591104986872 0.0 288.611
4.694342830919999 0.9996797948939408 0.0 288.793
4.69422352356 0.9997006483109028 0.0 288.973
4.6942972134 0.999700187132027 0.0 289.152
4.69427615916 0.99961989187735 0.0 289.336
4.6943130040800005 0.9994990208043492 0.0 289.515
4.69420422384 0.999399167634996 0.0 289.697
4.69427615916 0.9995193581023168 0.0 289.878
4.69424984136 0.9997992580543564 0.0 290.06
4.69431826764 0.9999991432685936 0.0 290.241
4.694288440799999 0.9998987962246764 0.0 290.423
4.69426387752 0.999799170202078 0.0 290.604
4.6942375597199995 0.9997005604672746 0.0 290.786
4.69437967584 0.9997984454213688 0.0 290.97
4.69425510492 0.9998788981369652 0.0 291.151
4.694291949839999 0.9998786675064052 0.0 291.332
4.6942270326 0.9997802993912114 0.0 291.512
4.69423931424 0.9997005494868224 0.0 291.693
4.69432879476 0.999659775987305 0.0 291.876
4.694305986 0.9995995984735472 0.0 292.058
4.69428317724 0.99957963445085 0.0 292.24
4.69426738656 0.999519412994618 0.0 292.422
4.6943147586 0.9995593300765596 0.0 292.602
4.69430247696 0.9995795136805316 0.0 292.783
4.69424984136 0.9995798430541966 0.0 292.965
4.694288440799999 0.9995594947600268 0.0 293.146
4.6941919422 0.9994595647718352 0.0 293.328
4.69434809448 0.9995189079856748 0.0 293.505
4.69425159588 0.999620045591268 0.0 293.685
4.69425510492 0.9997004506627613 0.0 293.866
4.6942972134 0.999700187132027 0.0 294.048
4.6942533504 0.9996803548853336 0.0 294.23
4.6943130040800005 0.9995794478058244 0.0 294.411
4.69429019532 0.9995795905343672 0.0 294.593
4.69419545124 0.9995399698768804 0.0 294.774
4.69425685944 0.9996602261674392 0.0 294.954
4.6942533504 0.9998394496070409 0.0 295.136
4.69429019532 0.9999993190082496 0.0 295.317
4.69423054164 0.9998790518907316 0.0 295.501
4.69429019532 0.9997597973102794 0.0 295.683
4.69424633232 0.9996602920474926 0.0 295.866
4.6943358128399995 0.9995793050773224 0.0 296.047
4.69422352356 0.9996403280260066 0.0 296.23
4.69422878712 0.9997993898328033 0.0 296.411
4.69417088796 0.9998794252929314 0.0 296.592
4.69425159588 0.9998789201017864 0.0 296.773
4.69424984136 0.9997992580543564 0.0 296.953
4.69427440464 0.9997003298778242 0.0 297.133
4.694262123000001 0.999579766200322 0.0 297.313
4.6942007148 0.9995801504698132 0.0 297.495
4.6942972134 0.9996197601226012 0.0 297.675
4.69417790604 0.9997403933337728 0.0 297.853
4.694193696719999 0.9998390689906964 0.0 298.033
4.6941393065999995 0.9999801568377258 0.0 298.215
4.69418141508 1.0 0.0 298.395
4.69431826764 0.9997988297746444 0.0 298.577
4.69427440464 0.9996400096121416 0.0 298.766
4.694211241920001 0.9995398710686662 0.0 298.949
4.694262123000001 0.9994591256596812 0.0 299.131
4.69423931424 0.9995195886500224 0.0 299.317
4.69422352356 0.9996202212643746 0.0 299.499
4.69425685944 0.9996803329248752 0.0 299.682
4.69425861396 0.999759994970111 0.0 299.869
4.69431124956 0.9997202060390696 0.0 300.05
4.69421826 0.999660467727678 0.0 300.228
4.69427440464 0.999539475836004 0.0 300.411
4.694262123000001 0.999398805389361 0.0 300.594
4.69428668628 0.9994187584631554 0.0 300.777
4.69440073008 0.9996392190682502 0.0 300.958
4.69427615916 0.9997003188973766 0.0 301.141
4.69420422384 0.99960023527561 0.0 301.324
4.69431826764 0.9993992081242314 0.0 301.507
4.69430774052 0.999100186065466 0.0 301.691
4.6943323037999996 0.9989208310405312 0.0 301.871
4.69432528572 0.9989208749280598 0.0 302.05
4.69435686708 0.9989407841790584 0.0 302.229
4.69425159588 0.9990402169546022 0.0 302.413
4.6942796682 0.9991599279075496 0.0 302.594
4.6942375597199995 0.9991400845360298 0.0 302.776
4.69429019532 0.9990995418007652 0.0 302.957
4.69422878712 0.9991401394075148 0.0 303.14
4.69422176904 0.9990999697810016 0.0 303.322
4.6942375597199995 0.9991400845360298 0.0 303.502
4.69431124956 0.9992401573687404 0.0 303.683
4.6942708956 0.9993602963334643 0.0 303.863
4.69429545888 0.9994589170815436 0.0 304.044
4.69421650548 0.9994795178450528 0.0 304.225
4.6943147586 0.9992200286678118 0.0 304.412
4.6942340506799995 0.9988812319456708 0.0 304.595
4.69424282328 0.9987605365331896 0.0 304.775
4.69424282328 0.9988409635700006 0.0 304.956
4.69428142272 0.998740188436105 0.0 305.142
4.6942656320400005 0.9989406007251792 0.0 305.327
4.6942708956 0.9992798693107876 0.0 305.51
4.694211241920001 0.99939912372642 0.0 305.693
4.6942849317599995 0.9994187694405098 0.0 305.876
4.69429370436 0.999559461823329 0.0 306.057
4.69424984136 0.9995798430541966 0.0 306.238
4.69416036084 0.9994999759115952 0.0 306.42
4.69420597836 0.9993991566578516 0.0 306.598
4.69426387752 0.9994189011687772 0.0 306.779
4.69418843316 0.9996204408558448 0.0 306.959
4.69414983372 0.9996407891774812 0.0 307.139
4.69422527808 0.9993997899128332 0.0 307.323
4.69438844844 0.9993987690389428 0.0 307.506
