X_channel Y_channel II_channel timestamp
2.65700648856 0.9813597203451512 0.0 0.51
2.65702403376 0.9815708218668298 0.0 0.688
2.6570485970399997 0.9817606218953052 0.0 0.869
2.65706614224 0.9819918746288148 0.0 1.05
2.65712579592 0.9823066433404708 0.0 1.238
2.6571100052400003 0.9825595325735054 0.0 1.422
2.6570117521200003 0.9824565806679992 0.0 1.603
2.65705561512 0.982371173614304 0.0 1.79
2.6569327987199998 0.9825830030874234 0.0 1.97
2.65703456088 0.982982083150911 0.0 2.15
2.6570135066400002 0.9832989412023893 0.0 2.332
2.65700648856 0.983594143160846 0.0 2.517
2.65702578828 0.9838882138538172 0.0 2.699
2.65898558712 0.9839904724886916 0.0 2.879
2.66032077684 0.9841006985012216 0.0 3.063
2.66272271472 0.9842582834808974 0.0 3.25
2.66534572212 0.984099397092304 0.0 3.433
2.66651247792 0.9841258639639882 0.0 3.614
2.6702390784 0.9843312118783092 0.0 3.796
2.67153040512 0.9844825362703636 0.0 3.977
2.6753535042000003 0.9845397629644066 0.0 4.16
2.6761623379199997 0.984635470190448 0.0 4.344
2.68030300512 0.9847291867358468 0.0 4.527
2.6813188722 0.9849062681847036 0.0 4.71
2.68479808536 0.9849678584960369 0.0 4.892
2.68654909632 0.9849879039614808 0.0 5.074
2.6892721113599998 0.984953128553934 0.0 5.255
2.6917810749599997 0.9849210889537278 0.0 5.436
2.69403387864 0.98489232230551 0.0 5.617
2.69712007932 0.984956271414866 0.0 5.799
2.69827981704 0.984983864073924 0.0 5.98
2.70219415116 0.9850398810547668 0.0 6.162
2.70301877556 0.9852810938417356 0.0 6.343
2.70718751508 0.985522772207045 0.0 6.525
2.7083472528 0.9857191411807774 0.0 6.709
2.71177032132 0.9858025876221004 0.0 6.886
2.71365643032 0.985841282485485 0.0 7.066
2.71626540156 0.9859332661569538 0.0 7.249
2.71895508072 0.985962481753255 0.0 7.435
2.72071486428 0.9860247727145852 0.0 7.616
2.72415898704 0.9860655360056872 0.0 7.797
2.72544329568 0.9862160205836362 0.0 7.979
2.72950150044 0.986312500764479 0.0 8.16
2.7302173445999998 0.9863245432506657 0.0 8.341
2.73439836576 0.9863540154321818 0.0 8.518
2.73553178568 0.9865718295621696 0.0 8.7
2.73862500444 0.9866382361052392 0.0 8.881
2.74077604596 0.9865259816125002 0.0 9.061
2.74316745672 0.9864742264109244 0.0 9.244
2.7462010218 0.9865829732805532 0.0 9.422
2.7478186892400003 0.9868358745769308 0.0 9.604
2.75149265412 0.986937207022564 0.0 9.785
2.7523979864399997 0.9869256316886093 0.0 9.967
2.7564737364000003 0.9868735236155526 0.0 10.146
2.7574738128 0.9869012537957677 0.0 10.324
2.76144955512 0.9869979178336218 0.0 10.508
2.76286720728 0.9873168671370032 0.0 10.689
2.76602885232 0.9875915182523144 0.0 10.871
2.7682658653199996 0.9876680163639614 0.0 11.052
2.7701958373199997 0.9876433276847134 0.0 11.232
2.77353995244 0.9876640919219448 0.0 11.415
2.77496813172 0.9876458235010772 0.0 11.595
2.7788298302400003 0.9877862432657368 0.0 11.779
2.7798351701999997 0.9878985994394603 0.0 11.958
2.78396180124 0.9878458076427576 0.0 12.14
2.78490222396 0.9879396621718866 0.0 12.324
2.78863233348 0.9880806740055136 0.0 12.504
2.79034649952 0.9880791238654908 0.0 12.684
2.7933379561200002 0.9880620265472436 0.0 12.867
2.79579779316 0.9881576010883792 0.0 13.047
2.79781724568 0.9882799777348068 0.0 13.227
2.80108416192 0.9883837380806436 0.0 13.409
2.8023140804399995 0.9883891719352504 0.0 13.59
2.80632491316 0.988422535049654 0.0 13.77
2.80743552432 0.9884506652922644 0.0 13.953
2.81157092796 0.9885663135131352 0.0 14.136
2.8124166066 0.9887653327630248 0.0 14.317
2.81534840952 0.9887489772501536 0.0 14.497
2.8177082389200003 0.988550225775496 0.0 14.678
2.82088392012 0.988405608972272 0.0 14.859
2.82326480376 0.9885206692394284 0.0 15.038
2.8255474342799998 0.988681956873099 0.0 15.223
2.82859503552 0.9887479916404104 0.0 15.406
2.83011795888 0.9888536390298668 0.0 15.586
2.8340568562799997 0.9887820694523384 0.0 15.77
2.8349446434 0.9886667452038514 0.0 15.952
2.83923619932 0.9886531060715098 0.0 16.136
2.84005380564 0.9888534704266704 0.0 16.319
2.84394708552 0.9888036544354936 0.0 16.5
2.84565774252 0.9888875688019484 0.0 16.681
2.8488386872800002 0.9890346581305506 0.0 16.863
2.8510564005599996 0.9888600190022908 0.0 17.046
2.85329165904 0.9887264238888968 0.0 17.226
2.85636206904 0.9887717774918772 0.0 17.408
2.8577727031199998 0.9887960464940964 0.0 17.59
2.8618116081599996 0.9887232262828832 0.0 17.773
2.8628643201600004 0.9886886059574111 0.0 17.96
2.8670348142 0.9887391887536864 0.0 18.139
2.86792435584 0.9888116349432416 0.0 18.321
2.8713228610800003 0.9888950864104354 0.0 18.503
2.87329318704 0.9890584072276856 0.0 18.685
2.8764758863199997 0.9891438098214548 0.0 18.866
2.87873921712 0.9891571565848718 0.0 19.048
2.88104114736 0.9891065570314326 0.0 19.229
2.884167702 0.989087711874126 0.0 19.408
2.88563097168 0.9890478451269156 0.0 19.592
2.8894505617200004 0.988956694637268 0.0 19.772
2.8904927466 0.988943366122366 0.0 19.955
2.8944825250800004 0.9888711972208188 0.0 20.135
2.89563173568 0.9888776487826352 0.0 20.316
2.89934780904 0.9890196502567532 0.0 20.497
2.90103214824 0.9891865665453374 0.0 20.677
2.9039341243199996 0.9895281984652587 0.0 20.861
2.90654485008 0.9898515957344052 0.0 21.043
2.9085046489199997 0.9899737235835198 0.0 21.224
2.9118961360799998 0.9898668908141586 0.0 21.404
2.9133015066 0.989848906276552 0.0 21.586
2.9172439130399996 0.989883021456664 0.0 21.771
2.9180474832 0.9898727386263412 0.0 21.954
2.92214955096 0.989799110792796 0.0 22.134
2.92335666072 0.9900354848526108 0.0 22.313
2.9272166047199994 0.9903005165908688 0.0 22.496
2.92890445296 0.990404944354106 0.0 22.677
2.93179239288 0.990515933008811 0.0 22.86
2.93430486552 0.9907770307093852 0.0 23.04
2.93629800024 0.991129305185278 0.0 23.223
2.9397596682 0.9913367298692616 0.0 23.403
2.94113345736 0.9913817396193306 0.0 23.582
2.9450249827199997 0.9913318839739838 0.0 23.765
2.94599523228 0.9912156395818412 0.0 23.948
2.95027626108 0.9911608067864716 0.0 24.134
2.95132897308 0.9913145261554628 0.0 24.317
2.95502925576 0.991498771423244 0.0 24.496
2.95666797744 0.9916449682665206 0.0 24.68
2.95952609052 0.9916928656568964 0.0 24.863
2.9621017258799998 0.9916809936719452 0.0 25.049
2.96435628408 0.9917569550050046 0.0 25.229
2.96753547432 0.9917988809090804 0.0 25.41
2.968691703 0.9918474462421536 0.0 25.592
2.97281657952 0.9918579717068476 0.0 25.773
2.9738499918 0.9919292317491744 0.0 25.956
2.9781029482799997 0.9918536148356788 0.0 26.139
2.9792012777999997 0.9916705532371026 0.0 26.32
2.9830489401599998 0.991663514803485 0.0 26.503
2.9847385429199997 0.9918734262959332 0.0 26.689
2.98797036876 0.9919991475125262 0.0 26.866
2.99013895548 0.9920558469980656 0.0 27.046
2.99208998172 0.992051970189083 0.0 27.225
2.9954305878000005 0.9920936488144876 0.0 27.407
2.99696228376 0.9921796193731384 0.0 27.588
3.0009046902 0.9921291076992064 0.0 27.771
3.00217145364 0.9919861735756906 0.0 27.956
3.00619632252 0.9916408371268264 0.0 28.139
3.00711744552 0.991545369978738 0.0 28.319
3.01080544656 0.991498154090143 0.0 28.502
3.01250733096 0.9916848744980572 0.0 28.682
3.01543036128 0.9918797017947808 0.0 28.864
3.0179866969200004 0.9918047397746144 0.0 29.045
3.0195569923199996 0.9918057457224316 0.0 29.228
3.0233941275599996 0.9919658853873256 0.0 29.41
3.02503109472 0.9923433979619054 0.0 29.59
3.0289419198 0.9924613906945172 0.0 29.77
3.02993497812 0.9923853386283638 0.0 29.951
3.0341423170799997 0.9920377686520556 0.0 30.134
3.03512835732 0.9918148490021426 0.0 30.316
3.03908129088 0.9916806078270516 0.0 30.5
3.04055859672 0.9917664428239188 0.0 30.681
3.04363427028 0.991727074208416 0.0 30.862
3.0460625259599996 0.9915912585658504 0.0 31.044
3.04820304036 0.9914601883986452 0.0 31.227
3.05144188428 0.991292123803724 0.0 31.41
3.05303323392 0.9912928703720452 0.0 31.589
3.056900196 0.9913911234036336 0.0 31.77
3.05766692124 0.9914630864868076 0.0 31.952
3.0619005780000004 0.9914511274623548 0.0 32.136
3.0631287419999995 0.9914776176774748 0.0 32.317
3.06717466512 0.9915313595705098 0.0 32.5
3.0687168882000004 0.9914483321070048 0.0 32.681
3.07173817164 0.9912627875455516 0.0 32.863
3.07410501912 0.9911288757949086 0.0 33.047
3.0763613318400003 0.9911211230268948 0.0 33.23
3.07961947548 0.9911419633378444 0.0 33.41
3.08110906296 0.9910604209793146 0.0 33.591
3.08492163492 0.9910116807782694 0.0 33.774
3.0859497836400003 0.991143563518335 0.0 33.954
3.09018870396 0.9911104654995976 0.0 34.136
3.0911238631200004 0.9910352309255268 0.0 34.317
3.09514171392 0.9910682431725992 0.0 34.5
3.0967365726000002 0.9911744077323992 0.0 34.683
3.0996596029199996 0.9911792241809506 0.0 34.865
3.1020264504 0.9911911498670308 0.0 35.046
3.10437224364 0.9913061560341546 0.0 35.227
3.10749528924 0.9913927653616936 0.0 35.409
3.1086497634 0.9914412715288168 0.0 35.59
3.1127395495199996 0.9912624617807512 0.0 35.769
3.11375892564 0.9910614933718817 0.0 35.951
3.11797328268 0.990818656717863 0.0 36.132
3.1191856559999995 0.9905941569761428 0.0 36.317
3.12315788928 0.9903966233926648 0.0 36.502
3.1245509781600003 0.990357750892924 0.0 36.682
3.12754418928 0.9903406169607236 0.0 36.863
3.13010227944 0.9905169388168306 0.0 37.046
3.1322585845199997 0.990572942107984 0.0 37.226
3.1355114646 0.9905314046103462 0.0 37.408
3.13685893596 0.9904931183338852 0.0 37.588
3.1408662596399997 0.9904208749234552 0.0 37.771
3.1418663360399997 0.9904291869664008 0.0 37.956
3.1460508662399995 0.9903133232731344 0.0 38.135
3.1472053404 0.9901950416110836 0.0 38.314
3.1509073776 0.990021333983881 0.0 38.495
3.1525671535199997 0.9898736966675844 0.0 38.678
3.15556913724 0.9898353999409624 0.0 38.858
3.15817459944 0.9897186542728822 0.0 39.039
3.1596624323999998 0.989575074001516 0.0 39.222
3.16345745916 0.9894845326395326 0.0 39.404
3.1648558116 0.9896334446620352 0.0 39.585
3.1688438355599997 0.989771448958894 0.0 39.764
3.16998602808 0.9897990257145424 0.0 39.951
3.1741231862399997 0.9897251933025366 0.0 40.135
3.17516888016 0.989565155810342 0.0 40.316
3.1789867156800002 0.989286561372632 0.0 40.502
3.18067631844 0.9892018198522596 0.0 40.688
3.1837081289999998 0.9892263871896988 0.0 40.866
3.1862486739599998 0.989257213333954 0.0 41.053
3.18834707988 0.989251538487034 0.0 41.232
3.19158241476 0.9894815342408272 0.0 41.414
3.19319481864 0.9896295069118322 0.0 41.594
3.19701440868 0.989559753402758 0.0 41.777
3.19804957548 0.9894412379967022 0.0 41.961
3.20226042348 0.9893665123112244 0.0 42.144
3.2032885721999995 0.9892902224857276 0.0 42.328
3.2072555419200004 0.9889895709590368 0.0 42.505
3.2087574110399997 0.9887598285780328 0.0 42.688
3.21091547064 0.9886296774807566 0.0 42.868
3.2143736295600003 0.9885856500723236 0.0 43.051
3.2159509430399997 0.9885445105184938 0.0 43.233
3.2199793209600003 0.9883879402016196 0.0 43.414
3.22091097108 0.9881462873105624 0.0 43.594
3.22402173504 0.9878969250167102 0.0 43.779
3.2269500289199997 0.987838620856442 0.0 43.959
3.2291484424799997 0.9876843249060794 0.0 44.137
3.23096963424 0.987537465817538 0.0 44.316
3.23269608192 0.9873260217568046 0.0 44.496
3.23392424592 0.9871438164056024 0.0 44.679
3.2349927486000003 0.9870047012427756 0.0 44.862
3.2359577346 0.9870345470246088 0.0 45.045
3.23729292432 0.9872465380975052 0.0 45.229
3.24614974128 0.9873023910522796 0.0 45.41
3.25080799188 0.9870124325362571 0.0 45.594
3.2524835584800003 0.986573840099238 0.0 45.769
3.25645228272 0.9862927020057324 0.0 45.95
3.2574049870799997 0.986008824238907 0.0 46.13
3.2613631842 0.9857699604552442 0.0 46.311
3.26289137112 0.985625082255958 0.0 46.491
3.26642848344 0.985455784046021 0.0 46.671
3.2684338997999998 0.985346171320096 0.0 46.854
3.27089724588 0.9851263252237598 0.0 47.034
3.27393256548 0.9846917010767732 0.0 47.216
3.2754870702 0.984378188330282 0.0 47.402
3.27931543284 0.9841632015637996 0.0 47.584
3.28080852936 0.9839346655923498 0.0 47.764
3.2847439177199997 0.9836981091054794 0.0 47.944
3.28578434808 0.9836007793634864 0.0 48.126
3.28992150624 0.9835273868543682 0.0 48.311
3.29116019736 0.9833441905394384 0.0 48.493
3.29467976448 0.9830911275002886 0.0 48.674
3.29669570796 0.9827098360438776 0.0 48.856
3.29925028908 0.982364620323542 0.0 49.038
3.3018189063600003 0.9821436258845044 0.0 49.219
3.304068201 0.9819277310267992 0.0 49.403
3.3066841903200004 0.9818323751957287 0.0 49.587
3.30924052596 0.9816949220967311 0.0 49.772
3.3119354686799998 0.9814723835157272 0.0 49.953
3.31420757208 0.9811098078536322 0.0 50.135
3.316876197 0.9806993991971888 0.0 50.319
3.31932726144 0.9803977069555906 0.0 50.502
3.3221046666 0.9799859788360876 0.0 50.684
3.32470486524 0.9795780896310644 0.0 50.868
3.3271629477599998 0.9794419799694952 0.0 51.049
3.3297964822800004 0.9793877836032928 0.0 51.23
3.33232299108 0.9790642051768458 0.0 51.413
3.33476177388 0.9786568545207656 0.0 51.596
3.3372742465200003 0.9782704175464326 0.0 51.777
3.33985865448 0.9778620753082526 0.0 51.957
3.34232024604 0.9773712030621778 0.0 52.136
3.34491869016 0.9770457874212416 0.0 52.317
3.34740309048 0.9767851596146748 0.0 52.496
3.34988573628 0.9765876397646136 0.0 52.679
3.3525280433999995 0.9763450326521436 0.0 52.86
3.35504227056 0.975958736584696 0.0 53.042
3.3575336889600003 0.975572751512339 0.0 53.222
3.3598707096000004 0.9751466857232088 0.0 53.405
3.3626007427199998 0.9746736823865504 0.0 53.587
3.36518164164 0.9742446175247108 0.0 53.769
3.3675414710399996 0.9739226514649268 0.0 53.951
3.3700592072399997 0.9734734113737492 0.0 54.131
3.37284889404 0.9730418165100608 0.0 54.313
3.37549295568 0.9726330889705008 0.0 54.494
3.37803350064 0.9721626360602732 0.0 54.678
3.38075476116 0.9716907454006886 0.0 54.861
3.38301984648 0.9712448069866066 0.0 55.045
3.3855340736399997 0.9708168001152236 0.0 55.221
3.38789390304 0.9703907460362275 0.0 55.402
3.3904976107199998 0.9698994299631764 0.0 55.584
3.39298902912 0.9694499924007872 0.0 55.765
3.39553834668 0.9690636829815912 0.0 55.947
3.39801221988 0.9685320549880964 0.0 56.128
3.40068435384 0.9679562390924742 0.0 56.313
3.4032494620800002 0.967548811823596 0.0 56.494
3.40587071496 0.9672657113083044 0.0 56.676
3.4083393246 0.9669217666071084 0.0 56.857
3.41069739948 0.9662457352085068 0.0 57.039
3.4134362052 0.9653355328531764 0.0 57.22
3.41598376824 0.9644899916148802 0.0 57.404
3.4184313236399997 0.9640212004872234 0.0 57.587
3.42102801324 0.9636136048652026 0.0 57.77
3.4236913746 0.963016970773825 0.0 57.953
3.42613542096 0.9624031359007162 0.0 58.136
3.42868649304 0.9619331926834668 0.0 58.316
3.4313516089199996 0.961462659687366 0.0 58.493
3.4338623270399995 0.960868324235836 0.0 58.675
3.43626075588 0.9599417778066992 0.0 58.856
3.4388065644 0.9592838368244152 0.0 59.037
3.4413506183999996 0.9586480087777738 0.0 59.219
3.443903445 0.9579701189290216 0.0 59.402
3.4457369183999997 0.957258858380972 0.0 59.582
3.4492108679999998 0.9566319408708404 0.0 59.766
3.4499618025600003 0.9557679147887808 0.0 59.945
3.4542586220400002 0.9550268201771894 0.0 60.125
3.45540256908 0.9543462155689404 0.0 60.307
3.4588168649999997 0.953698192722947 0.0 60.488
3.46073981892 0.9530910401035648 0.0 60.67
3.4634716065599997 0.952348335804318 0.0 60.849
3.46610338656 0.95144054571627 0.0 61.033
3.4677438627599995 0.95046199630386 0.0 61.218
3.4715055536399997 0.9496027321785562 0.0 61.398
3.47295478716 0.9489388423867332 0.0 61.577
3.4769393020800003 0.9482220830842568 0.0 61.759
3.47790428808 0.947021862607234 0.0 61.94
3.48208004568 0.9460127731144844 0.0 62.124
3.4833854085600002 0.945016566442845 0.0 62.306
3.4867242601200004 0.944121675518998 0.0 62.487
3.4887665214 0.9433047251227044 0.0 62.669
3.49132285704 0.942397660516064 0.0 62.848
3.49421781504 0.941404464040884 0.0 63.03
3.49636008396 0.94010645696631 0.0 63.209
3.4995041837999996 0.9388594017644172 0.0 63.389
3.50072182068 0.9376775875383562 0.0 63.568
3.50472738984 0.9367332342101704 0.0 63.749
3.50575729308 0.9357837905283054 0.0 63.928
3.50969443596 0.9347976694349236 0.0 64.111
3.51115946016 0.933842050009839 0.0 64.291
3.5144702393999996 0.9327185756824394 0.0 64.474
3.51670549788 0.9315668802045496 0.0 64.657
3.51853019868 0.9303572179462182 0.0 64.839
3.52190238612 0.9294210074155504 0.0 65.02
3.5236955055599997 0.9283369227650716 0.0 65.2
3.5274273696 0.927167691188287 0.0 65.383
3.5286414974399998 0.92594457470071 0.0 65.567
3.53267864796 0.924771910935869 0.0 65.75
3.5336717062800003 0.9235725061613164 0.0 65.934
3.5378474638799995 0.9223774288166232 0.0 66.114
3.5390177287199998 0.9212381704784866 0.0 66.297
3.54211445652 0.920159052269126 0.0 66.476
3.5445392031600003 0.9188389134364872 0.0 66.661
3.5471797557599998 0.9174334865417716 0.0 66.844
3.54993435216 0.9162766104974652 0.0 67.025
3.55195380468 0.9151074735780804 0.0 67.207
3.55532950116 0.9140255084553034 0.0 67.387
3.55631905044 0.9128677785266088 0.0 67.57
3.56051410776 0.9118822726856196 0.0 67.754
3.56138961324 0.9108507267033914 0.0 67.935
3.56541799116 0.9098052287907448 0.0 68.118
3.5668356433199997 0.9087247394295228 0.0 68.298
3.5700709782 0.9075209418587834 0.0 68.481
3.57234834516 0.9063702999895048 0.0 68.664
3.5746906293599996 0.905385886046665 0.0 68.848
3.57770138568 0.9044556189539298 0.0 69.03
3.579483978 0.9033730053387145 0.0 69.212
3.58313513412 0.9024354658087412 0.0 69.396
3.5839755492 0.9015917984814712 0.0 69.581
3.58814955228 0.9009609106270016 0.0 69.762
3.5894531606399998 0.9003425140755377 0.0 69.944
3.59364646344 0.8996478566397945 0.0 70.125
3.59476233816 0.8988239510303476 0.0 70.309
3.59858543724 0.8979888241482091 0.0 70.492
3.60014520552 0.8974503892505366 0.0 70.673
3.60291734712 0.8970229860620934 0.0 70.853
3.6054842098799997 0.8966398800446763 0.0 71.033
3.60757208868 0.8962203923927462 0.0 71.215
3.6109267309199997 0.8958275078555513 0.0 71.392
3.61220402148 0.89531417964825 0.0 71.572
3.6161692366800002 0.8948515028083809 0.0 71.755
3.6171587859599996 0.8946534315393648 0.0 71.935
3.62128190796 0.8944812612886667 0.0 72.117
3.6224819996399997 0.8944465599940216 0.0 72.294
3.62537520312 0.8944762565660891 0.0 72.474
3.62785784892 0.8945106552428473 0.0 72.66
3.63048085632 0.8945408249642267 0.0 72.841
3.6332775612 0.8945297271514218 0.0 73.023
3.63511629816 0.8946762300064298 0.0 73.202
3.638655165 0.8949061350874451 0.0 73.38
3.63976577616 0.8953725234168993 0.0 73.563
3.64390644336 0.8957614612428759 0.0 73.743
3.6448240573199997 0.8961873484840025 0.0 73.924
3.6488840166000003 0.8966198151167285 0.0 74.106
3.6501806068800002 0.8972915714708178 0.0 74.288
3.65341769628 0.8980030308404842 0.0 74.469
3.6556476912 0.8988516657104428 0.0 74.655
3.6581917452 0.8995298984852316 0.0 74.836
3.66094985064 0.9002040493601332 0.0 75.016
3.6625868178 0.9010803202598072 0.0 75.191
3.66638886264 0.9018679530778828 0.0 75.374
3.66753280968 0.9028325299074312 0.0 75.556
3.67162785936 0.9037422568956563 0.0 75.738
3.67250336484 0.9049176431853032 0.0 75.924
3.6761615390399998 0.9058932430743192 0.0 76.109
3.67786342344 0.9069770337688396 0.0 76.291
3.68133561852 0.9080810202443128 0.0 76.476
3.6832585724399998 0.9092021538148172 0.0 76.657
3.68602018692 0.9103971904632808 0.0 76.839
3.6886817937600003 0.9114886498884226 0.0 77.027
3.6906082567199996 0.9126095531833222 0.0 77.21
3.6941944955999997 0.9136063384442707 0.0 77.389
3.6954402047999997 0.9148815909984735 0.0 77.568
3.6992808490799995 0.9160426610662316 0.0 77.749
3.70023179892 0.917279394475538 0.0 77.931
3.7041970141199996 0.9181675351190768 0.0 78.11
3.70569361968 0.9192530844788956 0.0 78.29
3.70885526472 0.920420999862409 0.0 78.473
3.7111063138800002 0.9215592767127484 0.0 78.653
3.71322401952 0.9228421394280144 0.0 78.832
3.71632951992 0.9241995662567926 0.0 79.011
3.7179226240800003 0.9255303319417052 0.0 79.187
3.72164571552 0.9266291692200952 0.0 79.367
3.72255455688 0.9280333026824285 0.0 79.547
3.7263460746 0.9292775951410676 0.0 79.727
3.7278532072800004 0.9305254245839084 0.0 79.915
3.7315482264 0.9317497416204942 0.0 80.094
3.73330976448 0.9331008343495604 0.0 80.277
3.7362257767199996 0.9343133355443038 0.0 80.46
3.738662805 0.9353858328172838 0.0 80.643
3.74084542788 0.9364605261693252 0.0 80.827
3.74389478364 0.9373592590036878 0.0 81.007
3.7453089267599995 0.9384229170021778 0.0 81.187
3.74917062528 0.9395190899383284 0.0 81.365
3.7501952649600003 0.9409394867727432 0.0 81.546
3.75422364288 0.9422216882654548 0.0 81.727
3.755418471 0.9434961198748988 0.0 81.909
3.75900295536 0.9445115967860088 0.0 82.092
3.7608539739599998 0.945589765668268 0.0 82.272
3.76346645424 0.9466176260261542 0.0 82.452
3.76617718764 0.9476452726820684 0.0 82.635
3.76818786756 0.9489087433165172 0.0 82.815
3.77150917392 0.9499905162816852 0.0 82.997
3.77249345964 0.9508706120031886 0.0 83.181
3.77649727428 0.951528641659798 0.0 83.357
3.77775175608 0.9523643396817536 0.0 83.541
3.78170819868 0.9532718808583124 0.0 83.722
3.78298899828 0.9543773932228414 0.0 83.902
3.78640504872 0.9554157605199052 0.0 84.084
3.7883069484 0.9563690691656724 0.0 84.268
3.7910597902800003 0.9572899683715308 0.0 84.449
3.7937389423199996 0.9580264452545492 0.0 84.632
3.795596979 0.9587927927103626 0.0 84.815
3.7989796935599998 0.95958116367868 0.0 84.998
3.80059911552 0.960516783835392 0.0 85.18
3.8043994058399995 0.9612591425466248 0.0 85.364
3.80520122148 0.9619554761342948 0.0 85.547
3.80939978784 0.9625266691299136 0.0 85.733
3.81055952556 0.9633013528694016 0.0 85.914
3.8140054028400003 0.9641512952263128 0.0 86.094
3.8157897496800004 0.9648774564643128 0.0 86.274
3.81846539268 0.9656949832825614 0.0 86.455
3.8212831518000003 0.966407261566322 0.0 86.639
3.8232201418800003 0.9667986496068096 0.0 86.82
3.8263852959599998 0.9673203227947016 0.0 87.001
3.82775557608 0.9680093677337284 0.0 87.183
3.83151024888 0.9685646708047938 0.0 87.361
3.83259629676 0.9691325914481188 0.0 87.545
3.8366685376799996 0.9697047645393452 0.0 87.724
3.8379107378399997 0.9703735895595272 0.0 87.908
3.84153557616 0.9709517309037604 0.0 88.094
3.84334097724 0.9715936581243928 0.0 88.276
3.8459078399999997 0.9721631681020494 0.0 88.458
3.84866419092 0.972481444266087 0.0 88.638
3.85058539032 0.9727690814862048 0.0 88.819
3.85388739696 0.9731640864129892 0.0 88.999
3.8553296124 0.973644062893816 0.0 89.182
3.8591369207999997 0.9741781421677048 0.0 89.363
3.8601036613199997 0.9748501338844088 0.0 89.546
3.86409519432 0.9753606810304966 0.0 89.725
3.86529353148 0.975885363199761 0.0 89.906
3.8687534449200003 0.976299077640312 0.0 90.084
3.87069745308 0.9767308796431916 0.0 90.264
3.87309939096 0.977261098329443 0.0 90.447
3.87597855828 0.9777020595959726 0.0 90.627
3.87764535228 0.978096269443074 0.0 90.809
3.88118071008 0.9784879978944072 0.0 90.991
3.8824966000799996 0.9788239101814424 0.0 91.172
3.8864284793999997 0.979085349718823 0.0 91.356
3.8873443388399997 0.9794061357678046 0.0 91.536
3.89068845396 0.9797375149694472 0.0 91.716
3.89258509008 0.9800660992009792 0.0 91.896
3.89622045552 0.980477288784464 0.0 92.083
3.89810130096 0.9810132236067526 0.0 92.261
3.9006488639999994 0.9815621762002442 0.0 92.443
3.90331047084 0.9821099243372452 0.0 92.624
3.9052106159999997 0.9824383541917902 0.0 92.806
3.9085968396 0.9827063806777028 0.0 92.987
3.9098916753600004 0.9830431514713608 0.0 93.169
3.91384811796 0.9833050231912036 0.0 93.349
3.9147008146799998 0.9835220828545792 0.0 93.529
3.91868708412 0.9836997970163436 0.0 93.712
3.92009245464 0.9840562509000224 0.0 93.893
3.92333305308 0.9843058991651352 0.0 94.075
3.9253191697200003 0.9844870305939786 0.0 94.254
3.92727721404 0.9847736291173556 0.0 94.432
3.9305739571199996 0.9850436473049872 0.0 94.615
3.9323442678 0.985249105635083 0.0 94.797
3.93570592812 0.9853938568110276 0.0 94.978
3.93720253368 0.98570628103775 0.0 95.16
3.9410782683599996 0.9859269524892164 0.0 95.343
3.9420730812 0.9862673057284328 0.0 95.525
3.9459716246400003 0.9866529896947408 0.0 95.708
3.94739454036 0.987028865331006 0.0 95.89
3.95046495036 0.9871571005045032 0.0 96.071
3.95270371788 0.9873557762762096 0.0 96.254
3.95496704868 0.9877001570502364 0.0 96.435
3.95776199904 0.9879752375468228 0.0 96.616
3.95951301 0.9880574692092012 0.0 96.797
3.96302731356 0.9879297451634568 0.0 96.98
3.96415546992 0.98801982142469 0.0 97.161
3.96806103144 0.9882190693728292 0.0 97.341
3.96912427056 0.9883926000577304 0.0 97.522
3.972978951 0.9885298902073796 0.0 97.704
3.97438081248 0.9887817766636352 0.0 97.886
3.97694592072 0.9891430694425948 0.0 98.067
3.979470675 0.9895257020953324 0.0 98.246
3.98187261288 0.9898272277772048 0.0 98.429
3.98484476976 0.9898522728945772 0.0 98.609
3.9864624372 0.9897067404771732 0.0 98.792
3.9901118388 0.9896189847563074 0.0 98.973
3.9911136697200003 0.9896271948814642 0.0 99.152
3.9950490580799998 0.9896400907897248 0.0 99.331
3.99610878816 0.9897309691192554 0.0 99.514
3.9997827530400003 0.989848796113058 0.0 99.695
4.00159341768 0.990219460968621 0.0 99.877
4.00422168864 0.9904763269212612 0.0 100.058
4.00675170648 0.990610376586832 0.0 100.238
4.008851866920001 0.9906672422349788 0.0 100.421
4.01205386592 0.990647653107068 0.0 100.601
4.01318728584 0.9907367858202096 0.0 100.783
4.01711916516 0.9908520643813076 0.0 100.963
4.01810345088 0.9909438536772808 0.0 101.144
4.0221020019600005 0.9909759427255465 0.0 101.326
4.02319155888 0.9910645711920154 0.0 101.505
4.02599879088 0.9911124813782634 0.0 101.684
4.02837090192 0.991290150746692 0.0 101.866
4.03117287036 0.9914404954846018 0.0 102.052
4.03378359612 0.9915533898174632 0.0 102.233
4.03573988592 0.991776138532016 0.0 102.416
4.0388699496 0.9920473359120012 0.0 102.601
4.040350764479999 0.9923195693065242 0.0 102.784
4.0439668302 0.9922946853136292 0.0 102.964
4.04496339756 0.9924670128297628 0.0 103.144
4.0488865042799995 0.9927690104142992 0.0 103.323
4.0501322134799995 0.9928782670984734 0.0 103.503
4.0538026693199996 0.9926443268923 0.0 103.685
4.0555554348000005 0.9925804929387386 0.0 103.865
4.05788192832 0.9925310222545388 0.0 104.049
4.06060143432 0.9923942961555536 0.0 104.225
4.06234191816 0.992309796273885 0.0 104.407
4.0656526974 0.9922679470977324 0.0 104.591
4.0670914038 0.9922705935785696 0.0 104.773
4.0708899396 0.9923059042198736 0.0 104.953
4.0717321092 0.9922952598265044 0.0 105.132
4.075355193 0.9921453251654256 0.0 105.321
4.0770816406799995 0.9921235091766896 0.0 105.504
4.08033452076 0.9918749131125132 0.0 105.688
4.0823399371199995 0.9911667157526036 0.0 105.875
4.08503312532 0.9902025673126732 0.0 106.057
4.08762279684 0.9900866094492108 0.0 106.237
4.08981945588 0.9909481414311264 0.0 106.421
4.0928126670000005 0.9918414738508854 0.0 106.604
4.09413031152 0.9925284185213692 0.0 106.785
4.09779199476 0.992813747076882 0.0 106.969
4.09887277908 0.9931306433190368 0.0 107.146
4.102816940039999 0.9935352008683758 0.0 107.329
4.10380999836 0.9938958606255228 0.0 107.509
4.10761555224 0.9941990485193014 0.0 107.692
4.10913496656 0.9944486535103708 0.0 107.872
4.111689547679999 0.9945204082803808 0.0 108.056
4.11422132004 0.994509173041178 0.0 108.239
4.11617585532 0.9945242427902036 0.0 108.421
4.11944452608 0.9946069842838008 0.0 108.605
4.12040951208 0.9948029358150952 0.0 108.783
4.12427471964 0.9949595490206468 0.0 108.961
4.12552393788 0.9951102527639069 0.0 109.145
4.12958565168 0.9952227224617588 0.0 109.327
4.13063660916 0.9952302242727984 0.0 109.508
4.1342105664 0.995184955031816 0.0 109.687
4.13584577904 0.9951642441160136 0.0 109.867
4.1386565200800005 0.9950870223460933 0.0 110.051
4.14115144752 0.9951802962820434 0.0 110.233
4.14316563648 0.9953818864794384 0.0 110.414
4.14616937472 0.9955303501190056 0.0 110.598
4.14750280992 0.9956999651239922 0.0 110.779
4.1513136273599995 0.995837141050108 0.0 110.959
4.15226282268 0.9959499643162856 0.0 111.14
4.15620698364 0.9957751393073336 0.0 111.32
4.15731584028 0.9956362477914928 0.0 111.502
4.16028799716 0.9956818236716728 0.0 111.683
4.16241096636 0.9956965422442384 0.0 111.866
4.16515679016 0.9958274200496808 0.0 112.047
4.16762890884 0.9959399120281278 0.0 112.226
4.16968871532 0.9958930109906744 0.0 112.408
4.17279597024 0.9958744493389874 0.0 112.589
4.1740381704 0.995921120981254 0.0 112.768
4.17791215056 0.9959760530946796 0.0 112.951
4.17875256564 0.99606863327603 0.0 113.131
4.182556365 0.996143424417798 0.0 113.307
4.18380558324 0.9962315973098486 0.0 113.487
4.18673387712 0.9964630651925668 0.0 113.665
4.18903229832 0.9965163516372252 0.0 113.845
4.19120790312 0.9963647699328873 0.0 114.022
4.19408180688 0.9960390104222824 0.0 114.202
4.19549068644 0.995835810960004 0.0 114.384
4.1991892146000005 0.9956649776941108 0.0 114.567
4.2002261359199995 0.9957758436572252 0.0 114.748
4.204179069479999 0.9959735083661448 0.0 114.93
4.20518791848 0.9960439096722984 0.0 115.112
4.20891627348 0.9959758975817228 0.0 115.295
4.21033217112 0.9959787602554576 0.0 115.478
4.21313063052 0.9960672971355616 0.0 115.658
4.215508005119999 0.9960769543093652 0.0 115.837
4.217592374880001 0.9959900040639826 0.0 116.017
4.22060839476 0.9959310243434812 0.0 116.199
4.22204359212 0.9960357739028336 0.0 116.376
4.2256315855199995 0.9960734991446738 0.0 116.556
4.2264983184 0.996187257250444 0.0 116.735
4.23027579996 0.9963031266543771 0.0 116.915
4.23158818092 0.9962457107452436 0.0 117.097
4.2348077251200005 0.9961028269446291 0.0 117.278
4.2367131338399995 0.9960163441873452 0.0 117.464
4.23879574908 0.9960315503075768 0.0 117.645
4.2417012342 0.99622080363419 0.0 117.824
4.243557516359999 0.9963427906805208 0.0 118.008
4.24685425944 0.9965062824036344 0.0 118.188
4.24804557852 0.996532761421528 0.0 118.369
4.25171603436 0.996590189345706 0.0 118.547
4.2528073458 0.9967418439459148 0.0 118.73
4.2565795638 0.9970447425272212 0.0 118.914
4.25788141764 0.9971511134781766 0.0 119.098
4.26120096948 0.9971090534666096 0.0 119.28
4.2630361974 0.9970234644334198 0.0 119.46
4.26539778132 0.9968922522666746 0.0 119.642
4.26812956896 0.9968368736638332 0.0 119.824
4.2698525076000005 0.9968150526402142 0.0 120.006
4.27320188628 0.9967518589968756 0.0 120.188
4.27434056976 0.9967582158032008 0.0 120.371
4.27813559652 0.9967101606264864 0.0 120.553
4.2790830373199995 0.996760489015443 0.0 120.731
4.28286051888 0.9967723838347464 0.0 120.91
4.28417114532 0.9967557888393628 0.0 121.09
4.2866783544 0.9967863631817238 0.0 121.271
4.289201354159999 0.996795963378348 0.0 121.453
4.29155767452 0.9967869016657664 0.0 121.636
4.29440350596 0.9967716431363882 0.0 121.817
4.29587905728 0.9969183477859724 0.0 121.998
4.2993758156399995 0.9969968744486462 0.0 122.181
4.30029869316 0.9969851888459949 0.0 122.361
4.30413758292 0.997040424844512 0.0 122.544
4.30519204944 0.9970478413344814 0.0 122.724
4.30887478692 0.997042746844538 0.0 122.903
4.31032577496 0.9972302255451688 0.0 123.083
4.31292246456 0.9973003947814364 0.0 123.263
4.3153647564 0.9974148241789504 0.0 123.442
4.317414035760001 0.997510864009005 0.0 123.625
4.32044058276 0.9974525461294126 0.0 123.808
4.32174594564 0.997395525218683 0.0 123.991
4.3253655204 0.997142841282066 0.0 124.172
4.3265024493599995 0.9970869231624048 0.0 124.355
4.33033256652 0.9972660368220368 0.0 124.538
4.3312431624 0.9972752693248462 0.0 124.718
4.33491186372 0.9971258006322548 0.0 124.895
4.3363488156 0.997066092063826 0.0 125.077
4.33885427016 0.9970343809774216 0.0 125.257
4.341391306079999 0.9970645477305357 0.0 125.44
4.34353532952 0.9970996866759936 0.0 125.624
4.346474150520001 0.997205198381892 0.0 125.807
4.34790057528 0.9972494142940562 0.0 125.988
4.35148330512 0.997101066393525 0.0 126.168
4.3524026736 0.9967799138181084 0.0 126.355
4.35624331788 0.9966898189761836 0.0 126.535
4.3573030479599995 0.996924687790112 0.0 126.717
4.36089805944 0.9971471833513352 0.0 126.898
4.3624122102 0.9973752428694708 0.0 127.081
4.36519663344 0.9976289765925184 0.0 127.263
4.3673950470000005 0.9976623634152342 0.0 127.447
4.369325019 0.9975982443884868 0.0 127.628
4.37226910356 0.9975609775609612 0.0 127.81
4.3736937737999995 0.9975221947988776 0.0 127.994
4.37726948556 0.9974146918714366 0.0 128.174
4.37840992356 0.9973587622507064 0.0 128.356
4.38218389608 0.9975996611885996 0.0 128.538
4.38310852812 0.9979165473604924 0.0 128.721
4.38645439776 0.9979364286672068 0.0 128.902
4.38805627452 0.9979161489704708 0.0 129.08
4.39090386048 0.9979215916047884 0.0 129.263
4.393207545239999 0.9978301948159952 0.0 129.446
4.39536911388 0.9976991134545912 0.0 129.627
4.39828863516 0.9976621660157584 0.0 129.811
4.39947293616 0.9977716383505744 0.0 129.993
4.40302759368 0.9979125551207368 0.0 130.172
4.4040978508799995 0.9979394556703322 0.0 130.353
4.40789287764 0.9977273096172457 0.0 130.533
4.40894909868 0.9976102406702756 0.0 130.716
4.41249322908 0.9976276200337252 0.0 130.9
4.41384070044 0.9977350085244192 0.0 131.079
4.41637422732 0.9977444296876108 0.0 131.26
4.4188375734 0.9977132619940796 0.0 131.437
4.4206710468 0.997627852185802 0.0 131.616
4.42397305344 0.9972768438828926 0.0 131.794
4.42506436488 0.9970564563847412 0.0 131.974
4.42858919556 0.9971363077298038 0.0 132.156
4.42959453552 0.9971443323537246 0.0 132.337
4.43322639192 0.9971805757872012 0.0 132.52
4.434479119200001 0.9973287954353264 0.0 132.7
4.437640764239999 0.9974746396912454 0.0 132.886
4.43958652692 0.9975933484011572 0.0 133.067
4.4418831936 0.9976057666319584 0.0 133.25
4.44454830948 0.9975513303498718 0.0 133.43
4.4460940416 0.9974281286426904 0.0 133.613
4.4494276296 0.9973859798615934 0.0 133.797
4.45082071848 0.9974927454019384 0.0 133.977
4.4543929212 0.9975719521792928 0.0 134.159
4.45518420972 0.9977251840866176 0.0 134.341
4.45845814404 0.99770450965789 0.0 134.522
4.46013371064 0.9975814986920638 0.0 134.71
4.4637111769199995 0.9974955922267646 0.0 134.893
4.46513584716 0.9973739518089414 0.0 135.072
4.46794834272 0.997338401825543 0.0 135.254
4.470145001760001 0.9973728116765632 0.0 135.435
4.472183754 0.9975931418532809 0.0 135.618
4.47505063968 0.997681239725373 0.0 135.798
4.47651390936 0.9975798484567784 0.0 135.981
4.47992820528 0.9975159672910586 0.0 136.161
4.48084757376 0.9976701212598656 0.0 136.341
4.48460400108 0.9977451478146911 0.0 136.523
4.48569531252 0.9978341773038376 0.0 136.704
4.48906048188 0.9978123529343846 0.0 136.886
4.4906325318 0.9976689406501016 0.0 137.067
4.49272216512 0.9974785914078648 0.0 137.247
4.495332890879999 0.9974663178018048 0.0 137.429
4.49733830724 0.9976455616179936 0.0 137.611
4.50039994464 0.9977311679731043 0.0 137.793
4.5016403902799995 0.9977362061627072 0.0 137.974
4.505124867 0.9978560780522348 0.0 138.157
4.50614775216 0.9980288085644832 0.0 138.34
4.509990150959999 0.9980838054320886 0.0 138.525
4.510956891479999 0.9980301559499352 0.0 138.706
4.51428697044 0.9979880607322248 0.0 138.886
4.5159414828 0.9979671475161056 0.0 139.067
4.51826271276 0.9979378083944384 0.0 139.247
4.5207927306 0.9979058322688944 0.0 139.428
4.5225121602 0.9978841020909596 0.0 139.606
4.52558958828 0.997845211869818 0.0 139.788
4.5267317808000005 0.9978100686928189 0.0 139.969
4.53039521856 0.9977223615386024 0.0 140.149
4.53127247856 0.9977734037440786 0.0 140.331
4.535053469159999 0.997971536159448 0.0 140.512
4.5362851422 0.9981216301321963 0.0 140.694
4.53873971568 0.9982130368093108 0.0 140.875
4.5410135736 0.998103285288896 0.0 141.058
4.54337866656 0.9979905755377088 0.0 141.238
4.5459525474 0.997916644206444 0.0 141.414
4.5474789798 0.9977731329874292 0.0 141.596
4.5508388856 0.9977099878602582 0.0 141.777
4.55169158232 0.9975975129219072 0.0 141.956
4.55555678988 0.9975287740013415 0.0 142.136
4.55635158744 0.9975386631217076 0.0 142.318
4.55975711076 0.9975352510782732 0.0 142.499
4.56123266208 0.997457104489416 0.0 142.679
4.5636942536400005 0.9973639247887792 0.0 142.861
4.5659891658 0.9973349533554696 0.0 143.041
4.56800160024 0.9973095493628686 0.0 143.221
4.57092463056 0.9972726527561764 0.0 143.4
4.57218437592 0.9972567521792608 0.0 143.581
4.57571096112 0.9972743329410704 0.0 143.763
4.57657418496 0.9972013477239138 0.0 143.944
4.58043237444 0.9971319622994396 0.0 144.125
4.58142543276 0.9969952584307564 0.0 144.306
4.58407475796 0.9968384403821136 0.0 144.487
4.58617842744 0.9967102437541664 0.0 144.666
4.5887101998 0.996719699353909 0.0 144.846
4.5910437114 0.9968739187073976 0.0 145.025
4.5927806862 0.9971605854578804 0.0 145.205
4.5958861866000005 0.9973068527956273 0.0 145.389
4.59697749804 0.9971689338193712 0.0 145.568
4.60051461036 0.9967751575597892 0.0 145.752
4.60139713392 0.9966003166451808 0.0 145.93
4.6050623262 0.996614362256617 0.0 146.111
4.60636593456 0.9967013705812316 0.0 146.293
4.6094275719599995 0.9965593261910246 0.0 146.474
4.61112770184 0.996456952468626 0.0 146.657
4.61319803544 0.9963281956587732 0.0 146.837
4.61593508664 0.99625232744345 0.0 147.018
4.61728080348 0.996152624556528 0.0 147.196
4.6206512364 0.9960894714156646 0.0 147.376
4.62163903116 0.9960977109141104 0.0 147.556
4.62523755168 0.9961351100440996 0.0 147.739
4.62609551196 0.9961863518035952 0.0 147.923
4.62910977732 0.9964146675291892 0.0 148.105
4.63092570552 0.9965158784417124 0.0 148.284
4.63346975952 0.9964838164854368 0.0 148.465
4.6357576536 0.9963515784778644 0.0 148.645
4.6378192146 0.9963049222649628 0.0 148.827
4.6405860926399995 0.996270062642659 0.0 149.012
4.6421353338 0.9961471471910516 0.0 149.194
4.64532154212 0.996046786447571 0.0 149.378
4.64639706288 0.996033240574278 0.0 149.561
4.65000961956 0.9960893223688482 0.0 149.746
4.6509430242 0.996283563716198 0.0 149.927
4.6546011984 0.9965044665801832 0.0 150.111
4.65570128244 0.9966766906874228 0.0 150.289
4.65878748312 0.9966378023926696 0.0 150.471
4.66046304972 0.9964926417608466 0.0 150.654
4.6624386392399995 0.9962204379974988 0.0 150.834
4.6652423622 0.995959528436962 0.0 151.015
4.66661439684 0.995838888202456 0.0 151.201
4.66983218652 0.9959430877451876 0.0 151.382
4.67059013916 0.9960971135967088 0.0 151.565
4.6743149851200005 0.9960305768360886 0.0 151.746
4.67544840504 0.9958930572797402 0.0 151.928
4.67909254308 0.9958885262543552 0.0 152.11
4.68026456244 0.995995982624146 0.0 152.288
4.68332619984 0.9959574421490576 0.0 152.474
4.6850894924399995 0.9958750503288926 0.0 152.655
4.68728615148 0.995908631334478 0.0 152.838
4.689700371 0.9960211072965326 0.0 153.018
4.69148296332 0.9961020027308162 0.0 153.204
4.6945516188 0.9961460387127364 0.0 153.385
4.69511131068 0.996138993192639 0.0 153.568
4.69536220704 0.9960945035950024 0.0 153.748
4.69553239548 0.9959890333377958 0.0 153.928
4.6956131034 0.99590535521125 0.0 154.11
4.69565521188 0.9957619745186268 0.0 154.294
4.69573416528 0.99569975933692 0.0 154.474
4.695621876 0.995741728414372 0.0 154.657
4.69576750116 0.9959447431869218 0.0 154.839
4.69584470004 0.9962519461737844 0.0 155.018
4.69580434608 0.9965608872612012 0.0 155.198
4.69576574664 0.996582038898786 0.0 155.381
4.69569907488 0.9965009912617024 0.0 155.563
4.69568679324 0.996439149233762 0.0 155.743
4.6957622376 0.9963762026258358 0.0 155.925
4.69577627376 0.9962125098224498 0.0 156.105
4.69572539268 0.9963353354373666 0.0 156.289
4.695781537319999 0.9965206183831158 0.0 156.47
4.69576048308 0.9964382213450902 0.0 156.651
4.6957271471999995 0.9964386411040372 0.0 156.83
4.69581311868 0.9964168930395834 0.0 157.014
4.69584645456 0.996313145689072 0.0 157.195
4.69581311868 0.9963135653948736 0.0 157.376
4.6957797828 0.9963759817139716 0.0 157.556
4.69580434608 0.9962930103125944 0.0 157.734
4.6957885554 0.996068471419647 0.0 157.917
4.69584294552 0.9958817971145484 0.0 158.097
4.695797328 0.9958410401341315 0.0 158.28
4.6957938189599995 0.995965077496658 0.0 158.463
4.69586224524 0.9961088749095705 0.0 158.639
4.6958236458 0.9961713573635854 0.0 158.822
4.69583943648 0.9961298275397948 0.0 159.006
4.69576399212 0.9960894461425694 0.0 159.19
4.695828909359999 0.9958620831885988 0.0 159.37
4.69580083704 0.99555426171693 0.0 159.553
4.69579908252 0.9954114332957382 0.0 159.733
4.69577627376 0.9954925741227304 0.0 159.915
4.69579908252 0.995678276985532 0.0 160.096
4.69584294552 0.9958611315933956 0.0 160.278
4.69574995596 0.9958424112339784 0.0 160.461
4.6957885554 0.9956990749751482 0.0 160.645
4.69578329184 0.9957198067403968 0.0 160.826
4.69581136416 0.995861529029034 0.0 161.006
4.69586926332 0.995759281058372 0.0 161.188
4.6959025992 0.9956976400261004 0.0 161.368
4.6958534726400005 0.9957395891942984 0.0 161.548
4.6957429378799995 0.9959037212352112 0.0 161.732
4.69576574664 0.996089424057737 0.0 161.913
4.69547098728 0.9962359854097556 0.0 162.095
4.69538150676 0.996257002587476 0.0 162.277
4.6954288788000005 0.9962770718234404 0.0 162.458
4.69546747824 0.9963799139598004 0.0 162.644
4.69542712428 0.9964217533207314 0.0 162.829
4.69533939828 0.9962988640207776 0.0 163.011
4.69533764376 0.996198141051456 0.0 163.192
4.695404315519999 0.996257490396386 0.0 163.376
4.695207809279999 0.9965071776133042 0.0 163.562
4.69537448868 0.9966884862499392 0.0 163.743
4.69537975224 0.9968124138079612 0.0 163.927
4.6953674706 0.9968125685147724 0.0 164.107
4.69531658952 0.9967098811504544 0.0 164.285
4.6953674706 0.9967092402881628 0.0 164.466
4.6954008064799995 0.9968328142330126 0.0 164.647
4.69528500816 0.9968549385954626 0.0 164.832
4.69532009856 0.9966891712953352 0.0 165.015
4.695314835 0.9965058298658754 0.0 165.195
4.695306062399999 0.9963406150459698 0.0 165.375
4.695177982440001 0.9964248904364694 0.0 165.558
4.695314835 0.9964438328886724 0.0 165.738
4.695228863520001 0.9963415870302216 0.0 165.919
4.69524289968 0.9962587475942566 0.0 166.101
4.69521307284 0.9963624515310584 0.0 166.283
4.69529027172 0.996444142188188 0.0 166.464
4.69532009856 0.9964437666102296 0.0 166.644
4.69530430788 0.9965472937546684 0.0 166.826
4.69523763612 0.9966488785558888 0.0 167.004
4.6953499253999995 0.996688795625163 0.0 167.182
4.695225354480001 0.9967316959673388 0.0 167.369
4.69529378076 0.9967514997629504 0.0 167.546
4.69529027172 0.9967515439622384 0.0 167.725
4.69524114516 0.9967521627526827 0.0 167.905
4.69527799008 0.9968963583406054 0.0 168.087
4.69527799008 0.9968756926719158 0.0 168.264
4.6952885172 0.9967102347300028 0.0 168.444
4.69523939064 0.996628190779736 0.0 168.625
4.69538326128 0.99662637883524 0.0 168.807
4.6951341194400005 0.996732845128264 0.0 168.986
4.69520605476 0.996855933183706 0.0 169.166
4.69521307284 0.9969377325551416 0.0 169.349
4.69497094908 0.9971249663749782 0.0 169.529
4.69492357704 0.9972495578591732 0.0 169.709
4.694876205 0.99741367278458 0.0 169.89
4.69482883296 0.997537489623802 0.0 170.075
4.6948112877599995 0.9974757134241392 0.0 170.258
4.6948674324 0.9973734850937792 0.0 170.439
4.6948586597999995 0.9972090444026508 0.0 170.622
4.6948498872 0.9970239378945736 0.0 170.804
4.69482883296 0.996881350918694 0.0 170.987
4.694862168839999 0.9969628191109638 0.0 171.168
4.69481830584 0.9973121069074272 0.0 171.351
4.69484286912 0.9974546495569476 0.0 171.533
4.6947411069600005 0.99733452062215 0.0 171.71
4.69483760556 0.997373861024316 0.0 171.892
4.6948498872 0.9976405531199226 0.0 172.072
4.6948270784399995 0.9977441696054608 0.0 172.252
4.69491831348 0.9976190246983708 0.0 172.428
4.69485690528 0.9976197988633584 0.0 172.609
4.6947533886 0.9977649895591746 0.0 172.791
4.6948411146 0.9979687330189662 0.0 172.971
4.6947288253199995 0.998094144006099 0.0 173.152
4.69482181488 0.9980516395646422 0.0 173.339
4.69481304228 0.9981129726108662 0.0 173.515
4.69484286912 0.9981528946771544 0.0 173.698
4.6948270784399995 0.9979482442466134 0.0 173.878
4.69474987956 0.997866554578661 0.0 174.06
4.6947095256 0.9979910583456992 0.0 174.241
4.6947761973599995 0.9980522149086074 0.0 174.421
4.69482883296 0.9980308852642572 0.0 174.604
4.69479198804 0.9978866893861276 0.0 174.784
4.6948077787199995 0.998031150801998 0.0 174.966
4.69474286148 0.998215378594154 0.0 175.147
4.69489024116 0.9981928537183488 0.0 175.326
4.6948867321200005 0.9980913773823924 0.0 175.51
4.69489024116 0.9978854503903316 0.0 175.689
4.69484637816 0.997865337731669 0.0 175.869
4.6948077787199995 0.9978658244701096 0.0 176.049
4.69477268832 0.9978869327606632 0.0 176.232
4.69485339624 0.997989243911259 0.0 176.416
4.69485339624 0.9980719070295506 0.0 176.599
4.6947884790000005 0.998235468952414 0.0 176.779
4.69478146092 0.9983388864749624 0.0 176.96
4.69476567024 0.9984217488997656 0.0 177.142
4.69484637816 0.9983587332627296 0.0 177.332
4.69475865216 0.9982358452082254 0.0 177.514
4.694832342 0.997968843652767 0.0 177.697
4.694913049919999 0.9978438312387596 0.0 177.885
4.69482006036 0.997824338022179 0.0 178.067
4.69482532392 0.997865603225305 0.0 178.247
4.69489725924 0.9978646961226316 0.0 178.433
4.6949253315599995 0.997885007892579 0.0 178.612
4.69474812504 0.998072459806062 0.0 178.792
4.69481830584 0.9982764242743598 0.0 178.975
4.69488146856 0.9983996220993444 0.0 179.157
4.6948235694 0.9982970236609678 0.0 179.339
4.69486918692 0.9980915986770836 0.0 179.52
4.69492182252 0.9979677151891494 0.0 179.702
4.69497972168 0.9979669850081684 0.0 179.883
4.69491480444 0.9979884694595436 0.0 180.063
4.69490076828 0.9978646518737632 0.0 180.241
4.69492182252 0.9977628658262664 0.0 180.42
4.69485515076 0.9976818183197196 0.0 180.601
4.694877959519999 0.9975368703425946 0.0 180.783
4.69484286912 0.9973934271768184 0.0 180.962
4.6949253315599995 0.9971255411836636 0.0 181.147
4.69479198804 0.9970032266238084 0.0 181.331
4.6949253315599995 0.9971255411836636 0.0 181.515
4.69480426968 0.99733372456472 0.0 181.697
4.69497094908 0.9974323693894744 0.0 181.877
4.6949814762 0.9974322367005164 0.0 182.058
4.69487269596 0.997353527945138 0.0 182.24
4.69486918692 0.9973941287556762 0.0 182.421
4.6949463858 0.9974326789971808 0.0 182.604
4.69486918692 0.9973122406204592 0.0 182.784
4.69491831348 0.9971669611410672 0.0 182.97
4.69482006036 0.9970235387263816 0.0 183.151
4.69486392336 0.9970229860815144 0.0 183.334
4.69486041432 0.997209022292742 0.0 183.516
4.694876205 0.9972501548508408 0.0 183.694
4.694876205 0.9972914863980736 0.0 183.875
4.69487971404 0.9974136285556996 0.0 184.057
4.6948498872 0.997599221558944 0.0 184.238
4.69482532392 0.9976201970058196 0.0 184.42
4.694862168839999 0.9977230613927218 0.0 184.6
4.6949463858 0.9977426653265076 0.0 184.783
4.6949095408799995 0.9977630206814851 0.0 184.963
4.69493585868 0.9979055409013672 0.0 185.145
4.6949025228 0.9981728079958908 0.0 185.326
4.69484462364 0.9984620843074524 0.0 185.505
4.6949060318399995 0.9986033866287816 0.0 185.687
4.69492182252 0.9985636640922656 0.0 185.865
4.69481304228 0.998483148576237 0.0 186.044
4.69488848664 0.9983375362429252 0.0 186.225
4.6948270784399995 0.9982143162471036 0.0 186.407
4.6949463858 0.9981714797487428 0.0 186.59
4.6949025228 0.998234030329868 0.0 186.77
4.6949253315599995 0.9983164056490036 0.0 186.95
4.6948744504799995 0.9984617079667756 0.0 187.13
4.69493585868 0.9986443417512126 0.0 187.312
4.69493059512 0.9988097342516468 0.0 187.493
4.694832342 0.9988109743944208 0.0 187.674
4.6948411146 0.9987075347533606 0.0 187.855
4.69488322308 0.998522819627304 0.0 188.035
4.69483760556 0.9984001755071512 0.0 188.218
4.69487094144 0.9985436403755362 0.0 188.403
4.69485690528 0.99862467235053 0.0 188.585
4.694920068 0.9985833187062452 0.0 188.766
4.69484637816 0.9985447252953806 0.0 188.945
4.69490778636 0.998543950412536 0.0 189.128
4.6949095408799995 0.998543928273044 0.0 189.311
4.6949253315599995 0.9984610659745112 0.0 189.488
4.69482181488 0.99829704579501 0.0 189.671
4.69484637816 0.998317401699918 0.0 189.854
4.69495164936 0.9986035859338004 0.0 190.036
4.69488848664 0.9988722630522564 0.0 190.219
4.69484286912 0.9990355819045856 0.0 190.399
4.6948937502 0.9991589341572804 0.0 190.582
4.6949112954 0.9991587126260112 0.0 190.762
4.69494989484 0.9990962279944474 0.0 190.944
4.6949095408799995 0.9988918880897256 0.0 191.125
4.69489725924 0.9986448288690846 0.0 191.307
4.6948498872 0.9987280898181708 0.0 191.592
4.6948744504799995 0.998912996808128 0.0 191.769
4.69485164172 0.999035471152542 0.0 191.937
4.69485164172 0.998994914559231 0.0 192.104
4.69491831348 0.998768557744086 0.0 192.277
4.69496217648 0.9986853411279925 0.0 192.459
4.6949253315599995 0.998685806123068 0.0 192.64
4.694963930999999 0.9986026559825546 0.0 192.82
4.69494463128 0.9987062283099116 0.0 193.004
4.69489901376 0.9988927959392704 0.0 193.184
4.6949025228 0.9989736064571964 0.0 193.365
4.69494463128 0.9991582917168694 0.0 193.544
4.69488848664 0.9994044066402868 0.0 193.725
4.69499551236 0.9994650521963616 0.0 193.908
4.694934104160001 0.999260978462043 0.0 194.092
4.6949095408799995 0.999096737484402 0.0 194.277
4.694934104160001 0.9990344300845324 0.0 194.456
4.69489725924 0.999055561010429 0.0 194.635
4.6949025228 0.9991588233916336 0.0 194.814
4.6948147968 0.9992425942078226 0.0 194.997
4.69497621264 0.9992612216986632 0.0 195.178
4.69485164172 0.9990974684926353 0.0 195.36
4.6949551584 0.998992832774287 0.0 195.541
4.6949112954 0.9989727207459396 0.0 195.723
4.69500253044 0.9989922347399832 0.0 195.905
4.6949814762 0.999260380267058 0.0 196.088
4.69499200332 0.9995064280028954 0.0 196.271
4.69501832112 0.9995887585368818 0.0 196.451
4.69495340388 0.9996309100616632 0.0 196.633
4.69494989484 0.9996516201431964 0.0 196.814
4.6949288406 0.9995898888321346 0.0 196.996
4.69496568552 0.9994447631643946 0.0 197.177
4.69483058748 0.9993232496986664 0.0 197.357
4.69503762084 0.9992604462610812 0.0 197.54
4.69504112988 0.9991984047587608 0.0 197.72
4.694876205 0.999343339396004 0.0 197.899
4.69501832112 0.9994234326448624 0.0 198.079
4.69495340388 0.9993829210201952 0.0 198.255
4.6949569129199995 0.9994035424565736 0.0 198.434
4.694960421959999 0.999444829642746 0.0 198.618
4.69506393864 0.9995261851351448 0.0 198.799
4.6949990214 0.99952700510121 0.0 198.981
4.69492182252 0.9995279801977413 0.0 199.164
4.69490076828 0.9994662488318844 0.0 199.344
4.6949095408799995 0.9994661380321788 0.0 199.524
4.69495866744 0.9993422980074964 0.0 199.707
4.69499375784 0.9991163399445252 0.0 199.887
4.69497621264 0.9990338984761729 0.0 200.069
4.6949569129199995 0.9991374708926306 0.0 200.252
4.69500077592 0.9992601365581952 0.0 200.435
4.694920068 0.9994453393104024 0.0 200.619
4.69492357704 0.9994039634689652 0.0 200.799
4.6948674324 0.9993426752155466 0.0 200.981
4.69491831348 0.9991792897761504 0.0 201.163
4.69489550472 0.9989540625731383 0.0 201.343
4.6950042849599996 0.9989121328474272 0.0 201.519
4.69493059512 0.9991378031823158 0.0 201.702
4.69492357704 0.9992817771556044 0.0 202.093
4.69495340388 0.9993622552667396 0.0 202.272
4.6948498872 0.9995288888121304 0.0 202.452
4.6949253315599995 0.9996312646790644 0.0 202.633
4.6949551584 0.999548224886094 0.0 202.814
4.6949288406 0.999569223072264 0.0 202.995
4.6949849852400005 0.9995891796269712 0.0 203.177
4.6949060318399995 0.99959017694702 0.0 203.358
4.69498673976 0.9995064944853264 0.0 203.541
4.69489199568 0.9994250280926296 0.0 203.725
4.69493585868 0.9994451398751708 0.0 203.904
4.69495340388 0.9996515758151188 0.0 204.087
4.6950358663200005 0.9996918655702636 0.0 204.268
4.69484286912 0.9994669801105588 0.0 204.45
4.694934104160001 0.999199756152499 0.0 204.631
4.6948867321200005 0.9990556939154802 0.0 204.814
4.694960421959999 0.9992193146281616 0.0 204.994
4.69496217648 0.9994654732344592 0.0 205.176
4.69489550472 0.999507646848872 0.0 205.357
4.69480426968 0.999735347964286 0.0 205.54
4.69497796716 1.0 0.0 205.72
4.69489550472 0.9999183789993232 0.0 205.903
4.69497445812 0.9997125321250582 0.0 206.087
4.6948586597999995 0.999590775340004 0.0 206.269
4.6948937502 0.9995903320858726 0.0 206.449
