X_channel Y_channel II_channel timestamp
4.69527272652 0.999816500520929 0.0 0.539
4.69523763612 0.999999943312156 0.0 0.719
4.69519377312 1.0 0.0 0.898
4.6937094492 0.9998416987473632 0.0 1.078
4.692097045320001 0.9998214731701236 0.0 1.26
4.69083028188 0.9998231100321082 0.0 1.443
4.68809323068 0.9998034683538584 0.0 1.624
4.68717561672 0.9996655834379852 0.0 1.807
4.68406485276 0.999484174234834 0.0 1.988
4.68345954336 0.999415420499074 0.0 2.174
4.6801294644 0.9992140113319946 0.0 2.355
4.67926799508 0.9990073849900816 0.0 2.538
4.67653796196 0.9989434017069356 0.0 2.718
4.674983457240001 0.9990584053008836 0.0 2.899
4.6733043816 0.9991764675781032 0.0 3.084
4.67077962732 0.9992029068716222 0.0 3.264
4.66934969352 0.9990433699183712 0.0 3.444
4.66638455472 0.9987942570342924 0.0 3.623
4.6654792224 0.9986331721169268 0.0 3.811
4.6622386239599996 0.9987068922123272 0.0 3.993
4.66169472276 0.9987771318554648 0.0 4.174
4.65836990736 0.9989659888968788 0.0 4.354
4.6574522934 0.999127400719216 0.0 4.536
4.6546187435999995 0.9992005979788792 0.0 4.717
4.65304669368 0.9992489870708592 0.0 4.897
4.6509131973599995 0.9992517424546662 0.0 5.084
4.64877268296 0.9992545069175064 0.0 5.266
4.647446265839999 0.9992562199857622 0.0 5.446
4.6445127084 0.9992600086972622 0.0 5.629
4.64370913824 0.999284226255468 0.0 5.809
4.64033168724 0.9994719988686682 0.0 5.987
4.63954215324 0.9996112287064788 0.0 6.167
4.636313836439999 0.9995226797959988 0.0 6.349
4.63528217868 0.9992023902169912 0.0 6.531
4.6326170628000005 0.9991362918958936 0.0 6.712
4.63087657896 0.999161719634442 0.0 6.892
4.629134340599999 0.999256690272086 0.0 7.074
4.6266008137200005 0.9992599624184008 0.0 7.255
4.62518491608 0.9990772180441512 0.0 7.441
4.62226714932 0.9990134729422324 0.0 7.628
4.6211775924 0.9990148798137805 0.0 7.809
4.61795980272 0.9990190347522409 0.0 7.989
4.6171807958399995 0.9989736795800522 0.0 8.171
4.6139542335599995 0.9989546650680408 0.0 8.351
4.61276642352 0.9989330180702802 0.0 8.531
4.61024868732 0.9988203651438732 0.0 8.711
4.60839942324 0.9987068485811176 0.0 8.891
4.6064764693199995 0.9985731433428994 0.0 9.07
4.60403944104 0.9985762887962508 0.0 9.254
4.60288321236 0.998646454730902 0.0 9.433
4.599681213359999 0.998672609855308 0.0 9.609
4.59891448812 0.9984901792840882 0.0 9.789
4.59538088484 0.9984947397503364 0.0 9.972
4.59459310536 0.9987710333069904 0.0 10.155
4.59147707784 0.9988445999053456 0.0 10.335
4.59017697852 0.9988230970794392 0.0 10.515
4.5879838285200005 0.9988027471224228 0.0 10.695
4.58572927032 0.9985303778039114 0.0 10.877
4.58392211472 0.9983008949703588 0.0 11.058
4.58116225476 0.99842036428561 0.0 11.239
4.58065344396 0.9985601106763068 0.0 11.418
4.577000533320001 0.9984025534178316 0.0 11.599
4.57622854452 0.9982644591346024 0.0 11.784
4.57267213248 0.998223553725469 0.0 11.963
4.571584330079999 0.9984790888598456 0.0 12.145
4.56880166136 0.9985985901572292 0.0 12.326
4.56708223176 0.9985080814453916 0.0 12.508
4.56492241764 0.9982567353225552 0.0 12.69
4.56251697072 0.998122774622782 0.0 12.873
4.56111686376 0.9981245810150806 0.0 13.052
4.55809733484 0.9981284767781208 0.0 13.232
4.55707444968 0.9982216564910644 0.0 13.413
4.55370928032 0.9982480219537678 0.0 13.591
4.55310923448 0.9981349124370194 0.0 13.776
4.549558085999999 0.9981394941877724 0.0 13.959
4.54847203812 0.9981408954331858 0.0 14.139
4.5457770954 0.9980748245190348 0.0 14.321
4.54388045928 0.998007723278748 0.0 14.502
4.54177854432 0.998010434886038 0.0 14.684
4.53929238948 0.9978754143746168 0.0 14.864
4.53834319416 0.9977627527777756 0.0 15.042
4.53494468892 0.9976280380621946 0.0 15.219
4.53405163824 0.9977219218169504 0.0 15.405
4.53040925472 0.9979323697414264 0.0 15.586
4.52969341056 0.9979332931717464 0.0 15.764
4.5263370138 0.9979608061590036 0.0 15.945
4.52492287068 0.9979626304497792 0.0 16.125
4.52223845508 0.997852205117195 0.0 16.308
4.5203277828 0.997809172205403 0.0 16.489
4.5186715159199995 0.9978344920192548 0.0 16.667
4.51574673108 0.9978826032330332 0.0 16.847
4.5143448696 0.9977473384537594 0.0 17.031
4.51114111608 0.9976819194641524 0.0 17.214
4.51032526428 0.9975670530001388 0.0 17.394
4.5067214802 0.9974346258140908 0.0 17.578
4.50588983772 0.9973901997837892 0.0 17.758
4.5028966266 0.9976230005881672 0.0 17.94
4.5012122874 0.9978570128333112 0.0 18.12
4.4988436854 0.9978368841152554 0.0 18.304
4.4966242176 0.997747010475706 0.0 18.486
4.49539079004 0.9977254171767396 0.0 18.667
4.49206422012 0.9975674177682567 0.0 18.849
4.4905974414 0.9974099170692502 0.0 19.03
4.48734807036 0.997414106753504 0.0 19.211
4.48649888268 0.9974615705818366 0.0 19.393
4.4828407084799995 0.9973967339714558 0.0 19.579
4.48192484904 0.9973979148578525 0.0 19.76
4.47859477008 0.9974485779705032 0.0 19.936
4.47720869928 0.9974503652395316 0.0 20.115
4.47473131704 0.9973376357169832 0.0 20.295
4.47251886732 0.9972941185280524 0.0 20.481
4.47068890296 0.9974124024350252 0.0 20.662
4.46777639976 0.9974393428802124 0.0 20.845
4.4663587476 0.9974179858297753 0.0 21.028
4.46312516724 0.9973989701703968 0.0 21.208
4.46249704908 0.9972606690734186 0.0 21.39
4.45895116416 0.9971956847429704 0.0 21.574
4.45765457388 0.9970591138289412 0.0 21.755
4.45441222092 0.9969493948508144 0.0 21.935
4.4529085972799995 0.997088416785176 0.0 22.118
4.45034524356 0.997276335811522 0.0 22.298
4.44809243988 0.99730242589526 0.0 22.482
4.44618703116 0.9970738954713168 0.0 22.665
4.443428925719999 0.9967548791490128 0.0 22.847
4.4420674182 0.9966870762670432 0.0 23.031
4.4386004866799995 0.996714729394782 0.0 23.216
4.43773726284 0.9968317712599462 0.0 23.399
4.43412295164 0.9967436850430668 0.0 23.581
4.433101821 0.9967218148369064 0.0 23.765
4.4296717344 0.9969117240146044 0.0 23.945
4.4283295266 0.9970969146359298 0.0 24.129
4.42568195592 0.9970551143431736 0.0 24.312
4.423495824 0.9968733111378224 0.0 24.495
4.42135004604 0.996829703815436 0.0 24.676
4.41879721944 0.9966727172456284 0.0 24.858
4.4171707794 0.9966524959596604 0.0 25.039
4.413984571079999 0.9966789185949816 0.0 25.22
4.4130915204 0.9967939737516068 0.0 25.401
4.4093912377199995 0.9968683026430628 0.0 25.58
4.40853327744 0.9967311571943992 0.0 25.761
4.40500142868 0.9965522422192652 0.0 25.941
4.40362413048 0.9965076428868344 0.0 26.122
4.40086076148 0.996534390117204 0.0 26.304
4.39876060104 0.9965370959615456 0.0 26.482
4.39691309148 0.9964235406407383 0.0 26.666
4.3939672523999995 0.9964737100993198 0.0 26.847
4.39265838048 0.9966832121766804 0.0 27.026
4.3892282938800005 0.9968015401306763 0.0 27.207
4.38829839828 0.9966897000148744 0.0 27.385
4.38459285204 0.9966944750679978 0.0 27.568
4.38355066716 0.9966958180599326 0.0 27.745
4.38046271196 0.9965838591885346 0.0 27.928
4.378695910319999 0.9964238219558428 0.0 28.108
4.37630274504 0.9961515505196978 0.0 28.292
4.37383588992 0.995923718995114 0.0 28.473
4.37203224336 0.995765755258476 0.0 28.654
4.369012714439999 0.9957464547961092 0.0 28.836
4.3679477208 0.9958628963563956 0.0 29.019
4.36422287484 0.9960279802516026 0.0 29.199
4.363370178119999 0.9960986427711722 0.0 29.38
4.35965585928 0.9961034264446958 0.0 29.562
4.35842594076 0.9961513870401862 0.0 29.743
4.3554450112800005 0.9961088496540008 0.0 29.926
4.35356592036 0.9960417044842615 0.0 30.106
4.35126048108 0.9959075715106632 0.0 30.288
4.34855501124 0.9958423590937454 0.0 30.465
4.34710753224 0.9958210342278252 0.0 30.645
4.34376517164 0.9957093941156974 0.0 30.824
4.34277737688 0.995594722050572 0.0 31.004
4.33898410464 0.9956227939364404 0.0 31.188
4.3379770101599995 0.9956009014913972 0.0 31.367
4.33459605012 0.995512497794138 0.0 31.554
4.3331204988000005 0.9955143971045044 0.0 31.733
4.330286949 0.995541233563024 0.0 31.914
4.32820257924 0.9956598625932368 0.0 32.096
4.32610417332 0.9956625640582408 0.0 32.277
4.3233232591199995 0.9955501975058764 0.0 32.458
4.32187928916 0.995415818643063 0.0 32.643
4.31844042996 0.9952347288706104 0.0 32.823
4.31744912616 0.995030197589228 0.0 33.003
4.31355584628 0.9948960688773514 0.0 33.183
4.3125048888 0.9947119035494794 0.0 33.366
4.3090239211200005 0.9947163807417002 0.0 33.546
4.30753784268 0.9947182921359372 0.0 33.728
4.30510256892 0.9947678041713356 0.0 33.905
4.30264273188 0.9949564878683012 0.0 34.085
4.30090575708 0.9949819125348224 0.0 34.264
4.29768445836 0.9947550254822032 0.0 34.444
4.29628084236 0.9944805782524524 0.0 34.626
4.2928332105600004 0.9942762993530232 0.0 34.811
4.29192612372 0.9942774655555804 0.0 34.994
4.28802407124 0.9942592918907138 0.0 35.174
4.28684152476 0.994330383521856 0.0 35.356
4.28367461616 0.9942880742897764 0.0 35.537
4.28200606764 0.9942670289461446 0.0 35.717
4.27995503376 0.9942928565276328 0.0 35.9
4.27699164948 0.9942511547566776 0.0 36.083
4.27480727208 0.9940008935735122 0.0 36.265
4.27179476124 0.9938212677885554 0.0 36.446
4.2706595868 0.9938004053472426 0.0 36.629
4.267022466839999 0.993689124213484 0.0 36.81
4.26581886612 0.9936674797064856 0.0 36.992
4.2619852399200004 0.9936724056076212 0.0 37.178
4.26097288188 0.9936505152059768 0.0 37.362
4.25714802828 0.9935394731663352 0.0 37.544
4.255893546479999 0.9935178935188064 0.0 37.724
4.25313719556 0.9933851849853584 0.0 37.907
4.25077034808 0.9933418423452538 0.0 38.087
4.24864386984 0.9933213822722092 0.0 38.268
4.24584014688 0.9932090253398564 0.0 38.45
4.244473375799999 0.9932107807601824 0.0 38.633
4.2408239742000005 0.9932154679205976 0.0 38.817
4.23975547152 0.9930321752120012 0.0 38.999
4.23587096424 0.992900040997875 0.0 39.18
4.23491825988 0.9928780722538972 0.0 39.36
4.23214962732 0.9928816270348724 0.0 39.542
4.22997577704 0.9928844181640092 0.0 39.726
4.22701239276 0.992772261911309 0.0 39.906
4.22470695348 0.9927520293930852 0.0 40.084
4.2226120566 0.992754718824018 0.0 40.262
4.219708326 0.9927584466606728 0.0 40.445
4.21826611056 0.9926675282440368 0.0 40.628
4.214620218 0.9924431815842693 0.0 40.808
4.21373243088 0.9922587799834844 0.0 40.988
4.209751425 0.9922175028597362 0.0 41.17
4.20878117544 0.9922187478187908 0.0 41.351
4.20534056172 0.9921788062313508 0.0 41.534
4.203522879 0.9920428506312168 0.0 41.714
4.200973561440001 0.991976542177937 0.0 41.893
4.19842424388 0.9919566194560668 0.0 42.073
4.19702413692 0.9919120292815966 0.0 42.253
4.19346246132 0.9918470183685651 0.0 42.432
4.19210446284 0.9915965333946272 0.0 42.616
4.18830943608 0.991415852897752 0.0 42.797
4.1875058659199995 0.9913029455448332 0.0 42.975
4.18362311316 0.9912160188464072 0.0 43.153
4.1823896856 0.99117121282381 0.0 43.334
4.17952455444 0.991105304476309 0.0 43.514
4.17729806856 0.991015383395351 0.0 43.693
4.17505754652 0.9908587976517376 0.0 43.875
4.172204697 0.9907464840430534 0.0 44.056
4.1706712465199995 0.9907020610099077 0.0 44.239
4.16713764324 0.9906138123200416 0.0 44.418
4.166056858919999 0.9905920028897834 0.0 44.599
4.1620530442799994 0.990481161332992 0.0 44.779
4.16111788512 0.9904600348197092 0.0 44.962
4.1575193646 0.9903970908949676 0.0 45.145
4.15588064292 0.9902136349949836 0.0 45.322
4.15313832816 0.9900556555881792 0.0 45.504
4.150748671920001 0.9900587153834116 0.0 45.685
4.14904678752 0.9898309784145856 0.0 45.872
4.14569565432 0.989558961913117 0.0 46.052
4.1441972942400005 0.9893298022096544 0.0 46.231
4.14051104772 0.9893345188041676 0.0 46.411
4.13957764308 0.989335713113198 0.0 46.591
4.13566330896 0.989271136709047 0.0 46.773
4.134570243 0.9890202896056832 0.0 46.951
4.13121384624 0.9887714663289388 0.0 47.131
4.12940142708 0.9886122877996134 0.0 47.312
4.12687140924 0.988522741773056 0.0 47.49
4.12416243036 0.988503009876209 0.0 47.669
4.122639507 0.9882982282660244 0.0 47.845
4.1191392396 0.9880484220931692 0.0 48.03
4.11789879396 0.9877736908566614 0.0 48.208
4.11398270532 0.98750208609091 0.0 48.392
4.11308088204 0.987296506712939 0.0 48.575
4.10929287336 0.9871389734413744 0.0 48.755
4.10781556752 0.986888605214832 0.0 48.937
4.10459602332 0.9865920378449288 0.0 49.118
4.1025677982 0.986503871735105 0.0 49.302
4.10062729908 0.9863903675716084 0.0 49.484
4.09739371872 0.9862561860762884 0.0 49.665
4.09567078008 0.9858669485619156 0.0 49.848
4.0921459494 0.9854095473434404 0.0 50.032
4.09095463032 0.9850428243149072 0.0 50.21
4.08714381288 0.9845411276295 0.0 50.391
4.08617356332 0.9836890236892756 0.0 50.574
4.08248205324 0.9830027528391476 0.0 50.754
4.08091877592 0.9821995281324262 0.0 50.938
4.07785713852 0.9808203143098952 0.0 51.121
4.07564644332 0.98022290246757 0.0 51.303
4.0731602884800004 0.980941387140006 0.0 51.48
4.07046534576 0.9818889211847378 0.0 51.66
4.068863469 0.9826294891403566 0.0 51.843
4.06532986572 0.9828630513772244 0.0 52.023
4.06409643816 0.9829806049709876 0.0 52.209
4.06026456648 0.9831246603085896 0.0 52.393
4.05911535588 0.9832856028540656 0.0 52.577
4.055076450840001 0.9834763187515556 0.0 52.761
4.05383425068 0.98347789893406 0.0 52.944
4.050725241239999 0.9832739461465072 0.0 53.123
4.04863209888 0.9830234646988356 0.0 53.303
4.04646175764 0.9828183154330606 0.0 53.484
4.04335450272 0.9826851089140184 0.0 53.663
4.04177543472 0.9825943249009668 0.0 53.846
4.038138314759999 0.9824829581019964 0.0 54.029
4.03706805756 0.9822088428538984 0.0 54.211
4.0330975788000005 0.982121095084507 0.0 54.392
4.03206592104 0.9820064152925768 0.0 54.576
4.028258612639999 0.9819416568606713 0.0 54.76
4.02676902516 0.9819435488499152 0.0 54.944
4.02363545244 0.9819475289594516 0.0 55.127
4.021535292 0.981904669655262 0.0 55.308
4.0190965092 0.98153949155249 0.0 55.488
4.0161489156 0.981105361253996 0.0 55.666
4.01472249084 0.980646099417091 0.0 55.849
4.01108186184 0.980351164254474 0.0 56.033
4.00966771872 0.9801006711732678 0.0 56.216
4.00576040268 0.9798968350738284 0.0 56.4
4.004834016119999 0.9794833291015784 0.0 56.582
4.00070563056 0.9790970763935104 0.0 56.766
3.99943886712 0.978845521081718 0.0 56.948
3.9964123201199997 0.9786182317773408 0.0 57.129
3.99418407972 0.9783446918905188 0.0 57.312
3.99160142628 0.978093638152986 0.0 57.497
3.9889661372400003 0.977891077998498 0.0 57.68
3.9875712938400003 0.9774540835835196 0.0 57.863
3.9838622385599995 0.976997682853215 0.0 58.044
3.9822621163200003 0.9764011562250208 0.0 58.223
3.9785407794 0.9759447628134478 0.0 58.403
3.97749859452 0.9754385848245865 0.0 58.582
3.973417581 0.9751441664526852 0.0 58.765
3.9722824065599998 0.9748237002225736 0.0 58.942
3.96883126572 0.9744820826238052 0.0 59.124
3.96686620332 0.9739770590728156 0.0 59.305
3.96416073348 0.9734738353458916 0.0 59.486
3.96153597156 0.9728313053641696 0.0 59.668
3.95973758856 0.9721888917468868 0.0 59.851
3.95636189208 0.9718016313117646 0.0 60.031
3.95499863004 0.9715722112642478 0.0 60.211
3.9511246498799997 0.9712319727900582 0.0 60.39
3.9501000102 0.9707025479277256 0.0 60.57
3.9467295772799997 0.9700380219664037 0.0 60.749
3.94492768524 0.9695104373622307 0.0 60.929
3.94174323144 0.9690077841511618 0.0 61.108
3.9394062108 0.9685263958695608 0.0 61.288
3.93722885148 0.9678835583292522 0.0 61.468
3.93425143104 0.967288700312014 0.0 61.649
3.9327425438400003 0.9667598642937888 0.0 61.831
3.92892997188 0.9662118646581204 0.0 62.011
3.92796323136 0.9656368132549892 0.0 62.19
3.9238769542800003 0.9650656550771396 0.0 62.373
3.92278037928 0.9644910504977562 0.0 62.555
3.91923449436 0.9640575472742056 0.0 62.735
3.91739751192 0.9633916346617576 0.0 62.913
3.91460957964 0.9626799200216432 0.0 63.098
3.9121164067199996 0.9618535651730484 0.0 63.279
3.9101144993999997 0.9610033924791695 0.0 63.459
3.9067984566 0.9602232931501052 0.0 63.642
3.90525096996 0.9593493445016852 0.0 63.825
3.90133663584 0.9584783272226668 0.0 64.006
3.9004909572 0.9575582555134872 0.0 64.188
3.89672575728 0.9566406349456134 0.0 64.37
3.89520458844 0.955720230829056 0.0 64.552
3.8916850213200003 0.9548951007658965 0.0 64.732
3.88981996656 0.9538599699982614 0.0 64.913
3.8871285328800003 0.9529186626150148 0.0 65.095
3.88443885372 0.9521148213618568 0.0 65.275
3.8827703051999998 0.9511713725174192 0.0 65.454
3.87915774852 0.950254382242104 0.0 65.635
3.87790677576 0.9492187594087526 0.0 65.821
3.87379944444 0.9481863471375176 0.0 66.002
3.8729502567600003 0.9468503245929132 0.0 66.185
3.86885345256 0.9455878807585578 0.0 66.366
3.86766564252 0.944275463494721 0.0 66.543
3.8644267986000003 0.9430583568439872 0.0 66.722
3.86209855056 0.941861303300612 0.0 66.907
3.85965099516 0.9404596190647742 0.0 67.09
3.8567595462 0.9390564349638868 0.0 67.273
3.85489800048 0.9375600475197914 0.0 67.455
3.8514626503200002 0.9360435155412284 0.0 67.634
3.85054152732 0.9343391721064572 0.0 67.817
3.8464447231200003 0.9329838107708076 0.0 67.997
3.84533586648 0.9314864816178374 0.0 68.179
3.84128292528 0.9299706469716006 0.0 68.358
3.83979509232 0.928104527551962 0.0 68.538
3.8367439820400002 0.9261494889511024 0.0 68.718
3.8344824057599998 0.9242387386444832 0.0 68.9
3.8321331034800004 0.9222364257422742 0.0 69.081
3.82918200084 0.9203496778026669 0.0 69.263
3.8274994161600002 0.9181377092251618 0.0 69.444
3.8237956244399998 0.916252696786638 0.0 69.627
3.82272361272 0.9140176476005332 0.0 69.811
3.8185004830800002 0.911924666362806 0.0 69.99
3.8174688253199998 0.9094371992507948 0.0 70.174
3.8135720364 0.9070438757552124 0.0 70.36
3.8119947229199997 0.904417796802378 0.0 70.541
3.80893484004 0.9018389763552944 0.0 70.724
3.8066329098000002 0.8991681745882915 0.0 70.906
3.8041274552399997 0.8965190575388121 0.0 71.084
3.8010886266000004 0.8938026655444428 0.0 71.263
3.79987274424 0.8904393402314942 0.0 71.448
3.79602157284 0.8875857717436934 0.0 71.63
3.7946670834 0.8843133635261095 0.0 71.812
3.79052992524 0.8810908167310126 0.0 71.996
3.7896561742799997 0.877519058954324 0.0 72.178
3.78558217884 0.8740428636429711 0.0 72.36
3.7841241727200003 0.8701720918414543 0.0 72.544
3.78090813756 0.8665788427077933 0.0 72.73
3.7787009514 0.8630540541970039 0.0 72.91
3.7762937499600002 0.8591378709300574 0.0 73.091
3.7732777300800002 0.8551991311388089 0.0 73.273
3.77126880468 0.850774828088386 0.0 73.454
3.76784573616 0.8465136225143187 0.0 73.636
3.7664877376800003 0.8418814425641669 0.0 73.817
3.76258042164 0.8377599330663533 0.0 74.0
3.7617908876399997 0.8330113524959928 0.0 74.18
3.75768531084 0.8287272514895535 0.0 74.364
3.75629924004 0.824234537516632 0.0 74.545
3.7529761791599996 0.8196962887908612 0.0 74.727
3.750812856 0.8149954924660844 0.0 74.909
3.74897411904 0.8102255800250765 0.0 75.089
3.7454475338399997 0.8058713531559942 0.0 75.272
3.7433982544799997 0.8010319839193261 0.0 75.457
3.7399716769199998 0.7961948782472004 0.0 75.636
3.73875228552 0.7910549404200545 0.0 75.819
3.73473092568 0.786632321408405 0.0 76.002
3.73374663996 0.7819309988428235 0.0 76.183
3.72953403744 0.7776233715401947 0.0 76.364
3.7282935917999995 0.7730829719034527 0.0 76.546
3.72512492868 0.7690982592342688 0.0 76.726
3.7229230060800003 0.7654336885286616 0.0 76.908
3.7202227998 0.7619097030143162 0.0 77.089
3.71732257824 0.7587313911645447 0.0 77.271
3.71524171752 0.7555983794437631 0.0 77.456
3.7119712922400003 0.7532497684778977 0.0 77.639
3.7108448904 0.7509910148912748 0.0 77.819
3.70689897492 0.7491962422575009 0.0 77.999
3.7055848394399997 0.7476533222629304 0.0 78.178
3.70149505332 0.74648150389268 0.0 78.358
3.70018091784 0.745883135641597 0.0 78.54
3.6966771414 0.7457472686728516 0.0 78.721
3.6947822598 0.7460731418042118 0.0 78.903
3.6921399526800003 0.746767009485962 0.0 79.084
3.68930113932 0.747853873560877 0.0 79.264
3.68736765828 0.749538355395217 0.0 79.446
3.68390949936 0.7514099960718855 0.0 79.627
3.6827480071200003 0.7540383346640677 0.0 79.808
3.6786283941599995 0.7566718985896134 0.0 79.989
3.67765288104 0.7600157790487677 0.0 80.17
3.67361573052 0.7634537870951201 0.0 80.349
3.6721717605599995 0.7672138917112519 0.0 80.529
3.66911538672 0.7711827591706785 0.0 80.711
3.66679240224 0.7754044811146327 0.0 80.893
3.6643062474 0.7800409658932071 0.0 81.074
3.66123057384 0.7847468364183904 0.0 81.255
3.659972583 0.7896829798388552 0.0 81.441
3.65599333164 0.7940446047373533 0.0 81.622
3.6547721857199997 0.79907156543791 0.0 81.805
3.65050343856 0.803964487042036 0.0 81.984
3.6495647703599996 0.8095456217198309 0.0 82.165
3.6456293819999996 0.8147147680724109 0.0 82.349
3.6440959315200003 0.8199957263936017 0.0 82.529
3.6410044672799997 0.8250720924453877 0.0 82.711
3.638567439 0.8300784564889153 0.0 82.892
3.6362076096000004 0.8350603982229361 0.0 83.074
3.63313193604 0.8398586287038771 0.0 83.255
3.6315844494 0.8450718481510585 0.0 83.435
3.6278543398800003 0.8496193263334991 0.0 83.614
3.62327855172 0.8577398558063455 0.0 83.896
3.6217749280800002 0.8610620617852249 0.0 84.075
3.6204028934399997 0.8653052975980577 0.0 84.244
3.6165657581999997 0.8690232826033211 0.0 84.411
3.6154832193599997 0.8732662339788192 0.0 84.583
3.6113478157200003 0.8772602478590878 0.0 84.769
3.61012842432 0.8811813464972167 0.0 84.95
3.60654569448 0.8848518763191892 0.0 85.132
3.6046806397199997 0.8883588590322994 0.0 85.309
3.6021348312 0.8919583278278772 0.0 85.491
3.5991872376 0.8953737580115291 0.0 85.672
3.59734674612 0.8988355092478897 0.0 85.854
3.5938324425599997 0.9020212771071514 0.0 86.034
3.59267621388 0.90534386909999 0.0 86.219
3.5885881822799996 0.9080237718517796 0.0 86.402
3.58738107252 0.9107458597394272 0.0 86.584
3.5830772349599997 0.9134936682189766 0.0 86.77
3.5819385514800004 0.916262996541129 0.0 86.952
3.5782821318 0.918849634175395 0.0 87.134
3.5763960228 0.9214806085772724 0.0 87.322
3.57360984504 0.9239510599077626 0.0 87.506
3.5710447368000002 0.9261438815774976 0.0 87.686
3.5688007057199997 0.9284764743835072 0.0 87.866
3.56544255444 0.930694362517612 0.0 88.051
3.56411087376 0.9330006405175092 0.0 88.233
3.5599631884800003 0.9348057591050462 0.0 88.413
3.5588859131999997 0.9365352169204972 0.0 88.598
3.55478384544 0.9380858452928766 0.0 88.782
3.5536486710000004 0.9397709959129716 0.0 88.959
3.5500992770399997 0.9413885851657172 0.0 89.139
3.5481131604 0.9430750796931744 0.0 89.319
3.5451690758399996 0.9446928260645944 0.0 89.503
3.5425197506400004 0.9463798620594012 0.0 89.686
3.5410231450799996 0.9481566054395738 0.0 89.868
3.53725969968 0.9495685080146952 0.0 90.052
3.5356244870399998 0.9510454125604774 0.0 90.234
3.53171366196 0.9522738471191362 0.0 90.416
3.53060831436 0.9537028171337883 0.0 90.599
3.5263816756799997 0.9549780899847294 0.0 90.782
3.52534650888 0.956155412822462 0.0 90.963
3.52162692648 0.957219998122476 0.0 91.142
3.51984959772 0.958329772170406 0.0 91.326
3.51691428576 0.9594166151518202 0.0 91.508
3.51415091676 0.9604115588019524 0.0 91.689
3.5117191520400004 0.9613837537322092 0.0 91.872
3.50869085052 0.9623790411281828 0.0 92.055
3.5072433715199995 0.9634185025924752 0.0 92.236
3.503250084 0.9641849000200464 0.0 92.419
3.50229562512 0.965084472329814 0.0 92.602
3.4980865316400003 0.9658511530740655 0.0 92.782
3.4969425845999997 0.9664520884747956 0.0 92.968
3.49304579568 0.96691834667174 0.0 93.147
3.4914474279600003 0.9674049458424234 0.0 93.327
3.4888033663199995 0.967915200963274 0.0 93.511
3.4859908707600002 0.9687022131183454 0.0 93.692
3.48358016028 0.969651228610979 0.0 93.875
3.4803413163599997 0.970554861176378 0.0 94.055
3.4787569847999995 0.9714108619827072 0.0 94.24
3.47495493996 0.9720610143002276 0.0 94.421
3.47373379404 0.9726620740860712 0.0 94.601
3.4695071553599997 0.9731520080778924 0.0 94.784
3.46861410468 0.9737288649060044 0.0 94.963
3.4648138143600002 0.9743331851148256 0.0 95.144
3.46303297656 0.974681917443466 0.0 95.324
3.45987308604 0.9750544464170476 0.0 95.507
3.4574922024 0.9755420714725086 0.0 95.687
3.4549920114 0.9760751203079964 0.0 95.869
3.4519040562 0.9765868609140934 0.0 96.052
3.4505969388 0.977119568705921 0.0 96.23
3.44659312416 0.9776083891909204 0.0 96.409
3.44554918476 0.9781175534552716 0.0 96.593
3.4413067554000003 0.9784914760977936 0.0 96.776
3.44008911852 0.978816008946243 0.0 96.956
3.4372783774799998 0.9791649073941954 0.0 97.134
3.43469396952 0.9795146821973696 0.0 97.311
3.43163233212 0.9798647744729876 0.0 97.49
3.42894089844 0.980190312981676 0.0 97.673
3.4270512804 0.9807469984643608 0.0 97.859
3.42345977796 0.9812585452734602 0.0 98.041
3.42210704304 0.9816296944312448 0.0 98.221
3.4179558487199997 0.981818670212164 0.0 98.403
3.41686278276 0.9821210040124856 0.0 98.585
3.41260807176 0.982448544792637 0.0 98.767
3.4114693882799996 0.9828417749976356 0.0 98.949
3.40786384968 0.9831693664311932 0.0 99.129
3.40586896044 0.983426420483532 0.0 99.312
3.40324770756 0.983705458964696 0.0 99.497
3.4000457085600004 0.983895273015142 0.0 99.68
3.39898246944 0.9841955472663302 0.0 99.86
3.3947189858400004 0.9846159870972712 0.0 100.04
3.39364697412 0.985102013577684 0.0 100.223
3.3900747714 0.9853831458826572 0.0 100.406
3.387320175 0.9855250937559284 0.0 100.585
3.38562530868 0.985666561060516 0.0 100.766
3.3831180996 0.9857617599163488 0.0 100.949
3.38094951288 0.985832148704601 0.0 101.133
3.3793388635199997 0.9859038573196908 0.0 101.313
3.3779861286 0.9860216724602764 0.0 101.496
3.376705329 0.9861626139343987 0.0 101.679
3.37577016984 0.9861638078314816 0.0 101.862
3.37492273668 0.9862316409382396 0.0 102.043
3.3742367193600002 0.9863253881487294 0.0 102.224
3.37359631956 0.9864422951218544 0.0 102.404
3.3730611909599997 0.9864429785048924 0.0 102.586
3.37262607 0.986489969933376 0.0 102.767
3.37226990244 0.9867205721340876 0.0 102.951
3.36885034296 0.98700268556034 0.0 103.134
3.35547037344 0.987225845730103 0.0 103.32
3.35214029448 0.9875531291975636 0.0 103.501
3.3492576181200002 0.9877649113029706 0.0 103.683
3.3461415906 0.9879082081365111 0.0 103.866
3.34482745512 0.988047169554226 0.0 104.044
3.34092013908 0.9881441723206552 0.0 104.225
3.33962530332 0.9883547986511392 0.0 104.403
3.3353337474 0.9886824536841372 0.0 104.585
3.3341792732399997 0.9888908710723656 0.0 104.766
3.33029476596 0.988918192783692 0.0 104.946
3.3287367521999998 0.9890130643400236 0.0 105.129
3.3256330063200004 0.9891099157035488 0.0 105.311
3.32312755176 0.9894129442219104 0.0 105.492
3.32081684892 0.9897168861291574 0.0 105.672
3.31751835132 0.9897675518165672 0.0 105.854
3.3161305260000002 0.9897693302367404 0.0 106.035
3.31210565712 0.989796836876246 0.0 106.216
3.31116698892 0.9899121066787614 0.0 106.4
3.30670173552 0.9900339288615996 0.0 106.585
3.3056999046000004 0.9901048726883992 0.0 106.769
3.30169784448 0.990270511277576 0.0 106.952
3.30009245868 0.990387799124578 0.0 107.132
3.29694660432 0.9905543740678012 0.0 107.312
3.2945499299999996 0.9908331879884612 0.0 107.494
3.29212693788 0.9910220587511056 0.0 107.674
3.2890003832400003 0.9911865814433288 0.0 107.854
3.28753185 0.9913501383500658 0.0 108.034
3.2835227718 0.9914249458643252 0.0 108.218
3.2824086516 0.9914495965914296 0.0 108.401
3.2782276304400004 0.991292418683016 0.0 108.585
3.2771415825599997 0.991270591856944 0.0 108.766
3.2732132122800004 0.9912756337674004 0.0 108.944
3.27155168184 0.991231324456631 0.0 109.127
3.2687444498400002 0.9914206953266324 0.0 109.309
3.2660775794399997 0.9916534268909938 0.0 109.489
3.2637405588000004 0.9917725333252896 0.0 109.67
3.2604753970799996 0.9916838412206456 0.0 109.85
3.25905774492 0.9915948082027616 0.0 110.031
3.2550030491999995 0.9916000140718444 0.0 110.209
3.2541170166 0.9917848913272358 0.0 110.391
3.2499640677599997 0.9919295538035828 0.0 110.572
3.2485358884799997 0.9920474961430388 0.0 110.752
3.24501632136 0.9920752387917292 0.0 110.931
3.2429933598000003 0.9921001883534428 0.0 111.115
3.2408545999199996 0.9922402349153756 0.0 111.298
3.23756487492 0.9924070150534552 0.0 111.478
3.2355629676 0.992502475494734 0.0 111.665
3.2318644394400002 0.992437562231681 0.0 111.845
3.23057486724 0.9924392193874064 0.0 112.028
3.22643420004 0.9924445403602102 0.0 112.211
3.2255253586799997 0.992445708276284 0.0 112.392
3.2211653764799997 0.9925886137899184 0.0 112.574
3.2199740574 0.9928447212540455 0.0 112.755
3.21634921908 0.993055481701682 0.0 112.938
3.2144139835199996 0.9932205286147568 0.0 113.122
3.2113119921599997 0.9932245180513752 0.0 113.305
3.2087696926800002 0.9931116736699632 0.0 113.485
3.20679234864 0.993090993581186 0.0 113.667
3.2033324351999997 0.993095442803052 0.0 113.848
3.20205865368 0.993097080812623 0.0 114.031
3.1979179864800003 0.9931024055091664 0.0 114.215
3.1967968482 0.9931735167454244 0.0 114.401
3.192436866 0.9932720171290432 0.0 114.585
3.1913753814 0.993366275713616 0.0 114.77
3.1881014470799998 0.9933008167469828 0.0 114.951
3.18575916288 0.9931412649923508 0.0 115.133
3.1827747243599998 0.9931218794936894 0.0 115.316
3.18010960848 0.99319497787027 0.0 115.499
3.1778322415200004 0.9933604729704316 0.0 115.683
3.1746355060799996 0.9934574803595766 0.0 115.863
3.1727704513200004 0.9934831035660092 0.0 116.045
3.16912631328 0.9933484477594848 0.0 116.224
3.16806307416 0.9933033673725696 0.0 116.408
3.1637680091999996 0.9933553403266888 0.0 116.589
3.1626766977600003 0.9934031925127312 0.0 116.771
3.15854480316 0.9935014051012282 0.0 116.953
3.1571113603199996 0.9935256027326188 0.0 117.132
3.15360582936 0.993574529667398 0.0 117.319
3.1514688239999997 0.9935328623273924 0.0 117.502
3.14914934856 0.9935358465572562 0.0 117.683
3.1458894504 0.9936773567814912 0.0 117.869
3.14395596936 0.9937495190351786 0.0 118.05
3.1401574335599998 0.9938008570802932 0.0 118.23
3.1395258063599996 0.9938016699592116 0.0 118.416
3.13535180328 0.9938302667811052 0.0 118.597
3.13387625196 0.993925066058627 0.0 118.782
3.1296425951999995 0.9939537405414248 0.0 118.964
3.12833196876 0.9940222000702512 0.0 119.146
3.12472818468 0.9941429657836214 0.0 119.327
3.12271925928 0.9941687775300354 0.0 119.511
3.11996992644 0.9941955426871444 0.0 119.695
3.11715567636 0.9941759404967964 0.0 119.875
3.11514324192 0.9941785314786578 0.0 120.057
3.11162718384 0.9941830583878342 0.0 120.24
3.1103305935599996 0.9941847277524708 0.0 120.424
3.106070619 0.9943063419960289 0.0 120.604
3.1052284494 0.9944003301126088 0.0 120.783
3.10079477736 0.9944060397992984 0.0 120.965
3.0995876676 0.994384368238336 0.0 121.149
3.09659445648 0.9943417704986096 0.0 121.33
3.0940784748 0.9944591093971762 0.0 121.509
3.09133440552 0.9945546778267542 0.0 121.693
3.0884236568400003 0.994744238334272 0.0 121.873
3.08639894076 0.994908561124724 0.0 122.056
3.0829302547200004 0.9949806779324794 0.0 122.24
3.0815687471999995 0.9948227492597046 0.0 122.419
3.07739123508 0.9945726371851178 0.0 122.599
3.07654029288 0.9945272796883806 0.0 122.78
3.0722697912 0.9946489147046172 0.0 122.962
3.07093986504 0.994813216536358 0.0 123.146
3.0674624064000002 0.99495618818275 0.0 123.327
3.06533768268 0.9950730292838936 0.0 123.509
3.06265677612 0.99507648426388 0.0 123.692
3.05974778196 0.9950337786401992 0.0 123.872
3.0579686986800003 0.9948996107020354 0.0 124.055
3.05414735412 0.9948813071449902 0.0 124.238
3.0529542805200003 0.9949060719166878 0.0 124.422
3.048785541 0.9950711333854808 0.0 124.602
3.0479749527599997 0.9951418609629882 0.0 124.785
3.04400622852 0.995031708311636 0.0 124.965
3.042293817 0.994826897242604 0.0 125.145
3.0388953117599997 0.9947383644089414 0.0 125.324
3.0368021694 0.9945328803465152 0.0 125.504
3.0340563456000003 0.9943758532289216 0.0 125.686
3.03105962544 0.9943564845105384 0.0 125.868
3.02928931476 0.9945657857970333 0.0 126.051
3.0255662233200002 0.9948716787088284 0.0 126.234
3.02447491188 0.9949883555869724 0.0 126.413
3.0201430019999997 0.9951777334477032 0.0 126.596
3.0192727600800002 0.9953646831834452 0.0 126.777
3.0151233202800003 0.9955994153345143 0.0 126.959
3.01360390596 0.9956246032942032 0.0 127.14
3.0101615377199997 0.9955825847989505 0.0 127.322
3.0080017236 0.9952398407896726 0.0 127.503
3.00555065916 0.994897470168878 0.0 127.685
3.00232936044 0.9948551631331906 0.0 127.867
3.00067484808 0.9951340113022216 0.0 128.048
2.99671840548 0.9953705316039532 0.0 128.228
2.9960288791200003 0.9954411081776132 0.0 128.409
2.991763641 0.9954466074804168 0.0 128.591
2.9905617948 0.995355239592009 0.0 128.772
2.98631410188 0.9953142568455235 0.0 128.954
2.98479117852 0.995316220165002 0.0 129.131
2.9818190216400002 0.9953432814591604 0.0 129.311
2.9793784843199997 0.9954393466829056 0.0 129.493
2.97703093656 0.995555618660304 0.0 129.674
2.9735833047599995 0.9956994436942836 0.0 129.86
2.97199721868 0.9957247191947212 0.0 130.049
2.9680355125199998 0.9955227909633138 0.0 130.228
2.96704420872 0.9955229077237844 0.0 130.41
2.96276844348 0.995620470948643 0.0 130.594
2.96173854024 0.9955297493136792 0.0 130.775
2.95768209 0.9954208609804284 0.0 130.957
2.95613284884 0.9953067064908064 0.0 131.14
2.95302734844 0.9953571711654216 0.0 131.321
2.9505008396399997 0.9955674710662538 0.0 131.504
2.94777957912 0.995732723762081 0.0 131.688
2.94488988468 0.995829373825457 0.0 131.87
2.94307044744 0.995715566754118 0.0 132.053
2.93928945684 0.9955133978746368 0.0 132.234
2.9382648171600003 0.9954458974936712 0.0 132.414
2.93388904428 0.9955212329857596 0.0 132.597
2.9329696758 0.9955447784773132 0.0 132.778
2.92873075548 0.9955946745899809 0.0 132.96
2.9273113487999995 0.9955965051098468 0.0 133.144
2.92382511756 0.9955109795254364 0.0 133.329
2.9216126678400003 0.9953279810134932 0.0 133.508
2.91924582036 0.9952613380573544 0.0 133.686
2.91606136656 0.995265443532733 0.0 133.87
2.9143717638 0.995267621823505 0.0 134.051
2.9106679720799997 0.9952723969054842 0.0 134.234
2.90944331712 0.995343671221808 0.0 134.415
2.9051622883199997 0.9953259590239668 0.0 134.597
2.9042938009199997 0.9952573828936774 0.0 134.778
2.9002496323199995 0.9951717012809308 0.0 134.961
2.89871442732 0.9952181118251032 0.0 135.137
2.89549488312 0.9952919591597444 0.0 135.319
2.8930894362 0.9952950605081848 0.0 135.498
2.8907296068000004 0.9951375092804328 0.0 135.677
2.8874188275600003 0.9949800211523374 0.0 135.858
2.8860239841600004 0.99495858646519 0.0 136.04
2.8820306966400002 0.9950798965448456 0.0 136.221
2.8809674575199997 0.995127732445146 0.0 136.403
2.8766355476400003 0.9952930422667152 0.0 136.584
2.8754775644399997 0.9954571651189272 0.0 136.767
2.87153866704 0.9954390115826416 0.0 136.947
2.8698894182399997 0.9953946723401808 0.0 137.127
2.8671085040400004 0.9954214913543524 0.0 137.31
2.8641696830399996 0.995471747363603 0.0 137.488
2.86223795652 0.9954742384926571 0.0 137.667
2.85865171764 0.9955485633081989 0.0 137.849
2.8576919951999997 0.995663934974664 0.0 138.031
2.8534758836400003 0.9957614358498508 0.0 138.215
2.85206349504 0.9957400242646288 0.0 138.392
2.8476912312000002 0.9957688979728498 0.0 138.575
2.84661746496 0.9956096801714606 0.0 138.758
2.8426259319600002 0.9953601276805444 0.0 138.94
2.8409415927599997 0.995270235381734 0.0 139.123
2.83795189068 0.9952296552511192 0.0 139.303
2.8353499375199998 0.99534627594171 0.0 139.483
2.83306204344 0.9953724602282992 0.0 139.669
2.82977231844 0.9953078710285514 0.0 139.854
2.8283546662799997 0.9951955607372354 0.0 140.033
2.8242771618 0.9952240522062524 0.0 140.213
2.82316655064 0.9951790153383188 0.0 140.393
2.81883990432 0.9951613590602196 0.0 140.575
2.8177854377999996 0.9951162494031318 0.0 140.756
2.8139044395600004 0.9951212528132616 0.0 140.938
2.812100793 0.995030639144704 0.0 141.115
2.80929882456 0.9948948422275724 0.0 141.295
2.8064687838 0.9947387499571976 0.0 141.478
2.80444757676 0.994741354754893 0.0 141.658
2.8008788830799998 0.9949056950430974 0.0 141.839
2.7998752976400003 0.9949534588379888 0.0 142.021
2.7955626874800004 0.9950751940962888 0.0 142.209
2.79431522376 0.9951000375849732 0.0 142.391
2.7900026136 0.9952450099442456 0.0 142.574
2.7888674391599997 0.9953606177512252 0.0 142.755
2.7850811849999997 0.9955040423837348 0.0 142.936
2.7832968381599996 0.9955760505847192 0.0 143.114
2.78050890588 0.9955796466228732 0.0 143.294
2.7775560487199997 0.995583455419115 0.0 143.476
2.77549975128 0.9954931644221344 0.0 143.659
2.77197667512 0.9956603599978436 0.0 143.843
2.77069763004 0.9958682293234876 0.0 144.024
2.76637098372 0.9956667199369548 0.0 144.207
2.76541126128 0.9954364678817568 0.0 144.389
2.76128463024 0.9955347351166128 0.0 144.569
2.7600933111600003 0.9957677634198162 0.0 144.751
2.75658427116 0.9957722905968006 0.0 144.93
2.75444902032 0.9955435520179732 0.0 145.112
2.7516838968 0.9952711845188992 0.0 145.293
2.74882753824 0.9951122113277632 0.0 145.474
2.74748708496 0.9951139395912234 0.0 145.657
2.74333764516 0.995072815934933 0.0 145.84
2.74199719188 0.9949583598908662 0.0 146.023
2.7377705532 0.994827291332936 0.0 146.203
2.73676696776 0.9948053479081476 0.0 146.382
2.73260524632 0.9948107121173112 0.0 146.562
2.73122443908 0.9948124919077532 0.0 146.743
2.72784347904 0.9948168498205128 0.0 146.925
2.72560120248 0.994866214727916 0.0 147.105
2.7231203112 0.9949370916645608 0.0 147.284
2.7199551571200002 0.99489673022 0.0 147.464
2.7185111871600003 0.9950118747078668 0.0 147.643
2.71442140104 0.9951565734985284 0.0 147.827
2.71329324468 0.99520450360316 0.0 148.009
2.7091069599599997 0.9953716952671128 0.0 148.186
2.70796827648 0.9956499850281528 0.0 148.372
2.7040486788 0.9957479936023088 0.0 148.553
2.7023467944 0.9954489662472976 0.0 148.733
2.69904654228 0.9951763986274174 0.0 148.915
2.69657968716 0.9949027543212025 0.0 149.098
2.6948444668800002 0.9947664330596208 0.0 149.282
2.69113365708 0.9947479777589264 0.0 149.465
2.6894422998 0.9949351938331576 0.0 149.647
2.6854998933600003 0.9950776742668552 0.0 149.828
2.6843191014 0.9950559581617918 0.0 150.01
2.6800468452 0.9950149891748508 0.0 150.194
2.67910993152 0.9950161971385708 0.0 150.375
2.67489908352 0.9950216262252112 0.0 150.558
2.67345335904 0.9949334394331184 0.0 150.741
2.67011977104 0.9948680200857094 0.0 150.924
2.66778976848 0.9947315892527024 0.0 151.105
2.66502464496 0.9947583925467132 0.0 151.287
2.66212266888 0.9947388939294584 0.0 151.467
2.66061202716 0.9946246446035524 0.0 151.651
2.65665558456 0.9946297437960716 0.0 151.828
2.65576779744 0.9946773669056528 0.0 152.004
2.6514586963199998 0.9946364417949132 0.0 152.185
2.65027088628 0.9945005685069648 0.0 152.367
2.6464039242 0.9941366211261172 0.0 152.549
2.64459852312 0.9940236194574028 0.0 152.73
2.64226852056 0.9941884281600282 0.0 152.91
2.63899283172 0.9944694941461508 0.0 153.093
2.6370347874 0.99470151251487 0.0 153.273
2.63342749428 0.9947294023308264 0.0 153.454
2.6319396613199997 0.9946848398334602 0.0 153.632
