X_channel Y_channel II_channel timestamp
4.694876205 0.9961683899282908 0.0 0.551
4.6948060242 0.996327132104453 0.0 0.728
4.6947533886 0.99638669721255 0.0 0.912
4.6947621612 0.9964850938799324 0.0 1.095
4.69470426204 0.9965429311911516 0.0 1.275
4.693393635600001 0.9965447633240706 0.0 1.457
4.69290938808 0.99654544025842 0.0 1.638
4.6907408013600005 0.9965683023847736 0.0 1.819
4.68898277232 0.9966500827238448 0.0 2.002
4.68712473564 0.9968304132783312 0.0 2.18
4.6848666684 0.997049974287526 0.0 2.36
4.68361569564 0.9970715547686247 0.0 2.542
4.680750564479999 0.9969764076272218 0.0 2.72
4.68021894492 0.996937489280211 0.0 2.9
4.67663446056 0.9969234147994526 0.0 3.082
4.674172869 0.997064931226081 0.0 3.263
4.67212358964 0.9971074598013612 0.0 3.442
4.669904121839999 0.997110564269196 0.0 3.627
4.66809872076 0.9970932583215087 0.0 3.812
4.66600031484 0.9971160247437146 0.0 3.992
4.66406507928 0.9971385630573092 0.0 4.182
4.6619701824 0.9971216619794752 0.0 4.364
4.66008231888 0.9972227164079892 0.0 4.546
4.65802777596 0.997442002210282 0.0 4.725
4.65605920452 0.9975439146719752 0.0 4.903
4.65418362264 0.9974870444072252 0.0 5.082
4.6507763448 0.9974124853068014 0.0 5.262
4.64909025108 0.9973751809407476 0.0 5.442
4.64663918664 0.9973786103854972 0.0 5.624
4.6447144782 0.9974209672014148 0.0 5.805
4.64260554516 0.997523077927699 0.0 5.988
4.64026150644 0.997625518295332 0.0 6.168
4.63922809416 0.9976666287071349 0.0 6.354
4.63608925788 0.997512364631987 0.0 6.538
4.6350383004 0.997316257267227 0.0 6.721
4.63171699404 0.9973209041471618 0.0 6.902
4.63096255044 0.9973608805725026 0.0 7.088
4.6276500166800005 0.9974845097023378 0.0 7.268
4.62664818576 0.9975255764416046 0.0 7.448
4.62405675972 0.99754903541872 0.0 7.628
4.62226890384 0.9976903651661466 0.0 7.812
4.6201073352 0.997693390626724 0.0 7.995
4.61794225752 0.9975972577583828 0.0 8.177
4.61633160816 0.9976788427072608 0.0 8.358
4.61342787756 0.9978390900549072 0.0 8.54
4.61253833592 0.9978800009135622 0.0 8.724
4.60916965752 0.9977285328308816 0.0 8.905
4.60853978484 0.997925264505832 0.0 9.088
4.60520795136 0.9982051120936988 0.0 9.27
4.60414471224 0.9983255992817612 0.0 9.451
4.6013427438 0.9984286892525838 0.0 9.631
4.599684722399999 0.998391345382772 0.0 9.811
4.59741612804 0.998216023969155 0.0 9.997
4.595205432839999 0.998003432960899 0.0 10.178
4.59380006232 0.997906234073818 0.0 10.357
4.59088229556 0.997811895734826 0.0 10.537
4.58983835616 0.9978331905685374 0.0 10.721
4.58650301364 0.9979957842566244 0.0 10.904
4.58575207908 0.9981537686259782 0.0 11.087
4.58242200012 0.998177521893446 0.0 11.266
4.58134297032 0.998238533997986 0.0 11.446
4.57882698864 0.9983610600959258 0.0 11.626
4.5768671898 0.9982058785679484 0.0 11.81
4.57480211976 0.9980518352856546 0.0 11.992
4.57233351012 0.9979362884577426 0.0 12.173
4.57096323 0.9979382069886706 0.0 12.353
4.56796650984 0.9981201653305606 0.0 12.536
4.56707170464 0.998337857644924 0.0 12.716
4.5635767008 0.998362587188536 0.0 12.898
4.56270996792 0.99822496191445 0.0 13.079
4.5594342790799995 0.9981906248373648 0.0 13.261
4.55831138628 0.998094761376698 0.0 13.442
4.55616560832 0.9981753681981004 0.0 13.622
4.553637345 0.9983566751351756 0.0 13.803
4.551575784 0.9983992318207184 0.0 13.981
4.54908787464 0.9984225514363316 0.0 14.163
4.54773513972 0.9984046117814852 0.0 14.343
4.54470157464 0.9984088612295812 0.0 14.528
4.543820805599999 0.9982514173121892 0.0 14.709
4.54024509384 0.9982365906537104 0.0 14.89
4.53955907652 0.9982375514787956 0.0 15.068
4.53615179868 0.9982423236860396 0.0 15.248
4.53481836348 0.9982838612272026 0.0 15.427
4.53239186232 0.9982475898770624 0.0 15.607
4.53037591884 0.998389259062412 0.0 15.787
4.5285301638 0.998647965876074 0.0 15.969
4.52582995752 0.9990856447011264 0.0 16.15
4.52485268988 0.9995598372241192 0.0 16.329
4.52138224932 0.9998002490835044 0.0 16.512
4.520399718119999 0.9997041861580236 0.0 16.693
4.51686085128 0.9995313747331568 0.0 16.876
4.5159169195199995 0.9995128630570268 0.0 17.056
4.51266579396 0.9994777513635604 0.0 17.238
4.50895322964 0.9990309521475034 0.0 17.596
4.50662849064 0.9989952832238987 0.0 17.778
4.50496169664 0.9990167115505044 0.0 17.96
4.50211060164 0.9991776594417764 0.0 18.141
4.500847347240001 0.9992786100515056 0.0 18.325
4.49754007704 0.999303083273184 0.0 18.512
4.4967522975600005 0.9993041878698902 0.0 18.692
4.493171322239999 0.9993092090184374 0.0 18.874
4.49216949132 0.9993304499199828 0.0 19.053
4.48912890816 0.9993743859540468 0.0 19.234
4.483412682 0.9994592678000842 0.0 19.678
4.48251612228 0.999698562191908 0.0 19.86
4.47986328804 0.999798986372921 0.0 20.041
4.47783681744 0.999763891901062 0.0 20.221
4.47532259028 0.9995697966600222 0.0 20.403
4.4731311948000005 0.9993571463662856 0.0 20.589
4.471131042 0.999398880759912 0.0 20.772
4.46831152836 0.9994606094458148 0.0 20.956
4.46697107508 0.9994624893571432 0.0 21.137
4.46368661364 0.9994670956619144 0.0 21.319
4.46285146212 0.9995674517691072 0.0 21.5
4.45908801672 0.999592567487606 0.0 21.682
4.45827391944 0.9995341980927788 0.0 21.87
4.45372795812 0.9995008996955362 0.0 22.167
4.45228398816 0.999602111216574 0.0 22.351
4.44903110808 0.99952732455094 0.0 22.535
4.4481643752 0.9993326461143728 0.0 22.717
4.44440619336 0.9991990538789268 0.0 22.895
4.44359911416 0.9992398605111026 0.0 23.077
4.43988479532 0.9992252310774056 0.0 23.259
4.43882331072 0.9992663947322185 0.0 23.44
4.4337509934 0.9995289187153046 0.0 23.87
4.43052618564 0.9995334418696218 0.0 24.053
4.42897518996 0.9993793937816248 0.0 24.235
4.42622234808 0.9992443884842938 0.0 24.417
4.42420991364 0.9993067245011338 0.0 24.6
4.42203606336 0.9993891253443576 0.0 24.782
4.41938673816 0.999412679036017 0.0 24.963
4.41805505748 0.9993153556086988 0.0 25.147
4.414679361 0.9992605745685296 0.0 25.33
4.413670512 0.9993016659196928 0.0 25.509
4.4100439191600005 0.9994845536116196 0.0 25.692
4.40913156876 0.9995245182702908 0.0 25.873
4.40560498356 0.9994915236037462 0.0 26.056
4.40438559216 0.9994138795540484 0.0 26.241
4.40168187684 0.999258962169552 0.0 26.42
4.3995378534 0.999125577450101 0.0 26.602
4.3973271582 0.9989302891720716 0.0 26.783
4.39471994148 0.9986785186989788 0.0 26.962
4.39328649864 0.9986996226030924 0.0 27.142
4.38988272984 0.999039920154577 0.0 27.321
4.3890370512 0.9993758893104626 0.0 27.505
4.3852472879999995 0.9995193343321822 0.0 27.688
4.384382309639999 0.9995783291592698 0.0 27.868
4.38091011456 0.9995831998819036 0.0 28.048
4.37940298188 0.9994885975275992 0.0 28.231
4.37670628464 0.999472540714802 0.0 28.414
4.37451488916 0.9995730756460514 0.0 28.596
4.3725796536 0.999694083276385 0.0 28.778
4.36965662328 0.9998569006801 0.0 28.96
4.36826177988 0.9999952551750314 0.0 29.144
4.36488081984 1.0 0.0 29.324
4.36405794996 0.9998052376019462 0.0 29.503
4.36022958732 0.9997312500249042 0.0 29.684
4.35918038436 0.9996144269655624 0.0 29.867
4.35608190204 0.999501470113421 0.0 30.047
4.35437124504 0.9994641897163644 0.0 30.229
4.35176578284 0.9994678443363748 0.0 30.41
4.3493585814 0.9995307412668506 0.0 30.59
4.34754967128 0.9995729591217778 0.0 30.771
4.34453014236 0.999517674261586 0.0 30.953
4.34337040464 0.9994002593392112 0.0 31.134
4.33966134936 0.999169112963726 0.0 31.315
4.33884374304 0.9988156119711088 0.0 31.495
4.335032925599999 0.9987026548326474 0.0 31.674
4.33388020596 0.9988225698634846 0.0 31.854
4.32910440252 0.9990358558817192 0.0 32.137
4.3285061112 0.999185500069221 0.0 32.315
4.32495496272 0.9993077887506784 0.0 32.479
4.323751361999999 0.9994674595075058 0.0 32.646
4.32093711192 0.9996482393624262 0.0 32.823
4.31882291532 0.9996512055790704 0.0 33.005
4.31733508236 0.999555824011758 0.0 33.186
4.31400324888 0.9994811337239204 0.0 33.365
4.31230838256 0.9993255260149336 0.0 33.547
4.30894145868 0.9991732544341356 0.0 33.725
4.30806068964 0.9990951244743644 0.0 33.906
4.30426039932 0.9990607706717992 0.0 34.091
4.3032901497600005 0.9990224483404996 0.0 34.272
4.29950740464 0.9991071184137134 0.0 34.454
4.29817572396 0.9991685104618504 0.0 34.639
4.2951404043600006 0.9991330838368812 0.0 34.821
4.29306656172 0.999175675432634 0.0 35.001
4.29090850212 0.9991787018762996 0.0 35.181
4.2881521512 0.9991825673850748 0.0 35.365
4.28651693856 0.9990658093583852 0.0 35.548
4.283190368640001 0.9988539485501154 0.0 35.731
4.2822973179599995 0.9988361026482464 0.0 35.914
4.27842158328 0.9990771611635452 0.0 36.095
4.27744256112 0.9991975868067952 0.0 36.277
4.2740177380799995 0.9990833366145256 0.0 36.46
4.27247902404 0.9989671848248434 0.0 36.642
4.270157794079999 0.9988928063848778 0.0 36.826
4.26753829572 0.9990130531615896 0.0 37.006
4.265018805 0.9990761134547156 0.0 37.189
4.26231508968 0.9989814362340546 0.0 37.369
4.26074128524 0.99892585142917 0.0 37.55
4.2573778704 0.998871039228156 0.0 37.732
4.25626550472 0.9987138570408842 0.0 37.912
4.2524564418 0.9986596681781904 0.0 38.095
4.2515879544 0.9987204141259756 0.0 38.279
4.24773853752 0.9988250251683682 0.0 38.461
4.24643668368 0.9987077923879144 0.0 38.641
4.24348031748 0.9986524074761216 0.0 38.824
4.241332785 0.9985388393659748 0.0 39.005
4.23901330956 0.9984627175396794 0.0 39.184
4.23626573124 0.9984268817111844 0.0 39.363
4.23523758252 0.998487852526634 0.0 39.544
4.23146887356 0.9986114508685144 0.0 39.723
4.2303582624 0.998651702343466 0.0 39.903
4.22648603676 0.9986191795733576 0.0 40.085
4.22549648748 0.9986776169465598 0.0 40.265
4.221917266679999 0.9986255838276614 0.0 40.444
4.22038907976 0.998684776668224 0.0 40.627
4.21778537208 0.9986693270159512 0.0 40.809
4.215307989839999 0.998595160777718 0.0 40.988
4.2132955554 0.9985781377487865 0.0 41.171
4.21035848892 0.9986410425127742 0.0 41.354
4.2088390746 0.998662024270007 0.0 41.535
4.2052072182 0.9984116222182672 0.0 41.718
4.20424047768 0.9980575184176292 0.0 41.9
4.20027526248 0.9977678900272522 0.0 42.082
4.19936993016 0.9977096251173524 0.0 42.264
4.19580123648 0.99779400076203 0.0 42.445
4.194136197 0.9978948109718784 0.0 42.627
4.19134826472 0.9980358915777352 0.0 42.81
4.18887439152 0.9981187358425192 0.0 42.991
4.18752516564 0.9982000047961918 0.0 43.169
4.18392313608 0.9980462941961248 0.0 43.355
4.18260373704 0.997872020350234 0.0 43.536
4.17883327356 0.9977979224396456 0.0 43.714
4.17789285084 0.9977000151557988 0.0 43.896
4.17401009808 0.997685608133181 0.0 44.077
4.17286088748 0.9975110928814102 0.0 44.263
4.16949922716 0.9973173488244976 0.0 44.444
4.16767101732 0.9972231630739888 0.0 44.626
4.16505327348 0.997167291866392 0.0 44.809
4.1624776381199995 0.9971708973041532 0.0 44.99
4.160668728 0.9971535840938556 0.0 45.17
4.15746146544 0.996999309891718 0.0 45.354
4.15606486752 0.9968829357125096 0.0 45.536
4.1523084402 0.9967113185775678 0.0 45.717
4.15137503556 0.9966729333198366 0.0 45.899
4.1476080811200005 0.9967774326244302 0.0 46.08
4.1463869352 0.9968957353462607 0.0 46.261
4.14280069632 0.996823851435956 0.0 46.443
4.1410374037199995 0.9969230678678126 0.0 46.624
4.13904075996 0.997064784123652 0.0 46.802
4.13605983048 0.9971880330382128 0.0 46.982
4.13424916584 0.997051644972448 0.0 47.162
4.1308278518399995 0.996780323414842 0.0 47.345
4.12962600564 0.9964081515234332 0.0 47.525
4.12582922436 0.9963737698715256 0.0 47.707
4.12494845532 0.9966114218550184 0.0 47.89
4.12103236668 0.996774928608558 0.0 48.071
4.1196796317599995 0.996677588944992 0.0 48.252
4.116623257920001 0.996583376704746 0.0 48.43
4.11446870736 0.9964492010286352 0.0 48.611
4.11190886268 0.996234467881862 0.0 48.792
4.10913496656 0.9962978879637258 0.0 48.973
4.10765766072 0.9962411579668474 0.0 49.156
4.10410475772 0.9961287820524608 0.0 49.339
4.10316082596 0.9959911732299606 0.0 49.52
4.09909735764 0.995701629583009 0.0 49.7
4.09814289876 0.9955052368334432 0.0 49.885
4.09423733724 0.995333806874931 0.0 50.069
4.09285653 0.9951777024930007 0.0 50.25
4.09028791272 0.9948265200272411 0.0 50.432
4.08771754092 0.9942580082802448 0.0 50.613
4.0853542024800005 0.9934922173483084 0.0 50.795
4.08250837104 0.992787380772709 0.0 50.979
4.0805555902799995 0.991901921862286 0.0 51.166
4.07731850088 0.990861944349908 0.0 51.351
4.07573066028 0.99015459622291 0.0 51.533
4.07193563352 0.9902980625966578 0.0 51.715
4.07115662664 0.9911260578645306 0.0 51.894
4.0672668558 0.9919799719648384 0.0 52.077
4.06594745676 0.99249463280118 0.0 52.259
4.06236999048 0.9927757548534984 0.0 52.44
4.0606961784 0.992817784248028 0.0 52.62
4.0578661376400005 0.9927621843667188 0.0 52.802
4.055350155959999 0.9927061463167314 0.0 52.987
4.05359563596 0.9927482884553676 0.0 53.168
4.050221694 0.9927926881139372 0.0 53.35
4.04899002096 0.9926753139826816 0.0 53.53
4.04509323204 0.9927601395386548 0.0 53.711
4.04419316328 0.9926621509757936 0.0 53.889
4.04022093 0.9924319834595752 0.0 54.071
4.038992766 0.9922352070748892 0.0 54.252
4.03574865852 0.9920834167988422 0.0 54.435
4.03361691672 0.9920665372639552 0.0 54.618
4.0309307466 0.9919114869052136 0.0 54.799
4.0283656383599995 0.9918175508008163 0.0 54.982
4.02633565872 0.9917417255501434 0.0 55.161
4.0231231326 0.991627103637955 0.0 55.345
4.02168267168 0.9915298629462744 0.0 55.526
4.0178929084799995 0.9914383733936504 0.0 55.709
4.01697178548 0.9912213124029255 0.0 55.889
4.0128591906 0.990911925353055 0.0 56.073
4.01167138056 0.9906572708829188 0.0 56.258
4.0082360304 0.9905039967289434 0.0 56.442
4.0063850118 0.9903693601538892 0.0 56.619
4.0038672756 0.9901552583886862 0.0 56.799
4.00108811592 0.9900598730958076 0.0 56.978
3.99929148744 0.9898862030254164 0.0 57.158
3.9958578918 0.9896336701728196 0.0 57.341
3.99451042044 0.9893204236330158 0.0 57.523
3.99059959536 0.9890099912691404 0.0 57.706
3.9898486608000003 0.9886562127966814 0.0 57.888
3.98610626964 0.988405836128975 0.0 58.071
3.98450263836 0.9881706026480828 0.0 58.251
3.98109711504 0.988057962564738 0.0 58.431
3.97924434192 0.9879612808987503 0.0 58.614
3.976663443 0.9877482425906166 0.0 58.79
3.9739579731599997 0.9873177634310496 0.0 58.973
3.97222275288 0.9868668302288652 0.0 59.153
3.96863300496 0.9866343402855772 0.0 59.333
3.9674715127199995 0.9863803708183484 0.0 59.516
3.9635431424400003 0.9860111265959676 0.0 59.694
3.9625114846800003 0.9855584655329008 0.0 59.878
3.95863575 0.9853273540653812 0.0 60.055
3.95719528908 0.9851127224749404 0.0 60.24
3.9540915432 0.9848217302084886 0.0 60.418
3.9517790858399997 0.9844690952816064 0.0 60.598
3.94965436212 0.9840586299690824 0.0 60.78
3.94651903488 0.9839247474661768 0.0 60.961
3.94495224852 0.9835720685545184 0.0 61.141
3.9412993378800003 0.9832421198429764 0.0 61.32
3.9402483804 0.9829475350351916 0.0 61.502
3.93620772084 0.9826171233894028 0.0 61.679
3.9351427272 0.982205181929478 0.0 61.859
3.9316564959600004 0.9818739992547236 0.0 62.042
3.9297054697199996 0.9814037197477002 0.0 62.222
3.92699824536 0.9807175973695508 0.0 62.402
3.92453139024 0.9798921752267604 0.0 62.585
3.92298565812 0.9791250369539816 0.0 62.769
3.91923624888 0.9785385993535288 0.0 62.951
3.91790281368 0.9778307173850816 0.0 63.132
3.91397795244 0.9770469795983564 0.0 63.313
3.91291822236 0.976457083604698 0.0 63.494
3.908938971 0.9760091609676976 0.0 63.674
3.9077055434399997 0.9753797923182524 0.0 63.853
3.90437897352 0.974753286690101 0.0 64.034
3.9023349577199995 0.9741644777075864 0.0 64.213
3.89986634808 0.9735757495377358 0.0 64.396
3.89706613416 0.9729681139755524 0.0 64.576
3.8953660042799996 0.972398180689394 0.0 64.757
3.89165870352 0.971851333215308 0.0 64.939
3.8905182655200004 0.9709860619328616 0.0 65.119
3.8865337506 0.9701626315112194 0.0 65.302
3.88559332788 0.969215185202418 0.0 65.482
3.88168425732 0.9684494588975388 0.0 65.662
3.8801823881999997 0.9676821900159844 0.0 65.844
3.87696635304 0.9669172455648252 0.0 66.025
3.87484689288 0.9659150478182776 0.0 66.205
3.87304675536 0.9647932909993108 0.0 66.384
3.86956578768 0.9639492705326996 0.0 66.566
3.8678674123200003 0.9628472163671568 0.0 66.751
3.8640636129600003 0.9616487324196838 0.0 66.931
3.86296352892 0.96031009471546 0.0 67.114
3.85891058772 0.9591516321347348 0.0 67.294
3.8579420926799997 0.9579095912502226 0.0 67.475
3.8542365464399997 0.9567704939754722 0.0 67.656
3.8524434270000003 0.9554923221087248 0.0 67.837
3.8495660142 0.954193261072522 0.0 68.019
3.84720793932 0.9529935096508236 0.0 68.2
3.8446656398399996 0.9514592052574672 0.0 68.381
3.84170927364 0.949806068502312 0.0 68.561
3.84029863956 0.9480327265344828 0.0 68.745
3.83642992296 0.9464991600307152 0.0 68.924
3.83552459064 0.944824151965332 0.0 69.106
3.83145585876 0.9431138689740292 0.0 69.285
3.83012242356 0.9410450490363792 0.0 69.468
3.82658706576 0.9390766613383996 0.0 69.651
3.8248343002799996 0.9371463619958642 0.0 69.835
3.82241306268 0.9352750064987996 0.0 70.018
3.8195461770000003 0.9333858567202684 0.0 70.203
3.81717406596 0.9313570597316336 0.0 70.386
3.81402996612 0.9291912642887332 0.0 70.57
3.8123491359600004 0.92666937934937 0.0 70.754
3.8087523699599997 0.9242077975642966 0.0 70.934
3.8073785808000005 0.9214291040424734 0.0 71.113
3.803316867 0.9188697947586248 0.0 71.296
3.8023536355200003 0.9158736215571012 0.0 71.48
3.79852878192 0.912978897510662 0.0 71.663
3.79696199556 0.9099636120676334 0.0 71.848
3.79358279004 0.9068498548316136 0.0 72.03
3.7913878855200003 0.9037559096248906 0.0 72.211
3.78877014168 0.9003862371325506 0.0 72.393
3.7860365995199996 0.8969975745238528 0.0 72.574
3.7846119292799996 0.8933302537942264 0.0 72.755
3.7808046208799997 0.8900215657653078 0.0 72.936
3.77965365576 0.8860585053346192 0.0 73.117
3.77558316936 0.8820392327076573 0.0 73.299
3.774498876 0.877701263307193 0.0 73.48
3.77125652304 0.8736620341295964 0.0 73.662
3.7692002256 0.8698174003622657 0.0 73.843
3.7656999582 0.8653837730598575 0.0 74.029
3.76353838956 0.8606523739506713 0.0 74.208
3.7609101186 0.8556450050668083 0.0 74.392
3.75812218632 0.8507760415790914 0.0 74.573
3.75637819344 0.8456096872605897 0.0 74.757
3.75276388224 0.8408002067837752 0.0 74.939
3.75149360976 0.835456259491319 0.0 75.122
3.74743365048 0.8306670713289619 0.0 75.303
3.7466107805999997 0.8252835780729422 0.0 75.485
3.7424894131199995 0.8202379657986868 0.0 75.666
3.7410436886399996 0.81489485016217 0.0 75.846
3.73762237464 0.8099071688311997 0.0 76.029
3.7355660772 0.804741663299035 0.0 76.209
3.7334641622399998 0.7993783508951796 0.0 76.392
3.73018496436 0.794588957143376 0.0 76.576
3.72828306468 0.7896004098109985 0.0 76.757
3.72475647948 0.7850271595690432 0.0 76.938
3.72359323272 0.7801367789297997 0.0 77.117
3.7196315265599997 0.7759188816888682 0.0 77.298
3.7187121580799998 0.7716983843036257 0.0 77.478
3.71464693524 0.7680531725598592 0.0 77.658
3.7130871669600003 0.7644648025222688 0.0 77.841
3.71004482928 0.7612327138646265 0.0 78.02
3.70764640044 0.758336008818299 0.0 78.203
3.7054234236 0.7559117202210967 0.0 78.384
3.70219686132 0.7540797555300607 0.0 78.566
3.7006248114000004 0.7524647144331769 0.0 78.747
3.6968420662800003 0.7514427827075887 0.0 78.93
3.69575426388 0.7506744201533536 0.0 79.11
3.69165570516 0.7501855076195201 0.0 79.288
3.6906222928799997 0.7502652858916761 0.0 79.469
3.6867904212 0.7508218897654456 0.0 79.649
3.6851622266399997 0.7518108296215685 0.0 79.831
3.68275853424 0.7530942546979695 0.0 80.008
3.67969689684 0.7546166911704533 0.0 80.192
3.6775265556 0.7567495984105064 0.0 80.374
3.6742631484 0.759061669695242 0.0 80.551
3.67271215272 0.7619438694640512 0.0 80.733
3.66885747228 0.764907000310092 0.0 80.915
3.66790476792 0.7684784455897214 0.0 81.097
3.6637623462 0.7720543528428928 0.0 81.277
3.6625078643999998 0.7760804428835754 0.0 81.457
3.65909356848 0.7802067214085034 0.0 81.639
3.6570091987199995 0.7844125013177551 0.0 81.82
3.65440900008 0.7886561138762898 0.0 82.003
3.65155264152 0.7929010357451101 0.0 82.186
3.6498086486399997 0.7974600175567067 0.0 82.366
3.6462189007199997 0.8017842740809632 0.0 82.545
3.64492055592 0.8066786852160248 0.0 82.728
3.64082550624 0.8108854273649085 0.0 82.909
3.6399026287200003 0.8154450707954972 0.0 83.085
3.63573739824 0.8197892562151634 0.0 83.271
3.6343741362 0.8245257117767986 0.0 83.451
3.6309703674 0.8290488317610208 0.0 83.634
3.62887020696 0.8334701743598149 0.0 83.815
3.62651213208 0.837951427469362 0.0 83.995
3.62341189524 0.8420785846584384 0.0 84.178
3.62167492044 0.8463620474024663 0.0 84.358
3.6180693818400003 0.8503319819611859 0.0 84.539
3.61667629296 0.8546937815428374 0.0 84.721
3.6126672147599996 0.858288409967526 0.0 84.908
3.61170924684 0.8621971554607017 0.0 85.088
3.60776157684 0.8657329389224945 0.0 85.268
3.60632462496 0.8694049695582743 0.0 85.446
3.60311560788 0.8728810758616844 0.0 85.625
3.600889122 0.8761991019932495 0.0 85.806
3.59847314796 0.8795551190317443 0.0 85.986
3.59536589304 0.8826962746529694 0.0 86.168
3.5937254168400004 0.8860133898936872 0.0 86.353
3.59000407992 0.8888591802295378 0.0 86.538
3.58879346112 0.8918001685023137 0.0 86.72
3.58455629532 0.8942913855595641 0.0 86.902
3.5836369268399997 0.896917482390134 0.0 87.083
3.58006998768 0.899408149313932 0.0 87.265
3.57817510608 0.9020347607788276 0.0 87.444
3.57493626216 0.9047614099077091 0.0 87.626
3.57263608644 0.9072505318981248 0.0 87.808
3.5700902779199994 0.909541861986141 0.0 87.989
3.56710759392 0.9115782940396704 0.0 88.172
3.56518464 0.913969160710429 0.0 88.354
3.5617703440799997 0.9162427878732614 0.0 88.534
3.56060885184 0.9184340811396976 0.0 88.718
3.5564576575199998 0.9201947623868328 0.0 88.897
3.55539617292 0.9222096713014584 0.0 89.076
3.5512870870800004 0.9240291750832412 0.0 89.257
3.54994838832 0.9257082937235978 0.0 89.437
3.5465569011599998 0.9273704792269096 0.0 89.619
3.5443725237600003 0.9289913797849182 0.0 89.803
3.5422092006 0.930651739735286 0.0 89.983
3.53893175724 0.932077202840663 0.0 90.167
3.53753691384 0.9335190794709064 0.0 90.345
3.5334576548400003 0.9349255072745224 0.0 90.524
3.5326084671599998 0.936406408482849 0.0 90.702
3.52871167824 0.9375561410973252 0.0 90.885
3.5271834913199998 0.9386233100881514 0.0 91.065
3.52312704108 0.9399115716790372 0.0 91.248
3.52151639172 0.9413339179163523 0.0 91.43
3.5185179170399996 0.9427787171220487 0.0 91.61
3.5160756252 0.9440251502106636 0.0 91.791
3.5138824752 0.9451726887361128 0.0 91.97
3.51066468552 0.9461634335775764 0.0 92.153
3.50914878024 0.9470337343244492 0.0 92.334
3.5053291902 0.947768806340736 0.0 92.512
3.50429051436 0.9488559882757036 0.0 92.693
3.5000568575999997 0.950026148279752 0.0 92.875
3.4989304557599996 0.9511914243555918 0.0 93.056
3.4952407002 0.9522225765577 0.0 93.239
3.4932686197200002 0.9533500138013514 0.0 93.421
3.4909438807199997 0.9543587459157008 0.0 93.605
3.48790154304 0.9550339854267166 0.0 93.786
3.48558382212 0.9556091848851304 0.0 93.968
3.4822712883599998 0.9563642550954232 0.0 94.148
3.4807080110399995 0.957431581320272 0.0 94.332
3.47689543908 0.9582454419547076 0.0 94.515
3.4758865900799996 0.95915386210386 0.0 94.696
3.4716125793600003 0.9600286986350284 0.0 94.879
3.47047740492 0.9608588333433176 0.0 95.059
3.46664728776 0.9615741689932196 0.0 95.242
3.4649120674800002 0.9623668837189612 0.0 95.426
3.46207325412 0.9630602817449392 0.0 95.606
3.4593958566 0.963656376816183 0.0 95.789
3.45728166 0.9642313516351916 0.0 95.969
3.45384455532 0.9647887549300084 0.0 96.151
3.45245497548 0.9653627546334006 0.0 96.334
3.44857573176 0.9658224343552492 0.0 96.515
3.44757390084 0.9662970840547508 0.0 96.691
3.44333673504 0.9666191938215116 0.0 96.869
3.4419506642399997 0.9670745048863318 0.0 97.049
3.4391767681200003 0.967512832384018 0.0 97.23
3.43657481496 0.9680289018078796 0.0 97.413
3.4337640739199995 0.9684672864803406 0.0 97.597
3.4309410512399996 0.9689245637843908 0.0 97.778
3.4289373894 0.9693419902763688 0.0 97.96
3.4255283570399997 0.969721602532138 0.0 98.14
3.4242808933199997 0.9702398163574426 0.0 98.319
3.4201332080399998 0.9707587601725176 0.0 98.499
3.41912260452 0.971313160344342 0.0 98.679
3.4150854539999997 0.9719494219851782 0.0 98.862
3.41365902924 0.97248428151465 0.0 99.044
3.4105114203599998 0.9728635595692332 0.0 99.223
3.40821124464 0.9731830761706136 0.0 99.405
3.40574789856 0.9736200300391948 0.0 99.588
3.4026809975999996 0.974038939908508 0.0 99.769
3.40111245672 0.9743564686920224 0.0 99.95
3.39719461356 0.974579621719459 0.0 100.131
3.3958524057600004 0.974857110632989 0.0 100.313
3.39189420864 0.9751786641385785 0.0 100.496
3.3908204424000004 0.9754567816035286 0.0 100.674
3.3867446924399998 0.9756394331488806 0.0 100.858
3.38528142276 0.9759575732002352 0.0 101.037
3.3821969766 0.9763367950798107 0.0 101.219
3.37971783984 0.9765771126009009 0.0 101.4
3.3773439742800004 0.9768766406314436 0.0 101.583
3.37411565748 0.9772553232915664 0.0 101.762
3.37246640868 0.9777706630805346 0.0 101.943
3.36874682628 0.9780333063317616 0.0 102.126
3.36761165184 0.978171455697658 0.0 102.308
3.36337273152 0.9783163562799394 0.0 102.493
3.36227089296 0.9785744122395522 0.0 102.673
3.35821970628 0.978896377874923 0.0 102.855
3.3567353823599997 0.9791939535047288 0.0 103.036
3.3535211017199997 0.9793555815740372 0.0 103.219
3.35116302684 0.9794780349632424 0.0 103.399
3.34878389772 0.9796593771800024 0.0 103.582
3.34564506144 0.979840773381722 0.0 103.766
3.3439221228 0.9801585530955528 0.0 103.946
3.3401814861599997 0.980400386696392 0.0 104.129
3.3390094668 0.9806396761355104 0.0 104.311
3.3347635284000003 0.9808623421080482 0.0 104.494
3.3337283616000004 0.981140437255386 0.0 104.677
3.3298333272000002 0.9814420981086048 0.0 104.857
3.32824022304 0.9815816372821264 0.0 105.037
3.325078578 0.981644859974645 0.0 105.216
3.3225748779599997 0.9817675267843704 0.0 105.399
3.3200957412000003 0.982007635005408 0.0 105.582
3.31699725888 0.9821701177056216 0.0 105.761
3.315560307 0.9824875209475452 0.0 105.944
3.3114722754 0.9829079327861868 0.0 106.128
3.31040377272 0.9832057068133724 0.0 106.306
3.30624205128 0.9834483982267588 0.0 106.489
3.3051384582 0.9835872698066376 0.0 106.673
3.30186803292 0.9836513989553668 0.0 106.854
3.2995818933599996 0.9838326391073454 0.0 107.036
3.2967869430000003 0.9840334601350084 0.0 107.219
3.29364986124 0.984117277218004 0.0 107.4
3.29224449072 0.9841986995422488 0.0 107.583
3.2879353896000003 0.98438100421685 0.0 107.766
3.28713181944 0.9846396776325068 0.0 107.945
3.2840386006799998 0.9849196524369396 0.0 108.126
3.2809997720400004 0.9851605596421276 0.0 108.307
3.27851186268 0.98526335456643 0.0 108.489
3.27659417232 0.9853256203817276 0.0 108.669
3.27481859808 0.9853472043864336 0.0 108.849
3.27354481656 0.985486320782634 0.0 109.031
3.2723289342 0.9855674856194122 0.0 109.212
3.2714622013200003 0.9855885564676904 0.0 109.394
3.2705656415999997 0.985609668687458 0.0 109.575
3.2699392779600003 0.9858472405110572 0.0 109.757
3.26933045952 0.9862621303783408 0.0 109.938
3.26881813968 0.9864019324045288 0.0 110.118
3.268407582 0.9863428908086732 0.0 110.3
3.26805492348 0.986086804715938 0.0 110.481
3.26494591404 0.9859726367828786 0.0 110.663
3.25220809884 0.9860499020440232 0.0 110.844
3.24800953248 0.986193078435351 0.0 111.024
3.2451338742 0.9864148996619644 0.0 111.207
3.2430916129200003 0.9865352184586518 0.0 111.391
3.23952291924 0.9866785195340833 0.0 111.574
3.23731397856 0.9869391627692604 0.0 111.76
3.2336961583200003 0.9872397663911492 0.0 111.944
3.2324346584400003 0.987517976105336 0.0 112.128
3.22828872768 0.9875436024608114 0.0 112.308
3.2272553154 0.9874655512953155 0.0 112.488
3.2231128936799998 0.987610401880733 0.0 112.671
3.2217899855999996 0.9877091123182504 0.0 112.854
3.21810724812 0.9877142253860488 0.0 113.034
3.21604217808 0.9876790878357652 0.0 113.218
3.2134121525999997 0.9877214892689532 0.0 113.401
3.2105154400799996 0.98794335670028 0.0 113.581
3.2085959952 0.9880652539544924 0.0 113.761
3.2049483481200003 0.9881093191093566 0.0 113.944
3.20395002624 0.988228199381574 0.0 114.128
3.1997426872799997 0.988373149346458 0.0 114.311
3.19850925972 0.9885519742160774 0.0 114.493
3.19429841172 0.9888146757048464 0.0 114.674
3.19303164828 0.9890730385610986 0.0 114.857
3.1893032932799996 0.9892553358090108 0.0 115.04
3.18743823852 0.989436036972084 0.0 115.222
3.18476435004 0.9896367432566028 0.0 115.403
3.1819518544800003 0.9895430313387258 0.0 115.584
3.17985871212 0.9893670882804708 0.0 115.766
3.1763566902 0.9894117045779376 0.0 115.947
3.17498114652 0.9894334906551846 0.0 116.131
3.1710457581599996 0.9894985833747284 0.0 116.315
3.16998251904 0.989619300462216 0.0 116.494
3.1657330716 0.989525846491022 0.0 116.676
3.16446279912 0.9893487549240468 0.0 116.857
3.16098358596 0.9893337205563628 0.0 117.038
3.15895711536 0.9893961589319488 0.0 117.216
3.15619374636 0.9895192428834442 0.0 117.396
3.1532584344 0.9896425670037948 0.0 117.582
3.15190219044 0.9895848332802204 0.0 117.763
3.14799662892 0.989630013817243 0.0 117.944
3.1465772222400004 0.9897686200487384 0.0 118.126
3.1423102296 0.9899335476258518 0.0 118.307
3.1413785794799995 0.9900143394501372 0.0 118.489
3.13713615012 0.9900202440064292 0.0 118.671
3.13583254176 0.9901189439927218 0.0 118.854
3.1323708738000002 0.9902430068666545 0.0 119.035
3.1302093051599997 0.9902062677691044 0.0 119.218
3.1275213805199997 0.9902100095623992 0.0 119.399
3.1246544948399997 0.9902140005140896 0.0 119.582
3.12277891296 0.9903159832009084 0.0 119.766
3.1191523201200004 0.9903806556324894 0.0 119.948
3.11799960048 0.9903425116627718 0.0 120.127
3.11377471632 0.9903483939422372 0.0 120.307
3.1129009653599997 0.9903496104688864 0.0 120.487
3.1088252154 0.990255911542558 0.0 120.666
3.10729527396 0.9903574153645708 0.0 120.843
3.1039844947199997 0.9905202786847632 0.0 121.023
3.1017457272 0.9907601563901104 0.0 121.206
3.09976838316 0.9909989260665472 0.0 121.389
3.09615407196 0.9910834620434112 0.0 121.57
3.09453640452 0.990966465285224 0.0 121.753
3.09060803424 0.990874301245378 0.0 121.933
3.089534268 0.990816916614128 0.0 122.114
3.0852742934400004 0.990763224666084 0.0 122.296
3.084226845 0.9907646837020564 0.0 122.478
3.0802704024 0.9908298214219536 0.0 122.658
3.0786246626400002 0.9909290074358876 0.0 122.839
3.0754945989599998 0.9909731195409122 0.0 123.022
3.0730154622 0.9910560765435368 0.0 123.202
3.0709100382 0.9909993828341468 0.0 123.384
3.0675097784400003 0.9908873496242616 0.0 123.565
3.06598334604 0.9909274888881509 0.0 123.748
3.0619532136 0.9909522344272468 0.0 123.931
3.060935592 0.9910729086389874 0.0 124.114
3.05664052704 0.9912180268356956 0.0 124.296
3.0555667608 0.9913561722744576 0.0 124.476
3.0516611992800002 0.9914212449846632 0.0 124.655
3.0499768600799997 0.991542851087959 0.0 124.835
3.04747666908 0.9915065837444832 0.0 125.018
3.0444746853599995 0.9913716330142028 0.0 125.198
3.0424043517599997 0.9912577438714396 0.0 125.377
3.0389426837999998 0.9912625684915144 0.0 125.559
3.0374337966 0.9913416937902908 0.0 125.743
3.0333808554 0.99136721984413 0.0 125.922
3.03249657732 0.9914280830209514 0.0 126.1
3.02819975784 0.9916129655765038 0.0 126.282
3.0269593122 0.9918308576296953 0.0 126.461
3.02348185356 0.9918754613940104 0.0 126.642
3.02140099284 0.9917797229559094 0.0 126.825
3.01854112524 0.9917258185460684 0.0 127.004
3.0156865212 0.9919062104172924 0.0 127.181
3.0141530707200004 0.992204025055972 0.0 127.361
3.01025277276 0.9924472508190344 0.0 127.544
3.00925445088 0.9924685214470166 0.0 127.724
3.0048593782799995 0.9922567461822024 0.0 127.904
3.00395229144 0.9921983787693583 0.0 128.087
2.99985899628 0.992303478305798 0.0 128.267
2.9982799282799997 0.9924838364937588 0.0 128.45
2.99559375816 0.9925064691398924 0.0 128.634
2.9927058182399997 0.9924724828458418 0.0 128.816
2.98984770516 0.9923572031053968 0.0 128.998
2.98693520196 0.9923016327316896 0.0 129.183
2.9853578884800003 0.9923038335569412 0.0 129.364
2.9815067170800003 0.992209815698924 0.0 129.542
2.980359261 0.9921724054050076 0.0 129.719
2.9760606870000004 0.9921403849858208 0.0 129.902
2.97502727472 0.9921989772899265 0.0 130.085
2.97089187108 0.9922842612755378 0.0 130.266
2.96959177176 0.992425225656738 0.0 130.445
2.96633538264 0.9925671815777029 0.0 130.628
2.96406152472 0.9926491248821492 0.0 130.809
2.96161396932 0.9927519354839206 0.0 130.988
2.9584242519599995 0.9928160250827244 0.0 131.168
2.9571381887999997 0.9929370943403284 0.0 131.351
2.95303436652 0.9930206012442824 0.0 131.531
2.95173075816 0.9931210717052686 0.0 131.711
2.9474514838799997 0.9930674101067052 0.0 131.894
2.9465233428 0.9931283440083758 0.0 132.074
2.94351609552 0.9932518198601016 0.0 132.253
2.94095975988 0.993411940793494 0.0 132.439
2.9376998617199996 0.9935158922841156 0.0 132.619
2.93524528824 0.9936378535828404 0.0 132.803
2.93266088028 0.993739123525561 0.0 132.991
2.92958169768 0.9937434264699582 0.0 133.171
2.92794999408 0.9937854662471828 0.0 133.354
2.9241023317200003 0.9938107232732396 0.0 133.542
2.92274257872 0.9938921433100906 0.0 133.724
2.9185387488 0.9938980188670452 0.0 133.906
2.91763692552 0.993780744390064 0.0 134.093
2.91325588908 0.9935500441534276 0.0 134.275
2.9118873634799995 0.9935320760231272 0.0 134.458
2.90834674212 0.9935171425803524 0.0 134.639
2.90640097944 0.99348010035592 0.0 134.821
2.90403413196 0.9935430484778736 0.0 135.001
2.90085845076 0.9935474855759788 0.0 135.182
2.89881443496 0.9935901027176428 0.0 135.365
2.89528083168 0.993674562973177 0.0 135.546
2.8939491509999997 0.9937161853475196 0.0 135.727
2.88979795668 0.9937418673959926 0.0 135.908
2.8887785805599995 0.993683649349768 0.0 136.09
2.88468177636 0.9937870397764872 0.0 136.271
2.88333605952 0.9940068663485518 0.0 136.453
2.8798410556799996 0.994051514291353 0.0 136.634
2.8776566782799997 0.9939949244177296 0.0 136.814
2.8751775415200003 0.9940977962969578 0.0 136.997
2.87207730468 0.9942395603868884 0.0 137.177
2.87025084936 0.9943606570646706 0.0 137.36
2.86658039352 0.9942273649883178 0.0 137.54
2.8654224103200003 0.9940319084365106 0.0 137.724
2.8610606736 0.9939187161160582 0.0 137.906
2.8600991966400002 0.9940393501777244 0.0 138.087
2.8558129042799996 0.9942036512503122 0.0 138.27
2.85454087728 0.9943229812003884 0.0 138.451
2.85081076776 0.9943083154690472 0.0 138.633
2.84885096892 0.9941544853119128 0.0 138.813
2.84644727652 0.9939391434049368 0.0 138.996
2.843243523 0.9937075213066522 0.0 139.176
2.84143987644 0.9935708665860788 0.0 139.359
2.8376992398 0.9933996381732696 0.0 139.539
2.83644651252 0.9933019766887756 0.0 139.72
2.8321654837200003 0.9933676047058914 0.0 139.902
2.83136015904 0.9934872791445312 0.0 140.082
2.82729142716 0.9935309897630328 0.0 140.265
2.82561761508 0.9935532112973828 0.0 140.445
2.82247702428 0.9935973653627878 0.0 140.627
2.82013298556 0.9936006410314212 0.0 140.807
2.8176538488 0.9935842226472684 0.0 140.988
2.8145343122399997 0.9936283479208896 0.0 141.17
2.8130412157199998 0.9937298495170086 0.0 141.353
2.8091040728400003 0.994011230401164 0.0 141.53
2.80791450828 0.9942117248842104 0.0 141.711
2.80361242524 0.9943942046154844 0.0 141.891
2.8025842765199998 0.9944354091660104 0.0 142.074
2.7986699423999997 0.9943613504195582 0.0 142.254
2.7969856032 0.9942468908314234 0.0 142.436
2.7942836424000004 0.9940916011057124 0.0 142.613
2.7914150022 0.9939961940211456 0.0 142.793
2.789379759 0.9939393884514808 0.0 142.975
2.7858619464 0.99382748925935 0.0 143.152
2.7845074569599997 0.9938882883633476 0.0 143.331
2.78054750532 0.9940113877081403 0.0 143.514
2.77949479332 0.9938952957439916 0.0 143.696
2.7752225371200003 0.9937429413712058 0.0 143.878
2.7738610296 0.9937249603144124 0.0 144.058
2.77023970032 0.9936703693495976 0.0 144.24
2.76815533056 0.9935557169267172 0.0 144.419
2.765474424 0.9934409031763596 0.0 144.603
2.7625671843600004 0.9934648499864304 0.0 144.784
2.7608056462799997 0.9935659881435877 0.0 144.968
2.7570615006 0.9936490190389616 0.0 145.147
2.7558017552400003 0.9937700873067268 0.0 145.327
2.75157336204 0.9938555367235417 0.0 145.509
2.75063644836 0.9937773075070996 0.0 145.69
2.74637822832 0.9937633749748348 0.0 145.869
2.7450588292799996 0.9936856796717636 0.0 146.053
2.74187788452 0.993612325741388 0.0 146.236
2.7392355774 0.9936349095085604 0.0 146.414
2.7370161096 0.9937565766265304 0.0 146.594
2.733805338 0.9939194007852746 0.0 146.775
2.73266840904 0.9941379880337208 0.0 146.955
2.72845931556 0.9942631861547688 0.0 147.137
2.72730308688 0.9943642301937812 0.0 147.318
2.7229606498799996 0.9943305329967932 0.0 147.501
2.72187284748 0.9942723978322324 0.0 147.683
2.7179532498 0.9941983371411582 0.0 147.862
2.71628294676 0.9941211302382472 0.0 148.043
2.71288795056 0.9942451925729936 0.0 148.222
2.71051759404 0.9944068488903556 0.0 148.405
2.70839813388 0.9946467046746658 0.0 148.589
2.7049592746799997 0.994750946253433 0.0 148.767
2.70320826372 0.9947136243024204 0.0 148.951
2.69942727312 0.9946990286933164 0.0 149.133
2.69821665432 0.994780267470982 0.0 149.316
2.6939479071599997 0.9948434141731796 0.0 149.497
2.69298116664 0.994787593805197 0.0 149.68
2.68914929496 0.9947730695803708 0.0 149.862
2.6872895037599998 0.9946961260413868 0.0 150.042
2.68428050196 0.9946009034199254 0.0 150.224
2.68169258496 0.994467057637244 0.0 150.408
2.6800994808 0.9943308250429232 0.0 150.59
2.67621497352 0.9942765980670688 0.0 150.771
2.67435869136 0.994239420674587 0.0 150.953
2.67049172928 0.9942647161620431 0.0 151.135
2.66915303052 0.994286475598165 0.0 151.314
2.66495972772 0.9942525665796008 0.0 151.496
2.664019305 0.9941154175336048 0.0 151.679
2.66002601748 0.9940822219151262 0.0 151.859
2.65856976588 0.994181954855502 0.0 152.041
2.6580890274 0.9941826272102896 0.0 152.222
2.65790655732 0.9942425444213012 0.0 152.402
2.65778549544 0.9943023757678916 0.0 152.585
2.65760127084 0.994242971417444 0.0 152.765
2.65750477224 0.994282881083658 0.0 152.946
2.65748020896 0.9943425774872696 0.0 153.127
2.65742932788 0.994362536010628 0.0 153.309
2.6574310824 0.994422195606654 0.0 153.49
2.65732230216 0.9944223477822564 0.0 153.673
2.65724334876 0.9943826835215996 0.0 153.853
2.65734160188 0.9941048689172984 0.0 154.03
2.65725036684 0.9938290594548368 0.0 154.212
2.657264403 0.993532469652962 0.0 154.393
2.65727843916 0.9934727879718324 0.0 154.576
2.65728019368 0.993670913287236 0.0 154.755
2.6572100128800002 0.9939476942353092 0.0 154.936
2.65722229452 0.994027226486185 0.0 155.119
2.6572100128800002 0.9941050529419756 0.0 155.299
2.65722229452 0.994047113842134 0.0 155.481
2.65722755808 0.9940073317699714 0.0 155.662
2.65718194056 0.9939676208447794 0.0 155.844
2.65727668464 0.9938481642387524 0.0 156.025
2.65720124028 0.9938681570755288 0.0 156.207
2.65717316796 0.9940464367647928 0.0 156.388
2.657176677 0.9942833400007036 0.0 156.57
2.6571608863200002 0.9941846710752076 0.0 156.751
2.6571240414 0.9938682650109784 0.0 156.931
2.65712579592 0.9937109038325904 0.0 157.111
2.6571468501599997 0.9939676699112558 0.0 157.294
2.657176677 0.9941839032145768 0.0 157.476
2.6571854496 0.9941640035883093 0.0 157.657
2.6571415866 0.9941051486348343 0.0 157.837
2.65710825072 0.994007498602665 0.0 158.019
2.6571486046799997 0.993967667457932 0.0 158.202
2.65708719648 0.9939677533242768 0.0 158.386
2.65705736964 0.9940075697519192 0.0 158.571
2.65713807756 0.9940464858351604 0.0 158.749
2.65717141344 0.9942634600056398 0.0 158.927
2.657088951 0.9943630121445864 0.0 159.109
2.65713807756 0.9944027181408036 0.0 159.291
2.65718720412 0.9944821988453943 0.0 159.471
2.65728370272 0.9944820638427554 0.0 159.653
2.6571152688 0.994422637406919 0.0 159.835
2.65719246768 0.994442416768046 0.0 160.017
2.6571152688 0.994718461871202 0.0 160.199
2.65713632304 0.9949744821478892 0.0 160.383
2.6571152688 0.995014286335485 0.0 160.563
2.65723106712 0.9950340116013318 0.0 160.743
2.65717141344 0.9950340951038296 0.0 160.923
2.65722580356 0.994856772910177 0.0 161.102
2.65713807756 0.9947383173122052 0.0 161.287
2.65717492248 0.9946786036806364 0.0 161.469
2.65717316796 0.9947780429223329 0.0 161.651
2.65718895864 0.9948376828950624 0.0 161.832
2.65717492248 0.9948377025388322 0.0 162.014
2.6570994781199997 0.9947582586865672 0.0 162.195
2.65717141344 0.9946189465186758 0.0 162.378
2.6571293049599998 0.9946786675126836 0.0 162.557
2.65697139816 0.9949356840441635 0.0 162.738
2.65715562276 0.995113666638692 0.0 162.918
2.6570135066400002 0.9951337529488724 0.0 163.101
2.65710298716 0.9952512116943428 0.0 163.285
2.65710825072 0.995310120626318 0.0 163.467
2.6571100052400003 0.9952703434514992 0.0 163.65
2.65718194056 0.9950141930110156 0.0 163.83
2.6570521060799996 0.9947384376182984 0.0 164.01
2.65704684252 0.9947384449839782 0.0 164.191
2.6571679044 0.9948377123607176 0.0 164.374
2.6570117521200003 0.9948570724834832 0.0 164.556
2.6572100128800002 0.9948376534294092 0.0 164.737
2.657088951 0.9948179354972592 0.0 164.919
2.65718369508 0.9947183661193018 0.0 165.1
2.6570521060799996 0.9945793387326144 0.0 165.28
2.6571152688 0.9945792503585984 0.0 165.46
2.65715386824 0.9945990837101262 0.0 165.643
2.65710298716 0.9945991549017204 0.0 165.825
2.65714509564 0.9944417372635014 0.0 166.006
2.65718895864 0.9942037733944558 0.0 166.19
2.6571854496 0.994007390652092 0.0 166.373
2.65715737728 0.9942038175647758 0.0 166.556
2.657088951 0.9944815905266764 0.0 166.736
2.65713632304 0.9947184324090768 0.0 166.917
2.65712755044 0.9948569104192132 0.0 167.099
2.65715562276 0.9949346804183622 0.0 167.279
2.657176677 0.9949545383070602 0.0 167.462
2.65709246004 0.9950143182622811 0.0 167.642
2.6571152688 0.9949546242586548 0.0 167.823
2.65713632304 0.9946985450507224 0.0 168.005
2.6570994781199997 0.9945792724521006 0.0 168.187
2.6571679044 0.9945394019986552 0.0 168.366
2.65706438772 0.9945594341884096 0.0 168.544
2.65706789676 0.9945992039993774 0.0 168.725
2.65716264084 0.9945990714357144 0.0 168.907
2.65708368744 0.9946389566250852 0.0 169.089
2.657132814 0.9946388878856208 0.0 169.27
2.65719071316 0.9944225318657088 0.0 169.454
2.65709596908 0.9943630023273868 0.0 169.636
2.6571415866 0.9943032764409728 0.0 169.817
2.657176677 0.9943231147151544 0.0 169.998
2.65706789676 0.9944816199817884 0.0 170.18
2.65703806992 0.9946390204545962 0.0 170.362
2.65711702332 0.9947582341338136 0.0 170.543
2.65708193292 0.9948179453189504 0.0 170.725
2.65704157896 0.9947583397106636 0.0 170.906
2.65712755044 0.9946190078919632 0.0 171.089
2.6571415866 0.9945991008943031 0.0 171.271
2.65713456852 0.9945991107138332 0.0 171.451
2.65702929732 0.9945403416988106 0.0 171.631
2.6571064962 0.9944226496791544 0.0 171.809
2.6572117674 0.994422502412352 0.0 171.988
2.65714334112 0.9944225981357684 0.0 172.171
2.65724159424 0.9944224606867658 0.0 172.353
2.65707491484 0.9944425812192758 0.0 172.534
2.65706438772 0.9945793215487764 0.0 172.714
2.65708719648 0.9945991769956656 0.0 172.896
2.65705561512 0.9945992211835586 0.0 173.078
2.65711351428 0.9945991401724242 0.0 173.26
2.6571100052400003 0.9945991450821896 0.0 173.447
2.65711351428 0.9947184643263792 0.0 173.63
2.6571486046799997 0.994856880952988 0.0 173.811
2.6571959767199997 0.9950141733637607 0.0 173.997
2.65713632304 0.9949354532071188 0.0 174.176
2.65712053236 0.9947184545056704 0.0 174.358
2.65707842388 0.99459918927008 0.0 174.54
2.65718018604 0.9945592721726376 0.0 174.721
2.65713456852 0.9945792233554296 0.0 174.903
2.65716264084 0.9946587335085688 0.0 175.083
2.65705736964 0.994718542892055 0.0 175.266
2.65704333348 0.994718562533476 0.0 175.445
2.65707842388 0.9946389639900284 0.0 175.626
2.6571012326399996 0.9945014607038646 0.0 175.81
2.65709596908 0.9944425517653204 0.0 175.991
2.657132814 0.9943828381455444 0.0 176.172
2.65706614224 0.9943033819695328 0.0 176.352
2.65707666936 0.9943829166847096 0.0 176.529
2.65709070552 0.994422671769178 0.0 176.709
2.6570977235999997 0.994501465613148 0.0 176.889
2.65703280636 0.9947384646257924 0.0 177.071
2.6570310518399998 0.9950541789416496 0.0 177.256
2.65702578828 0.9951735104783488 0.0 177.438
2.65706965128 0.995153561710617 0.0 177.62
2.65707666936 0.9949944530054258 0.0 177.809
2.6571486046799997 0.9948949155251836 0.0 177.989
2.65700473404 0.9949547789715628 0.0 178.171
2.65707842388 0.9949149011096704 0.0 178.353
2.65702578828 0.9948950874180936 0.0 178.535
2.65706614224 0.9949149182993056 0.0 178.715
2.65697139816 0.9950144877199264 0.0 178.892
2.65698017076 0.9950144754403848 0.0 179.074
2.6570801783999998 0.9948957570700804 0.0 179.255
2.6569661346 0.9946590084719577 0.0 179.437
2.65703982444 0.994540326970384 0.0 179.618
2.6570029795199996 0.994422794491552 0.0 179.801
2.65705736964 0.9944816347093454 0.0 179.985
2.6570275428 0.9945395983774962 0.0 180.166
2.65698543432 0.9945595446537392 0.0 180.346
2.6570135066400002 0.9946987169097072 0.0 180.526
2.65706789676 0.994778190241796 0.0 180.709
2.65702227924 0.9947782540802436 0.0 180.891
2.6570485970399997 0.9947981046111776 0.0 181.072
2.65709070552 0.9948957423363912 0.0 181.254
2.65702403376 0.9950740761271698 0.0 181.435
2.6571117597600002 0.9951925317027096 0.0 181.617
2.65702929732 0.9951528724283482 0.0 181.795
2.65706789676 0.9947973318260548 0.0 181.976
2.65702403376 0.9945015687081072 0.0 182.156
2.65699771596 0.9943233650437348 0.0 182.338
2.65715386824 0.9943231466197704 0.0 182.519
2.65703806992 0.9945602167862247 0.0 182.699
2.65706965128 0.9948569914513417 0.0 182.882
2.65717141344 0.9950142077464568 0.0 183.064
2.6570521060799996 0.994994487387446 0.0 183.241
2.6570485970399997 0.994876908278382 0.0 183.421
2.65697841624 0.994778315463374 0.0 183.602
2.65702227924 0.9948180288033336 0.0 183.783
2.65698718884 0.9948759998551596 0.0 183.964
2.65709070552 0.9948758549767606 0.0 184.146
2.65695911652 0.994818117198578 0.0 184.326
2.6570029795199996 0.9946589569163106 0.0 184.507
2.65705561512 0.9945992211835586 0.0 184.69
2.65699420692 0.994658969191464 0.0 184.873
2.65705561512 0.9946588832653956 0.0 185.053
2.6570714058 0.9945991990896116 0.0 185.236
2.65706965128 0.9945992015444944 0.0 185.417
2.65702578828 0.9945602339697333 0.0 185.596
2.65702403376 0.9944625397611716 0.0 185.779
2.65700473404 0.9945794050131366 0.0 185.959
2.6570310518399998 0.9945992555519224 0.0 186.138
2.65705912416 0.9946389909948208 0.0 186.321
2.65708193292 0.994599184360314 0.0 186.502
2.65708544196 0.9945594047309926 0.0 186.684
2.65706614224 0.9947185306161672 0.0 186.864
2.65698894336 0.9950542378857988 0.0 187.047
2.65702227924 0.995113853306315 0.0 187.228
2.6570503515599997 0.995192617674872 0.0 187.41
2.65707491484 0.995250505222216 0.0 187.591
2.65702052472 0.9951138557624682 0.0 187.777
2.6570714058 0.9950342350933424 0.0 187.958
2.65707316032 0.9947973244599388 0.0 188.141
2.65711702332 0.9945792479037646 0.0 188.32
2.65706965128 0.9945395394638356 0.0 188.501
2.65711702332 0.9946190226215532 0.0 188.683
2.65710825072 0.9947582464101902 0.0 188.865
2.65713632304 0.99477809448414 0.0 189.047
2.65706965128 0.9948569914513417 0.0 189.227
2.6571064962 0.9949347491782669 0.0 189.407
2.6571468501599997 0.9949943547710952 0.0 189.589
2.6570801783999998 0.9949944480937088 0.0 189.77
2.657176677 0.9947780380116849 0.0 189.95
2.65708719648 0.9946190643553944 0.0 190.133
2.6571959767199997 0.9946189121496382 0.0 190.315
2.6571152688 0.9946985745122586 0.0 190.496
2.65708544196 0.9948179404081048 0.0 190.68
2.65703456088 0.9947782368929686 0.0 190.863
2.65719948576 0.9946586819529504 0.0 191.046
2.65707491484 0.9946986309802076 0.0 191.23
2.6570099976 0.9948180459912966 0.0 191.413
2.65709421456 0.994817928130991 0.0 191.594
2.65699420692 0.9946191944668036 0.0 191.774
2.65716439536 0.9943430192521316 0.0 191.955
2.6570714058 0.9941840504460516 0.0 192.133
2.65708719648 0.9943033525197 0.0 192.314
2.6571486046799997 0.994422590772428 0.0 192.497
2.65701701568 0.994462549579355 0.0 192.681
2.6570135066400002 0.994579392738965 0.0 192.863
2.65709246004 0.9945402533282568 0.0 193.046
2.65708544196 0.9944226791325198 0.0 193.229
2.65705736964 0.9944227184036768 0.0 193.413
2.65712579592 0.9943828479629392 0.0 193.597
2.65702403376 0.9944028776766838 0.0 193.776
2.65700473404 0.9944426793991402 0.0 193.957
2.6570626332000002 0.9945402950587942 0.0 194.139
2.65707666936 0.9945991917249628 0.0 194.318
2.65696087104 0.9944228533983024 0.0 194.497
2.65707316032 0.9943630342332862 0.0 194.679
2.6570521060799996 0.9943630636848876 0.0 194.856
2.6571293049599998 0.9944027304127926 0.0 195.036
2.6570521060799996 0.9944426131277296 0.0 195.219
2.65707316032 0.99461908399485 0.0 195.403
2.65707491484 0.994856984084784 0.0 195.586
2.65701526116 0.9951138631309286 0.0 195.769
2.6570117521200003 0.99533014310324 0.0 195.952
2.6570626332000002 0.995310184498898 0.0 196.132
2.65702929732 0.9951926471510454 0.0 196.313
2.6570714058 0.9950740098136835 0.0 196.496
2.65716965892 0.9948568514867644 0.0 196.676
2.6570275428 0.9946986972686778 0.0 196.858
2.65711702332 0.9946190226215532 0.0 197.039
2.65703456088 0.9945793632809548 0.0 197.222
2.65703982444 0.994658905360669 0.0 197.406
2.65712228688 0.9947184520504934 0.0 197.589
2.65695911652 0.9947385677453296 0.0 197.769
2.65700473404 0.994875975299496 0.0 197.949
2.6570801783999998 0.9948758697101554 0.0 198.128
2.65707842388 0.9947384007898994 0.0 198.309
2.6570363154 0.9946191355484256 0.0 198.49
2.65702052472 0.994599270281222 0.0 198.674
2.65705912416 0.9945992162737924 0.0 198.854
2.6570714058 0.9946986358904644 0.0 199.034
2.65709246004 0.9948569595295924 0.0 199.214
2.6569503439199997 0.9950741792814992 0.0 199.396
2.65710825072 0.995173395032232 0.0 199.577
2.6571503591999996 0.9952123650210344 0.0 199.759
2.6570626332000002 0.99534995921973 0.0 199.94
2.6570117521200003 0.9953699178269187 0.0 200.12
2.65706614224 0.9952313759203628 0.0 200.299
2.65703280636 0.9949547396793912 0.0 200.48
2.65710298716 0.9948378032131644 0.0 200.659
2.6570608786800003 0.9948378621444904 0.0 200.84
2.65709596908 0.9948378130350516 0.0 201.022
2.6570994781199997 0.9948949842823402 0.0 201.203
2.6570714058 0.9948569889958224 0.0 201.385
2.65702227924 0.9947782540802436 0.0 201.564
2.65713807756 0.9946388805206788 0.0 201.742
2.65711877784 0.9945394707312408 0.0 201.924
