X_channel Y_channel II_channel timestamp
2.44142686164 0.9781187410885268 0.0 0.54
2.44132860852 0.9783555000553682 0.0 0.723
2.44135843536 0.97864693558738 0.0 0.907
2.44138299864 0.9787937697228531 0.0 1.088
2.4413408901599998 0.9787939066294554 0.0 1.268
2.44129000908 0.9787940720583176 0.0 1.446
2.44136545344 0.978793826767266 0.0 1.628
2.44127948196 0.9788491990485544 0.0 1.807
2.4413794896 0.9788121453801576 0.0 1.988
2.44128474552 0.9787573606632476 0.0 2.17
2.44139001672 0.9787386541617497 0.0 2.351
2.44139878932 0.9786468044049272 0.0 2.537
2.4413742260399998 0.9785199413856724 0.0 2.717
2.441370717 0.9784839129527844 0.0 2.897
2.4413952802799996 0.9786468158120956 0.0 3.075
2.4414058074000002 0.9788480996463216 0.0 3.257
2.4413566808400002 0.9789017452571306 0.0 3.436
2.44343754156 0.9787136333765588 0.0 3.616
2.44451481684 0.9784730052848444 0.0 3.799
2.44634302668 0.9783942961685806 0.0 3.979
2.44941343668 0.9785663484920428 0.0 4.161
2.4514872793199998 0.978815321209346 0.0 4.342
2.45470682352 0.978858337298804 0.0 4.522
2.4559858686 0.978854178688742 0.0 4.701
2.45993178408 0.9788780756332632 0.0 4.884
2.46049673952 0.9790047803379676 0.0 5.064
2.46468477876 0.9790829760904508 0.0 5.244
2.4658304803199997 0.9791527013204724 0.0 5.424
2.46929741184 0.9790863386204032 0.0 5.605
2.47107824964 0.979025460142547 0.0 5.786
2.47367493924 0.9790721033129351 0.0 5.967
2.47631373732 0.979153726292626 0.0 6.15
2.47812089292 0.9792022467218818 0.0 6.332
2.48170186824 0.9791362038587292 0.0 6.513
2.48249842032 0.9790617731806665 0.0 6.693
2.48655662508 0.9791204165174084 0.0 6.875
2.48758301928 0.9791531131251442 0.0 7.052
2.49177281304 0.9792680164238532 0.0 7.232
2.49295185048 0.97937434845701 0.0 7.415
2.4963398286 0.9794528380293598 0.0 7.597
2.49831541812 0.9794103786963316 0.0 7.779
2.50064015712 0.979385374436459 0.0 7.958
2.5036298592 0.97957600863559 0.0 8.139
2.50517208228 0.9797339396635872 0.0 8.321
2.50896009096 0.979650469220672 0.0 8.503
2.50988998656 0.9796107237688526 0.0 8.686
2.5141569792 0.9795601227247528 0.0 8.868
2.514928968 0.9795208918931996 0.0 9.05
2.51890821936 0.979416150341754 0.0 9.227
2.5203504348 0.9794114595401184 0.0 9.409
2.5233120645600002 0.9794201862403972 0.0 9.589
2.52564733068 0.979486027334022 0.0 9.77
2.52808611348 0.9795148127592398 0.0 9.953
2.53110739692 0.9796686080006836 0.0 10.133
2.53273910052 0.9798645567373324 0.0 10.317
2.53647622812 0.9799969696145786 0.0 10.496
2.5373078706 0.9800126216466484 0.0 10.679
2.5414836282 0.979908848306826 0.0 10.861
2.54250475884 0.9799229658336776 0.0 11.042
2.54633838504 0.97991140949205 0.0 11.222
2.5478876261999996 0.9801066974889212 0.0 11.406
2.5509790904400003 0.9802786058089952 0.0 11.589
2.55328452972 0.9802711015920142 0.0 11.775
2.55539170824 0.980174062597766 0.0 11.956
2.55851826288 0.9801638869081444 0.0 12.136
2.56001311392 0.9802134044937438 0.0 12.318
2.56390113024 0.9803276414926576 0.0 12.499
2.56497138744 0.9803608711853524 0.0 12.682
2.56918574448 0.9804389352812688 0.0 12.863
2.57004019572 0.9805813987793456 0.0 13.046
2.57384399508 0.980660106914588 0.0 13.229
2.57543885376 0.9808194303188986 0.0 13.412
2.57861453496 0.9809176177718442 0.0 13.593
2.58097962792 0.9809833380183424 0.0 13.775
2.58324295872 0.9811044554925028 0.0 13.956
2.5863326684400003 0.981112746513254 0.0 14.136
2.5876134680400003 0.9811085744318888 0.0 14.317
2.59148218464 0.9810409073858204 0.0 14.497
2.59242260736 0.9809460691262464 0.0 14.678
2.59677206244 0.9808951944843748 0.0 14.861
2.59770195804 0.9808003926243462 0.0 15.044
2.60153382972 0.9808062697058892 0.0 15.221
2.60314447908 0.9809478601672325 0.0 15.401
2.60581134948 0.9811036748055832 0.0 15.581
2.60853611904 0.9810947998296904 0.0 15.764
2.6106152252399997 0.980850115156064 0.0 15.947
2.61412777428 0.9806567462191664 0.0 16.127
2.6153226024 0.980652856348413 0.0 16.309
2.61931939896 0.9807850659209344 0.0 16.486
2.62008963324 0.9809844449526872 0.0 16.666
2.62419521004 0.981152311698988 0.0 16.845
2.62552689072 0.9812580923811748 0.0 17.029
2.62897101348 0.9813386374228386 0.0 17.211
2.6308588769999997 0.981350840053635 0.0 17.392
2.6335397835600003 0.9811585811317642 0.0 17.57
2.63638736952 0.9808946674619696 0.0 17.747
2.63779624908 0.980761614034545 0.0 17.929
2.64151407696 0.9807862141648028 0.0 18.108
2.64261240648 0.9809294541555936 0.0 18.29
2.6468425542 0.981041848238842 0.0 18.468
2.6477706952799998 0.9811672873996944 0.0 18.655
2.65134991608 0.9813375389889714 0.0 18.839
2.6531956711199998 0.9813858923856826 0.0 19.022
2.65636433424 0.9813212049906344 0.0 19.202
2.65865573736 0.981241942837374 0.0 19.384
2.66119277328 0.981160276220016 0.0 19.565
2.66413159428 0.9813326062814184 0.0 19.748
2.66616683748 0.9814537425953692 0.0 19.928
2.66960218764 0.981424201092912 0.0 20.108
2.6706338454 0.9813474393293194 0.0 20.291
2.67481311204 0.9813705264948168 0.0 20.471
2.67567107232 0.9814227817571404 0.0 20.653
2.67990999264 0.9813539246222392 0.0 20.834
2.68124518236 0.981131673820236 0.0 21.016
2.68465596924 0.9808469311443588 0.0 21.2
2.68673507544 0.9807307550548776 0.0 21.379
2.68881769068 0.9807790235559114 0.0 21.559
2.6920302168 0.9807685662461804 0.0 21.738
2.6935338404399998 0.9807636717764032 0.0 21.922
2.69747975592 0.9808235340783984 0.0 22.101
2.6982078817199997 0.9808562555361215 0.0 22.282
2.70229064976 0.9807895252906764 0.0 22.466
2.70357671292 0.980620892703182 0.0 22.649
2.70778931544 0.9805704868824412 0.0 22.832
2.70909994188 0.980713005176771 0.0 23.016
2.71216859736 0.9808108105310774 0.0 23.196
2.7145407084 0.9807854296741676 0.0 23.376
2.71697422764 0.9806506820024222 0.0 23.558
2.7200534102400002 0.980622313727026 0.0 23.739
2.72172195876 0.9806168837255108 0.0 23.917
2.7253801329600003 0.9805866321026095 0.0 24.101
2.72626616556 0.9804186268333198 0.0 24.278
2.7306489565199996 0.9802231943170184 0.0 24.457
2.7316472784 0.9800915209689984 0.0 24.64
2.73550195884 0.9800789839440148 0.0 24.819
2.737138926 0.9800193092524504 0.0 24.998
2.73958472688 0.9799028840119132 0.0 25.176
2.74245687612 0.9798568527992536 0.0 25.359
2.7441868328399996 0.9798145361784716 0.0 25.54
2.74800115932 0.9796737154791338 0.0 25.72
2.74876963908 0.9795450918130068 0.0 25.902
2.75292258792 0.9795315930060288 0.0 26.083
2.7541770697200003 0.9795275154928028 0.0 26.265
2.75849669796 0.9794951304959186 0.0 26.445
2.7596020455600003 0.9794181584922956 0.0 26.627
2.7633742635600003 0.979332520722905 0.0 26.809
2.76523931832 0.979271426542632 0.0 26.991
2.7677342457600003 0.9791906301227664 0.0 27.17
2.7706011314400003 0.9790178229018912 0.0 27.349
2.7724117960799997 0.9789385647296208 0.0 27.526
2.77600329852 0.9788358675794052 0.0 27.711
2.77707004668 0.9787422891064004 0.0 27.892
2.7812510678399995 0.9787470550063256 0.0 28.073
2.78215464564 0.9787984632532244 0.0 28.255
2.78637602076 0.9788021800788862 0.0 28.436
2.78763752064 0.9785612273303064 0.0 28.619
2.79055879644 0.9783155769184304 0.0 28.803
2.79302214252 0.9782892383127186 0.0 28.989
2.79590832792 0.9783715836126456 0.0 29.172
2.7986962602 0.9783441914291872 0.0 29.351
2.80067360424 0.978136695045686 0.0 29.533
2.80419843492 0.977980124098271 0.0 29.716
2.80533360936 0.9778847304774754 0.0 29.896
2.80946199492 0.9777612858350764 0.0 30.079
2.8103357458800002 0.9776857722329882 0.0 30.26
2.8145658935999998 0.977581948726138 0.0 30.436
2.8158642384 0.9774126650082045 0.0 30.622
2.8190750099999997 0.9773121523438724 0.0 30.804
2.82131026848 0.9772872517229928 0.0 30.983
2.82365079816 0.977261322387876 0.0 31.162
2.8267773528 0.977013443749726 0.0 31.343
2.8283406301199996 0.976661508858756 0.0 31.525
2.83223741904 0.9765044523489848 0.0 31.706
2.8332989036400003 0.9763909714785388 0.0 31.888
2.8375623872399998 0.9761953655225312 0.0 32.068
2.83844315628 0.9758646847015062 0.0 32.248
2.84203465872 0.9756336677854596 0.0 32.437
2.84393831292 0.9755181560793922 0.0 32.619
2.84720347464 0.9753991574374228 0.0 32.801
2.8494176788799996 0.975373653719212 0.0 32.982
2.85177750828 0.9752926614725992 0.0 33.164
2.8549724892 0.9751546393831022 0.0 33.345
2.85643224984 0.9749864714215892 0.0 33.527
2.86033079328 0.974755402912722 0.0 33.708
2.8613291151599998 0.974405115711746 0.0 33.891
2.86556277192 0.974154637184844 0.0 34.07
2.86651196724 0.9738787870620456 0.0 34.251
2.8704543736800003 0.9737026132785156 0.0 34.434
2.8720650230399998 0.973551394847852 0.0 34.614
2.87500559856 0.9732684361263472 0.0 34.793
2.8775478980399996 0.972895767548197 0.0 34.977
2.87960770452 0.972360998982957 0.0 35.156
2.8830377911199996 0.9719854815663156 0.0 35.339
2.8845098333999997 0.9715621879306148 0.0 35.52
2.88837504096 0.9713853868314988 0.0 35.703
2.88948214308 0.9713084720653484 0.0 35.883
2.89374913572 0.970949308126722 0.0 36.066
2.894694822 0.9705093922764648 0.0 36.248
2.89852493916 0.970114291160092 0.0 36.432
2.90026893204 0.9696525643590712 0.0 36.609
2.90307616404 0.9692614572804754 0.0 36.789
2.90578514292 0.9688883215718802 0.0 36.968
2.9077502053199997 0.968518269744236 0.0 37.148
2.9111381834400003 0.9680329524737946 0.0 37.324
2.91230318472 0.9673737157161912 0.0 37.503
2.91633331716 0.9667962871861384 0.0 37.683
2.9172754944 0.9662104340164724 0.0 37.862
2.92152845088 0.9657964152709472 0.0 38.045
2.9227039792799996 0.9652639164070856 0.0 38.226
2.9263621534800004 0.9647610648333744 0.0 38.41
2.9282745802799997 0.9642995605213228 0.0 38.592
2.9307010814399996 0.9637816447086934 0.0 38.772
2.93378201856 0.963207102229566 0.0 38.952
2.93549969364 0.9624544986621602 0.0 39.135
2.93932454724 0.9617685190784636 0.0 39.315
2.94034918692 0.9609823951769028 0.0 39.494
2.94454248972 0.9602769383579356 0.0 39.678
2.9455074757199995 0.9594724602186786 0.0 39.858
2.94930250248 0.9586406570220788 0.0 40.037
2.95095175128 0.9576332746782464 0.0 40.22
2.9542677940799997 0.956621303365782 0.0 40.403
2.95650129804 0.9557227819854964 0.0 40.584
2.95874708364 0.954821943435526 0.0 40.764
2.96194381908 0.953938734381478 0.0 40.946
2.96342112492 0.95273099372504 0.0 41.129
2.9673880946399995 0.9516260903134904 0.0 41.309
2.96835658968 0.9504215903756283 0.0 41.486
2.97256392864 0.9493702870482162 0.0 41.668
2.97362365872 0.9479822098017968 0.0 41.847
2.9768677662 0.9465336660638528 0.0 42.027
2.9790995156399998 0.9451249889416962 0.0 42.211
2.98251556608 0.9435662055819888 0.0 42.394
2.98471748868 0.9416833511078416 0.0 42.575
2.9871001268399997 0.9398366230358124 0.0 42.756
2.9902108908 0.9383155523406764 0.0 42.938
2.9916987237600003 0.9365449858535716 0.0 43.116
2.99561656692 0.9347295569695022 0.0 43.298
3.0014064829200002 0.9297402474432058 0.0 43.747
3.00323118372 0.9272220325786166 0.0 43.929
3.00688233984 0.924989692629942 0.0 44.111
3.00813857616 0.922381642134242 0.0 44.294
3.01220730804 0.9198381256474952 0.0 44.475
3.0131249220000003 0.9170675821760128 0.0 44.661
3.01704101064 0.9145613006345544 0.0 44.842
3.0185762156399996 0.911698908951996 0.0 45.026
3.0221835087600004 0.9086094399276168 0.0 45.205
3.0242292790799996 0.9053446525143368 0.0 45.388
3.02683298676 0.9021139815730016 0.0 45.568
3.0297402264 0.8990277146654234 0.0 45.749
3.03140877492 0.8957449495040822 0.0 45.927
3.0351178302000004 0.892782423657279 0.0 46.107
3.03629686764 0.8894455236689599 0.0 46.289
3.04043227128 0.8862472747713194 0.0 46.472
3.04139725728 0.8827310157894688 0.0 46.653
3.0454344077999997 0.8794782170738844 0.0 46.833
3.0469257498 0.8762695550953286 0.0 47.018
3.05030495532 0.8731647367638871 0.0 47.2
3.05237002536 0.8702463615468595 0.0 47.383
3.05480179008 0.8673077287276946 0.0 47.564
3.05790202692 0.8646590808594765 0.0 47.744
3.05979866304 0.8620322533115333 0.0 47.931
3.0633463024800003 0.8599817018174212 0.0 48.111
3.0641937356399995 0.8579771339654203 0.0 48.294
3.06845721924 0.8563820936714589 0.0 48.481
3.06963450216 0.8552677376734321 0.0 48.662
3.0737699058 0.8545649038151867 0.0 48.845
3.075015615 0.8542514421205821 0.0 49.024
3.07856676348 0.854296363092586 0.0 49.208
3.0806213064 0.8545814599136425 0.0 49.39
3.0831092157599995 0.8553571270358341 0.0 49.571
3.08617085316 0.856441074818548 0.0 49.751
3.08789554632 0.8580013539001807 0.0 49.931
3.0915782838 0.8597569207383641 0.0 50.112
3.09265906812 0.8623382973641344 0.0 50.292
3.09676990848 0.8648026262268551 0.0 50.474
3.0978577108799996 0.8674931787593317 0.0 50.659
3.10198960548 0.8701025522229129 0.0 50.84
3.1034669113200004 0.8732843684689797 0.0 51.02
3.106553112 0.8765514952595508 0.0 51.203
3.10891995948 0.879893947353039 0.0 51.383
3.11148682224 0.8832733245884907 0.0 51.566
3.1144151161199995 0.886504079768821 0.0 51.75
3.1157467968 0.8899763078112518 0.0 51.932
3.11972604816 0.8929496100640605 0.0 52.113
3.1209226308 0.8963358032983632 0.0 52.296
3.12512821524 0.8995084708679776 0.0 52.476
3.1261142554799997 0.9030181977611416 0.0 52.656
3.13009526136 0.9060461875875148 0.0 52.837
3.13150589544 0.9091361211519324 0.0 53.017
3.1345289334000004 0.912203516216594 0.0 53.197
3.13704140604 0.9151267393150282 0.0 53.378
3.13929070068 0.918068120125712 0.0 53.558
3.1424593638 0.9206427385525016 0.0 53.741
3.14432968212 0.9233669308997886 0.0 53.921
3.1479246936000003 0.9258132677807018 0.0 54.103
3.14884230756 0.9284127490096136 0.0 54.284
3.1531093002 0.9305843923880758 0.0 54.464
3.15425149272 0.9329099100438024 0.0 54.647
3.15793773924 0.9352824874431568 0.0 54.83
3.15970980444 0.93753431396495 0.0 55.014
3.1627538966399995 0.939544675107744 0.0 55.196
3.16526636928 0.9412298678836584 0.0 55.374
3.1668191194800004 0.9430989423331064 0.0 55.556
3.17054396544 0.9447796002083606 0.0 55.736
3.1719107365199997 0.9463586093837484 0.0 55.916
3.1761373752 0.9476558889652932 0.0 56.098
3.17709885216 0.9492184981661868 0.0 56.282
3.1812325012800002 0.950570278984109 0.0 56.463
3.1824834740399996 0.9520217952741656 0.0 56.644
3.1859346148800003 0.9535215342165464 0.0 56.827
3.18838217028 0.95480527610487 0.0 57.008
3.1898121040799996 0.9560929079357324 0.0 57.185
3.1933509709199996 0.9571366130755874 0.0 57.368
3.1954107774000002 0.9581497266907968 0.0 57.548
3.1977881519999998 0.9591794485063232 0.0 57.73
3.1999023486 0.9600833675837004 0.0 57.913
3.2014972072799996 0.960842383640126 0.0 58.095
3.2029552133999997 0.961437653445183 0.0 58.278
3.20410793304 0.9619803109308313 0.0 58.459
3.2049553662 0.96250516214267 0.0 58.64
3.2075029292400004 0.962970090675178 0.0 58.821
3.2164632628799996 0.9635972544555323 0.0 59.001
3.21944243784 0.9649706698486642 0.0 59.182
3.22225844244 0.96627200046813 0.0 59.366
3.22508497416 0.967116961614645 0.0 59.549
3.22694651988 0.9679306582335468 0.0 59.727
3.23060995764 0.968592031821703 0.0 59.91
3.23189777532 0.9692610178527068 0.0 60.092
3.23599107048 0.9698484064011964 0.0 60.273
3.23695956552 0.9703544750473766 0.0 60.456
3.24115286832 0.9708872572899367 0.0 60.636
3.2424196317600003 0.9715013313875852 0.0 60.82
3.24599534352 0.972035618959112 0.0 61.0
3.2480165505599996 0.9723571808152564 0.0 61.183
3.24997985844 0.9726232929544608 0.0 61.362
3.2534327538000003 0.972921917224474 0.0 61.542
3.25521885516 0.9734985691487203 0.0 61.722
3.258933174 0.9741047054860984 0.0 61.905
3.2601437928 0.9745014272445326 0.0 62.085
3.26419322496 0.9747248368747782 0.0 62.266
3.2652424279199996 0.9749389293547353 0.0 62.448
3.2690023642800004 0.9750909246035724 0.0 62.628
3.27091303656 0.9754853670236152 0.0 62.811
3.27335006484 0.9760230095704008 0.0 62.993
3.2756712948 0.9764520527287402 0.0 63.174
3.2782679844 0.9766984380309942 0.0 63.354
3.2810506531200003 0.9770167831814668 0.0 63.537
3.28335258336 0.977464183272879 0.0 63.717
3.28599489048 0.9776920929934227 0.0 63.897
3.2884231461599995 0.9778840666482744 0.0 64.08
3.29109528012 0.9779845999330592 0.0 64.262
3.29366740644 0.9780128925346164 0.0 64.442
3.2963553310799996 0.978222329612356 0.0 64.623
3.2989186848 0.9786322262189752 0.0 64.805
3.30107323536 0.9789891923829522 0.0 64.986
3.30382783176 0.9792533347578368 0.0 65.167
3.30623678772 0.9795362186528382 0.0 65.345
3.3089089216799996 0.9798015347065742 0.0 65.526
3.31133542284 0.9799744845127096 0.0 65.708
3.3139233398399996 0.980275772425968 0.0 65.887
3.31872897012 0.9807790544730632 0.0 66.176
3.32039576412 0.9808910579719324 0.0 66.354
3.32261172288 0.980956414846238 0.0 66.523
3.32525578452 0.9810759979033404 0.0 66.689
3.3277086034799996 0.9812671529144396 0.0 66.869
3.33032985636 0.9813684951858184 0.0 67.05
3.33279320244 0.9814520389492608 0.0 67.23
3.3353705923200003 0.9814619711208724 0.0 67.412
3.3380462353199998 0.9815791533171232 0.0 67.593
3.34041659184 0.9818087854934656 0.0 67.775
3.34306942608 0.9820548892949724 0.0 67.957
3.3455801442000004 0.9822458367323782 0.0 68.138
3.3480803352 0.9824567263968068 0.0 68.318
3.35040858324 0.9826123297877836 0.0 68.501
3.35312633472 0.9827133387138932 0.0 68.681
3.35575986924 0.9829038745434228 0.0 68.864
3.35841796704 0.9829501478152212 0.0 69.044
3.36104974704 0.9829049643521393 0.0 69.228
3.36350782956 0.9828420388611016 0.0 69.409
3.36596415756 0.982870660207378 0.0 69.591
3.36857488332 0.9830086257130416 0.0 69.77
3.3711698184000003 0.9832358903042866 0.0 69.952
3.3736998362399997 0.9832459602314054 0.0 70.134
3.37603685688 0.9832200435682498 0.0 70.315
3.37866512784 0.9831206365838407 0.0 70.498
3.3813846338399998 0.9830584638706252 0.0 70.682
3.38388482484 0.983050325104498 0.0 70.864
3.3864306333600003 0.982950504081096 0.0 71.046
3.38909574924 0.9826688320999886 0.0 71.228
3.39149066904 0.982006582893102 0.0 71.412
3.39410314932 0.9815800175216216 0.0 71.593
3.3968121281999997 0.9818435167248252 0.0 71.776
3.39926494716 0.9824899820057984 0.0 71.959
3.4014440610000003 0.9831739395250324 0.0 72.14
3.40408110456 0.9836932457431838 0.0 72.32
3.4070357162400002 0.9841380570499582 0.0 72.503
3.40935870072 0.9845119260349624 0.0 72.687
3.41207469768 0.9848302784231378 0.0 72.866
3.4145152349999996 0.9850053711080696 0.0 73.046
3.41712245172 0.9850151729924668 0.0 73.229
3.4194892992 0.9850607665283888 0.0 73.413
3.42196141788 0.9851984543564452 0.0 73.596
3.42408789612 0.9854095703003988 0.0 73.78
3.42594944184 0.9855858542728808 0.0 73.963
3.4294444456799997 0.9856842746411484 0.0 74.143
3.43103754984 0.9857500039312244 0.0 74.326
3.43483082208 0.9857742318252448 0.0 74.505
3.43595371488 0.9856980383324508 0.0 74.687
3.4400926275600003 0.9857028349697536 0.0 74.869
3.4410207686399996 0.985772333581568 0.0 75.052
3.44513511804 0.985650688264135 0.0 75.235
3.4466317236 0.9856281878317452 0.0 75.416
3.4496898519599997 0.9856898192632626 0.0 75.598
3.45203213616 0.986009338459972 0.0 75.779
3.454737606 0.986182847144841 0.0 75.963
3.45753255636 0.9862103271112006 0.0 76.149
3.4592028594 0.9862048737715148 0.0 76.33
3.46278734376 0.9861931710623056 0.0 76.513
3.46401726228 0.9862790646160484 0.0 76.693
3.4680895032 0.9864847043540984 0.0 76.876
3.4691141428799996 0.9866087842731738 0.0 77.056
3.47327060076 0.986666813770252 0.0 77.239
3.47467070772 0.98684525502938 0.0 77.419
3.4773288055199996 0.986998995373911 0.0 77.601
3.4800290117999997 0.987136581942665 0.0 77.782
3.48246428556 0.9872917315172792 0.0 77.962
3.48555399528 0.9874822560273953 0.0 78.144
3.4870927093199997 0.9874955269750112 0.0 78.323
3.4910087979599997 0.9873912238875904 0.0 78.507
3.49212116364 0.9874790900696818 0.0 78.686
3.49619340456 0.9875922788531922 0.0 78.864
3.49708820976 0.9877350680352748 0.0 79.047
3.50086569132 0.9879041148629916 0.0 79.227
3.5026447746 0.9880074094151784 0.0 79.406
3.5057765927999998 0.9880886650899334 0.0 79.589
3.50806448688 0.9881543800103144 0.0 79.773
3.51039448944 0.988073562053706 0.0 79.956
3.51345086328 0.9880269681349352 0.0 80.137
3.5148088617599997 0.988077424085276 0.0 80.319
3.5187530227200003 0.9882818228333378 0.0 80.498
3.5198408251199997 0.9884429528076168 0.0 80.679
3.5239042934400002 0.9883198681833942 0.0 80.861
3.52506578568 0.9882977703874224 0.0 81.044
3.5280835600800002 0.988505876381342 0.0 81.226
3.5304363714 0.9887536652528212 0.0 81.409
3.5336506520399995 0.9887973539491112 0.0 81.589
3.53599995432 0.9886805654522134 0.0 81.773
3.5383966286399997 0.9885446400477343 0.0 81.956
3.54142142112 0.98862623072612 0.0 82.137
3.5429232902399996 0.9887311004421192 0.0 82.318
3.5467902523199997 0.988700149608277 0.0 82.499
3.5479148996400003 0.9887147665758568 0.0 82.683
3.5520520578 0.98890020621487 0.0 82.866
3.55301528928 0.9890960302523192 0.0 83.049
3.5569559411999996 0.9890655206919295 0.0 83.228
3.55843675608 0.9890782838491085 0.0 83.408
3.5611790708399997 0.9891790846691636 0.0 83.589
3.5638196234399997 0.9892802168195994 0.0 83.769
3.56563028808 0.9891828092869837 0.0 83.952
3.56906563824 0.9890434935577536 0.0 84.132
3.5706675150000002 0.9890382505319418 0.0 84.312
3.5745923762399996 0.9890254044922598 0.0 84.495
3.5756749150799996 0.9890218614099427 0.0 84.675
3.57981909132 0.9890265930775004 0.0 84.858
3.58082267676 0.9891330784769824 0.0 85.038
3.5847370108799996 0.9892300346926036 0.0 85.224
3.5862880065600002 0.989297450147963 0.0 85.405
3.58933911684 0.9894322168931498 0.0 85.588
3.59162174736 0.9895710981035816 0.0 85.768
3.5939499954 0.989653344449144 0.0 85.951
3.59711164044 0.9896429907460466 0.0 86.131
3.5985661375199998 0.9894751830116196 0.0 86.313
3.60225940212 0.9895179718697844 0.0 86.49
3.6032928143999996 0.9897501188551668 0.0 86.672
3.60736680984 0.9899546966357524 0.0 86.849
3.60863708232 0.9901327828567844 0.0 87.025
3.6120899776799997 0.9902129360076364 0.0 87.205
3.61402872228 0.9901699978178976 0.0 87.384
3.61679209128 0.9900877729440044 0.0 87.568
3.6195484422 0.989968987244615 0.0 87.752
3.62123979948 0.9898187072359568 0.0 87.936
3.62484007452 0.9896429711393184 0.0 88.115
3.6262068456 0.989802440083376 0.0 88.299
3.6301703062799997 0.9899890716995948 0.0 88.479
3.631110729 0.9900591591579632 0.0 88.661
3.63520402416 0.9899177087145136 0.0 88.841
3.63642341556 0.9897696682766264 0.0 89.023
3.6397973575200004 0.989830184843073 0.0 89.204
3.6419010270000003 0.9899140661785948 0.0 89.386
3.64458368808 0.99003331811787 0.0 89.571
3.64735933872 0.9901865588966732 0.0 89.753
3.64924720224 0.9901986651500536 0.0 89.933
3.6527264153999996 0.9902238486019442 0.0 90.115
3.6539072073599996 0.990165108522468 0.0 90.297
3.6578706680399997 0.9900629595380503 0.0 90.478
3.65895847044 0.9900943766246614 0.0 90.664
3.6630552746399996 0.9901351416297862 0.0 90.844
3.66427466604 0.9902043071403 0.0 91.026
3.66716436048 0.9903770528516886 0.0 91.207
3.66957156192 0.990495592995157 0.0 91.386
3.6722805407999997 0.9903609762410664 0.0 91.567
3.6750825092399997 0.9901871925220868 0.0 91.749
3.6768335201999998 0.9901082999899682 0.0 91.928
3.6804232681199998 0.9899884086129916 0.0 92.109
3.6815847603600003 0.9899487127765888 0.0 92.291
3.6855938385599996 0.99015276170654 0.0 92.472
3.68665356864 0.9903854421242106 0.0 92.655
3.6906345745199998 0.9904997322735172 0.0 92.835
3.69201362724 0.9906049433758928 0.0 93.015
3.6951647451599996 0.9906844577849676 0.0 93.199
3.69738947652 0.9906771670998332 0.0 93.382
3.6997177245599997 0.990543122820909 0.0 93.565
3.70273725348 0.9903869280816452 0.0 93.741
3.7042215774000002 0.9903820653624988 0.0 93.923
3.7080376584 0.9904975750436248 0.0 94.1
3.7091640602399996 0.99053045901642 0.0 94.279
3.71313629352 0.9904808702873158 0.0 94.458
3.71417321484 0.9904774730709984 0.0 94.638
3.7173980226 0.9904851946732554 0.0 94.821
3.71948765592 0.9905332084333944 0.0 95.002
3.722301906 0.9906321065877128 0.0 95.185
3.7249442131199997 0.9907690532300404 0.0 95.365
3.72701981028 0.9909428271561956 0.0 95.545
3.73026391776 0.990932194248992 0.0 95.726
3.7315219086 0.9909097852273392 0.0 95.906
3.7355467774799997 0.990933165243772 0.0 96.086
3.7364608824000003 0.9910764539431406 0.0 96.267
3.73680476832 0.9910936122576745 0.0 96.45
3.73705215564 0.991056230214572 0.0 96.632
3.73714339068 0.9909462178886642 0.0 96.81
3.73728024324 0.9908733129121324 0.0 96.993
3.73733287884 0.9908907402348744 0.0 97.173
3.7374170957999997 0.9909818918647282 0.0 97.356
3.73700829264 0.9909832317834832 0.0 97.536
3.7357503018 0.9909690694469376 0.0 97.72
3.73497480396 0.9910264682777112 0.0 97.903
3.73155875352 0.9909096644687402 0.0 98.086
3.7310218704 0.9909662818406212 0.0 98.266
3.72753563916 0.9911605699618862 0.0 98.447
3.72624606696 0.9912738291446516 0.0 98.629
3.72298090524 0.9913019069728444 0.0 98.811
3.72136148328 0.99134310413421 0.0 98.994
3.71975609748 0.9914763744369448 0.0 99.175
3.71661024312 0.9916140130758152 0.0 99.357
3.71440832052 0.9916568948711536 0.0 99.539
3.71079751836 0.9916513661688884 0.0 99.721
3.70833241776 0.9917858630329084 0.0 99.898
3.70597434288 0.9919216110779984 0.0 100.079
3.70367416716 0.9920548852939092 0.0 100.258
3.70110028632 0.9921547703662588 0.0 100.44
3.6987176481599997 0.9921625900830812 0.0 100.626
3.6963560642399997 0.9920606127537612 0.0 100.809
3.69403307976 0.9919790813434788 0.0 100.993
3.6916241238 0.9918223915403064 0.0 101.176
3.68938360176 0.9916857211897604 0.0 101.356
3.6869307827999998 0.9916571905816876 0.0 101.538
3.6845832350400003 0.9917730237081626 0.0 101.715
3.68253220116 0.9919070889867035 0.0 101.895
3.6800969273999997 0.9919516579384936 0.0 102.077
3.67761603612 0.991850064148066 0.0 102.26
3.67522462536 0.991803042985906 0.0 102.437
3.67288935924 0.9919387311856036 0.0 102.617
3.6704014498800004 0.992146480445261 0.0 102.799
3.6672134870399997 0.9923208663113088 0.0 102.977
3.6640781598 0.9924226090452444 0.0 103.158
3.6626271717599996 0.9924090829282818 0.0 103.335
3.65907426876 0.9923658771216484 0.0 103.515
3.6583180706399996 0.9923134888528896 0.0 103.697
3.6544721628000003 0.992198081006448 0.0 103.878
3.65324224428 0.9921845136083522 0.0 104.064
3.6495244164 0.9921434456265852 0.0 104.241
3.64803131988 0.9920568919947764 0.0 104.422
3.64523636952 0.9920294834116828 0.0 104.607
3.64283618616 0.9920739436720476 0.0 104.788
3.64055531016 0.9919540764530504 0.0 104.969
3.6376392979200003 0.9919270635500927 0.0 105.151
3.63615672852 0.9921683487972658 0.0 105.33
3.6326985695999996 0.9923061434665316 0.0 105.51
3.63172130196 0.992182909104112 0.0 105.69
3.627777141 0.9920136214227248 0.0 105.871
3.62687531772 0.9919091146834936 0.0 106.052
3.62292940224 0.992011240765722 0.0 106.236
3.62159421252 0.99203391582089 0.0 106.419
3.6192063108 0.9919518911296462 0.0 106.6
3.6165727762799995 0.9918514638049488 0.0 106.779
3.6146094684 0.991585113383091 0.0 106.961
3.61137588804 0.9914134772830748 0.0 107.146
3.6105477546 0.9913247279236632 0.0 107.326
3.60657201228 0.9913743560884656 0.0 107.503
3.6052929672 0.9915431935527558 0.0 107.683
3.60135933336 0.9917557304272326 0.0 107.866
3.60036802956 0.9919412357769788 0.0 108.049
3.59658879348 0.9919353465409788 0.0 108.231
3.59513078736 0.9917937791390768 0.0 108.413
3.5923849635600003 0.9917479077963516 0.0 108.592
3.5899654804799996 0.991792436936505 0.0 108.774
3.58790742852 0.991817485958852 0.0 108.954
3.58474578348 0.9917553697179672 0.0 109.136
3.58357025508 0.9916144697704472 0.0 109.317
3.57966118452 0.9915724120175058 0.0 109.498
3.57872777988 0.9915754748293027 0.0 109.682
3.57466255704 0.9914431374673672 0.0 109.861
3.5736852893999997 0.9912466949039244 0.0 110.04
3.57070611444 0.9913113544660036 0.0 110.221
3.56844278364 0.9913187795063227 0.0 110.406
3.56575836804 0.9912909942628146 0.0 110.588
3.5631300970799997 0.9913545047171612 0.0 110.771
3.56108257224 0.9913612222445248 0.0 110.951
3.55798584444 0.9913896785600158 0.0 111.137
3.55663837308 0.9915198877861954 0.0 111.319
3.55286440056 0.9916054586368184 0.0 111.501
3.5518239702 0.9915173892575844 0.0 111.685
3.5477061117599997 0.9914776119239704 0.0 111.868
3.54673761672 0.9914448819173368 0.0 112.049
3.54300926172 0.9915104066313316 0.0 112.232
3.5412950956800002 0.991625129954787 0.0 112.411
3.53862471624 0.9918710760905458 0.0 112.594
3.5361754063200004 0.9920787903713444 0.0 112.774
3.5343015789599996 0.9922130278100808 0.0 112.954
3.5310925618800004 0.9922052681144437 0.0 113.137
3.5295310390799997 0.992118905550478 0.0 113.319
3.5258254928399997 0.9921310735145786 0.0 113.499
3.5251201757999997 0.9921150912334172 0.0 113.68
3.52122689592 0.9920729799706878 0.0 113.86
3.51978117144 0.9921692206939337 0.0 114.043
3.5161984416000003 0.9922724809186864 0.0 114.223
3.51445093968 0.9921684261891645 0.0 114.406
3.51178056024 0.9919948901809024 0.0 114.586
3.50906280876 0.9918956189861756 0.0 114.766
3.5072030175599997 0.9917919282463744 0.0 114.952
3.50380451232 0.991766485775261 0.0 115.133
3.50252722176 0.9918438778480624 0.0 115.316
3.498556743 0.991875213322992 0.0 115.499
3.49777949064 0.9917130649184898 0.0 115.679
3.4936177691999997 0.9914911105367052 0.0 115.859
3.4924317136800003 0.9912593860856246 0.0 116.041
3.48905250816 0.9911606708095588 0.0 116.225
3.4870874457600003 0.9910223139813568 0.0 116.402
3.4845556734 0.9908848991639873 0.0 116.588
3.4819291569599997 0.990747106483891 0.0 116.769
3.4798886502 0.9908453042635488 0.0 116.952
3.4764901449599996 0.990947958096433 0.0 117.135
3.47546550528 0.991060441314775 0.0 117.318
3.47145116352 0.9912733280907442 0.0 117.501
3.4705160043600003 0.9913313018849772 0.0 117.679
3.46627006596 0.9912903301984612 0.0 117.859
3.465089274 0.9912576010999488 0.0 118.041
3.46170831396 0.9911412667410182 0.0 118.22
3.4597028976 0.9910213319920302 0.0 118.402
3.45730622328 0.9910108925839092 0.0 118.586
3.45444986472 0.9910751717671816 0.0 118.768
3.45257252832 0.9912071629679012 0.0 118.951
3.44916174144 0.9912366585509468 0.0 119.132
3.44784585144 0.991240976832981 0.0 119.32
3.44382624612 0.9911816411473912 0.0 119.504
3.44287880532 0.9910033181473228 0.0 119.686
3.4387627014 0.990888697704015 0.0 119.868
3.43751874672 0.9908378675763816 0.0 120.052
3.4340342699999997 0.9909591216766198 0.0 120.233
3.4322183418 0.9911115115821222 0.0 120.415
3.4294637454 0.9911754631091712 0.0 120.599
3.4251809620800002 0.9910613868472912 0.0 120.965
3.4215491056799996 0.99107330423579 0.0 121.149
3.42001390068 0.9911332560980451 0.0 121.333
3.416138166 0.9910727549699936 0.0 121.514
3.4152082703999995 0.9909476711328348 0.0 121.696
3.4109360142 0.9908534587274872 0.0 121.878
3.4099219016399998 0.99072933477446 0.0 122.06
3.4058812420799995 0.9907059786325476 0.0 122.24
3.4043916546 0.990547715542113 0.0 122.423
3.40153705056 0.9902664726673248 0.0 122.607
3.3991544124 0.9901102176418444 0.0 122.788
3.39670861152 0.990008399184618 0.0 122.968
3.39365574672 0.9898918643925674 0.0 123.146
3.39225388524 0.9896415424136376 0.0 123.329
3.3884167499999998 0.9891637270960372 0.0 123.511
3.38749913604 0.988274966825736 0.0 123.693
3.3834479493600003 0.9878161337341836 0.0 123.875
3.38225136672 0.9883287544750738 0.0 124.059
3.37839317724 0.988905245262952 0.0 124.239
3.3769369256400004 0.9892738727280636 0.0 124.422
3.37455955104 0.9895546714508778 0.0 124.605
3.37149791364 0.9896729483288438 0.0 124.785
3.3692398464 0.9898810482350368 0.0 124.967
3.36605012904 0.990054674453526 0.0 125.149
3.36457106868 0.9901320696177836 0.0 125.332
3.36069357948 0.9900715502838604 0.0 125.514
3.3595794592800003 0.9900218799620258 0.0 125.695
3.3554844096000003 0.9900176840106578 0.0 125.873
3.35449135128 0.9899110875759516 0.0 126.053
3.35046297336 0.9897778221726028 0.0 126.234
3.3489663678 0.9896751622009474 0.0 126.414
3.34611351828 0.989684512637605 0.0 126.595
3.34349928348 0.9896747717684066 0.0 126.777
3.3412763066399997 0.9895722007574288 0.0 126.961
3.33806904408 0.989383593879611 0.0 127.143
3.33687246144 0.9893142755990804 0.0 127.324
3.33301953552 0.9894001398791452 0.0 127.507
3.3318247073999996 0.9894940034384698 0.0 127.687
3.32758578708 0.9895621395443394 0.0 127.868
3.32658571068 0.9894578435615804 0.0 128.05
3.32366268036 0.9894124908730828 0.0 128.233
3.3212396882400004 0.9892373236398456 0.0 128.416
3.3180692705999997 0.9889936472170237 0.0 128.599
3.31557434316 0.9885470183791648 0.0 128.787
3.31310924256 0.9881911540019656 0.0 128.967
3.31014936732 0.9881475098633504 0.0 129.147
3.3086580253199998 0.988152390913408 0.0 129.33
3.30479808132 0.988165024443361 0.0 129.509
3.3036541342800003 0.9880039624327444 0.0 129.69
3.29947486764 0.9878178090132274 0.0 129.872
3.2985028635599996 0.9876568670555228 0.0 130.053
3.2946288834 0.9876512282476664 0.0 130.235
3.2930322702 0.987547263544926 0.0 130.416
3.2899390514399998 0.9873209200473546 0.0 130.599
3.28757220396 0.9870196325513224 0.0 130.783
3.2856281958 0.9867352711984436 0.0 130.965
3.2822068817999996 0.9865273834190538 0.0 131.149
3.28048920672 0.9862789008384764 0.0 131.332
3.27669242544 0.9859632658363 0.0 131.513
3.2756186592 0.9856760460008078 0.0 131.695
3.2712885038399997 0.9855086494075794 0.0 131.876
3.2703252723599996 0.9853476563531658 0.0 132.056
3.26639163852 0.9852146704607893 0.0 132.239
3.2648809968 0.984892235267336 0.0 132.42
3.2618983128 0.9845379693660824 0.0 132.598
3.25933495908 0.9842372727721538 0.0 132.781
3.2576874648 0.9838420128647216 0.0 132.96
3.2535836425199998 0.9833288367338372 0.0 133.139
3.2528098992 0.9827668009725636 0.0 133.32
3.24876222156 0.9823617074346248 0.0 133.501
3.2471515722 0.9821121385784352 0.0 133.68
3.24484086936 0.9817556388141396 0.0 133.862
3.2418213404399996 0.9813831226425396 0.0 134.042
3.23927553192 0.9809547991360982 0.0 134.224
3.2373332782800004 0.98054282360929 0.0 134.407
3.23556998568 0.9802028385364956 0.0 134.584
3.2342453230799997 0.9798973707430836 0.0 134.762
3.23324524668 0.9797007432806456 0.0 134.947
3.23218376208 0.9793218392973596 0.0 135.131
3.23142054588 0.9788693874165766 0.0 135.314
3.23077137348 0.9785624064783462 0.0 135.495
3.2301765912 0.978472753490388 0.0 135.674
3.22966076232 0.9784561093794072 0.0 135.858
3.2293291580399996 0.9783855217774424 0.0 136.044
3.22899755376 0.978494891946204 0.0 136.228
3.2245270368 0.9786376009194588 0.0 136.405
3.21230855952 0.9782215749938388 0.0 136.588
3.2089504082399998 0.976776901246262 0.0 136.768
3.2054834767199996 0.9751143366218116 0.0 136.951
3.2037728197199997 0.9736819116025396 0.0 137.132
3.19996551132 0.9727112001217696 0.0 137.31
3.1990882513199996 0.9716767626259378 0.0 137.492
3.1949388115199997 0.9707077981422628 0.0 137.673
3.1936492393199996 0.9697479362303894 0.0 137.856
3.18988579392 0.9688493606304178 0.0 138.04
3.1881172377600002 0.9679452803319072 0.0 138.222
3.18563459196 0.9670984344910294 0.0 138.405
3.18269752548 0.9662154754190536 0.0 138.589
3.18014820792 0.9650963139265268 0.0 138.77
3.17710060668 0.9638136208767156 0.0 138.951
3.17572155396 0.9623799395973464 0.0 139.132
3.17167387632 0.9611922133532008 0.0 139.314
3.17056852872 0.959958455461358 0.0 139.496
3.1662541640399997 0.9587339674737918 0.0 139.678
3.16532777748 0.9571721371439929 0.0 139.861
3.16122570972 0.955765314156896 0.0 140.042
3.15980103948 0.9542231158104424 0.0 140.224
3.15674466564 0.952503763154578 0.0 140.405
3.1543427277599996 0.9508732309515258 0.0 140.584
3.1520899240799998 0.9490420467734002 0.0 140.765
3.1488703798799995 0.9471781435239328 0.0 140.949
3.1475702805599997 0.94492412776728 0.0 141.131
3.1435734839999996 0.9429166967557469 0.0 141.313
3.1423207567199998 0.940627435355502 0.0 141.494
3.1380572731200003 0.938456532507509 0.0 141.677
3.13718352216 0.9358385309683622 0.0 141.86
3.13302180072 0.9334846741520246 0.0 142.039
3.13153045872 0.9308685198005974 0.0 142.216
3.1286284826400004 0.9280381843572736 0.0 142.396
3.12608442864 0.9253702259575302 0.0 142.578
3.12377898936 0.9223380160072372 0.0 142.762
3.1205120731199996 0.919344647873356 0.0 142.945
3.11910143904 0.9160904295660608 0.0 143.126
3.11518008684 0.9132805569828883 0.0 143.307
3.11420457372 0.9101348802226464 0.0 143.488
3.1099481082000002 0.9069800352774252 0.0 143.669
3.10883047896 0.9034707563590796 0.0 143.848
3.10517230476 0.899987124295967 0.0 144.028
3.1032791776799997 0.8963875321762542 0.0 144.21
3.10043159172 0.8928434011231021 0.0 144.391
3.0977594577599996 0.8896108861981192 0.0 144.571
3.09562947048 0.8863043397508671 0.0 144.752
3.0922713192 0.8833472185143979 0.0 144.935
3.0910870182 0.8801285164403471 0.0 145.114
3.08692529676 0.8773193016891448 0.0 145.297
3.0858743392799997 0.8745729180321565 0.0 145.48
3.08173016304 0.8721820307436481 0.0 145.66
3.0805809524399996 0.8698733825250882 0.0 145.84
3.0776070410400003 0.8678789781478574 0.0 146.023
3.0750542144399997 0.8664303472512833 0.0 146.203
3.0722820728399998 0.8652730143510794 0.0 146.386
3.06943799592 0.8645167478312471 0.0 146.566
3.06767645784 0.8640485237870541 0.0 146.746
3.0639533664000003 0.8639499166371358 0.0 146.929
3.0628480188 0.8643716117656504 0.0 147.109
3.058654716 0.8651304388045031 0.0 147.291
3.0577248204000003 0.866389173700011 0.0 147.472
3.05354555376 0.8677665369487 0.0 147.654
3.0521980824 0.8697543177517456 0.0 147.835
3.04887677604 0.8718577840016057 0.0 148.018
3.0465625641600003 0.8742316862206861 0.0 148.203
3.04404131892 0.8770614372526102 0.0 148.382
3.0410831982 0.880019429519901 0.0 148.564
3.03944974008 0.883465933806003 0.0 148.745
3.0356634859200002 0.8865538475770959 0.0 148.924
3.03449146656 0.8900710256338901 0.0 149.107
3.03026482788 0.8932694310233286 0.0 149.287
3.02924545176 0.896699184129403 0.0 149.471
3.02501354952 0.8999880226484562 0.0 149.653
3.023739768 0.9033613426669516 0.0 149.838
3.02046407916 0.9065931608086604 0.0 150.02
3.0182270661599997 0.9098228325326796 0.0 150.2
3.0156251130000005 0.9132910211341224 0.0 150.381
3.0127827906 0.9165776220536404 0.0 150.564
3.0109317719999997 0.9198786747644436 0.0 150.744
3.00720517152 0.922803790737578 0.0 150.926
3.0061173691199996 0.9257749529370776 0.0 151.107
3.0019802109600002 0.9283921319370428 0.0 151.289
3.0009783800400003 0.93116215573316 0.0 151.47
2.9968517489999997 0.9335601429049368 0.0 151.653
2.99534812536 0.9360600388663084 0.0 151.833
2.9920619094000003 0.9383654731274076 0.0 152.014
2.98981086024 0.9405568273080692 0.0 152.196
2.9874808576799996 0.9428227015332054 0.0 152.379
2.9842928948400003 0.9449636684266748 0.0 152.563
2.9827103177999996 0.9470256265041498 0.0 152.744
2.97875036616 0.9488047622418138 0.0 152.923
2.9776099281599997 0.9507934328353022 0.0 153.106
2.97331135416 0.952482058422786 0.0 153.29
2.9725253292000002 0.9542329463802146 0.0 153.47
2.9686338038400004 0.9559380039052496 0.0 153.652
2.9668617386399996 0.957546776255458 0.0 153.829
2.96371237524 0.9588684622444574 0.0 154.013
2.9613928998 0.9600773088383342 0.0 154.195
2.9596822428 0.96141187465882 0.0 154.375
2.9560626680399995 0.9625715124335874 0.0 154.552
2.95447482744 0.9639423894284296 0.0 154.733
2.9503692506399997 0.9650852997468844 0.0 154.915
2.9493884739599996 0.9662166247341252 0.0 155.097
2.9451144632400004 0.9672677702524012 0.0 155.278
2.9440143791999995 0.968346108473532 0.0 155.462
2.939917575 0.9693607529794492 0.0 155.644
2.9384367601199997 0.9704220087175902 0.0 155.826
2.93534354136 0.9712890855321702 0.0 156.009
2.9328468594 0.972134318348126 0.0 156.189
2.93029929636 0.9730906528971468 0.0 156.373
2.92716747816 0.9739922826559532 0.0 156.555
2.92539190392 0.9747268251411252 0.0 156.74
2.9217933834 0.9752305230509514 0.0 156.926
2.92075119852 0.9759443770810866 0.0 157.107
2.916494733 0.9765219648569156 0.0 157.288
2.9155385196 0.9771078972496337 0.0 157.466
2.91147505128 0.9777405800713528 0.0 157.649
2.90993458272 0.9782736438696952 0.0 157.832
2.90741860104 0.9787195757958704 0.0 158.01
2.9044815345600004 0.9792936305377524 0.0 158.189
2.9019778345200002 0.9800116024161812 0.0 158.367
2.8986968821200003 0.9806241589240842 0.0 158.549
2.89733712912 0.9811566719619084 0.0 158.731
2.89331226024 0.9816983258725216 0.0 158.914
2.89216655868 0.9821934823416028 0.0 159.096
2.88794342904 0.9826267001862228 0.0 159.276
2.8869012441599997 0.983121989877737 0.0 159.458
2.88286233912 0.98355325199385 0.0 159.641
2.88121659936 0.9839780902646388 0.0 159.821
2.8781496984 0.9844616695663512 0.0 160.004
2.8757109156 0.984906760281214 0.0 160.186
2.8734739026000002 0.9853695366655132 0.0 160.365
2.87012627844 0.9858173842644524 0.0 160.547
2.86902268536 0.9862031151960344 0.0 160.728
2.86492412664 0.986381568812864 0.0 160.91
2.8637450891999996 0.9865305300400852 0.0 161.088
2.8595588044799998 0.986799596826278 0.0 161.271
2.85835520376 0.9870770146894812 0.0 161.453
2.85440753376 0.9874720813093886 0.0 161.636
2.85283723836 0.987932495247659 0.0 161.82
2.84975103768 0.9882170121656192 0.0 162.002
2.84723681052 0.9882795850570216 0.0 162.183
2.84492084412 0.9885056489748204 0.0 162.363
2.84163111912 0.988807581944988 0.0 162.546
2.8402187305199997 0.9890490294803242 0.0 162.726
2.83615701672 0.989426867586552 0.0 162.912
2.8350060516 0.9898134985107836 0.0 163.093
2.8307934490799997 0.9900460419354138 0.0 163.276
2.82974775516 0.9902312775160128 0.0 163.457
2.8259264106 0.9904806567809782 0.0 163.637
2.82419294484 0.990741750215598 0.0 163.815
2.82110849868 0.9909703767681728 0.0 163.997
2.8186065531599995 0.9911787512565404 0.0 164.181
2.81687835096 0.9913855014214036 0.0 164.362
2.81304647928 0.9915608863722932 0.0 164.542
2.8116972534 0.9916937166518413 0.0 164.721
2.80750044156 0.9918175763666282 0.0 164.905
2.80654071912 0.991946835635842 0.0 165.088
2.8021474010399996 0.9921623712855504 0.0 165.27
2.80115785176 0.9924751554216654 0.0 165.454
2.7971943910799997 0.9927067123044004 0.0 165.635
2.7954872431199997 0.9928774190635542 0.0 165.815
2.7926449207200004 0.992940205841024 0.0 165.994
2.79003419496 0.993058176933526 0.0 166.173
2.78813229528 0.9932295315308488 0.0 166.353
2.78454079284 0.993223023909518 0.0 166.536
2.7830810322 0.9931544607988496 0.0 166.719
2.77894562856 0.9932598065521736 0.0 166.9
2.7780718775999995 0.9934438304903802 0.0 167.08
2.7738715567199996 0.9935677399634424 0.0 167.261
2.77258198452 0.993645367604026 0.0 167.442
2.76887643828 0.9937477012351272 0.0 167.623
2.76692892108 0.9938635015098564 0.0 167.803
2.7640795806 0.9938728980805436 0.0 167.987
2.7612776121600002 0.9939004833557746 0.0 168.168
2.7595932729599997 0.9939243831257916 0.0 168.349
2.7559140445200003 0.9939732077406616 0.0 168.528
2.75451393756 0.9940688635674056 0.0 168.709
2.7503557251600004 0.9942277381361676 0.0 168.893
2.7494153024399997 0.9944326410035504 0.0 169.075
2.74518515472 0.9946094184668932 0.0 169.256
2.7438324198 0.994850773533865 0.0 169.436
2.74045672332 0.99500799806074 0.0 169.617
2.73825655524 0.9951069935473992 0.0 169.799
2.73560196648 0.9951707986005416 0.0 169.982
2.7327561350400003 0.9951978554185856 0.0 170.163
2.73077703648 0.9952945193163248 0.0 170.345
2.72711008968 0.995416712101997 0.0 170.526
2.72601000564 0.995657250467042 0.0 170.712
2.72169739548 0.995780895258288 0.0 170.896
2.72065345608 0.9958210395627264 0.0 171.08
2.71638821796 0.995853482911598 0.0 171.26
2.71520040792 0.996002583628545 0.0 171.442
2.71156328796 0.9961973958288578 0.0 171.623
2.7096298069199998 0.9961670924026276 0.0 171.803
2.70701908116 0.9960839833660178 0.0 171.989
2.7040135884 0.996130615503984 0.0 172.167
2.70218362404 0.9961733620850162 0.0 172.346
2.69852895888 0.996258839400977 0.0 172.525
2.6974008025200003 0.9964437624942004 0.0 172.705
2.6930478384 0.9965132051128652 0.0 172.887
2.69224602276 0.9964975080686158 0.0 173.068
2.68808605584 0.9964745682353432 0.0 173.251
2.68657541412 0.9965346123211324 0.0 173.431
2.68336815156 0.9965452205168318 0.0 173.611
2.68101358572 0.996626407083974 0.0 173.792
2.67863796564 0.9966526152108311 0.0 173.97
2.67537806748 0.99658999912292 0.0 174.149
2.67410253144 0.9965758683290662 0.0 174.329
2.66998291848 0.9965160940870424 0.0 174.511
2.66891792484 0.9966297189880772 0.0 174.692
2.66458601496 0.9968452181973926 0.0 174.872
2.6634718947600002 0.9969390524682888 0.0 175.055
2.65959616008 0.9969518778865166 0.0 175.235
2.65783988556 0.9971412003211132 0.0 175.416
2.6551484518799997 0.997239570823334 0.0 175.598
2.6523692922 0.9972671218814776 0.0 175.779
2.65031825832 0.9974023721017132 0.0 175.957
2.64667762932 0.9974144256339176 0.0 176.137
2.64549859188 0.997344922076541 0.0 176.319
2.64139126056 0.9972858002194188 0.0 176.496
2.640421011 0.9971805053713528 0.0 176.679
2.63629087092 0.997194177024978 0.0 176.863
2.63488023684 0.9971070843522752 0.0 177.043
2.63141681436 0.997100195705063 0.0 177.225
2.6292166462799997 0.997162536711924 0.0 177.405
2.62732001016 0.9973140324830992 0.0 177.583
2.6237899159199998 0.9974535035587606 0.0 177.765
2.62200030552 0.9976597091563274 0.0 177.947
2.61804912648 0.9977638746213434 0.0 178.129
2.6169367608000003 0.9978593269097982 0.0 178.312
2.6125627424399998 0.9979288782868602 0.0 178.495
2.61161881068 0.9979320055054964 0.0 178.677
2.6073851539199997 0.997854261091574 0.0 178.857
2.6061552353999997 0.99785833554531 0.0 179.037
2.60278480248 0.9979612732693748 0.0 179.221
2.6005284897600003 0.9979687488860928 0.0 179.401
2.59784933772 0.9981237749667352 0.0 179.581
2.5948736718 0.9982238041320576 0.0 179.764
2.592873519 0.9984316497680804 0.0 179.95
2.5893557064 0.9987347001284438 0.0 180.127
2.58855389076 0.9988825949827485 0.0 180.307
2.58404477436 0.9989526158501814 0.0 180.486
2.58297451716 0.9991030104767308 0.0 180.666
2.57875665108 0.9991170021125688 0.0 180.846
2.57738461644 0.9988836144767164 0.0 181.028
2.57501601444 0.9987829396069858 0.0 181.208
2.57188419624 0.9987199003161612 0.0 181.388
2.56948927644 0.998709485579293 0.0 181.568
2.5662399054 0.9987386173306132 0.0 181.75
2.56464680124 0.998707186880927 0.0 181.93
2.56068860412 0.9987570266670108 0.0 182.111
2.559756954 0.9988702584710132 0.0 182.293
2.55545838 0.9989379812279928 0.0 182.47
2.55424074312 0.999051475869191 0.0 182.649
2.55047027964 0.9992108446663606 0.0 182.83
2.54866136952 0.9993263043110716 0.0 183.013
2.54573132112 0.9994629260771868 0.0 183.196
2.5429311072000003 0.9995272936523948 0.0 183.376
2.54084147388 0.999460796532874 0.0 183.558
2.53754297628 0.9995268189802116 0.0 183.739
2.5364306106 0.9995488694901936 0.0 183.921
2.5321583544 0.9995263326440116 0.0 184.102
2.53091439972 0.9994386675915672 0.0 184.288
2.52653160876 0.9993086361657062 0.0 184.469
2.5255560956400003 0.9993118734058236 0.0 184.655
2.5214101648800002 0.9994158223044922 0.0 184.836
2.51989250508 0.9994752491943486 0.0 185.016
2.51680279536 0.9995038640517888 0.0 185.198
2.51423242356 0.9995123958173836 0.0 185.377
2.51212875408 0.9995193785789768 0.0 185.558
2.50863725928 0.999458216117768 0.0 185.738
2.50727750628 0.9993908950094774 0.0 185.921
2.50312631196 0.9994046729073028 0.0 186.104
2.50209816324 0.9995526747063874 0.0 186.288
2.49787152456 0.9997319527483024 0.0 186.468
2.49672055944 0.9998987269592566 0.0 186.648
2.49297465924 0.9999111664146731 0.0 186.83
2.49114469488 0.9999539659334652 0.0 187.011
2.48815674732 0.9998369659267704 0.0 187.194
2.48543373228 0.9996998043007876 0.0 187.374
2.48394765384 0.9996863768119088 0.0 187.554
2.48000349288 0.9997361962231488 0.0 187.734
2.4785823316799998 0.9997409151002616 0.0 187.914
2.4744083286 0.9996813259392652 0.0 188.093
2.4734521152 0.999539209229256 0.0 188.276
2.46920266776 0.999388742547299 0.0 188.457
2.4678551964 0.9993932153462668 0.0 188.64
2.46444090048 0.9993861861040568 0.0 188.82
2.46225301404 0.9993750857197764 0.0 188.999
2.45967737868 0.9995305404624424 0.0 189.179
2.45660696868 0.9996493073410996 0.0 189.361
2.45497877412 0.9996005415277937 0.0 189.54
2.45101004988 0.9995042255191572 0.0 189.726
2.44973802288 0.9996002673227994 0.0 189.909
2.44560437376 0.9997218809293624 0.0 190.093
2.44466570556 0.999871910408768 0.0 190.272
2.4443200651200003 1.0 0.0 190.452
2.44402706028 0.9999835273901452 0.0 190.634
2.44390424388 0.9999662599013456 0.0 190.815
2.44377967296 0.999911581368299 0.0 190.997
2.44380774528 0.9997645753264096 0.0 191.18
