X_channel Y_channel II_channel timestamp
2.65702929732 0.9954959454514832 0.0 0.547
2.6570714058 0.9954578525475132 0.0 0.727
2.6571012326399996 0.9954769815365232 0.0 0.906
2.6570521060799996 0.9955946792298758 0.0 1.086
2.65708544196 0.9956344513251424 0.0 1.265
2.65699771596 0.9956942227346662 0.0 1.445
2.65702929732 0.9956941967617576 0.0 1.625
2.65716439536 0.9956144866438876 0.0 1.804
2.65703982444 0.9954578785142558 0.0 1.984
2.65707491484 0.9954578496623196 0.0 2.166
2.6570485970399997 0.9955158293371033 0.0 2.347
2.65706965128 0.9955946648019252 0.0 2.527
2.65698894336 0.9955350319031844 0.0 2.71
2.65707666936 0.9953981489567316 0.0 2.89
2.65707666936 0.99533844969374 0.0 3.073
2.6570626332000002 0.9955357175502176 0.0 3.256
2.65702578828 0.9957730524274848 0.0 3.436
2.6570626332000002 0.9958707796676416 0.0 3.616
2.65698543432 0.9956942328352424 0.0 3.797
2.6570626332000002 0.9955349713094216 0.0 3.978
2.65700473404 0.9955947181853444 0.0 4.157
2.65702403376 0.995457145256808 0.0 4.335
2.65708544196 0.9953384424816214 0.0 4.519
2.6570135066400002 0.995358401376366 0.0 4.701
2.65702227924 0.9954770464546282 0.0 4.882
2.65702578828 0.9955151018511352 0.0 5.062
2.65707842388 0.995418047268523 0.0 5.243
2.65706789676 0.9954578554327068 0.0 5.425
2.65709421456 0.9954379340397131 0.0 5.607
2.65692578064 0.995318673985386 0.0 5.791
2.6570187702 0.995278798027879 0.0 5.972
2.65698543432 0.9953186249439498 0.0 6.155
2.6570310518399998 0.9955357435189915 0.0 6.337
2.6570363154 0.9958128432791508 0.0 6.518
2.65696087104 0.99603006142284 0.0 6.7
2.6570099976 0.99603002100691 0.0 6.88
2.65718194056 0.9957530242431298 0.0 7.061
2.65697315268 0.9956146439116906 0.0 7.244
2.6569994704799997 0.9956345220249287 0.0 7.424
2.65704157896 0.995574788131739 0.0 7.607
2.65707316032 0.9955150628987824 0.0 7.79
2.65701701568 0.995477050782502 0.0 7.973
2.6571591318000003 0.9954378806647048 0.0 8.15
2.6571064962 0.9954578236955784 0.0 8.33
2.6571117597600002 0.9955150311598304 0.0 8.513
2.65708193292 0.9954769974053924 0.0 8.693
2.6570275428 0.995457888612434 0.0 8.875
2.6570275428 0.9955158466492732 0.0 9.055
2.65705912416 0.995674272477171 0.0 9.238
2.6570099976 0.9956345133678116 0.0 9.42
2.6570135066400002 0.9955350117052628 0.0 9.601
2.6570503515599997 0.9955946806726708 0.0 9.781
2.65706438772 0.9957339674120368 0.0 9.962
2.6571152688 0.995950335386572 0.0 10.144
2.65703806992 0.9959503988922346 0.0 10.328
2.6570521060799996 0.9957929305364154 0.0 10.508
2.65710825072 0.995574733306624 0.0 10.688
2.65709421456 0.9955150455866264 0.0 10.872
2.6570801783999998 0.9955548566366094 0.0 11.052
2.6570310518399998 0.9955747967883368 0.0 11.235
2.65703806992 0.9955349915073416 0.0 11.417
2.65700648856 0.9954959642059602 0.0 11.598
2.6569345532399997 0.9956146756538222 0.0 11.78
2.65702227924 0.9956345032678416 0.0 11.957
2.657088951 0.9956344484394372 0.0 12.137
2.6570538606 0.9956344772964912 0.0 12.316
2.6571012326399996 0.9955548393237617 0.0 12.496
2.6570117521200003 0.9955151133925736 0.0 12.682
2.65706438772 0.995574769375778 0.0 12.863
2.65708368744 0.9956344527679952 0.0 13.046
2.65708368744 0.9955357002377028 0.0 13.226
2.65707666936 0.995457848219723 0.0 13.407
2.65714334112 0.9956145039577716 0.0 13.588
2.6571064962 0.9956344340109105 0.0 13.765
2.65708368744 0.9955548537511348 0.0 13.946
2.6570117521200003 0.9956146121695612 0.0 14.128
2.6570977235999997 0.9957538397490804 0.0 14.307
2.65703280636 0.9958317509326722 0.0 14.491
2.65704333348 0.9956344859536078 0.0 14.669
2.65709070552 0.9956344469965844 0.0 14.848
2.65710825072 0.9957538310909264 0.0 15.033
2.65707666936 0.9957339573110584 0.0 15.213
2.65698894336 0.995614630926274 0.0 15.397
2.6571240414 0.9953981100089564 0.0 15.58
2.6570485970399997 0.9952389739985608 0.0 15.76
2.65703982444 0.9952389812099592 0.0 15.942
2.65713456852 0.995378201600517 0.0 16.121
2.65703806992 0.9953185816720984 0.0 16.307
2.65703806992 0.9952588824072038 0.0 16.489
2.65691876256 0.9953584792688188 0.0 16.673
2.65704333348 0.9954379758741836 0.0 16.857
2.65697666172 0.9954579304477452 0.0 17.037
2.6569836797999997 0.9954579246773572 0.0 17.216
2.65690823544 0.9954579867090314 0.0 17.396
2.6570503515599997 0.9953782708396224 0.0 17.576
2.6569310442 0.9953087197798384 0.0 17.861
2.65696087104 0.9951800930847038 0.0 18.04
2.65692928968 0.9950425619756492 0.0 18.204
2.65697315268 0.9950624256818044 0.0 18.372
2.65698894336 0.9952191232802976 0.0 18.548
2.65697315268 0.9953385347967476 0.0 18.729
2.6569749072 0.9952390345743082 0.0 18.909
2.65695560748 0.9950624401020433 0.0 19.089
2.6570099976 0.9950026961330256 0.0 19.266
2.6569047264 0.9950226824064244 0.0 19.45
2.6568959538 0.9948634915578496 0.0 19.631
2.65694332584 0.994803753361422 0.0 19.813
2.65693630776 0.994943057424481 0.0 19.997
2.65694508036 0.9949828497282132 0.0 20.182
2.65694157132 0.9949231533423772 0.0 20.362
2.6570012249999997 0.995042502853853 0.0 20.541
2.6569520984399997 0.995258953080324 0.0 20.729
2.65703280636 0.995437984529592 0.0 20.908
2.656957362 0.9954579463163126 0.0 21.088
2.65702578828 0.9954180905446972 0.0 21.267
2.6569836797999997 0.9954181251656395 0.0 21.447
2.65698718884 0.9953982225247596 0.0 21.629
2.65695911652 0.9954969981453808 0.0 21.811
2.6570503515599997 0.9956344801821968 0.0 21.993
2.65699069788 0.9955748299719628 0.0 22.176
2.6569485894 0.995318655234248 0.0 22.356
2.6569345532399997 0.9952788672600772 0.0 22.542
2.6569398168 0.9954771142579912 0.0 22.721
2.65690297188 0.9956744008962148 0.0 22.902
2.6569836797999997 0.9956743345223228 0.0 23.086
2.6570099976 0.9955748141015326 0.0 23.269
2.65693806228 0.9955151739851302 0.0 23.445
2.65699420692 0.9956345263534876 0.0 23.625
2.6570117521200003 0.9957539104573436 0.0 23.806
2.65702578828 0.9957538989131368 0.0 23.988
2.65696087104 0.995753952305096 0.0 24.167
2.65698718884 0.9957937301713088 0.0 24.351
2.65696788912 0.995793746045229 0.0 24.533
2.6569485894 0.9957340626498424 0.0 24.712
2.6570135066400002 0.995574811216 0.0 24.89
2.6569924524 0.9953982181972284 0.0 25.073
2.65695911652 0.9953385463361396 0.0 25.257
2.6570275428 0.995437988857296 0.0 25.439
2.6568520908 0.9954580328721429 0.0 25.619
2.65695560748 0.9954380480025892 0.0 25.801
2.65702227924 0.9953981936745512 0.0 25.983
2.65700648856 0.995398206657145 0.0 26.163
2.6569503439199997 0.9953385535482596 0.0 26.342
2.65697666172 0.9953385319118996 0.0 26.521
2.65699069788 0.995338520372508 0.0 26.704
2.65702052472 0.9953384958513016 0.0 26.885
2.65703280636 0.9953583855093864 0.0 27.069
2.65696788912 0.995477091175994 0.0 27.252
2.65690297188 0.9955749021102877 0.0 27.434
2.65697139816 0.9956743446226972 0.0 27.611
2.65897330548 0.9957522971570156 0.0 27.791
2.66015234292 0.995751327447706 0.0 27.975
2.66252971752 0.9955702751793 0.0 28.158
2.66512114356 0.9954313343354072 0.0 28.34
2.66666161212 0.9953703689888486 0.0 28.522
2.67021977868 0.9953276446148565 0.0 28.703
2.6711952917999997 0.9952870436007768 0.0 28.884
2.67527630532 0.9952239903812992 0.0 29.066
2.67608163 0.9952233283953328 0.0 29.251
2.67958891548 0.995339841683273 0.0 29.431
2.68128553632 0.995534953030184 0.0 29.612
2.68483843932 0.9954929792400696 0.0 29.794
2.68653506016 0.9953739297989675 0.0 29.98
2.68892647092 0.9952127699103196 0.0 30.161
2.69174247552 0.995092801250121 0.0 30.343
2.6937847368 0.995091122734159 0.0 30.525
2.69699901744 0.9951862352773564 0.0 30.707
2.69847456876 0.9951651233520676 0.0 30.89
2.70227135004 0.9949456008569662 0.0 31.073
2.70311351964 0.9947068670335204 0.0 31.257
2.7072594504 0.9946057073988984 0.0 31.438
2.70825250872 0.9948411912169408 0.0 31.621
2.7122071968 0.9951346833400816 0.0 31.805
2.71357747692 0.9951527097100608 0.0 31.991
2.71611626736 0.9949740213064446 0.0 32.172
2.71885507308 0.9948722769274592 0.0 32.355
2.72117630304 0.9948703695956196 0.0 32.535
2.7242502220800002 0.9947292994451852 0.0 32.717
2.72494852104 0.9944717845703848 0.0 32.898
2.72913656028 0.994348953287736 0.0 33.077
2.7302787528 0.9945072036697984 0.0 33.255
2.73450890052 0.9945634245578217 0.0 33.437
2.73552301308 0.9946023884701084 0.0 33.616
2.73923382288 0.9945794418027653 0.0 33.796
2.74090412592 0.9944586794979772 0.0 33.979
2.74359731412 0.9944564674926648 0.0 34.161
2.7461624223600003 0.9945538521437112 0.0 34.344
2.7481836293999997 0.9945521919063562 0.0 34.526
2.7514996722 0.9945494680914528 0.0 34.706
2.75275239948 0.9947257816445364 0.0 34.886
2.75662111608 0.994960634559374 0.0 35.071
2.7576141744 0.9949797166271775 0.0 35.251
2.76176536872 0.994797223073809 0.0 35.433
2.76284439852 0.9945202515707144 0.0 35.614
2.7659183175599997 0.9944381348866628 0.0 35.795
2.7680658500399997 0.9945358607697544 0.0 35.975
2.77075377468 0.994651299216986 0.0 36.154
2.77349784396 0.99480748159902 0.0 36.332
2.775255873 0.9946674986859833 0.0 36.511
2.77885614804 0.9944474068967396 0.0 36.693
2.7798825422399998 0.9944067684477084 0.0 36.869
2.78396180124 0.994403418302788 0.0 37.052
2.78488994232 0.994382758404174 0.0 37.232
2.78880603096 0.9942221026795562 0.0 37.412
2.79031667268 0.9941818133116932 0.0 37.598
2.79339234624 0.994199185479576 0.0 37.781
2.7957223488 0.9942751212262658 0.0 37.959
2.79805761492 0.9942923549180372 0.0 38.142
2.80112276136 0.9942119894250672 0.0 38.329
2.80261234884 0.9940324362287986 0.0 38.509
2.8063915849199996 0.993812950565553 0.0 38.691
2.80743903336 0.9937325017323784 0.0 38.872
2.81154987372 0.9937291280169038 0.0 39.053
2.8123727436 0.9936886582963528 0.0 39.231
2.8158010756800005 0.993586359112005 0.0 39.412
2.8178643912 0.9934471272466416 0.0 39.595
2.8208646204 0.9932862353611428 0.0 39.775
2.8232665582800003 0.9933638531174056 0.0 39.961
2.8255140984 0.9935186980609316 0.0 40.14
2.8285511725199997 0.9934582563163858 0.0 40.322
2.8301214679199997 0.9933383326412372 0.0 40.502
2.83385333196 0.993255683821528 0.0 40.685
2.8348867442400003 0.9931354551432042 0.0 40.866
2.83911513744 0.9932513676936028 0.0 41.048
2.84004503304 0.9934289295259814 0.0 41.232
2.84396463072 0.9934058171467508 0.0 41.412
2.84548755408 0.9932262439512576 0.0 41.595
2.8484842742399996 0.9932237859082584 0.0 41.777
2.85086164884 0.993301422167366 0.0 41.956
2.8529863725599998 0.9932996792491504 0.0 42.139
2.85621293484 0.9931975500919024 0.0 42.322
2.8576832226000004 0.992999120504698 0.0 42.502
2.86162738356 0.992797668290456 0.0 42.682
2.86237305456 0.9927970569289074 0.0 42.865
2.86638037824 0.9929529419304196 0.0 43.047
2.8676471416799996 0.9930695400146526 0.0 43.231
2.87154743964 0.9931451801932084 0.0 43.412
2.87326862376 0.9930062360527244 0.0 43.589
2.87612498232 0.9928852628913244 0.0 43.772
2.8786672818 0.992823490013798 0.0 43.953
2.8805902357199997 0.992762225159335 0.0 44.136
2.8838957514 0.9927794112013708 0.0 44.316
2.88533270328 0.9926993952026744 0.0 44.5
2.88929440944 0.992658096486652 0.0 44.679
2.89038045732 0.9927541988140296 0.0 44.862
2.89459305984 0.9928502244797188 0.0 45.045
2.89545628368 0.9927898292098224 0.0 45.229
2.8991337576000005 0.9929651301310448 0.0 45.409
2.9009953033199998 0.9931807160038418 0.0 45.592
2.9037411271199995 0.9933766748827696 0.0 45.775
2.9063272896 0.9936115604075216 0.0 45.955
2.90872396392 0.9935896982649948 0.0 46.144
2.91187332732 0.9935871142072062 0.0 46.326
2.91295762068 0.993388015134842 0.0 46.51
2.91705442488 0.993147649466488 0.0 46.693
2.9181352092 0.9930870766872744 0.0 46.877
2.92240921992 0.9930437808707566 0.0 47.057
2.9233724513999997 0.993004941068502 0.0 47.239
2.92730959428 0.9930206131266656 0.0 47.42
2.9289342798 0.9931776970739764 0.0 47.601
2.9321011884 0.9932944711505488 0.0 47.782
2.93436978276 0.9933324007480824 0.0 47.965
2.9367840022799996 0.9932508397988998 0.0 48.145
2.93973159588 0.9930892612977216 0.0 48.328
2.94143698932 0.9930878627585435 0.0 48.509
2.94522324348 0.9931245478240636 0.0 48.692
2.9462180563200002 0.99296631277278 0.0 48.872
2.95036223256 0.9928243962266736 0.0 49.052
2.9512342289999998 0.9930009948059968 0.0 49.233
2.9549292481199996 0.9931364829026116 0.0 49.415
2.95675043988 0.9929964715953288 0.0 49.598
2.9599524388800003 0.9927369547104768 0.0 49.774
2.96218418832 0.9925784541212492 0.0 49.958
2.96417732304 0.9925967151938864 0.0 50.137
2.96751792912 0.9925143984741032 0.0 50.317
2.9688004832400003 0.9922753577896468 0.0 50.501
2.9727972798 0.9920549834594368 0.0 50.684
2.97400263504 0.9918948396696664 0.0 50.868
2.9780976847200002 0.9918143944825714 0.0 51.048
2.97903635292 0.9918516738846058 0.0 51.23
2.98276646244 0.991947344828804 0.0 51.408
2.9845244914799998 0.9920453767021512 0.0 51.59
2.9870615274 0.9920432984245606 0.0 51.771
2.98987928652 0.9918825819457572 0.0 51.949
2.99202155544 0.9917433083401614 0.0 52.129
2.99546216916 0.9916410197816232 0.0 52.311
2.9967991134000003 0.9913638934081008 0.0 52.492
3.00084152748 0.991261113746016 0.0 52.671
3.0017556324 0.9913399418971396 0.0 52.853
3.0058699817999996 0.9914360440870512 0.0 53.033
3.0070753370400003 0.9914922525716264 0.0 53.217
3.0107422838399995 0.9915091443752772 0.0 53.399
3.0124845222 0.9916071875495172 0.0 53.577
3.0150285762 0.9915454228738212 0.0 53.757
3.0179621336399998 0.9914062510053064 0.0 53.94
3.0198535062 0.991384808886101 0.0 54.12
3.0234678174 0.9915981945479756 0.0 54.303
3.02457667404 0.991716648931717 0.0 54.487
3.02863838784 0.9918110504428423 0.0 54.668
3.02969987244 0.9918293287570744 0.0 54.849
3.0338247489600003 0.9917090759383748 0.0 55.03
3.03498799572 0.991548975038302 0.0 55.213
3.03872512332 0.9914091476396588 0.0 55.393
3.04046209812 0.9914656654147986 0.0 55.579
3.0430412425199997 0.991562275034301 0.0 55.76
3.04593093696 0.9913634621563996 0.0 55.943
3.04800127056 0.9912821941171944 0.0 56.125
3.051417321 0.9912992913486596 0.0 56.306
3.0526472395199997 0.991377857660328 0.0 56.49
3.0568142245199996 0.9914323855664936 0.0 56.672
3.05757744072 0.9913340355656776 0.0 56.853
3.0618970689599996 0.9910726354443292 0.0 57.037
3.06306207024 0.9908744919087126 0.0 57.217
3.0665693557200004 0.9908517293799513 0.0 57.397
3.0684765189600003 0.9907507040901922 0.0 57.579
3.0712679602799997 0.9906308034933567 0.0 57.758
3.07398746628 0.990490074732199 0.0 57.938
3.0755121441599997 0.9904689349236104 0.0 58.115
3.079270326 0.9905454327087392 0.0 58.296
3.08039497332 0.9906041912856588 0.0 58.474
3.0844496690399996 0.9906008748703788 0.0 58.654
3.0854725542 0.9905403600896476 0.0 58.834
3.0889517673599998 0.9903385879836856 0.0 59.016
3.09092735688 0.9902392500275476 0.0 59.193
3.09388898664 0.99015800422644 0.0 59.375
3.0964839217199995 0.9899967424783496 0.0 59.558
3.0986753171999997 0.9899750587144828 0.0 59.736
3.1018878433199997 0.9899326479411698 0.0 59.919
3.10331251356 0.9899314834834788 0.0 60.099
3.1072970284799997 0.9899282267450488 0.0 60.28
3.1082988594 0.9899274079031344 0.0 60.462
3.1123763638799997 0.9898651443270364 0.0 60.645
3.1133606496 0.989627373363872 0.0 60.825
3.1171749760800003 0.9893880368991428 0.0 61.008
3.11895405936 0.9893269070832312 0.0 61.192
3.12185428092 0.989264861713134 0.0 61.375
3.1244246527199997 0.9891434098131476 0.0 61.56
3.12651779508 0.9891225542851168 0.0 61.742
3.12985489212 0.989002217622298 0.0 61.925
3.1312655262 0.989001065747364 0.0 62.108
3.1353886482 0.9888584556947682 0.0 62.287
3.1359799214399997 0.9886995838120128 0.0 62.469
3.1400784801599997 0.9885985195604914 0.0 62.651
3.1414557783599997 0.9883992233575768 0.0 62.832
3.1453455492000004 0.9882386557486856 0.0 63.015
3.1470649787999996 0.9881775777127392 0.0 63.198
3.1499739729600003 0.9881553126900556 0.0 63.378
3.1525390812 0.9880935451000372 0.0 63.557
3.1543725545999997 0.9881517241047716 0.0 63.734
3.15793072116 0.9881289296662624 0.0 63.917
3.1592238024 0.9880483087209212 0.0 64.097
3.16324691676 0.9880450268402976 0.0 64.279
3.16432770108 0.9881436022892142 0.0 64.46
3.16862627508 0.9881400953780496 0.0 64.643
3.16960529724 0.9879421238195448 0.0 64.822
3.17301959316 0.987681498222196 0.0 65.003
3.17508290868 0.987463498425546 0.0 65.184
3.1776953889599997 0.9873420213603654 0.0 65.366
3.18051139356 0.9871813425435892 0.0 65.548
3.1824097842000003 0.9871797953029128 0.0 65.728
3.1859065425599997 0.9870593394336477 0.0 65.909
3.18687854664 0.9868215951911472 0.0 66.092
3.19096482372 0.986759338963076 0.0 66.274
3.1921298250000003 0.986658935049594 0.0 66.458
3.19633365492 0.986715183349091 0.0 66.639
3.19761094548 0.9869503469526392 0.0 66.822
3.2011568304 0.9869872393107564 0.0 67.004
3.2030710117199996 0.9868272991652384 0.0 67.185
3.20606422284 0.9866078028931956 0.0 67.367
3.2086889847599998 0.9863488263708028 0.0 67.548
3.21077861808 0.9862484173502404 0.0 67.728
3.2140525524 0.9862258609911384 0.0 67.912
3.2153508972 0.9861651321099896 0.0 68.093
3.2194915644 0.9860821988715612 0.0 68.278
3.22044075972 0.9861212071345634 0.0 68.46
3.2246410806 0.986097897123033 0.0 68.642
3.22574818272 0.985742200608094 0.0 68.823
3.22864489524 0.9854233378200344 0.0 69.005
3.2314626543599996 0.9851251769730712 0.0 69.187
3.2332943732399997 0.9848668539027594 0.0 69.372
3.237133263 0.9846655762143988 0.0 69.551
3.23763856476 0.9845458241490952 0.0 69.734
3.24042123348 0.9844863781196608 0.0 69.917
3.24291616092 0.9843848996885975 0.0 70.097
3.2450514117599996 0.984303604040976 0.0 70.278
3.2466603066000004 0.9842227363660314 0.0 70.459
3.2479586514 0.9841247174286794 0.0 70.639
3.24910435296 0.9840641165083416 0.0 70.821
3.2500360030799995 0.9841230296664256 0.0 71.004
3.2577172916399997 0.9840372294407018 0.0 71.186
3.2623755422399996 0.9838154031349484 0.0 71.366
3.2650915392 0.9834967013247236 0.0 71.546
3.2682145848 0.9832977547071854 0.0 71.726
3.26935677732 0.9832172687351132 0.0 71.906
3.2733816462 0.9830556305987752 0.0 72.088
3.2746115647200003 0.9827381390379928 0.0 72.269
3.2788645211999996 0.9824388317371948 0.0 72.449
3.2799172332000004 0.9819837509746832 0.0 72.632
3.2839649108400004 0.9817236470527984 0.0 72.816
3.2854158988799997 0.9815633556401132 0.0 72.999
3.28860737076 0.9813245831502506 0.0 73.183
3.2910233448 0.9810658048215142 0.0 73.366
3.29334106572 0.980905559123639 0.0 73.551
3.29633252232 0.9808044363152256 0.0 73.733
3.29846426412 0.980446444663654 0.0 73.916
3.3018241699199997 0.9802870980435008 0.0 74.1
3.30333656616 0.9803430554004636 0.0 74.281
3.30725616384 0.9802819563503476 0.0 74.463
3.30809306988 0.979925762146023 0.0 74.644
3.3119810862 0.9796456626664148 0.0 74.826
3.3136619163599996 0.9794471539512496 0.0 75.007
3.3164305489199997 0.9791284328834714 0.0 75.191
3.31888863144 0.9786722336944758 0.0 75.374
3.3212888148 0.978334670338427 0.0 75.554
3.32393287644 0.9780747263529412 0.0 75.734
3.3262839332399996 0.9778359032142708 0.0 75.917
3.3288244782 0.9776168168016532 0.0 76.101
3.3313632686399997 0.9773189238388992 0.0 76.28
3.33404592972 0.9771583962666256 0.0 76.46
3.3364566402 0.9769782001443246 0.0 76.643
3.3390252574800003 0.976660397797078 0.0 76.827
3.3418675798799997 0.9762230451682348 0.0 77.007
3.34441689744 0.9759045155724324 0.0 77.186
3.34683638052 0.9756663913887004 0.0 77.368
3.3494435972399996 0.9754661535186624 0.0 77.553
3.3519894057600004 0.9751874070102662 0.0 77.736
3.35446854252 0.9748895728426092 0.0 77.916
3.35695294284 0.9745313250775016 0.0 78.099
3.35961981324 0.9742532307073204 0.0 78.287
3.3620901774000003 0.9738957428613382 0.0 78.466
3.36458335032 0.9736359385923732 0.0 78.648
3.3672502207200004 0.9732981836799608 0.0 78.828
3.3696854944799997 0.9729407282160064 0.0 79.007
3.3722488482 0.97252425314168 0.0 79.187
3.3748402742400003 0.9721261536695552 0.0 79.369
3.37717203132 0.9718483375415042 0.0 79.55
3.37996698168 0.97156940520261 0.0 79.734
3.38256191676 0.971211828964114 0.0 79.918
3.38495859108 0.970870074787034 0.0 80.1
3.38765002476 0.970532311965439 0.0 80.28
3.39010459824 0.9699170581430429 0.0 80.461
3.3925784714400002 0.969382336445404 0.0 80.641
3.3952681505999998 0.968906112844474 0.0 80.821
3.3977279876399997 0.9685287672503604 0.0 81.005
3.4002773052 0.9681513516782788 0.0 81.188
3.4026511707599996 0.96763585968122 0.0 81.371
3.40525487844 0.9671788542373548 0.0 81.554
3.4078866584400003 0.9666437702282408 0.0 81.734
3.4103324593199997 0.9661868948292824 0.0 81.917
3.41275369692 0.9655933153844334 0.0 82.098
3.4153784588400002 0.9649185354523862 0.0 82.281
3.4180032207599997 0.9643049117539132 0.0 82.463
3.4205946468 0.9637293515264695 0.0 82.648
3.4231965999600003 0.9632333340715786 0.0 82.828
3.4258582067999996 0.9628160740789764 0.0 83.011
3.42844963284 0.962399866026013 0.0 83.194
3.43066910064 0.9617656947678858 0.0 83.374
3.43332018036 0.9609730817318718 0.0 83.554
3.43582563492 0.9604774004995054 0.0 83.734
3.43854689544 0.9600998774735422 0.0 83.915
3.4410172595999997 0.959505290765438 0.0 84.097
3.44338937064 0.9588123444009496 0.0 84.283
3.44584920768 0.9582172738513144 0.0 84.464
3.44848449672 0.957524124764872 0.0 84.644
3.45100749648 0.9566926061375848 0.0 84.827
3.45359365896 0.955840408717656 0.0 85.01
3.45572715528 0.955186692369696 0.0 85.194
3.45827822736 0.9547106343355763 0.0 85.375
3.4607485915200003 0.9540574029677062 0.0 85.557
3.4623118688399996 0.953245795881374 0.0 85.737
3.465966534 0.9525511197971148 0.0 85.92
3.46741752204 0.951640919883998 0.0 86.1
3.4714283547599996 0.9507495940196212 0.0 86.284
3.4724196585600002 0.949918560473572 0.0 86.465
3.4765620802800004 0.949244150095035 0.0 86.651
3.47757443832 0.9482547603374628 0.0 86.831
3.48185722164 0.9471253517500884 0.0 87.015
3.4832117110799996 0.9459385790947004 0.0 87.195
3.48606806964 0.9448699547599584 0.0 87.377
3.4885296612000003 0.9439209595785572 0.0 87.558
3.49098774372 0.9428906867262083 0.0 87.738
3.49400025456 0.941782183031298 0.0 87.92
3.4956196765199996 0.9406747664843867 0.0 88.097
3.49941996684 0.9397438891505814 0.0 88.281
3.5001796739999995 0.9386371463419472 0.0 88.46
3.5043835039199998 0.9376463090620658 0.0 88.641
3.50570114844 0.9364397117331936 0.0 88.823
3.50915930736 0.9350532385871836 0.0 89.003
3.51099804432 0.9338288471720216 0.0 89.186
3.5131982124 0.9325818098546428 0.0 89.366
3.51639319332 0.9313936692661806 0.0 89.548
3.51867056028 0.9299502123294788 0.0 89.73
3.52192870392 0.9284073271428676 0.0 89.91
3.52349022672 0.9267466836201568 0.0 90.088
3.52738526112 0.9251429247465144 0.0 90.27
3.5283625287600002 0.9236415732219682 0.0 90.459
3.532550568 0.9224129442482628 0.0 90.639
3.5336120526 0.920812110526086 0.0 90.822
3.5376123582 0.919169527942447 0.0 91.01
3.5391229999199996 0.9173702566159564 0.0 91.192
3.54197409492 0.9155321949027464 0.0 91.371
3.54446902236 0.9137321922776092 0.0 91.555
3.54660076416 0.9118141538175608 0.0 91.733
3.5498203083599997 0.909954214759305 0.0 91.919
3.5510765446799994 0.9079391621603684 0.0 92.1
3.55505930508 0.9061977309777202 0.0 92.28
3.55605587244 0.9041821390836045 0.0 92.462
3.5603421647999998 0.9022433920696896 0.0 92.639
3.56134750476 0.8999707933361663 0.0 92.82
3.5651793764399997 0.8977557586721 0.0 93.002
3.5667830077200002 0.895600299504001 0.0 93.182
3.56967094764 0.8934456389069703 0.0 93.364
3.572290446 0.8913302098214152 0.0 93.545
3.5743046349600003 0.888937594144967 0.0 93.728
3.57774173964 0.8865655698114532 0.0 93.908
3.578957622 0.8839573102102727 0.0 94.091
3.5829088010400003 0.8817223870116194 0.0 94.271
3.58392642264 0.8793312771975692 0.0 94.452
3.5879933999999998 0.8770764099587113 0.0 94.634
3.5892303366 0.8744475366417628 0.0 94.816
3.5927393766 0.8719768545864783 0.0 95.001
3.59465882148 0.8694665646531667 0.0 95.187
3.5975800972800003 0.8668365085478947 0.0 95.367
3.60012239676 0.8643069024201798 0.0 95.548
3.60169269216 0.8616785770413492 0.0 95.731
3.6053333211600003 0.8592458925604297 0.0 95.909
3.60675448236 0.8565789163735507 0.0 96.087
3.61067408004 0.8539688437442505 0.0 96.27
3.61167240192 0.8511237230015198 0.0 96.45
3.61572885216 0.848592373165389 0.0 96.632
3.61690087152 0.8460034024083909 0.0 96.813
3.6202870951199997 0.8437101602244597 0.0 96.995
3.6223837465199997 0.8415562680348359 0.0 97.175
3.62489271012 0.8393615842996045 0.0 97.358
3.6277859136 0.8371266280026919 0.0 97.539
3.6296825497199996 0.834814822309518 0.0 97.723
3.6331336905600002 0.8327775939304864 0.0 97.906
3.6344320353599997 0.8305049885290848 0.0 98.088
3.63841655028 0.8285469502746969 0.0 98.268
3.6393832908 0.8265514648753663 0.0 98.449
3.6434274594 0.824889174911439 0.0 98.628
3.6447679126800003 0.823229727139842 0.0 98.808
3.6481664179199997 0.8216864486662743 0.0 98.988
3.65015779812 0.8203809928098861 0.0 99.17
3.6528036142799998 0.8191347490663548 0.0 99.351
3.65557926492 0.8180268609932042 0.0 99.532
3.6571846507199997 0.8171369923551809 0.0 99.714
3.66094458708 0.8166604893671238 0.0 99.898
3.6621148519199997 0.8161459671990343 0.0 100.079
3.66608182164 0.815906436822828 0.0 100.259
3.6671362881599996 0.8159653762947633 0.0 100.44
3.67114361184 0.8161398859037496 0.0 100.618
3.6725963544000004 0.8165142004933796 0.0 100.8
3.6755544751199998 0.8170067974921764 0.0 100.981
3.6778757050800004 0.8177153036751303 0.0 101.163
3.6803250149999998 0.8186232957444993 0.0 101.344
3.6831497922 0.8196478422596971 0.0 101.53
3.68490782124 0.8208520523515769 0.0 101.71
3.6885361686 0.8222321956867091 0.0 101.887
3.6894572916 0.8238704104381592 0.0 102.066
3.6936804212400003 0.8253885679904994 0.0 102.247
3.69469277928 0.827244426837733 0.0 102.428
3.6984088526399996 0.8290586673345509 0.0 102.609
3.70013530032 0.8310720930758686 0.0 102.793
3.7030583306400002 0.8332042344117923 0.0 102.972
3.70538131512 0.8353748044671159 0.0 103.152
3.7075516563599997 0.8379406364540076 0.0 103.334
3.7107992728799997 0.8403881570363381 0.0 103.515
3.7123099146 0.8431721400438809 0.0 103.698
3.7161224865599998 0.8457765619360135 0.0 103.881
3.71692956576 0.8486589392509294 0.0 104.061
3.72099303408 0.8513426868264979 0.0 104.245
3.7223598051600004 0.8539289056786674 0.0 104.428
3.72599341608 0.8564747461333696 0.0 104.608
3.72775319964 0.8591392044842036 0.0 104.786
3.73039199772 0.8617841419256196 0.0 104.967
3.73309922208 0.8647066226317459 0.0 105.147
3.7351011294 0.8677652902831886 0.0 105.334
3.7384347173999997 0.8706666686441464 0.0 105.517
3.7399102687199997 0.8737473141426629 0.0 105.702
3.74372985876 0.8765486548703815 0.0 105.883
3.7449667953600003 0.879530043508233 0.0 106.065
3.74908991736 0.8821937002197252 0.0 106.246
3.75008823924 0.8850368171398854 0.0 106.429
3.75391133832 0.8877197998158792 0.0 106.609
3.7553833806 0.8905039016603059 0.0 106.789
3.75807130524 0.893149419849761 0.0 106.97
3.76061535924 0.8955763346989374 0.0 107.152
3.76279798212 0.8981220512150749 0.0 107.334
3.76595260908 0.9006481486580841 0.0 107.518
3.7672632355199998 0.9035108594899404 0.0 107.701
3.77105650776 0.9058590140596148 0.0 107.886
3.7722530904 0.9081874789777372 0.0 108.066
3.77636919432 0.9104948583709954 0.0 108.247
3.7775236684799998 0.9127853171308384 0.0 108.425
3.7809958635600003 0.9148180496489036 0.0 108.607
3.7829433807600004 0.9169488452418088 0.0 108.788
3.7857488582400003 0.9191187457282513 0.0 108.967
3.78825782184 0.9211720596648446 0.0 109.151
3.7905632611199995 0.9232237805527134 0.0 109.331
3.7936564798799997 0.9251367185610784 0.0 109.511
3.7949969331599998 0.9272299172765792 0.0 109.691
3.79884108648 0.9290436028150736 0.0 109.873
3.79989204396 0.9308211514942304 0.0 110.057
3.80392568544 0.9323580791589896 0.0 110.237
3.8050503327599996 0.9340950533620156 0.0 110.418
3.80838216624 0.935751790524389 0.0 110.6
3.8104314456 0.9374095106753684 0.0 110.781
3.8132404321199997 0.9391643008005532 0.0 110.96
3.81575290476 0.9407826330081216 0.0 111.141
3.81706528572 0.9424597943125104 0.0 111.323
3.82086031248 0.9438392932265508 0.0 111.504
3.82237270872 0.9452396989816207 0.0 111.686
3.82615896288 0.9463634763347932 0.0 111.866
3.82729764636 0.9476257468362858 0.0 112.048
3.8312225075999997 0.948887572950208 0.0 112.229
3.8325208524 0.9504066654784432 0.0 112.413
3.83598076584 0.9517466243129729 0.0 112.592
3.8377949395199997 0.9529106860289696 0.0 112.774
3.84033899352 0.9539946483511494 0.0 112.951
3.84311464416 0.9550187827655452 0.0 113.131
3.8448832003199995 0.9560660722545198 0.0 113.313
3.8484343488 0.9569703044848455 0.0 113.494
3.8497695385200004 0.9579376629253112 0.0 113.676
3.8534961389999998 0.9589617733656596 0.0 113.857
3.85457341428 0.9600071107187856 0.0 114.041
3.85819298904 0.9609130094186408 0.0 114.222
3.8599650542400004 0.9618193749721368 0.0 114.4
3.86308634532 0.96278529991477 0.0 114.582
3.8652408958800004 0.9637509946720584 0.0 114.763
3.86772003264 0.9645782624814776 0.0 114.945
3.8705851638 0.9652285374498212 0.0 115.126
3.8722659939599997 0.965976915741252 0.0 115.307
3.8758259150399996 0.9666457650505746 0.0 115.489
3.87692599908 0.9673357080276732 0.0 115.667
3.8809122685199995 0.96796469941255 0.0 115.851
3.88189479972 0.9687342508246832 0.0 116.032
3.88572491688 0.9695601677717034 0.0 116.213
3.8872881942000004 0.9704495211648144 0.0 116.395
3.89033754996 0.971258660172456 0.0 116.577
3.8925429815999997 0.97198845714302 0.0 116.757
3.89473964064 0.9726775056625692 0.0 116.938
3.89786093172 0.9732679031171524 0.0 117.121
3.8994136819199996 0.9737994228848244 0.0 117.301
3.9030964194 0.9743687390080088 0.0 117.483
3.90418948536 0.9750792898466384 0.0 117.664
3.90823365396 0.975589665204773 0.0 117.847
3.9092196942000004 0.9760031041861188 0.0 118.031
3.9129392766 0.9763753274055128 0.0 118.213
3.91453764432 0.9768685325270406 0.0 118.394
3.91771332552 0.9774176166375298 0.0 118.577
3.91989068484 0.9779501093027532 0.0 118.76
3.9223294676400005 0.9784615160651596 0.0 118.941
3.92524547988 0.9788932680443624 0.0 119.124
3.9267192766799996 0.9793070498719848 0.0 119.304
3.9303511330800003 0.9795202977046076 0.0 119.487
3.93165474144 0.9796981535648974 0.0 119.667
3.9354602953200004 0.9800106527399608 0.0 119.85
3.93653932512 0.9804048703197472 0.0 120.031
3.94039926912 0.9807960912869756 0.0 120.212
3.9418537662 0.9812893958894446 0.0 120.393
3.9446329258799997 0.9817011178650504 0.0 120.574
3.9471787343999996 0.9819169746275 0.0 120.755
3.94945434684 0.9822307027372864 0.0 120.937
3.95239316784 0.9824859959245036 0.0 121.115
3.953942409 0.9829185874694524 0.0 121.295
3.95757952896 0.9832312074275962 0.0 121.475
3.95851995168 0.9835470078104124 0.0 121.654
3.962407968 0.9839180620844388 0.0 121.834
3.9637414032 0.9841348954568134 0.0 122.016
3.96725570676 0.9843879742660956 0.0 122.201
3.96893302788 0.984585394108464 0.0 122.384
3.97184202204 0.984740316973513 0.0 122.568
3.97425448704 0.9849754035673324 0.0 122.752
3.97615814124 0.9853490555934896 0.0 122.931
3.97949172924 0.9856427767561028 0.0 123.114
3.9809269266 0.9859969292043892 0.0 123.298
3.98466229968 0.9862696970948578 0.0 123.48
3.9855185054399995 0.9864869123225424 0.0 123.665
3.9893731858800003 0.9866410586775358 0.0 123.845
3.99074522052 0.9869164924813766 0.0 124.023
3.9943226868 0.9873682841309188 0.0 124.204
3.9961298424 0.987781014974945 0.0 124.386
3.9987774130799996 0.9880149052689092 0.0 124.567
4.0012179504 0.988012915829072 0.0 124.749
4.003242666479999 0.9882100418835008 0.0 124.929
4.006534146 0.9885825479402852 0.0 125.11
4.00790968968 0.988896982526636 0.0 125.291
4.01167313508 0.9890720642081844 0.0 125.472
4.01275918296 0.9891489486664156 0.0 125.655
4.01681387868 0.9893642914001746 0.0 125.836
4.01789817204 0.9895596957729236 0.0 126.019
4.02131773152 0.9895569039567476 0.0 126.203
4.02312664164 0.989595181775334 0.0 126.383
4.025702277 0.989771974450542 0.0 126.565
4.02838493808 0.98996607154718 0.0 126.746
4.03032017364 0.9901235086018796 0.0 126.93
4.03362568932 0.990218454904131 0.0 127.11
4.03452575808 0.9901988363011728 0.0 127.291
4.03845237384 0.9902145117073672 0.0 127.473
4.03960333896 0.990451350707524 0.0 127.654
4.0434580194 0.9907239941474978 0.0 127.836
4.04478619104 0.9908819243092144 0.0 128.016
4.04807942508 0.9908991090124964 0.0 128.197
4.05015326772 0.9910539440781492 0.0 128.378
4.05282540168 0.9913481726096378 0.0 128.558
4.05533261076 0.9915640214190836 0.0 128.738
4.0570994124 0.9917596045537704 0.0 128.924
4.06056634392 0.9918156526218757 0.0 129.109
4.06201557744 0.9917168225395752 0.0 129.291
4.0656526974 0.9915754557074056 0.0 129.472
4.0666720735199995 0.991574621798462 0.0 129.65
4.07071273308 0.991630945956031 0.0 129.831
4.0718479075200005 0.9915306346319696 0.0 130.011
4.07480076468 0.9913692073160938 0.0 130.19
4.0770307595999995 0.991112219615248 0.0 130.373
4.07968359384 0.9905957486560824 0.0 130.554
4.08233291904 0.9897846158529912 0.0 130.736
4.0834400211599995 0.9888544930546384 0.0 130.917
4.0871929394399995 0.9890501941841274 0.0 131.1
4.0886369094 0.9902125220735004 0.0 131.28
4.0925810703600005 0.9913355344979236 0.0 131.461
4.09344780324 0.9922235390449038 0.0 131.643
4.0974498633600005 0.99291170316537 0.0 131.822
4.0986832909199995 0.9934433719599036 0.0 132.005
4.1018747628000005 0.9938556685407038 0.0 132.186
4.10372051784 0.9940909280873216 0.0 132.369
4.10632948908 0.9942868027247004 0.0 132.549
4.10904022248 0.9945802334755952 0.0 132.732
4.1107438614000005 0.9946764759354382 0.0 132.915
4.114163420880001 0.9946736698983843 0.0 133.098
4.1155108922400006 0.9946924400003 0.0 133.279
4.1193024099599995 0.9948682104473692 0.0 133.461
4.12019019708 0.9951830090958788 0.0 133.643
4.12381854444 0.9952794086146812 0.0 133.824
4.12538006724 0.9953775047370216 0.0 134.006
4.128697864559999 0.9954517982499788 0.0 134.187
4.1305523922 0.9955496531123208 0.0 134.369
4.13323505328 0.9956858331789208 0.0 134.546
4.1359036782 0.995781279445567 0.0 134.732
4.13757222672 0.9957028913985824 0.0 134.913
4.140912832800001 0.9956802719862964 0.0 135.093
4.14205151628 0.9957382174813546 0.0 135.273
4.1459219874 0.9957730496622144 0.0 135.452
4.14691153668 0.9958716132634944 0.0 135.634
4.150624101 0.99602756510867 0.0 135.815
4.152122461079999 0.9961637213436708 0.0 135.998
4.15503847332 0.9962202051841714 0.0 136.179
4.157205305520001 0.9962979249306628 0.0 136.358
4.15936687416 0.996395523818133 0.0 136.538
4.16236534884 0.99670857547402 0.0 136.717
4.16406723324 0.99680655121556 0.0 136.899
4.1675236376400004 0.9965460798435374 0.0 137.084
4.16836580724 0.9962887522786568 0.0 137.266
4.17210118032 0.9963453069191484 0.0 137.447
4.1734591788 0.9964825694740628 0.0 137.627
4.1770910352 0.9966169685406332 0.0 137.809
4.17861395856 0.9966355912589664 0.0 137.995
4.18164576912 0.9966529733684422 0.0 138.176
4.18388804568 0.99675050329312 0.0 138.357
4.18596364284 0.9969053095589956 0.0 138.539
4.18897264464 0.996844950246178 0.0 138.72
4.1904692502000005 0.9967053427746628 0.0 138.903
4.19402390772 0.99674216916956 0.0 139.083
4.19499942084 0.9968787496078098 0.0 139.263
4.198869891959999 0.9970735659060256 0.0 139.445
4.20003840228 0.9971322280788214 0.0 139.626
4.20354393324 0.997029972764931 0.0 139.805
4.205233536 0.99698883444638 0.0 139.985
4.20777232644 0.9971457408631814 0.0 140.167
4.21035147084 0.997359751911636 0.0 140.344
4.2122428434 0.9973581958199726 0.0 140.524
4.21539571584 0.9972182216369684 0.0 140.707
4.216804595399999 0.997197933806242 0.0 140.887
4.220471542199999 0.9972719295048852 0.0 141.07
4.22124704004 0.9973706619288094 0.0 141.25
4.22522102784 0.99744688845432 0.0 141.43
4.22638778364 0.9975445531482852 0.0 141.612
4.2298319064 0.9976592237297038 0.0 141.794
4.231556599559999 0.9978167956379784 0.0 141.976
4.23421118832 0.9977947367977616 0.0 142.16
4.23682191408 0.9977528403332724 0.0 142.342
4.23851502588 0.9976520778641538 0.0 142.523
4.24166438928 0.9976494860873372 0.0 142.704
4.24297501572 0.9977477761162856 0.0 142.885
4.2467419701599995 0.9978830461642046 0.0 143.069
4.2476613386399995 0.9979997923213326 0.0 143.253
4.25158444536 0.99801643627216 0.0 143.433
4.2526915474800004 0.9980552719799248 0.0 143.615
4.25587951032 0.9979930268776794 0.0 143.794
4.25775860124 0.9979318595289663 0.0 143.974
4.26036406344 0.99804895540855 0.0 144.155
4.26300461604 0.9981660218927082 0.0 144.338
4.26480124452 0.998085049163653 0.0 144.523
4.26805237008 0.997963132675002 0.0 144.703
4.2691594722 0.9979224747341576 0.0 144.884
4.27308257892 0.997998738324416 0.0 145.066
4.27388965812 0.9981173132127296 0.0 145.249
4.27773732048 0.998271391700408 0.0 145.429
4.2790479469200005 0.9985080448023488 0.0 145.61
4.28158673736 0.9985258268631374 0.0 145.792
4.28409921 0.9984243922411424 0.0 145.973
4.28636429532 0.9984225268090322 0.0 146.151
4.289187318 0.9983605829997876 0.0 146.331
4.29051373512 0.9982601259782458 0.0 146.51
4.2941964726 0.9982968393081176 0.0 146.689
4.29542814564 0.9983753165367908 0.0 146.872
4.29920036364 0.9983722100771184 0.0 147.055
4.30012499568 0.9983714486362324 0.0 147.236
4.30371825264 0.9983883623012116 0.0 147.42
4.30526047572 0.9986248194362374 0.0 147.604
4.308381766799999 0.9989575993587186 0.0 147.786
4.3102573486799995 0.9989948055178876 0.0 147.966
4.3124031266400005 0.998974158416436 0.0 148.146
4.31530510272 0.998932767356196 0.0 148.326
4.31663853792 0.998772688548314 0.0 148.508
4.32026513076 0.9986504661474352 0.0 148.689
4.32126169812 0.9987092625679964 0.0 148.869
4.32513567828 0.9987656884319174 0.0 149.052
4.3262252352 0.998764790839948 0.0 149.235
4.32920967372 0.9988616937671712 0.0 149.415
4.33115368188 0.998860092119092 0.0 149.595
4.33434515376 0.9986984849184866 0.0 149.777
4.336383906 0.9984210788503352 0.0 149.96
4.33839634044 0.9980642067523728 0.0 150.141
4.34137025184 0.9979822701195254 0.0 150.323
4.3429282655999994 0.9981590911767236 0.0 150.501
4.3463144892 0.9983135407189884 0.0 150.685
4.34731982916 0.9982530968617156 0.0 150.866
4.35118152768 0.9982499172395708 0.0 151.047
4.35213774108 0.9983882334473796 0.0 151.226
4.3557011712 0.9985045302686416 0.0 151.409
4.35725918496 0.9985819893229628 0.0 151.584
4.36006466244 0.9985796786216308 0.0 151.769
4.362350802 0.9986356721905024 0.0 151.951
4.36395267876 0.9986343527552528 0.0 152.131
4.36730205744 0.9985925957680488 0.0 152.313
4.36847232228 0.9985916318884548 0.0 152.493
4.3721936592 0.9987269228901444 0.0 152.676
4.37304109236 0.9988255827654192 0.0 152.853
4.37632204476 0.9988824944289896 0.0 153.037
4.377895849200001 0.9987818402604268 0.0 153.219
4.38147156096 0.9986795373690796 0.0 153.4
4.38302606568 0.9986981283431832 0.0 153.581
4.3858350522 0.9987554286716798 0.0 153.763
4.38811066464 0.9987138114204654 0.0 153.945
4.38998975556 0.9987520061850996 0.0 154.126
4.39297243956 0.998689935388976 0.0 154.306
4.39444799088 0.9987085912089122 0.0 154.488
4.3979500128 0.9988838019940957 0.0 154.667
4.3988272728 0.9988632080860292 0.0 154.852
4.40268370776 0.9987018073278194 0.0 155.036
4.40384169096 0.9985816269783192 0.0 155.218
4.40717176992 0.9985987553324572 0.0 155.398
4.40887540884 0.9985973521815272 0.0 155.582
4.41106329528 0.9985376760105688 0.0 155.766
4.41375648348 0.9985933320531164 0.0 155.944
4.41598823292 0.9986908483895112 0.0 156.128
4.41887617284 0.9987480821403136 0.0 156.317
4.42050963096 0.9988850871297348 0.0 156.5
4.42382567376 0.9989998410741726 0.0 156.68
4.4247959233200005 0.9990189123882846 0.0 156.867
4.4285997226800005 0.999035648915336 0.0 157.047
4.42958751744 0.99903483500587 0.0 157.23
4.4332369190400005 0.9990516986370028 0.0 157.41
4.43453877288 0.999208845447896 0.0 157.591
4.4371898526 0.9993241452406728 0.0 157.773
4.43952862776 0.999224603797197 0.0 157.959
4.44175335912 0.9991440336537843 0.0 158.14
4.4444886558 0.9990821683889438 0.0 158.323
4.44585191784 0.999081045069904 0.0 158.503
4.449278495400001 0.9989788699024575 0.0 158.683
4.450373315879999 0.9987221374750432 0.0 158.865
4.45415957004 0.9986991485117122 0.0 159.046
4.45512455604 0.9989939235658664 0.0 159.229
4.45873886724 0.9991101668026866 0.0 159.409
4.46017581912 0.9990692424212674 0.0 159.591
4.46274092736 0.998967778247662 0.0 159.772
4.4651218109999995 0.9989658166708488 0.0 159.952
4.46708160984 0.998984072074157 0.0 160.134
4.4700221853599995 0.9990809993465904 0.0 160.311
4.4714205378 0.9991593270483156 0.0 160.49
4.47497870436 0.9990570453910756 0.0 160.678
4.47569103948 0.9988982443234056 0.0 160.86
4.47964397304 0.99875763753542 0.0 161.041
4.480631767799999 0.99859786527552 0.0 161.223
4.48404080016 0.9986347972462262 0.0 161.402
4.48555845996 0.9987726355249866 0.0 161.584
4.488153395039999 0.9989468416677828 0.0 161.763
4.49052375156 0.9992024493694134 0.0 161.944
4.4922203724 0.999338400112326 0.0 162.127
4.4954135988 0.9992172959517324 0.0 162.306
4.49661193596 0.9990193513790928 0.0 162.483
4.500273619200001 0.9989368564829598 0.0 162.665
4.50105262608 0.998857481847833 0.0 162.846
4.504817826 0.998736902190942 0.0 163.028
4.50591089196 0.9989123429004256 0.0 163.209
4.5087391782 0.9991278308506392 0.0 163.39
4.51076213976 0.9992237720532284 0.0 163.571
4.51313600532 0.99920194654103 0.0 163.75
4.5156344418 0.999299233981422 0.0 163.931
4.517169646799999 0.9994370533757232 0.0 164.111
4.52055762492 0.9993945225399524 0.0 164.291
4.52154892872 0.9989590677223216 0.0 164.473
4.52524219332 0.9987200795628376 0.0 164.652
4.52624402424 0.999014806964251 0.0 164.829
4.5297495551999996 0.9992081254117694 0.0 165.012
4.5310742178000005 0.9990903034635714 0.0 165.191
4.53378670572 0.999028461668954 0.0 165.372
4.53607986336 0.9991450407865576 0.0 165.552
4.5378010474799995 0.9992014907013133 0.0 165.734
4.54086970296 0.999238699723994 0.0 165.915
4.5422856006 0.9991588027597064 0.0 166.098
4.54569287844 0.9990782586761718 0.0 166.282
4.54662452856 0.9992148337693052 0.0 166.465
4.55044236408 0.9992705487231582 0.0 166.645
4.55135295996 0.9991513313916682 0.0 166.831
4.5548567364 0.9991104456455112 0.0 167.015
4.55629895184 0.9990893887574898 0.0 167.195
4.55891494116 0.9989878906665384 0.0 167.375
4.56101861064 0.9990258946031216 0.0 167.551
4.563150352439999 0.9992012161073004 0.0 167.732
4.566043555919999 0.9993769028542746 0.0 167.914
4.5672436476 0.9993759137938498 0.0 168.098
4.57067724324 0.999273742238312 0.0 168.282
4.5716387202 0.9992729499178444 0.0 168.464
4.57547936448 0.9992697849860274 0.0 168.648
4.57640926008 0.999229282182736 0.0 168.83
4.57985513736 0.9991668380964084 0.0 169.011
4.58127278952 0.9992650108782928 0.0 169.191
4.58364490056 0.9994021331078088 0.0 169.369
4.58624685372 0.9994993291561054 0.0 169.548
4.58795049264 0.999614649846085 0.0 169.733
4.59088931364 0.9998109074734082 0.0 169.913
4.59168586572 0.9999071072525936 0.0 170.093
4.59552124644 0.999903944704778 0.0 170.274
4.59645816012 0.9998055709561549 0.0 170.456
4.60029529536 0.9995654829975544 0.0 170.643
4.60135853448 0.9993279308420632 0.0 170.821
4.6045587789599995 0.9992458223748324 0.0 171.005
4.60614837408 0.9992643802871722 0.0 171.186
4.6090012236 0.999143568146921 0.0 171.368
4.61097856764 0.9990443389199322 0.0 171.548
4.61274887832 0.9991404803390987 0.0 171.729
4.61583332448 0.9993954728920268 0.0 171.912
4.61717553228 0.9993347639637714 0.0 172.095
4.62065649996 0.9992325576972012 0.0 172.274
4.621581132 0.9992516633190658 0.0 172.456
4.6253182596 0.999367788617719 0.0 172.638
4.62623236452 0.9995242364225084 0.0 172.818
4.629081705 0.9995608776613278 0.0 172.998
4.63098009564 0.9995394455262916 0.0 173.181
4.6335364312800005 0.9996565424106644 0.0 173.363
4.6357751988 0.9997540333311524 0.0 173.544
4.63695774528 0.9996537220940116 0.0 173.726
4.64037730476 0.9995316999857924 0.0 173.91
4.6417932024 0.9995106657732422 0.0 174.091
4.6453250511599995 0.999469758901488 0.0 174.273
4.6461935385599995 0.9994499210172588 0.0 174.454
4.64991487548 0.9995039718239056 0.0 174.633
4.650925479 0.999465143175848 0.0 174.816
4.65405905172 0.9993242367042422 0.0 174.997
4.65559776576 0.999164033049145 0.0 175.176
4.65799093104 0.9989857423613387 0.0 175.356
4.66047357684 0.9989638303570826 0.0 175.534
4.66200000924 0.9990221735240478 0.0 175.716
4.6651634088 0.9990195675313108 0.0 175.897
4.66628103804 0.9989590464833954 0.0 176.077
4.66979007804 0.9989561559474824 0.0 176.256
4.670619965999999 0.9988362720570948 0.0 176.436
4.67375704776 0.9988535549061612 0.0 176.617
4.67534313384 0.998951581708582 0.0 176.797
4.6781907198 0.9990666972828336 0.0 176.978
4.68025929888 0.9991834474807904 0.0 177.16
4.68244718532 0.9992015113653778 0.0 177.346
4.6849403582399995 0.9992789230824816 0.0 177.525
4.68635450136 0.9992976242951712 0.0 177.706
4.6896635260799995 0.99929489764064 0.0 177.886
4.69050569568 0.9992942036906426 0.0 178.067
4.69412527044 0.999311087490814 0.0 178.245
4.69512359232 0.9993499974849336 0.0 178.425
4.69541659716 0.999605534742366 0.0 178.607
4.69557625848 0.9998611818135288 0.0 178.788
4.69572539268 0.9997634656476608 0.0 178.967
4.69559204916 0.9996053901251152 0.0 179.15
4.69586049072 0.999525703660673 0.0 179.328
4.69580960964 0.9994860129945872 0.0 179.511
4.69584294552 0.9994281249209196 0.0 179.691
4.69590786276 0.999466065719375 0.0 179.874
4.695828909359999 0.999525729689694 0.0 180.054
4.695802591560001 0.9998021412929404 0.0 180.236
4.69587452688 1.0 0.0 180.417
4.69589733564 0.9998219294837136 0.0 180.597
4.6958411909999995 0.9995654521679936 0.0 180.779
4.6959201444 0.9994089399877992 0.0 180.96
4.69585171812 0.9993493974768948 0.0 181.142
4.6959025992 0.999389088147334 0.0 181.323
4.69588680852 0.9991315842514852 0.0 181.505
4.6959464622 0.9989942093157096 0.0 181.685
4.69587452688 0.999032262870879 0.0 181.863
4.69597102548 0.9991109035837348 0.0 182.045
4.69582013676 0.9991507604943918 0.0 182.228
4.69597628904 0.9991704981417714 0.0 182.407
4.69601137944 0.9991108703382372 0.0 182.588
4.69594119864 0.9992301259487558 0.0 182.774
4.6959043537200005 0.9994866798968536 0.0 182.958
4.69594997124 0.9996845603003184 0.0 183.139
4.6959236534399995 0.9997044482936126 0.0 183.321
4.69594119864 0.9996647012330406 0.0 183.502
4.69591838988 0.9995852548380556 0.0 183.684
4.69591488084 0.9996051240294824 0.0 183.866
4.69598506164 0.9997242639705743 0.0 184.048
4.69589733564 0.9998020631842848 0.0 184.228
4.69593242604 0.9997243073608906 0.0 184.407
4.6959043537200005 0.9996448653051392 0.0 184.587
4.6959464622 0.9995256328039 0.0 184.767
4.695927162479999 0.9994280555169784 0.0 184.949
4.69591312632 0.9994280670843014 0.0 185.128
4.69597278 0.9994088966111704 0.0 185.309
4.69601313396 0.9994088633557572 0.0 185.489
4.69596927096 0.9994088995029452 0.0 185.672
4.6959376896 0.9995057737354148 0.0 185.855
4.69587452688 0.9995256920922196 0.0 186.032
4.69587803592 0.9994660903008716 0.0 186.214
4.69582013676 0.9994082774171288 0.0 186.398
4.69558152204 0.9992900212165896 0.0 186.578
4.6954639692 0.9992702517730468 0.0 186.76
4.69548853248 0.9994671562928896 0.0 186.941
4.69538677032 0.999565826711718 0.0 187.125
4.69544291496 0.9997048445841392 0.0 187.309
4.69553765904 0.999625301261779 0.0 187.494
4.69553415 0.9995259726272904 0.0 187.681
4.69554467712 0.9995259639509456 0.0 187.862
4.695402561 0.9994672271455438 0.0 188.043
4.69546747824 0.9994473073380888 0.0 188.222
4.6954201062 0.999466467699296 0.0 188.409
4.69549730508 0.9994092884468556 0.0 188.591
4.695356943479999 0.999428525439686 0.0 188.773
4.69541484264 0.9995062046518756 0.0 188.952
4.69545695112 0.9994284430224406 0.0 189.132
4.69552186836 0.999349669287676 0.0 189.312
4.6954481785199995 0.999290131091022 0.0 189.494
4.69540607004 0.999349764710645 0.0 189.673
4.69536571608 0.9994473912028332 0.0 189.853
4.69540782456 0.9994664778210964 0.0 190.033
4.69549730508 0.9994671490630272 0.0 190.215
4.6954815144 0.9995856149277378 0.0 190.398
