X_channel Y_channel II_channel timestamp
4.69462004508 0.972695055324823 0.0 0.54
4.69462355412 0.9734234500779522 0.0 0.72
4.6947182982 0.9741730125215232 0.0 0.903
4.69470426204 0.9748582557006764 0.0 1.085
4.69465689 0.9753782089350772 0.0 1.265
4.6946077634400005 0.9757516304803192 0.0 1.446
4.69465338096 0.975938807779635 0.0 1.625
4.6946042544 0.9763130137626383 0.0 1.809
4.69455512784 0.9767902967327172 0.0 1.995
4.69224617952 0.9771318010219708 0.0 2.18
4.6918672032 0.9773966898675652 0.0 2.36
4.68887223756 0.9775838038270652 0.0 2.539
4.68782654364 0.977713690697396 0.0 2.719
4.685708838 0.9778922510510644 0.0 2.898
4.68362622276 0.9782159484008252 0.0 3.078
4.6820559273599995 0.978837999249586 0.0 3.258
4.67944169256 0.979487357596822 0.0 3.441
4.678822347 0.9798735448847068 0.0 3.621
4.67548349544 0.9802002813510976 0.0 3.802
4.6747079976 0.9805633042087832 0.0 3.984
4.67136037344 0.9809317085069028 0.0 4.165
4.67047609536 0.98127223705417 0.0 4.35
4.66771974444 0.981545148336282 0.0 4.532
4.66617927588 0.9816906697336252 0.0 4.71
4.664163332399999 0.9816411577970638 0.0 4.89
4.66189298352 0.9818364609392574 0.0 5.072
4.66054551216 0.9823578470673242 0.0 5.253
4.65768739908 0.9828156657904712 0.0 5.432
4.6567136404800005 0.9831349600676906 0.0 5.616
4.65352567764 0.9833597776253492 0.0 5.799
4.65286597812 0.9835987943696975 0.0 5.979
4.649565726 0.9836983174451605 0.0 6.159
4.64847616908 0.9838901614530138 0.0 6.346
4.64593211508 0.98420694473232 0.0 6.527
4.64422145808 0.9845773837743445 0.0 6.708
4.64208971628 0.9848181628756718 0.0 6.89
4.6397965586400005 0.9848882819857548 0.0 7.073
4.6383718884 0.9852010489169836 0.0 7.255
4.63558921968 0.9854942143615316 0.0 7.436
4.6347698588399995 0.9856681419329734 0.0 7.616
4.63143802536 0.9858708585313062 0.0 7.798
4.63068533628 0.9863583271712196 0.0 7.978
4.62738683868 0.98676873540909 0.0 8.159
4.62622885548 0.9871677984096892 0.0 8.341
4.6236023390400005 0.9873796891537704 0.0 8.522
4.62186360972 0.9874157944123978 0.0 8.701
4.62011435328 0.987370733339608 0.0 8.884
4.61750889108 0.987500057204356 0.0 9.065
4.616229846 0.9876691901059452 0.0 9.248
4.61319803544 0.9877286557096786 0.0 9.428
4.61234533872 0.9878001152436022 0.0 9.609
4.60891174308 0.9877929604717378 0.0 9.787
4.60819238988 0.9879081230352916 0.0 9.971
4.6051675973999995 0.9881550094879996 0.0 10.15
4.60379380824 0.9884672337830528 0.0 10.332
4.60133923476 0.988660297857431 0.0 10.514
4.5992899554 0.9886720720010173 0.0 10.697
4.59745121844 0.9886458334306136 0.0 10.878
4.59482645652 0.9888591726274204 0.0 11.06
4.59368952756 0.9891747178533906 0.0 11.244
4.59049630116 0.9893362838452434 0.0 11.423
4.589794493159999 0.98936727544036 0.0 11.605
4.586238081119999 0.989151936623019 0.0 11.787
4.58535204852 0.989055703257964 0.0 11.968
4.58217812184 0.9891349935440976 0.0 12.149
4.58085696828 0.9894277348082252 0.0 12.33
4.57864451856 0.9895196862201656 0.0 12.508
4.57654611264 0.9894288723563442 0.0 12.688
4.57483370112 0.989465277422548 0.0 12.868
4.5719738335199995 0.9896325905308792 0.0 13.054
4.57081935936 0.98986498356347 0.0 13.235
4.56761911488 0.9901109732276498 0.0 13.415
4.56697696056 0.990266316475478 0.0 13.597
4.56346090248 0.9904450915859704 0.0 13.778
4.5623380096799995 0.990510777694077 0.0 13.96
4.55945182428 0.9905113154849872 0.0 14.142
4.55791311024 0.9907191000159016 0.0 14.324
4.55561644356 0.9911215220768148 0.0 14.504
4.553358376319999 0.9917732837584043 0.0 14.684
4.5518126442 0.9923949935645724 0.0 14.863
4.54882820568 0.992850132598892 0.0 15.045
4.54780532052 0.9929808977872252 0.0 15.227
4.54429101696 0.9930122781217464 0.0 15.412
4.54366114428 0.9933366166809052 0.0 15.593
4.540495990199999 0.9936227912177834 0.0 15.775
4.53912921912 0.9938728520824772 0.0 15.955
4.53593599272 0.9939523754654374 0.0 16.136
4.534469214 0.9939522331516468 0.0 16.318
4.53223746456 0.993920246361927 0.0 16.499
4.52987412612 0.9939471880648446 0.0 16.68
4.5282143502 0.994110530897972 0.0 16.862
4.525389573 0.99427804304887 0.0 17.045
4.5242754528 0.9946968570224286 0.0 17.228
4.52090852892 0.9950008721371042 0.0 17.409
4.5200119692 0.9951542421513218 0.0 17.592
4.5164152032 0.9952070190218923 0.0 17.773
4.51555022484 0.9954224121452262 0.0 17.958
4.51225523628 0.995685637481918 0.0 18.137
4.51086565644 0.9959981114438012 0.0 18.317
4.50872689656 0.996174312146845 0.0 18.498
4.50621617844 0.9964077778739174 0.0 18.68
4.50440375928 0.996485325154891 0.0 18.86
4.50165793548 0.9964041449232808 0.0 19.041
4.50099472692 0.9964572334237324 0.0 19.22
4.49750674116 0.9966974945477578 0.0 19.4
4.49630138592 0.996949920064607 0.0 19.582
4.4928344544 0.997065231139398 0.0 19.764
4.49156418192 0.9971513196004704 0.0 19.946
4.48852535328 0.9971702545183924 0.0 20.13
4.4869164584400005 0.9969802007406152 0.0 20.311
4.48479699828 0.9969706178213166 0.0 20.489
4.48226873496 0.9971630345510132 0.0 20.668
4.48086336444 0.9972453411362155 0.0 20.848
4.47767189256 0.997345531844958 0.0 21.028
4.4768525317200005 0.9974380765559564 0.0 21.209
4.473204884639999 0.9974474632775288 0.0 21.39
4.4723486788799995 0.997579370716184 0.0 21.571
4.46876770356 0.9975904899042096 0.0 21.753
4.46755708476 0.9976565353001978 0.0 21.934
4.46528673588 0.9976447658289108 0.0 22.117
4.46290409772 0.9977122143452304 0.0 22.297
4.4607881466 0.997681803855795 0.0 22.479
4.45813180332 0.9977479203108136 0.0 22.66
4.45669660596 0.9978732982713592 0.0 22.84
4.4533805631600005 0.9979090644002472 0.0 23.019
4.45256471136 0.9979181945352016 0.0 23.199
4.44902058096 0.997721268319652 0.0 23.382
4.44799594128 0.9976648345095116 0.0 23.565
4.44470095272 0.9977009086305632 0.0 23.746
4.44326750988 0.9975760440732648 0.0 23.929
4.44066204768 0.9975386142835312 0.0 24.117
4.4384267892 0.9976524707931932 0.0 24.297
4.4365319076 0.9978103073358346 0.0 24.476
4.43374923888 0.9978537297933022 0.0 24.656
4.43252458392 0.997794432739749 0.0 24.836
4.42902607104 0.9976407056124152 0.0 25.018
4.42820846472 0.997690727016586 0.0 25.197
4.42447133712 0.9978455267966376 0.0 25.381
4.42344669744 0.9979949826637896 0.0 25.564
4.42070789172 0.9979764789909894 0.0 25.744
4.41867791208 0.9980098530153644 0.0 25.927
4.4160127961999995 0.9980549452786908 0.0 26.11
4.413740692799999 0.9982080811125252 0.0 26.293
4.411777384920001 0.9983458426593314 0.0 26.474
4.40903507016 0.9984523384087411 0.0 26.656
4.40772795276 0.9985351627179654 0.0 26.841
4.40428558452 0.9984856883969564 0.0 27.023
4.40336446152 0.9984724506868357 0.0 27.203
4.3996869876 0.9984196042029424 0.0 27.385
4.39863076656 0.9984877882307324 0.0 27.566
4.3955375478 0.9986509519743152 0.0 27.747
4.39394268912 0.9990422043064277 0.0 27.926
4.39134599952 0.9993364588583322 0.0 28.109
4.38905985996 0.9994069886794084 0.0 28.293
4.38718954164 0.9994616155641242 0.0 28.48
4.38419983956 0.9995019635243176 0.0 28.66
4.382717270160001 0.9996465447170602 0.0 28.844
4.37928718356 0.9997203938163852 0.0 29.032
4.37825903484 0.9996639366846184 0.0 29.214
4.37458506996 0.9996110967144908 0.0 29.397
4.373728864199999 0.9995987833311004 0.0 29.578
4.3701689431199995 0.999651749031166 0.0 29.764
4.3688565621599995 0.9996537071749896 0.0 29.946
4.36591949568 0.9996114711775996 0.0 30.128
4.36391583384 0.9995826598986436 0.0 30.311
4.36161916716 0.9996329543037688 0.0 30.492
4.35904528632 0.9996376023477108 0.0 30.667
4.35762412512 0.9995963403270304 0.0 30.851
4.35426071028 0.9996513382098888 0.0 31.032
4.3532360706 0.9997389174400008 0.0 31.214
4.349435780279999 0.9997259274189892 0.0 31.397
4.34846903976 0.9996703773059764 0.0 31.579
4.344761739 0.9996795529031086 0.0 31.764
4.34352655692 0.9996617958329044 0.0 31.94
4.34093513088 0.9995828973140514 0.0 32.12
4.33857179244 0.9994864605611058 0.0 32.299
4.336689192480001 0.9995010475420276 0.0 32.479
4.33381002516 0.9994596695893986 0.0 32.662
4.33232745576 0.9995632868182708 0.0 32.847
4.32888508752 0.9995762734742036 0.0 33.026
4.32797624616 0.9994799356243776 0.0 33.207
4.3242426275999994 0.9996950991193124 0.0 33.389
4.3230846444 0.9999683425981708 0.0 33.575
4.31962122192 1.0 0.0 33.756
4.31811759828 0.999978384762897 0.0 33.938
4.31597182032 0.9999475398992198 0.0 34.119
4.31320143324 0.9999077192958036 0.0 34.302
4.310936347919999 0.9999376061988298 0.0 34.481
4.30818701508 0.9998980914626878 0.0 34.664
4.30684305276 0.9998163380848658 0.0 34.845
4.303316467559999 0.9997656619979376 0.0 35.025
4.3023374454 0.9996709501925612 0.0 35.207
4.29851434632 0.999511973448645 0.0 35.388
4.29756866004 0.999560819566784 0.0 35.572
4.29398417568 0.999694011140403 0.0 35.751
4.2924752884799995 0.999776377446226 0.0 35.934
4.28986456272 0.9997596785011558 0.0 36.114
4.28743981608 0.9997664594841796 0.0 36.294
4.28538351864 0.9997577265229208 0.0 36.477
4.2825692685600005 0.9996548842625904 0.0 36.657
4.28143409412 0.9996385798711368 0.0 36.84
4.2776724032399995 0.999688575354806 0.0 37.02
4.27650038388 0.9996509386489854 0.0 37.206
4.27264043988 0.9995747033136378 0.0 37.388
4.27183160616 0.9996860825200392 0.0 37.57
4.26829273932 0.9996760846830344 0.0 37.754
4.26670138968 0.9995102270637182 0.0 37.937
4.26416084472 0.9994529517624516 0.0 38.121
4.2616764444 0.9994997031831172 0.0 38.302
4.25938504128 0.9995897794085794 0.0 38.48
4.25658482736 0.9995287794126432 0.0 38.661
4.25511804864 0.999507722842874 0.0 38.84
4.25174059764 0.9994592406935904 0.0 39.019
4.25074052124 0.9995072739753575 0.0 39.202
4.24677530604 0.9993055745443592 0.0 39.386
4.24583663784 0.9990235941419152 0.0 39.566
4.24222408116 0.9988885953284516 0.0 39.748
4.24076782956 0.9988079275119386 0.0 39.932
4.23800270604 0.9988488406600614 0.0 40.115
4.23564287664 0.9989189539545076 0.0 40.296
4.2335778066 0.9987853811728958 0.0 40.478
4.23060038616 0.9986413337756308 0.0 40.658
4.22936871312 0.9985197262156298 0.0 40.835
4.22569825728 0.9985710526814164 0.0 41.012
4.22468414472 0.9986370692619884 0.0 41.192
4.22077331964 0.9985810045466732 0.0 41.373
4.21964165424 0.9986687162197236 0.0 41.558
4.2162870120000004 0.998786912464834 0.0 41.74
4.21451319228 0.998782267081137 0.0 41.921
4.21209721824 0.9986229244390706 0.0 42.101
4.20959000916 0.9984207178372464 0.0 42.283
4.20758634732 0.9984959212648092 0.0 42.464
4.20451593732 0.9984727032903824 0.0 42.646
4.20316671144 0.998349459932804 0.0 42.827
4.1994962556 0.9981540046529866 0.0 43.01
4.19855232384 0.9980781421093056 0.0 43.194
4.19473799736 0.99802351179883 0.0 43.375
4.19340631668 0.9980252192782304 0.0 43.557
4.19006044704 0.9980396379625366 0.0 43.737
4.18836558072 0.9979114794058032 0.0 43.92
4.18623559344 0.9977770977066324 0.0 44.1
4.18331607216 0.9977768544700112 0.0 44.28
4.18134223716 0.9977278230424652 0.0 44.463
4.17815953788 0.9975991684291978 0.0 44.645
4.17682083912 0.9976007831675748 0.0 44.825
4.1731170474 0.997651642230699 0.0 45.005
4.17222926028 0.997763572258858 0.0 45.188
4.1683605436799995 0.9978302337565808 0.0 45.369
4.1670376356 0.9977913066105166 0.0 45.55
4.16382861852 0.9975394955566482 0.0 45.731
4.16180741148 0.9973859592070996 0.0 45.913
4.15956513492 0.9973131240204038 0.0 46.095
4.1567684300400005 0.9971087940652194 0.0 46.279
4.15506830016 0.9970637141040786 0.0 46.464
4.15161715932 0.9970974321848552 0.0 46.646
4.15032056904 0.9970165936773868 0.0 46.83
4.14660098664 0.9967557638452996 0.0 47.011
4.145764080599999 0.9967230368911704 0.0 47.188
4.14182167416 0.996728982311833 0.0 47.367
4.14041454912 0.9967711612614162 0.0 47.549
4.13790032196 0.9968390399440356 0.0 47.732
4.13536328604 0.9969878176432344 0.0 47.913
4.13297713884 0.9969944531796978 0.0 48.095
4.13022078792 0.9966877685210708 0.0 48.276
4.12849258572 0.9964562569852498 0.0 48.455
4.12492740108 0.9961372843794052 0.0 48.635
4.123853634840001 0.99587544714873 0.0 48.82
4.11998316372 0.9955926449986224 0.0 49.001
4.11892167912 0.9955774963323109 0.0 49.184
4.11510735264 0.9957505985167422 0.0 49.368
4.11373005444 0.9957516963582675 0.0 49.548
4.11070175292 0.9957699616538972 0.0 49.731
4.108506848399999 0.9959028500775952 0.0 49.912
4.10617860036 0.9958903718439094 0.0 50.096
4.10336084124 0.9957878996045618 0.0 50.279
4.10184318144 0.9957039868150052 0.0 50.461
4.09829203296 0.995736319408312 0.0 50.642
4.09700070624 0.9957386439768442 0.0 50.824
4.09314953484 0.9955195182265774 0.0 51.005
4.092198585 0.9955879109823214 0.0 51.184
4.08888956028 0.995643668795114 0.0 51.368
4.08702099648 0.9953698611990596 0.0 51.55
4.08394005936 0.9949550834413966 0.0 51.731
4.0816890102 0.994489929942213 0.0 51.911
4.07940637968 0.9938392075920792 0.0 52.09
4.07653598496 0.9936749129043468 0.0 52.27
4.0747147932 0.9939998150008088 0.0 52.452
4.07136015096 0.9942605956543944 0.0 52.635
4.07013374148 0.9945931542974804 0.0 52.822
4.06628958816 0.9948476916526195 0.0 53.004
4.06518950412 0.9948727197161265 0.0 53.185
4.06126288836 0.9948375085431048 0.0 53.363
4.05998735232 0.9948815519515932 0.0 53.544
4.0566783276 0.9948966187091396 0.0 53.724
4.05473782848 0.9950944924018336 0.0 53.904
4.05263766804 0.9952719344713534 0.0 54.084
4.0495725216 0.9952896794530652 0.0 54.267
4.0481776782 0.9952291057177484 0.0 54.445
4.04438440596 0.9950091719059616 0.0 54.627
4.04353170924 0.9949140857862534 0.0 54.808
4.0398612534 0.994861798908996 0.0 54.988
4.03828920348 0.9947582891856288 0.0 55.168
4.03462225668 0.9946861101345256 0.0 55.347
4.03296774432 0.994722150994217 0.0 55.531
4.03002190524 0.9946602475873502 0.0 55.71
4.02767084844 0.9945249360524973 0.0 55.892
4.02545138064 0.9945140668494034 0.0 56.074
4.02239149776 0.99449123427856 0.0 56.257
4.0208440111199995 0.994324111918554 0.0 56.44
4.0172016276 0.9942722725283611 0.0 56.625
4.016082243840001 0.994339247024395 0.0 56.805
4.01216440068 0.9943042154228918 0.0 56.983
4.01099589036 0.9942668619898544 0.0 57.162
4.0075956306 0.994114859616898 0.0 57.342
4.005800756639999 0.9939657622675058 0.0 57.524
4.00348829928 0.9940357042746432 0.0 57.704
4.00066001304 0.9943244282837744 0.0 57.885
3.9986107336799996 0.9942952701338232 0.0 58.064
3.99531749964 0.9941051887096468 0.0 58.244
3.9939296743200003 0.9939619069568112 0.0 58.423
3.9901469292000002 0.9939495473557544 0.0 58.599
3.98931879576 0.9939792067947096 0.0 58.779
3.98534129892 0.9939226434117572 0.0 58.963
3.98394996456 0.9939235756432286 0.0 59.147
3.9806462033999996 0.9937937363838658 0.0 59.328
3.97856534268 0.993619147662171 0.0 59.51
3.9762511307999997 0.9934852711699128 0.0 59.692
3.97341407196 0.99344495271262 0.0 59.873
3.97162270704 0.9932952185814706 0.0 60.056
3.9680961218400004 0.9931415545670776 0.0 60.239
3.9669434022 0.9930423335250684 0.0 60.421
3.9629659053599995 0.9928841014529268 0.0 60.599
3.96183950352 0.9928274624844832 0.0 60.779
3.95796552336 0.992648202760126 0.0 60.96
3.9566268246 0.9925049471895052 0.0 61.142
3.9538967914799996 0.9923238329345908 0.0 61.327
3.9513755462399995 0.9921431066593706 0.0 61.508
3.94885605552 0.992190187291624 0.0 61.689
3.94586810796 0.9922909225457068 0.0 61.872
3.9441346422 0.9922259530568204 0.0 62.054
3.9407185917599996 0.9920747476271188 0.0 62.235
3.93945358284 0.991953286933144 0.0 62.419
3.9354392410799997 0.9918549519845836 0.0 62.601
3.9345198725999997 0.9917805854468892 0.0 62.782
3.93052132152 0.9914772940870608 0.0 62.964
3.9290896332 0.9913949005791376 0.0 63.144
3.92617011192 0.9914570232631786 0.0 63.324
3.9237980008799997 0.9913820073178784 0.0 63.507
3.92151361584 0.9912047486135146 0.0 63.688
3.9184607510399996 0.9909364139747197 0.0 63.867
3.916922037 0.9907697427276076 0.0 64.047
3.9132428085599997 0.9905546647649308 0.0 64.229
3.91200411744 0.9904543471503372 0.0 64.408
3.908237163 0.9903596381427092 0.0 64.586
3.9070756707600003 0.9903638932003798 0.0 64.769
3.90328766208 0.990455132883886 0.0 64.949
3.9016770127200004 0.9904530288880166 0.0 65.13
3.89894171604 0.99029016747346 0.0 65.312
3.89639064396 0.9900479380578948 0.0 65.492
3.89424311148 0.9897917778349018 0.0 65.672
3.89106567576 0.989581329569563 0.0 65.855
3.88950590748 0.9895385880045612 0.0 66.034
3.88584422424 0.9895488849758944 0.0 66.218
3.88484590236 0.989720957587956 0.0 66.398
3.8808105063599996 0.9895190989988776 0.0 66.577
3.8795244432 0.9891725331768698 0.0 66.762
3.87597855828 0.988856114205852 0.0 66.944
3.8741292942 0.9886032429969416 0.0 67.125
3.8714150517599997 0.9881745168355492 0.0 67.307
3.8687885353199998 0.9877677441584076 0.0 67.487
3.8670252427199996 0.9875792205642084 0.0 67.668
3.86342321316 0.987569777095604 0.0 67.85
3.86198275224 0.9874667381389995 0.0 68.033
3.85818246192 0.9873097490733472 0.0 68.213
3.85725432084 0.9871526838387786 0.0 68.395
3.85310839008 0.9869719822270612 0.0 68.574
3.8518468902 0.9866448146403768 0.0 68.756
3.84866068188 0.9862716843931112 0.0 68.939
3.8464254234 0.9859732274788304 0.0 69.121
3.84378136176 0.9856284612162528 0.0 69.301
3.8411004552000003 0.9853640913218468 0.0 69.487
3.8390038038000003 0.9850883187361336 0.0 69.668
3.835775487 0.9847354085782708 0.0 69.849
3.83434379868 0.9846325918923748 0.0 70.031
3.83056105356 0.9845587503175904 0.0 70.214
3.82957676784 0.9844020280406912 0.0 70.394
3.82544838228 0.9840967548317546 0.0 70.573
3.8242096911599996 0.9837718970564124 0.0 70.753
3.82140947724 0.9835672279507544 0.0 70.934
3.81883384188 0.9833476429181434 0.0 71.116
3.81631435116 0.9830857192579372 0.0 71.296
3.8133158764799995 0.9827354642986892 0.0 71.478
3.8117964621600002 0.9823447536429968 0.0 71.657
3.80804880744 0.9820468230014908 0.0 71.839
3.80669782704 0.9816784055470996 0.0 72.02
3.8027659477199998 0.981294266752194 0.0 72.202
3.8018167523999997 0.9808713350201396 0.0 72.381
3.79780416516 0.9804458489273432 0.0 72.559
3.79657424664 0.9800996121543694 0.0 72.742
3.7932336405600005 0.9796835948665332 0.0 72.922
3.79095101004 0.9791997602624763 0.0 73.104
3.7886403072 0.9785521013146926 0.0 73.284
3.78561025116 0.9779357654668116 0.0 73.465
3.78423997104 0.9775267353971864 0.0 73.647
3.78029405556 0.977203951706484 0.0 73.828
3.77929047012 0.9767182263146532 0.0 74.007
3.7752094566 0.9762921617446216 0.0 74.191
3.77402866464 0.975947826040258 0.0 74.373
3.77093895492 0.9754736702106316 0.0 74.554
3.7687335232800003 0.974888967325233 0.0 74.737
3.76548590676 0.9742696835676676 0.0 74.917
3.7630839688799997 0.973846513997404 0.0 75.097
3.7607522118 0.9734442240017444 0.0 75.279
3.75776601876 0.9728496123438268 0.0 75.456
3.7561553693999996 0.9720880201993928 0.0 75.639
3.75240245112 0.9713804168149204 0.0 75.82
3.7512251682 0.9707689338132144 0.0 76.003
3.74712310044 0.970281154487402 0.0 76.186
3.74614056924 0.9696110054437852 0.0 76.37
3.7422771162 0.9689433992709346 0.0 76.553
3.7406103222000002 0.9683655448146218 0.0 76.734
3.7375258760400003 0.9676881631127048 0.0 76.915
3.7352379819599997 0.9669591182342884 0.0 77.097
3.73323782916 0.966090360025937 0.0 77.279
3.72995687676 0.9654096711938052 0.0 77.46
3.72829534632 0.9648336226584074 0.0 77.64
3.72434767632 0.9642659120379315 0.0 77.824
3.72327040104 0.9636370748789728 0.0 78.005
3.7192314960000004 0.9629856658970224 0.0 78.186
3.71815597524 0.9621515683392085 0.0 78.369
3.71423813208 0.9613600716366816 0.0 78.551
3.71261344656 0.9605175091053952 0.0 78.734
3.70968515268 0.9596777929791992 0.0 78.915
3.70724286084 0.9589273274456778 0.0 79.096
3.70495321224 0.9580551924828308 0.0 79.278
3.7018740296400003 0.9570699526517163 0.0 79.463
3.7002230263199998 0.9561661542800622 0.0 79.649
3.6964753716 0.9554592641417274 0.0 79.829
3.6954314322 0.9546868448484812 0.0 80.01
3.6913188373200003 0.953831483455954 0.0 80.186
3.6902082261599998 0.9530582398436598 0.0 80.369
3.6862623106799997 0.9522878137851922 0.0 80.551
3.68463762516 0.951548165126675 0.0 80.736
3.6820970802 0.9508588021943656 0.0 80.919
3.6792898482 0.9500823412137204 0.0 81.099
3.6770668713599997 0.9492323695366592 0.0 81.28
3.6737367924 0.9484912474308264 0.0 81.461
3.6722454503999997 0.9480405596266848 0.0 81.642
3.66841884228 0.9476614921442104 0.0 81.824
3.6674731560000002 0.946808329295302 0.0 82.005
3.6631780910400003 0.9459317208122244 0.0 82.184
3.6619762448399995 0.9453002313331126 0.0 82.366
3.6584128147199997 0.9445967841676608 0.0 82.546
3.65660916816 0.9439580441913604 0.0 82.723
3.6541002045599997 0.9433918248940788 0.0 82.903
3.65126665476 0.9427805669380974 0.0 83.083
3.64934545536 0.9422429360479548 0.0 83.266
3.64579079784 0.942010469400268 0.0 83.445
3.6409606042799996 0.9417099005847755 0.0 83.73
3.6399219284399997 0.9413372707775496 0.0 83.903
3.63822706212 0.9408440269935234 0.0 84.066
3.6345899421600003 0.9405082685721152 0.0 84.234
3.63385128924 0.9403558888399915 0.0 84.406
3.62986326528 0.9402406700585584 0.0 84.592
3.6284526312 0.9402217905897294 0.0 84.776
3.6245926872 0.9402319663384494 0.0 84.953
3.622864485 0.9402706692850824 0.0 85.135
3.61977126624 0.9403503540187372 0.0 85.316
3.6173131837200003 0.9404823257659414 0.0 85.498
3.61523758656 0.94063924357195 0.0 85.679
3.61187768076 0.9408191408395568 0.0 85.861
3.61051792776 0.940983819156056 0.0 86.042
3.6064790227200003 0.9411151864739066 0.0 86.222
3.60558772656 0.9414707944501652 0.0 86.401
3.60154531248 0.9421746096671284 0.0 86.581
3.60007151568 0.9429326348631072 0.0 86.763
3.59667476496 0.943459556748678 0.0 86.944
3.59467636668 0.9439452052051576 0.0 87.126
3.5921428397999997 0.944402262124674 0.0 87.307
3.58919349168 0.9448742969906158 0.0 87.489
3.58734071856 0.9455034355016224 0.0 87.67
3.5838000971999997 0.946151794059924 0.0 87.852
3.5828526564 0.946978429870203 0.0 88.033
3.5787628702800003 0.9476596925466348 0.0 88.216
3.57756804216 0.9483395051978876 0.0 88.399
3.57335368512 0.9488758160304446 0.0 88.58
3.57201498636 0.9495131944225514 0.0 88.762
3.5684919101999997 0.9500782975224152 0.0 88.943
3.56660755572 0.9508106848993448 0.0 89.123
3.56396173956 0.9514699203777458 0.0 89.307
3.5610720451200004 0.9522699487594734 0.0 89.49
3.55904031096 0.953162875631834 0.0 89.669
3.55551548028 0.9538100296790302 0.0 89.852
3.55400483856 0.9544648942182264 0.0 90.035
3.5501747214000003 0.9550269794028136 0.0 90.216
3.5492921978400003 0.9557304508869932 0.0 90.396
3.54518135748 0.9564921710207014 0.0 90.579
3.5438023047600002 0.957394687404669 0.0 90.759
3.5404722258 0.9581874721294622 0.0 90.943
3.5383703108400004 0.9588543711037748 0.0 91.124
3.5355157068 0.9596535118767882 0.0 91.307
3.5328488364 0.9605166450604152 0.0 91.49
3.5307258671999997 0.9613264250718884 0.0 91.67
3.52733438004 0.9619140153910885 0.0 91.852
3.52588690104 0.9627113221145396 0.0 92.037
3.5219971302 0.9635165695337794 0.0 92.217
3.52101986256 0.964424158073264 0.0 92.397
3.51674760636 0.965182850112892 0.0 92.578
3.5154615432000003 0.9659626357482964 0.0 92.758
3.51268413804 0.966763060273242 0.0 92.941
3.5099962134 0.9675636230637018 0.0 93.123
3.5070538833600002 0.968402033789396 0.0 93.306
3.50440982172 0.9691835272685884 0.0 93.486
3.50217631776 0.9700109984881916 0.0 93.666
3.4989164196 0.9707015874502428 0.0 93.85
3.49744964088 0.9713978294664536 0.0 94.03
3.4936212782399996 0.9718140450732794 0.0 94.212
3.49260190212 0.97241353270149 0.0 94.393
3.48834368208 0.9730088610738876 0.0 94.575
3.48712253616 0.9736862348453283 0.0 94.757
3.4835064704399996 0.9742497025417765 0.0 94.939
3.4816343976 0.9747750403947608 0.0 95.119
3.4789201551600004 0.9751668177924964 0.0 95.305
3.47608485084 0.975393120946478 0.0 95.486
3.4743092766 0.9758382150090208 0.0 95.67
3.4707353193599997 0.976381487910304 0.0 95.853
3.46920011436 0.976973043206479 0.0 96.032
3.46514892768 0.9774479020883672 0.0 96.215
3.4640593707600003 0.9779838857570796 0.0 96.396
3.45975904224 0.9783739684461594 0.0 96.579
3.4587203664 0.9789522424074812 0.0 96.762
3.45498674784 0.979349345981096 0.0 96.944
3.45317081964 0.9796710533583786 0.0 97.126
3.45031270656 0.9801016011572152 0.0 97.308
3.4475703918000002 0.9804918373192923 0.0 97.492
3.44553163956 0.9807905911847656 0.0 97.673
3.44213839788 0.9811313632220624 0.0 97.856
3.4406242471199997 0.981600297905291 0.0 98.04
3.4366923678 0.9819129432929508 0.0 98.222
3.4357694902800002 0.9823086193900532 0.0 98.403
3.43152355188 0.9825764856001492 0.0 98.584
3.430349778 0.98288640781384 0.0 98.769
3.4262477102399997 0.983155455495064 0.0 98.952
3.42476338632 0.9836041050734106 0.0 99.133
3.42216318768 0.9840995762559988 0.0 99.319
3.41924542092 0.9844467188923988 0.0 99.499
3.41681541072 0.9847389997593528 0.0 99.683
3.41367131088 0.9851240236263664 0.0 99.866
3.41196591744 0.9854066128439104 0.0 100.049
3.40813229124 0.9854960695373256 0.0 100.23
3.4070058894 0.9856223498003216 0.0 100.415
3.4028213592000003 0.9857076511868332 0.0 100.595
3.401794965 0.9859989113531544 0.0 100.775
3.3977332512 0.9863504110229648 0.0 100.958
3.3962506818 0.986655799245234 0.0 101.14
3.39316623564 0.9869387454378408 0.0 101.323
3.3907239438 0.987231430593961 0.0 101.503
3.38840271384 0.9874849648852349 0.0 101.686
3.3851989603200003 0.9877053197415802 0.0 101.869
3.38361462876 0.988009198995904 0.0 102.052
3.3797932842 0.988343322808532 0.0 102.233
3.3785545930799996 0.988591165155316 0.0 102.416
3.3743876080799997 0.9887989571710296 0.0 102.596
3.37342613112 0.9890088164118226 0.0 102.78
3.369818838 0.9891628119451163 0.0 102.962
3.36779587644 0.9892147795438452 0.0 103.143
3.3644868517199997 0.9892299643216784 0.0 103.328
3.3621463220399996 0.9893606337323106 0.0 103.509
3.35963735844 0.9895905708422226 0.0 103.69
3.35670731004 0.9896726512995724 0.0 103.869
3.35511420588 0.990119194162046 0.0 104.051
3.3512103988799997 0.9905124765210008 0.0 104.231
3.35010856032 0.9907631292445268 0.0 104.416
3.34588016712 0.9908448745194678 0.0 104.599
3.3448695635999997 0.9908717362183568 0.0 104.779
3.3408692579999997 0.9911627209322152 0.0 104.958
3.33927966288 0.9913448896837672 0.0 105.141
3.33600221952 0.9914201953210908 0.0 105.328
3.3337967878800003 0.9916552668558118 0.0 105.509
3.33140713164 0.9918654126079828 0.0 105.691
3.32825075016 0.9920468042606452 0.0 105.873
3.3264681578400004 0.9920815148642038 0.0 106.056
3.3226397951999997 0.9921705745107684 0.0 106.238
3.3218414886 0.992220915935584 0.0 106.419
3.3176043228 0.992242650225288 0.0 106.601
3.3164252853600003 0.9924294826441852 0.0 106.778
3.31230391788 0.9925356787423584 0.0 106.96
3.3107967852 0.9928402217577494 0.0 107.142
3.30748600596 0.9929765128337574 0.0 107.323
3.30514196724 0.992924041641572 0.0 107.504
3.3028558276799997 0.9929113702612024 0.0 107.685
3.2996731284 0.992886343892908 0.0 107.866
3.29805721548 0.992863613016529 0.0 108.047
3.2940376101599997 0.9928070741673178 0.0 108.233
3.2930989419600003 0.9927938720024904 0.0 108.417
3.28875825948 0.992896927018428 0.0 108.6
3.28773537432 0.9932081737689152 0.0 108.781
3.2835806709599997 0.99345559551514 0.0 108.967
3.2821630187999995 0.9936194740716544 0.0 109.146
3.27896803788 0.9936967993097784 0.0 109.33
3.27660469944 0.99382581586342 0.0 109.514
3.27398871012 0.9938505198353816 0.0 109.695
3.27086566452 0.9938680849152932 0.0 109.878
3.2690707905600003 0.9938018081588528 0.0 110.058
3.26529155448 0.9935043459645608 0.0 110.24
3.26433885012 0.9934507002772636 0.0 110.426
3.25993851396 0.9935707749455118 0.0 110.607
3.2588629931999997 0.9938009223970196 0.0 110.788
3.2549609407199998 0.9939287471179468 0.0 110.973
3.2531257127999997 0.9941079435203466 0.0 111.155
3.250818519 0.9940959719033724 0.0 111.337
3.2470199832000004 0.994042511859435 0.0 111.515
3.24616553196 0.9940304872283146 0.0 111.695
3.243098631 0.9939668299547088 0.0 111.878
3.24059844 0.9940725787289224 0.0 112.058
3.23842108068 0.9941649275472542 0.0 112.241
3.23672445984 0.9943237357205144 0.0 112.421
3.23534716164 0.994529050513952 0.0 112.603
3.2341470699599997 0.9946735685747196 0.0 112.784
3.23314173 0.9946799106283608 0.0 112.966
3.2323188601200004 0.994607605102671 0.0 113.149
3.23153809872 0.99443443863578 0.0 113.329
3.2310433240800003 0.9943044990889204 0.0 113.511
3.23057486724 0.9944208807960352 0.0 113.695
3.2302099270799998 0.9945779160735524 0.0 113.876
3.22983270528 0.994633323872516 0.0 114.059
3.2248305687600003 0.9946448849602444 0.0 114.24
3.2116523690400003 0.9946840319299723 0.0 114.421
3.20989960356 0.9949239361863146 0.0 114.602
3.2054431227599998 0.9950243404513316 0.0 114.789
3.20414653248 0.9952296627930836 0.0 114.975
3.20016903564 0.9953152733669416 0.0 115.156
3.1986040038000003 0.995312953669268 0.0 115.342
3.19539849576 0.9952678175702482 0.0 115.522
3.19295620392 0.99523343090909 0.0 115.703
3.19079463528 0.995202998719808 0.0 115.887
3.1874505201599996 0.9951559214183484 0.0 116.064
3.1858802247600004 0.9951141021815504 0.0 116.244
3.1819395728399997 0.994896575194456 0.0 116.424
3.18107459448 0.9947205519083604 0.0 116.605
3.17714797872 0.9947472302941892 0.0 116.788
3.1755145205999997 0.994867608027456 0.0 116.972
3.1717177393199996 0.995036893989104 0.0 117.151
3.16992461988 0.995337520556933 0.0 117.331
3.1671454602 0.995461453539921 0.0 117.513
3.16427857452 0.9954620503442094 0.0 117.694
3.1624258014 0.995354066056064 0.0 117.876
3.1589378156400003 0.9952845007418236 0.0 118.056
3.15761490756 0.9953068328579292 0.0 118.235
3.15355319376 0.9953520420830436 0.0 118.414
3.1523881924799997 0.9952947010687296 0.0 118.592
3.14804751 0.995151735468246 0.0 118.776
3.14684917284 0.9950734617476066 0.0 118.957
3.1434945306 0.9950262717377136 0.0 119.139
3.1413241893599997 0.995077623362276 0.0 119.322
3.1387134636 0.9951637152737828 0.0 119.506
3.13578166068 0.9951634107241458 0.0 119.689
3.1338446706 0.9951753087332637 0.0 119.872
3.1302373774800003 0.9950854264320168 0.0 120.052
3.12885832476 0.9950455646787414 0.0 120.234
3.12470713044 0.9950076517433633 0.0 120.418
3.12393865068 0.995016542619094 0.0 120.599
3.11967341256 0.9950775580644412 0.0 120.781
3.11825049684 0.9951598649810228 0.0 120.965
3.11463443112 0.995190862552549 0.0 121.145
3.1126535780399998 0.99514254499138 0.0 121.325
3.1098849454799997 0.995083153412178 0.0 121.509
3.1070864860799996 0.9949415071532128 0.0 121.692
3.105324948 0.9947742949282232 0.0 121.87
3.1015544845200003 0.9946208010157572 0.0 122.054
3.10019648604 0.9944789702868336 0.0 122.235
3.09604178268 0.9945433406548096 0.0 122.418
3.0951662772 0.994773961363721 0.0 122.601
3.0914098498800002 0.9949648499203548 0.0 122.781
3.08967287508 0.9951646745457302 0.0 122.961
3.08609716332 0.9953573013350964 0.0 123.144
3.08406192012 0.9954105006581748 0.0 123.325
3.08137750452 0.9954341168313422 0.0 123.508
3.07845973776 0.9955549194897793 0.0 123.69
3.07623676092 0.9956047007059284 0.0 123.874
3.07291194552 0.995557951949402 0.0 124.054
3.0716557092000003 0.995479707298104 0.0 124.238
3.06751679652 0.9953210700493164 0.0 124.421
3.06641144892 0.9953456637805757 0.0 124.605
3.06209532972 0.995405894675561 0.0 124.788
3.0609373465200003 0.9954305121188552 0.0 124.971
3.05697564036 0.9952733697057052 0.0 125.155
3.0552983192400003 0.9951289180711784 0.0 125.339
3.0524244154800004 0.9950272077567334 0.0 125.522
3.04973649084 0.9948062240701524 0.0 125.705
3.04739420664 0.9945911324644006 0.0 125.889
3.04424484324 0.9944038207215417 0.0 126.069
3.04310791428 0.994326536312778 0.0 126.251
3.03889706628 0.994491510666718 0.0 126.435
3.0374706415199997 0.994796736558487 0.0 126.614
3.0332668116 0.9950621734067462 0.0 126.795
3.03227901684 0.9950482999917656 0.0 126.977
3.0281576493599998 0.9948287108549452 0.0 127.158
3.0265733177999996 0.9949068617140217 0.0 127.341
3.0233572826399997 0.995025192326606 0.0 127.522
3.0209781535199998 0.9949917844199266 0.0 127.704
3.01855340688 0.9949168693872872 0.0 127.885
3.01544264292 0.9947710282883572 0.0 128.068
3.01378637604 0.99460653563816 0.0 128.252
3.00990362328 0.9944302197466828 0.0 128.435
3.00889126524 0.9942729935210234 0.0 128.615
3.0045453192 0.9943754708664744 0.0 128.797
3.00363823236 0.9945039682231424 0.0 128.978
2.99978004288 0.994369907264224 0.0 129.166
2.99794306044 0.994444492558731 0.0 129.346
2.9945094648 0.994599832891559 0.0 129.527
2.99233736904 0.9946102112744803 0.0 129.709
2.9897564701199997 0.99461485343864 0.0 129.889
2.98670535984 0.9946920462680904 0.0 130.071
2.98508067432 0.9946291678558812 0.0 130.252
2.9812277484 0.994290972234128 0.0 130.435
2.98005222 0.9940523832743452 0.0 130.615
2.9759027801999998 0.9939533662185688 0.0 130.795
2.9748851586 0.9940207887726752 0.0 130.978
2.97083046288 0.994064266735736 0.0 131.158
2.9691162968400002 0.9941007319313192 0.0 131.338
2.9660037783599997 0.9940775194663716 0.0 131.521
2.96355622296 0.9940432112478088 0.0 131.703
2.96144378088 0.9939523483922148 0.0 131.88
2.9579979036 0.9939448901975266 0.0 132.06
2.95651182516 0.9941478807131456 0.0 132.243
2.9525887184400004 0.9942748463240898 0.0 132.423
2.9516482957199996 0.99430249401456 0.0 132.605
2.9475269282400003 0.9943467932528698 0.0 132.786
2.94614787552 0.9943274621097058 0.0 132.966
2.9423546032799996 0.9942742930458064 0.0 133.149
2.9405158663199997 0.9943097579820448 0.0 133.331
2.9376437170800003 0.9942286811303322 0.0 133.512
2.9349435108 0.9940683788124886 0.0 133.692
2.93307670152 0.9939605833291096 0.0 133.874
2.9293781733600004 0.9939291796197632 0.0 134.054
2.92811491896 0.9939523004152776 0.0 134.237
2.9240216238 0.9938337408592618 0.0 134.414
2.92303558356 0.9937995235497185 0.0 134.594
2.9188738621200003 0.993580545186152 0.0 134.773
2.9174544554399997 0.993316573071338 0.0 134.952
2.91420332988 0.99323127893205 0.0 135.132
2.91185227308 0.9934210309179464 0.0 135.316
2.90935208208 0.9937099322984424 0.0 135.5
2.9061764008799997 0.9938483237721644 0.0 135.683
2.90433941844 0.9938029650839736 0.0 135.867
2.9005707094799997 0.9937093983216748 0.0 136.049
2.8997338034399998 0.9936568815556172 0.0 136.23
2.8955019012 0.993577244473834 0.0 136.41
2.89427549172 0.9934580855951785 0.0 136.592
2.8900716618000004 0.9932972694945672 0.0 136.775
2.88869962716 0.9932584404076272 0.0 136.956
2.8852028688000004 0.9931501160852548 0.0 137.138
2.88297111936 0.9931188975516048 0.0 137.319
2.88048496452 0.9931435221699418 0.0 137.499
2.87741630904 0.993181410827042 0.0 137.681
2.875746006 0.993280407674202 0.0 137.862
2.87177026368 0.9935689132923186 0.0 138.045
2.8705789445999996 0.9938963570803494 0.0 138.225
2.86638388728 0.9940611771774152 0.0 138.407
2.86544171004 0.9941073757959727 0.0 138.588
2.86143614088 0.9939722991611938 0.0 138.768
2.85992725368 0.9937676825214424 0.0 138.951
2.85670420044 0.9935212557052197 0.0 139.135
2.85430401708 0.9934469077045304 0.0 139.318
2.85177224472 0.9932891785950826 0.0 139.498
2.8486263903599998 0.993163646140152 0.0 139.681
2.8473578724 0.9933693829071945 0.0 139.863
2.84329089504 0.9935961044265396 0.0 140.044
2.84200483188 0.9937801697379448 0.0 140.226
2.83769748528 0.9938414473312828 0.0 140.408
2.83667635464 0.9939894553955634 0.0 140.589
2.8323479538 0.9940697829698496 0.0 140.775
2.83102504572 0.9941124155518666 0.0 140.957
2.8273387992 0.993979323653232 0.0 141.136
2.8253667187200002 0.9939517368148064 0.0 141.319
2.82283143732 0.9938755174772512 0.0 141.501
2.8197627818399997 0.993793627320132 0.0 141.681
2.81782228272 0.9936857474866252 0.0 141.862
2.8142237622 0.9935539288983734 0.0 142.042
2.8128727818 0.9935757924404384 0.0 142.228
2.8086812335199998 0.9936376575280164 0.0 142.409
2.8078811723999997 0.9937479514783116 0.0 142.592
2.8037861227199996 0.9937518158583252 0.0 142.772
2.8022228454 0.9938725654630132 0.0 142.954
2.7989138206799997 0.9938466700050173 0.0 143.135
2.7965329370400003 0.9937930118837456 0.0 143.317
2.7947626263600003 0.993788632947655 0.0 143.498
2.7911693694000004 0.9937987451623552 0.0 143.68
2.78923237932 0.9938920967572128 0.0 143.861
2.78548121556 0.9939618615699398 0.0 144.047
2.78403900012 0.9938602308081388 0.0 144.228
2.77998605892 0.993561733696694 0.0 144.41
2.7789491376 0.9935065129292242 0.0 144.594
2.7745681011600003 0.9934453008460784 0.0 144.778
2.77338906372 0.9934288285579408 0.0 144.958
2.76971334432 0.9933163899388824 0.0 145.136
2.76777986328 0.9931468463573324 0.0 145.316
2.7651322926 0.993069149417644 0.0 145.497
2.7622075077600003 0.9930283092513984 0.0 145.679
2.76034069848 0.9929429446447574 0.0 145.86
2.7566193615600003 0.9928510376369865 0.0 146.04
2.75566314816 0.9929776572141142 0.0 146.222
2.7513680832 0.992999128544252 0.0 146.403
2.75029958052 0.992984212081073 0.0 146.587
2.74599749748 0.9927223786318324 0.0 146.767
2.7445745817600002 0.99239973011758 0.0 146.949
2.7410865959999997 0.9922297078839376 0.0 147.13
2.73890748216 0.9921178991106936 0.0 147.31
2.73637395528 0.9920622156001794 0.0 147.492
2.7333316176 0.9918780898930925 0.0 147.673
2.73163675128 0.9915306105097568 0.0 147.852
2.72770136292 0.9912951562601692 0.0 148.033
2.7268416481199997 0.991403502328552 0.0 148.213
2.72250798372 0.9916264901834924 0.0 148.393
2.7213307008000003 0.9917303984883504 0.0 148.575
2.71736022204 0.9916361509805 0.0 148.756
2.71586361648 0.991654211540629 0.0 148.937
2.71271776212 0.9917528039128592 0.0 149.12
2.7101544084 0.9918798512762528 0.0 149.304
2.7077928244800002 0.9918469400261868 0.0 149.484
2.7044873088 0.9918008777243308 0.0 149.664
2.7029170134 0.9917179657267408 0.0 149.844
2.69908689624 0.99158323320258 0.0 150.028
2.69801313 0.9916496452996496 0.0 150.209
2.69370929244 0.9917498792643796 0.0 150.39
2.69253376404 0.9917538435026524 0.0 150.57
2.68853170392 0.9916777528899324 0.0 150.753
2.6868982458 0.9914338109283842 0.0 150.933
2.68373835528 0.9911271902717024 0.0 151.116
2.68123816428 0.9911127244304976 0.0 151.299
2.67913274028 0.99112307473906 0.0 151.48
2.67563949096 0.99103555895551 0.0 151.663
2.67412884924 0.9911543415914712 0.0 151.846
2.6700759080400003 0.991219937262519 0.0 152.028
2.66895652428 0.9911026857203188 0.0 152.21
2.6646509322000003 0.9909022148386404 0.0 152.393
2.66362629252 0.9908683881639916 0.0 152.576
2.65969265868 0.990872114553168 0.0 152.759
2.65799428332 0.99088914839347 0.0 152.939
2.65507476204 0.9909705133272771 0.0 153.116
2.65239034644 0.9909534958221482 0.0 153.298
2.65020772356 0.9909231315645386 0.0 153.477
2.64687062652 0.990997914652824 0.0 153.66
2.64560210856 0.9910597987613192 0.0 153.842
2.6414123147999997 0.9910218383028232 0.0 154.022
2.64051400056 0.9911312979511292 0.0 154.205
2.63609436468 0.9911511128741662 0.0 154.391
2.6349293634 0.9911349058297152 0.0 154.575
2.6308939674 0.9910178013034564 0.0 154.756
2.6291394474 0.9910340438791168 0.0 154.939
2.62635502416 0.9911756747008053 0.0 155.12
2.62364604528 0.9911786358501116 0.0 155.302
2.62148798568 0.9909479529418244 0.0 155.482
2.61808948044 0.9907178186904648 0.0 155.661
2.6165683116 0.99057729636132 0.0 155.844
2.6125153703999997 0.9906200141035456 0.0 156.027
2.61163284684 0.9905282541232908 0.0 156.207
2.60726584656 0.9904675638573608 0.0 156.389
2.60600259216 0.990570128482225 0.0 156.57
2.60214966624 0.9906384744863947 0.0 156.751
2.60035479228 0.9906541590137214 0.0 156.933
2.59750896084 0.9905942957998976 0.0 157.112
2.59461224832 0.990574356191049 0.0 157.295
2.5927945656 0.990569411341432 0.0 157.477
2.5891100736 0.9904979057850608 0.0 157.657
2.58788015508 0.9903589522382856 0.0 157.839
2.58366404352 0.990239458975464 0.0 158.016
2.5826850213599997 0.9902867902381484 0.0 158.198
2.57833205724 0.9903075674222588 0.0 158.383
2.57712319296 0.9903720098241452 0.0 158.563
2.5736527524 0.990344116752037 0.0 158.745
2.57143503912 0.9903716979948304 0.0 158.925
2.56869272436 0.9903945299709052 0.0 159.109
2.56587321072 0.9903147644368004 0.0 159.289
2.5645889020799997 0.9902766259585514 0.0 159.471
2.56036050888 0.9902788250143169 0.0 159.65
2.55891127536 0.9906426786919093 0.0 159.833
2.554756572 0.9908075305202132 0.0 160.011
2.5538968572000003 0.9906737803336404 0.0 160.191
2.5496719730399997 0.990716604479574 0.0 160.374
2.5481788765199997 0.9909572259520624 0.0 160.554
2.54475054444 0.9909704980792888 0.0 160.733
2.5425363402 0.9908382500150832 0.0 160.916
2.5397027904000002 0.9908394903701788 0.0 161.099
2.53697275728 0.9910469092308196 0.0 161.283
2.53502173104 0.9910611611586692 0.0 161.464
2.53131969384 0.9908854330963304 0.0 161.647
2.53021434624 0.9907686097244895 0.0 161.827
2.52589998156 0.9905666513422572 0.0 162.009
2.52497885856 0.9904549355190672 0.0 162.191
2.5208732817599997 0.9904968747899232 0.0 162.372
2.5192626324 0.9905962679270772 0.0 162.553
2.51560621272 0.9905455147158124 0.0 162.734
2.51356570596 0.9903353458442964 0.0 162.915
2.51186382156 0.9901714799698624 0.0 163.099
2.5081231849199996 0.9901601620781832 0.0 163.279
2.5062195307199997 0.9900120268360956 0.0 163.459
2.50238941356 0.9898980437976166 0.0 163.638
2.50126301172 0.9899635682374174 0.0 163.818
2.4938659554 0.9900620572367168 0.0 164.287
2.4907095739200003 0.9900783731592556 0.0 164.47
2.48902698924 0.9898953112172906 0.0 164.653
2.4851687997600003 0.9899221845628734 0.0 164.832
2.4841634598 0.9901092857520404 0.0 165.01
2.47981049568 0.990069204334175 0.0 165.189
2.47876304724 0.9900344004264188 0.0 165.369
2.47461711648 0.9898755242930224 0.0 165.549
2.4731187564 0.9897348579396844 0.0 165.732
2.47045714956 0.9895973412016348 0.0 165.915
2.46747622008 0.989535757017914 0.0 166.098
2.46505498248 0.9895022085893046 0.0 166.279
2.46167226792 0.9894147916380196 0.0 166.462
2.46015109908 0.9893126198199644 0.0 166.642
2.4561174576 0.989297296726062 0.0 166.822
2.4551963346 0.9894061781502088 0.0 167.005
2.4508644247199998 0.9893664474513828 0.0 167.187
2.44969415988 0.9894498233701736 0.0 167.367
2.44579035288 0.989275902006776 0.0 167.548
2.4440375874 0.989150278902708 0.0 167.73
2.44359544836 0.9892455067466444 0.0 167.911
2.44332349776 0.9893025505573309 0.0 168.09
2.44327261668 0.989341625572582 0.0 168.273
2.44310242824 0.9893780346966138 0.0 168.45
2.4430620742799998 0.989438285274936 0.0 168.632
2.44295680308 0.9894570970317595 0.0 168.813
2.4429410124 0.9893562895155096 0.0 168.995
2.44284977736 0.98923518104415 0.0 169.173
2.44270766124 0.9891926736739316 0.0 169.352
2.4427708239599997 0.9892138180105436 0.0 169.534
2.44271643384 0.9892738740305425 0.0 169.715
2.44274450616 0.9894946960772266 0.0 169.897
2.44270590672 0.9896157797454964 0.0 170.081
2.44263923496 0.9897179782581208 0.0 170.261
2.4426602892 0.9898001088805362 0.0 170.443
2.4426848524800002 0.989800449211232 0.0 170.626
2.4426848524800002 0.989861258347704 0.0 170.806
