X_channel Y_channel II_channel timestamp
2.44283749572 0.9917692850793992 0.0 0.542
2.44283223216 0.9913877059546434 0.0 0.722
2.4428708316 0.9912662094537804 0.0 0.904
2.44290767652 0.9913671140863136 0.0 1.085
2.44284275928 0.9914685236990916 0.0 1.268
2.44328840736 0.9913854422716862 0.0 1.448
2.4459675594 0.9913923648758256 0.0 1.63
2.44623600096 0.9915914353227192 0.0 1.811
2.45000470992 0.9916124060178724 0.0 1.994
2.4511258482 0.99162705819667 0.0 2.173
2.45468927832 0.991649804684441 0.0 2.355
2.45649994296 0.9916812500510064 0.0 2.536
2.4590615421599997 0.9916887516952584 0.0 2.717
2.46175648488 0.9915945134003872 0.0 2.9
2.46331449864 0.9915463503659604 0.0 3.08
2.46683932932 0.9915288583248784 0.0 3.262
2.46791485008 0.9916245959497004 0.0 3.443
2.47193094636 0.991665308586558 0.0 3.623
2.47273802556 0.9915198017811206 0.0 3.805
2.47672780404 0.991500003937426 0.0 3.986
2.47794894996 0.9917357539001156 0.0 4.168
2.481286047 0.991919558896954 0.0 4.348
2.48330725404 0.9918690988656094 0.0 4.529
2.48571796452 0.9919581986939916 0.0 4.713
2.48865152196 0.9920649135680372 0.0 4.892
2.4902516442000002 0.9920771824075036 0.0 5.074
2.4939712266 0.992117584923866 0.0 5.255
2.49502569312 0.9921722285282876 0.0 5.437
2.4990681072 0.9920915231214428 0.0 5.618
2.49988220448 0.9921885402212092 0.0 5.8
2.50376495724 0.9922501083982792 0.0 5.981
2.50529314416 0.9923031543526042 0.0 6.165
2.50863199572 0.9923666615125516 0.0 6.348
2.5107356652 0.9923360050423032 0.0 6.53
2.51332709124 0.9922632645842444 0.0 6.717
2.51614485036 0.9922694848221888 0.0 6.901
2.51771690028 0.9924410428461592 0.0 7.085
2.52134524764 0.9926647825680224 0.0 7.269
2.52271201872 0.9927572729462264 0.0 7.453
2.52667898844 0.9927375686410516 0.0 7.635
2.52752291256 0.9927333768928626 0.0 7.813
2.53173025152 0.9926526119875112 0.0 7.998
2.53284963528 0.9924467369819644 0.0 8.179
2.53615866 0.9922097862495424 0.0 8.359
2.53808336844 0.9920797424830164 0.0 8.542
2.5408186651199998 0.992005543487056 0.0 8.722
2.54350308072 0.9920326355935112 0.0 8.903
2.54549796996 0.9921237705230056 0.0 9.084
2.54896139244 0.9923061220587616 0.0 9.265
2.54986321572 0.9924228852029884 0.0 9.447
2.55409511796 0.9924624936467706 0.0 9.624
2.5549495691999997 0.9925769625429798 0.0 9.805
2.558923557 0.9926582589249976 0.0 9.983
2.5603008552 0.9927726532887888 0.0 10.163
2.56292035356 0.9928202602105908 0.0 10.345
2.5656223143599997 0.9928666986299112 0.0 10.526
2.56815584124 0.9929331669598316 0.0 10.716
2.57106308088 0.992800025474305 0.0 10.893
2.57276847432 0.992690534434375 0.0 11.075
2.5764599844 0.9928128743938428 0.0 11.256
2.5774688334 0.9929071159066988 0.0 11.439
2.58159546444 0.9927873715685692 0.0 11.619
2.58264115836 0.9928215753558548 0.0 11.799
2.5864958388 0.99302390833831 0.0 11.98
2.58801525312 0.9930365643714396 0.0 12.162
2.5912383063599997 0.9928993408966044 0.0 12.343
2.59343321088 0.9928682384154736 0.0 12.525
2.59553688036 0.9928577917259026 0.0 12.707
2.59882309632 0.992801069578473 0.0 12.888
2.60024776656 0.9927939954014808 0.0 13.074
2.6040199845600003 0.992775265000972 0.0 13.253
2.60504813328 0.9927701600004226 0.0 13.435
2.6092431906 0.9927493310969078 0.0 13.617
2.6102029130399997 0.9927445660962816 0.0 13.798
2.61341193012 0.9927892344781644 0.0 13.978
2.61550507248 0.9929000421585572 0.0 14.158
2.61866847204 0.993023207294686 0.0 14.343
2.62108093704 0.9931324236551364 0.0 14.525
2.62315127064 0.9931019419283984 0.0 14.705
2.62646906796 0.9929448295746744 0.0 14.886
2.62806392664 0.9927366899836976 0.0 15.068
2.63195896104 0.9927981470781272 0.0 15.25
2.6326923503999997 0.9929139285062842 0.0 15.429
2.6369295162 0.992993122345222 0.0 15.607
2.6380471454400003 0.9930481660339252 0.0 15.79
2.64186849 0.9931705720621506 0.0 15.97
2.64346334868 0.9931828487957336 0.0 16.153
2.64634427052 0.993128147576557 0.0 16.329
2.64882691632 0.992974442267194 0.0 16.508
2.6505428368799997 0.9928447435526722 0.0 16.692
2.65424838312 0.9928869362561952 0.0 16.878
2.65576253388 0.9929803990614864 0.0 17.059
2.65954878804 0.9930423830155706 0.0 17.243
2.6653176498 0.992852180128724 0.0 17.682
2.6668844361599997 0.9930455936497 0.0 17.863
2.67072332592 0.993226711325202 0.0 18.043
2.67191289048 0.9932208041465824 0.0 18.227
2.6760114492 0.9930002796230432 0.0 18.409
2.67698871684 0.9927740530582068 0.0 18.586
2.68069777212 0.9927152568044582 0.0 18.765
2.68246106472 0.992767085387384 0.0 18.944
2.68532970492 0.9927932337203448 0.0 19.127
2.68793165808 0.9927803195295812 0.0 19.312
2.68988794788 0.992932150371804 0.0 19.492
2.6933864607599998 0.992934976532084 0.0 19.675
2.69487078468 0.9929470434610684 0.0 19.861
2.69875704648 0.9930673276084464 0.0 20.049
2.69952552624 0.9932654281414638 0.0 20.231
2.7037504104 0.9932646417219376 0.0 20.412
2.70497506536 0.9932989430702373 0.0 20.593
2.70889290852 0.9932794898982632 0.0 20.772
2.7104333770799998 0.993251650803005 0.0 20.954
2.7137073114 0.9931344453701222 0.0 21.139
2.7160425775199997 0.9930824726911996 0.0 21.323
2.71826555436 0.9931521965692278 0.0 21.506
2.7219728551199998 0.993214549873404 0.0 21.81
2.7262082664 0.993072390330902 0.0 21.997
2.72738554932 0.9929857917024956 0.0 22.174
2.7307963362 0.9930092401928114 0.0 22.357
2.73278245284 0.993019570826507 0.0 22.537
2.7354896772 0.992905194657386 0.0 22.717
2.73840042588 0.992731015221426 0.0 22.896
2.7398724681599997 0.9927237114355684 0.0 23.078
2.74368504012 0.9927837772347258 0.0 23.257
2.74486056852 0.992979814273988 0.0 23.439
2.74898018148 0.9931190961075176 0.0 23.621
2.7498732321599997 0.9932148389471284 0.0 23.802
2.7540472352400003 0.9932748645090216 0.0 23.986
2.7554087427600003 0.993288291898454 0.0 24.167
2.7584984524799996 0.9932729546050844 0.0 24.349
2.7607617832800004 0.9932617197503644 0.0 24.531
2.76333917316 0.9933894651194732 0.0 24.712
2.7663025574400004 0.9936152055948144 0.0 24.894
2.76748510392 0.9936497031680964 0.0 25.075
2.77145558268 0.9936299878498326 0.0 25.258
2.77275392748 0.9936235411192142 0.0 25.439
2.77697881164 0.9935016449950134 0.0 25.622
2.7778174721999997 0.9934167467824504 0.0 25.803
2.7819914752800003 0.9933960268189928 0.0 25.985
2.7834933443999996 0.9933280224309086 0.0 26.164
2.78649181908 0.9933333222934704 0.0 26.345
2.78897095584 0.9933613822536184 0.0 26.527
2.79132552168 0.993309330682088 0.0 26.711
2.79441698592 0.9932352070917247 0.0 26.895
2.7959451728399998 0.9932081980018392 0.0 27.077
2.79977879904 0.9933481022071822 0.0 27.258
2.8008192294 0.9934842076415636 0.0 27.44
2.8049914779600003 0.9935038591888172 0.0 27.621
2.8060740168000002 0.9936170478131732 0.0 27.803
2.80995676956 0.9936583136776352 0.0 27.985
2.8114481115600003 0.9935104047907096 0.0 28.166
2.81463958344 0.993355069411226 0.0 28.346
2.8170309942 0.99328266204225 0.0 28.523
2.8191276456 0.9932722574936584 0.0 28.702
2.82240508896 0.9932963520649756 0.0 28.882
2.82374905128 0.9932089666777276 0.0 29.067
2.82771777552 0.9930101890748088 0.0 29.248
2.82877048752 0.9928637171040487 0.0 29.431
2.8330146714 0.9927821315899384 0.0 29.611
2.83410773736 0.992716933172285 0.0 29.792
2.83728868212 0.992581857882303 0.0 29.973
2.8395134134799997 0.9926111815216716 0.0 30.153
2.8423908262799995 0.9927356316478584 0.0 30.334
2.84514366816 0.992843041273638 0.0 30.517
2.8471069760399996 0.9928333041101546 0.0 30.7
2.85057390756 0.9929169916789802 0.0 30.881
2.85186874332 0.9929693326723066 0.0 31.063
2.85589536672 0.9930293072243211 0.0 31.244
2.85677438124 0.9931056498575398 0.0 31.425
2.86108348236 0.9931851507044588 0.0 31.604
2.86227480144 0.9931388904067951 0.0 31.785
2.8660733372399996 0.9931603969861612 0.0 31.967
2.8677383767199998 0.9933311867933547 0.0 32.147
2.8706807067599995 0.9933771115220116 0.0 32.327
2.87336512236 0.993323444515773 0.0 32.509
2.87477400192 0.9933164546635804 0.0 32.69
2.8786479820800004 0.9933375822324508 0.0 32.872
2.8798586008799996 0.9932710559725942 0.0 33.053
2.88406593984 0.9930913223055674 0.0 33.233
2.8848958278 0.9930872061656052 0.0 33.419
2.88879437124 0.9931863835821204 0.0 33.606
2.8904383564800002 0.9931580567655364 0.0 33.787
2.8941965383199997 0.9932201039614924 0.0 33.964
2.89585105068 0.9932925841985152 0.0 34.148
2.8984494948 0.9932393515137328 0.0 34.332
2.9014304242799995 0.993044789726038 0.0 34.514
2.90352181212 0.9928536357151652 0.0 34.693
2.90681153712 0.9929381780445928 0.0 34.873
2.9081905898400002 0.993012022020246 0.0 35.054
2.9122680943200003 0.9929312921816976 0.0 35.234
2.9131155274799996 0.9928262402027856 0.0 35.416
2.9174421738 0.9927846202142672 0.0 35.6
2.91841944144 0.9927999448808376 0.0 35.783
2.9222460495600004 0.992941570933368 0.0 35.964
2.92414619472 0.9930513983788596 0.0 36.146
2.92649900604 0.9931607436399718 0.0 36.327
2.92963257876 0.9931048671912062 0.0 36.511
2.9318731008 0.9928736722400736 0.0 36.694
2.93513475348 0.9928179231485504 0.0 36.878
2.9365331059199997 0.9928109911933422 0.0 37.059
2.94055446576 0.9927910569255916 0.0 37.237
2.9414808523200002 0.992826799173053 0.0 37.421
2.94561450144 0.9928844546027078 0.0 37.602
2.94669704028 0.9929597546628064 0.0 37.783
2.95047627636 0.9930216837666096 0.0 37.963
2.9522606232 0.9930330033028316 0.0 38.145
2.95488713964 0.9930804788609364 0.0 38.325
2.9578101699599997 0.9930256554007808 0.0 38.504
2.95961381652 0.992996548134 0.0 38.684
2.9632825178399997 0.9929581957277904 0.0 38.869
2.96435979312 0.992831866270506 0.0 39.051
2.96849519676 0.9927710402234272 0.0 39.228
2.9694198288 0.9928874436650164 0.0 39.411
2.9735692686 0.9930281877396678 0.0 39.591
2.9748500682000003 0.9930420021922112 0.0 39.771
2.97830822712 0.9930248590084222 0.0 39.952
2.98035575196 0.9929743825674426 0.0 40.134
2.98281032544 0.9929622155750296 0.0 40.316
2.98588248996 0.9929671503772598 0.0 40.497
2.9876756094 0.9928776123637892 0.0 40.68
2.9913618559199997 0.9928391805542848 0.0 40.86
2.99258300184 0.9928936146656466 0.0 41.041
2.99672542356 0.9930326129869196 0.0 41.223
2.9976114561599996 0.993028221108784 0.0 41.403
3.0015626352 0.9929095949484886 0.0 41.586
3.0031434577200002 0.9928614384221336 0.0 41.766
3.0062945756399997 0.99270469790439 0.0 41.949
3.00870177708 0.9925919685401126 0.0 42.129
3.0112037226 0.9923804918572492 0.0 42.312
3.01414956168 0.9923054212049984 0.0 42.492
3.01567423956 0.9924785511561028 0.0 42.672
3.01959734628 0.9925379913727824 0.0 42.855
3.0206939212799995 0.9926736735261448 0.0 43.037
3.02492757804 0.992733333667388 0.0 43.22
3.0257943109200003 0.9927895153759944 0.0 43.402
3.02986655184 0.992868365795444 0.0 43.581
3.03133859412 0.9928217632974572 0.0 43.761
3.03435812304 0.9927269267135213 0.0 43.943
3.0367407612 0.9927949967995764 0.0 44.128
3.0392198979600002 0.9927633123050194 0.0 44.308
3.0422025819600003 0.9927686920869976 0.0 44.491
3.04337811036 0.992702397401508 0.0 44.671
3.0475661496 0.992641337275738 0.0 44.854
3.0487188692399996 0.9926557835620292 0.0 45.037
3.0530244613199997 0.9927536276078894 0.0 45.217
3.0540140106 0.9927295773335748 0.0 45.396
3.05781780996 0.9926107126771756 0.0 45.577
3.05951618532 0.9925015239509788 0.0 45.76
3.06243746112 0.992507211212462 0.0 45.94
3.0650236236 0.9925347126952426 0.0 46.123
3.0671676470400002 0.9924636306969268 0.0 46.303
3.0704626355999998 0.9925077759641554 0.0 46.489
3.07195748664 0.9925003729638784 0.0 46.67
3.0759735829199997 0.9924200235827944 0.0 46.853
3.0767964528 0.9921758698179748 0.0 47.033
3.0812178432 0.9920942783954864 0.0 47.215
3.08220563796 0.9921095417953768 0.0 47.396
3.0859287293999995 0.9921893565416086 0.0 47.578
3.0876832494000004 0.9921806710432948 0.0 47.759
3.09075190488 0.9921654804722988 0.0 47.942
3.09325209588 0.992153104278908 0.0 48.125
3.09499257972 0.9921646406083882 0.0 48.306
3.09860864544 0.9923281033792816 0.0 48.489
3.1002578942400003 0.9924206943086704 0.0 48.673
3.1041178382399996 0.992361281729416 0.0 48.853
3.10514774148 0.9922957308211726 0.0 49.037
3.1092480547199997 0.9921948316927034 0.0 49.217
3.1104113014799997 0.9920296356500364 0.0 49.395
3.1145344234800003 0.992148515897054 0.0 49.576
3.1159152307199998 0.9922222800997768 0.0 49.758
3.11883826104 0.9921876625107624 0.0 49.942
3.1214524958400003 0.99217472332044 0.0 50.122
3.12372284472 0.9922239329519728 0.0 50.301
3.1269125620800002 0.992107402725414 0.0 50.482
3.12846882132 0.9919788107939728 0.0 50.665
3.13228490232 0.9919020026432224 0.0 50.845
3.1332042708 0.9918370101721063 0.0 51.027
3.13736599224 0.9918761074270048 0.0 51.207
3.138573102 0.9919288143179488 0.0 51.384
3.14198915244 0.991892521194126 0.0 51.565
3.1441858114800003 0.991843122569382 0.0 51.747
3.1461578919599997 0.9918718966412632 0.0 51.929
3.1494476169600003 0.9919757435222486 0.0 52.108
3.15176884692 0.9919844047622453 0.0 52.29
3.15514980696 0.991747837288376 0.0 52.472
3.1565481593999998 0.9916208026929634 0.0 52.653
3.16056776472 0.9915606325998452 0.0 52.836
3.161425725 0.9913776024327284 0.0 53.016
3.16566113628 0.9912559378795528 0.0 53.199
3.1668594734399997 0.9911694356376622 0.0 53.381
3.17058607392 0.9910704377524252 0.0 53.562
3.17242130184 0.9911016546679834 0.0 53.752
3.1752162522000003 0.9910281643003052 0.0 53.932
3.17791470396 0.9908957298998184 0.0 54.113
3.1800008282400003 0.9906839893379448 0.0 54.297
3.1833554704799996 0.9905667015986562 0.0 54.476
3.18440291892 0.9906018127922168 0.0 54.659
3.18845059656 0.9906825290758968 0.0 54.842
3.1895717348400003 0.9907172747075668 0.0 55.023
3.19389662664 0.9906959080421414 0.0 55.207
3.1950072378 0.9906904213351972 0.0 55.386
3.1985829495600004 0.9906526155000356 0.0 55.568
3.20061643824 0.9905821469559608 0.0 55.749
3.2025604464 0.9904333205053124 0.0 55.928
3.20642389944 0.9901136429638704 0.0 56.108
3.20732572272 0.989828986921991 0.0 56.291
3.21046982256 0.9896548656650448 0.0 56.471
3.21324898224 0.9895807320739948 0.0 56.651
3.2154561684000003 0.9893483056694122 0.0 56.834
3.21718086156 0.9891409208236018 0.0 57.014
3.2187020304 0.9891132792524464 0.0 57.195
3.2199477396 0.9891675532004132 0.0 57.378
3.22087237164 0.9889817413122856 0.0 57.557
3.22186367544 0.9887175639391366 0.0 57.74
3.22390593672 0.9886068024264874 0.0 57.922
3.2335452696 0.9884593573691902 0.0 58.107
3.2375543478 0.988320538059219 0.0 58.287
3.23917552428 0.9882118638442368 0.0 58.468
3.24299686884 0.9880118056432488 0.0 58.65
3.24435837636 0.9878867961529396 0.0 58.836
3.24850606164 0.987826096478602 0.0 59.017
3.24952543776 0.987680123118694 0.0 59.199
3.2537485674 0.9874806244405856 0.0 59.376
3.2550258579599998 0.9873535228279716 0.0 59.558
3.2581225857600002 0.9873382806015448 0.0 59.739
3.26063681292 0.98750636642146 0.0 59.919
3.26291768892 0.9875940508128376 0.0 60.102
3.26612144244 0.9874984955364636 0.0 60.282
3.2674618957199995 0.987292314968909 0.0 60.465
3.2714341289999997 0.9872526319854132 0.0 60.647
3.2727763368000002 0.9871259786206896 0.0 60.829
3.27687138648 0.9868257225816376 0.0 61.01
3.27790128972 0.9865010397594914 0.0 61.192
3.28168754388 0.9862627209846114 0.0 61.376
3.28347364524 0.9862740733222384 0.0 61.564
3.28635105804 0.986338696430764 0.0 61.746
3.28891441176 0.9863462266335286 0.0 61.926
3.29146372932 0.986253920693414 0.0 62.108
3.2944007957999997 0.9860399276975697 0.0 62.289
3.2958974013599995 0.9857122294582932 0.0 62.472
3.29931871536 0.9852759373194124 0.0 62.652
3.30099954552 0.9849481033653612 0.0 62.832
3.3036979972800005 0.9847738108104624 0.0 63.014
3.3062560874399995 0.9846422341291384 0.0 63.191
3.3089808570000003 0.9846479866273408 0.0 63.37
3.3112950688800002 0.9844974816360068 0.0 63.551
3.3138408774 0.98420493582361 0.0 63.731
3.31649195712 0.983951133707492 0.0 63.916
3.319157073 0.9838978066681632 0.0 64.096
3.32152918404 0.9838257886835392 0.0 64.279
3.3240609564 0.9836749909105924 0.0 64.458
3.3267980076 0.9835005463241624 0.0 64.64
3.32919994548 0.9832698800675808 0.0 64.823
3.331789617 0.98287551499794 0.0 65.004
3.33439683372 0.9823806874339176 0.0 65.186
3.3369514148399997 0.982127407685394 0.0 65.367
3.33935510724 0.9819966420636028 0.0 65.545
3.3419254790399995 0.9818640577257056 0.0 65.728
3.34438005252 0.9817312885091504 0.0 65.907
3.34710131304 0.9816374709243604 0.0 66.088
3.3495155325600003 0.9814664139843078 0.0 66.273
3.35198589672 0.981114708170524 0.0 66.456
3.354554514 0.980861398134574 0.0 66.636
3.35720734824 0.9807100710007328 0.0 66.818
3.35986720056 0.9804160767946336 0.0 67.002
3.3624323088000003 0.980104189122476 0.0 67.185
3.36512725152 0.9798311701155464 0.0 67.37
3.36770288688 0.9796382318404484 0.0 67.553
3.3701135973599996 0.9794269854457608 0.0 67.735
3.3724313182800003 0.9791950677405238 0.0 67.914
3.37515433332 0.9786822154009172 0.0 68.092
3.3776650514399997 0.9782104067029064 0.0 68.275
3.3803301673200004 0.9779182107096522 0.0 68.457
3.3827900043600003 0.9775256535792952 0.0 68.639
3.3852849318 0.9772141801307268 0.0 68.822
3.38789741208 0.97678140846421 0.0 69.002
3.3906063909599995 0.9762289556233924 0.0 69.185
3.39315570852 0.975756271731765 0.0 69.365
3.39566642664 0.9755244911905528 0.0 69.551
3.39822627132 0.9753510809746208 0.0 69.731
3.40080190668 0.9750392664894494 0.0 69.913
3.40304418324 0.9746292292355316 0.0 70.093
3.40581807936 0.9742352326695948 0.0 70.273
3.40834283364 0.9738633303610392 0.0 70.454
3.4108553062799998 0.9734914969636776 0.0 70.638
3.4134642775199997 0.9729992411240824 0.0 70.822
3.4159276235999996 0.9724878355134314 0.0 71.005
3.4186576567199998 0.972094860679337 0.0 71.188
3.42122276496 0.9718022836794236 0.0 71.37
3.42336854292 0.9713729239237066 0.0 71.551
3.4262424466800003 0.9707788527867408 0.0 71.735
3.42888299928 0.9702865172966862 0.0 71.914
3.43134634536 0.9698948860735112 0.0 72.094
3.43347633264 0.969365055894924 0.0 72.274
3.4364642801999996 0.9688703259357512 0.0 72.457
3.43767840804 0.9683849204445012 0.0 72.637
3.44172608568 0.967946212013854 0.0 72.816
3.4426665084 0.9674020446634072 0.0 72.999
3.44684577504 0.9667824399815907 0.0 73.182
3.44816166504 0.966196252585502 0.0 73.363
3.45148998948 0.9656411298181056 0.0 73.545
3.4534796151599996 0.9651120725608642 0.0 73.729
3.45594471576 0.9644404361626692 0.0 73.906
3.4590186348 0.9637266695261318 0.0 74.089
3.46040295108 0.9630202735378952 0.0 74.273
3.46432956684 0.9624223917489964 0.0 74.455
3.46573669188 0.9617760062933566 0.0 74.636
3.46968962544 0.9612577409180928 0.0 74.819
3.4704440690399996 0.9607143189991818 0.0 74.998
3.4737601118400003 0.9600993177146466 0.0 75.179
3.4758444816 0.9594497431721928 0.0 75.358
3.47907806196 0.9586549087229193 0.0 75.538
3.4814484184800003 0.9576447347859532 0.0 75.72
3.4839591366000002 0.9567334738623636 0.0 75.901
3.48684005844 0.9561005388711928 0.0 76.084
3.48847878012 0.9553528585741918 0.0 76.267
3.4923896051999996 0.9546957040220512 0.0 76.452
3.4935493429199997 0.9538512807544208 0.0 76.634
3.4975303488000002 0.9528921690757804 0.0 76.811
3.4985970969599998 0.9517885325376706 0.0 76.995
3.50249213136 0.9507921850546855 0.0 77.178
3.50401154568 0.949905150110812 0.0 77.359
3.5073047797199997 0.9491512737299778 0.0 77.544
3.50953652916 0.9483808159397764 0.0 77.727
3.51161212632 0.947432636496933 0.0 77.911
3.5148386886 0.9465182666890224 0.0 78.09
3.5166353170799995 0.9455503299362584 0.0 78.274
3.52033384524 0.9447345901738876 0.0 78.451
3.52139006628 0.9437098479208652 0.0 78.633
3.52551845184 0.942871783661938 0.0 78.812
3.52655361864 0.9420284035014148 0.0 78.992
3.53040479004 0.9411514781788676 0.0 79.173
3.53198385804 0.9400859027907482 0.0 79.353
3.534963033 0.9390924700464393 0.0 79.536
3.537375498 0.9383221399737874 0.0 79.716
3.5394896946 0.9373933688549012 0.0 79.897
3.5427425746799996 0.9363786305076222 0.0 80.079
3.5442532163999996 0.935212943436456 0.0 80.261
3.54814298724 0.9341568494834476 0.0 80.442
3.5491606088400003 0.9331744555958884 0.0 80.625
3.5533504026 0.9322954732595484 0.0 80.81
3.55442592336 0.9312726345966552 0.0 80.995
3.55837534788 0.9301158680293016 0.0 81.176
3.55993336164 0.9290883221218388 0.0 81.356
3.5624914518 0.9280787902694044 0.0 81.539
3.5652179758799996 0.9272268302184734 0.0 81.721
3.56756026008 0.9263975232273656 0.0 81.901
3.5707113780000004 0.9255446566907776 0.0 82.082
3.57227640984 0.9245983462938652 0.0 82.264
3.57612056316 0.9242414099997288 0.0 82.448
3.57720661104 0.9238368599936272 0.0 82.632
3.5814051773999998 0.923338351421108 0.0 82.816
3.5823578817599997 0.9225750912888244 0.0 82.995
3.5862090531599997 0.921858848130144 0.0 83.175
3.5879144466 0.9209715491119016 0.0 83.355
3.59074975092 0.9200406461087348 0.0 83.538
3.59324116932 0.9194294524977652 0.0 83.72
3.5954202831599997 0.9189807656050016 0.0 83.905
3.5986450909200003 0.918586606919331 0.0 84.087
3.60004344336 0.9179812027041196 0.0 84.266
3.60399637692 0.917464145248708 0.0 84.449
3.6049911897599998 0.9171395016149771 0.0 84.632
3.6091265934 0.9167412370467208 0.0 84.808
3.61022667744 0.916356830063918 0.0 84.99
3.6139936318799997 0.9161002153343134 0.0 85.17
3.61552357332 0.9159130988501166 0.0 85.355
3.6182150070000003 0.9156413005089196 0.0 85.534
3.6210099573599996 0.915568268949944 0.0 85.714
3.62309081808 0.915479147426475 0.0 85.897
3.6264437058000003 0.9154832184869728 0.0 86.08
3.627733278 0.9154773440090398 0.0 86.259
3.63171252936 0.9154994133181928 0.0 86.443
3.63264944304 0.9156157321800904 0.0 86.623
3.6366901026000003 0.9156174210381264 0.0 86.802
3.6379884473999997 0.9157112387330104 0.0 86.979
3.64152205068 0.915914446558314 0.0 87.161
3.64342395036 0.9163052017290804 0.0 87.346
3.6460364306399997 0.9165326904530224 0.0 87.526
3.64874540952 0.9167599843116124 0.0 87.708
3.65048764788 0.917211734056114 0.0 87.887
3.65405809608 0.9176943155994832 0.0 88.068
3.65545293948 0.9182666981770377 0.0 88.249
3.65943219084 0.9187272853354136 0.0 88.43
3.6603498048 0.9191425749632957 0.0 88.61
3.66386235384 0.9195459894328044 0.0 88.791
3.6655923105599997 0.920056513708312 0.0 88.972
3.66896976156 0.9205810853580244 0.0 89.154
3.67112080308 0.9212694991372878 0.0 89.335
3.67360871244 0.922056821666852 0.0 89.517
3.6764562983999998 0.9227018195084598 0.0 89.697
3.6784389060000002 0.9235506998089016 0.0 89.879
3.68180933892 0.924274633408508 0.0 90.056
3.6829813582799997 0.9251071132075216 0.0 90.238
3.6869658732 0.925927633445423 0.0 90.418
3.6879659496 0.9266606647150668 0.0 90.601
3.69201538176 0.9274012202855316 0.0 90.781
3.69344707008 0.9282728752200602 0.0 90.958
3.696642051 0.9289369610144248 0.0 91.14
3.6987755473199995 0.9295649981834334 0.0 91.317
3.7006985012399998 0.9302351827295328 0.0 91.497
3.7040250711600002 0.9310575714998394 0.0 91.676
3.7054427233200005 0.932009575497308 0.0 91.856
3.7094044294799997 0.9327890394560778 0.0 92.038
3.71023256292 0.9336631323640836 0.0 92.221
3.71388196452 0.9344648397202112 0.0 92.401
3.7156084122 0.935355067809477 0.0 92.582
3.7192999222800003 0.936315482293586 0.0 92.76
3.72107023296 0.9373654244293692 0.0 92.939
3.723793248 0.9384508278469396 0.0 93.117
3.72641800992 0.9394555539396484 0.0 93.299
3.7283883358799996 0.9402842784162798 0.0 93.48
3.731820177 0.9409662841215716 0.0 93.664
3.7331588757599996 0.9417585077450292 0.0 93.843
3.73702759236 0.942419090397299 0.0 94.026
3.73795748796 0.9433128845501868 0.0 94.207
3.74215780884 0.9441910626711288 0.0 94.39
3.7433157920399998 0.944963233367344 0.0 94.573
3.7468739586 0.9458252920106202 0.0 94.757
3.74873901336 0.9467337058445476 0.0 94.939
3.7511514783599997 0.9476003555377096 0.0 95.122
3.75408152676 0.9482651929918224 0.0 95.303
3.75610624284 0.948953615399812 0.0 95.483
3.7593082418400003 0.9497168051030171 0.0 95.667
3.7608276561599996 0.9505875948185152 0.0 95.85
3.76470514536 0.951327460494438 0.0 96.032
3.7655508239999995 0.9521218197674708 0.0 96.213
3.76965815532 0.9528404653795232 0.0 96.393
3.77086175604 0.9534932667301388 0.0 96.575
3.77438307768 0.9541353153707904 0.0 96.755
3.77625515052 0.9547841669755972 0.0 96.938
3.7787500779600003 0.9555103803909724 0.0 97.115
3.7814643204 0.9561559544311627 0.0 97.295
3.7834521915600003 0.9568852975349174 0.0 97.477
3.7868577148799996 0.9575277978897946 0.0 97.658
3.78804026136 0.9582591875736624 0.0 97.837
3.79208442996 0.9589588508741592 0.0 98.023
3.7930915244400003 0.959651890837505 0.0 98.202
3.797132184 0.9601913764070216 0.0 98.38
3.80300807148 0.961439460530232 0.0 98.829
3.80409236484 0.9619337845216348 0.0 99.009
3.80821724136 0.9625516068058292 0.0 99.19
3.8095050590399997 0.9631644143774404 0.0 99.372
3.81303515328 0.963685649658062 0.0 99.554
3.8148826628399997 0.9641762786400772 0.0 99.732
3.8174319804000003 0.964742093460212 0.0 99.915
3.82009183272 0.9654077588972342 0.0 100.097
3.8221218123600003 0.9659762882851096 0.0 100.278
3.8254080283199996 0.9663796478586116 0.0 100.461
3.82678006296 0.966851424871992 0.0 100.641
3.83070667872 0.9672910847956177 0.0 100.824
3.83156639352 0.9678057145837392 0.0 101.004
3.83566670676 0.9682442584581104 0.0 101.188
3.83699663292 0.9686971279401208 0.0 101.367
3.8400565158 0.9691609818698864 0.0 101.548
3.84226896552 0.9695887522772352 0.0 101.732
3.84484284636 0.9699359699523572 0.0 101.913
3.8476132334399997 0.9702413255168232 0.0 102.093
3.84944846136 0.9705712600622396 0.0 102.274
3.85284345756 0.9709338131996894 0.0 102.454
3.85405583088 0.9713470424239904 0.0 102.636
3.85798595568 0.9717664627640346 0.0 102.817
3.85908253068 0.9722404614931884 0.0 103.002
3.86314950804 0.972699090952984 0.0 103.184
3.864461889 0.9732314997851148 0.0 103.367
3.8677919679599997 0.973734062527706 0.0 103.547
3.8698482653999995 0.97422245110588 0.0 103.73
3.87222213096 0.9744904861139416 0.0 103.913
3.87506620788 0.9745753236925432 0.0 104.094
3.8768523092400002 0.9748268744895774 0.0 104.276
3.8808824416800003 0.9754454210975902 0.0 104.581
3.88466167776 0.9757256815213328 0.0 104.765
3.8862793451999997 0.9759770234175436 0.0 104.945
3.8887725181199997 0.9762444370317748 0.0 105.122
3.8915411506799997 0.9766098634417126 0.0 105.304
3.89353253088 0.976979053300577 0.0 105.485
3.89684331012 0.9774010386089812 0.0 105.668
3.8981784998399998 0.9778336130423082 0.0 105.849
3.9019682630399997 0.978114756909019 0.0 106.031
3.90295079424 0.9783290041538524 0.0 106.212
3.9069598724400003 0.978449254922771 0.0 106.395
3.90831787092 0.9785813882432916 0.0 106.575
3.9117023399999997 0.978705420916678 0.0 106.757
3.9135270408 0.9789348756507582 0.0 106.938
3.9162061928400003 0.9792010606783622 0.0 107.118
3.91884674544 0.9793480145896972 0.0 107.3
3.92058372024 0.9795395002738246 0.0 107.481
3.92405766984 0.9798025512194256 0.0 107.662
3.92532092424 0.98007911752841 0.0 107.842
3.9293615838 0.9801372057766496 0.0 108.022
3.9302879703599998 0.9803928270292618 0.0 108.206
3.9341075604 0.9807730676569638 0.0 108.384
3.93557433912 0.981065177789716 0.0 108.564
3.93851491464 0.9814288620070288 0.0 108.747
3.9408010542 0.981757098712052 0.0 108.929
3.94317667428 0.9820841388700462 0.0 109.111
3.9461207588400002 0.9821701070839982 0.0 109.293
3.94728926916 0.9823625609892696 0.0 109.47
3.95111412276 0.982683260882577 0.0 109.656
3.95235105936 0.9830760317545074 0.0 109.836
3.95637417372 0.9832362208769996 0.0 110.017
3.95747074872 0.9831706685499004 0.0 110.199
3.9612324396000003 0.9832719337320404 0.0 110.381
3.9627922078799998 0.9833829483675608 0.0 110.562
3.96572927436 0.9834889880458716 0.0 110.749
3.96807331308 0.9837366167571736 0.0 110.933
3.9704296334399998 0.9840436195112836 0.0 111.114
3.9732263383200004 0.984249898325858 0.0 111.296
3.9752036823599997 0.9845386770371234 0.0 111.477
3.9786074511600003 0.9846825372213588 0.0 111.658
3.9796619176799997 0.984836129446628 0.0 111.84
3.98360958768 0.9849364424814332 0.0 112.02
3.98466580872 0.9850709614463518 0.0 112.202
3.9882660837599997 0.9851117772830952 0.0 112.383
3.99000481308 0.9851032696540238 0.0 112.565
3.992936616 0.9851089864687588 0.0 112.746
3.99523679172 0.9853184096987636 0.0 112.928
3.99692639448 0.9854480634022514 0.0 113.109
4.00030209096 0.985471663483317 0.0 113.291
4.001868877320001 0.9856244824115402 0.0 113.475
4.00574110296 0.9859039280404568 0.0 113.656
4.006797324 0.986237276427004 0.0 113.838
4.01068007676 0.9862984985875588 0.0 114.024
4.0118678868 0.9862325003890032 0.0 114.209
4.01580152064 0.9862132336303938 0.0 114.388
4.01704196628 0.9863869408414544 0.0 114.57
4.02048608904 0.9866090233884414 0.0 114.751
4.02247220568 0.986819187732514 0.0 114.932
4.02488467068 0.9869460205487596 0.0 115.115
4.02760066764 0.987231829539396 0.0 115.3
4.0295797662 0.9873417237909772 0.0 115.481
4.03282913724 0.9873859655596038 0.0 115.665
4.03393448484 0.9874991372438724 0.0 115.849
4.03780320144 0.98746010881496 0.0 116.028
4.03869976116 0.9871774177899992 0.0 116.21
4.0426105862399995 0.9870196036967992 0.0 116.391
4.043993148 0.9869927707647168 0.0 116.573
4.0465021116 0.9869804743773688 0.0 116.754
4.04913038256 0.986847256152462 0.0 116.937
4.05185164308 0.9868138656525968 0.0 117.117
4.05451851348 0.986961243887143 0.0 117.297
4.0564677852 0.9870502140096652 0.0 117.48
4.05985225428 0.9871732610594758 0.0 117.662
4.06095760188 0.987268118481561 0.0 117.843
4.0648193004 0.9872491888055056 0.0 118.023
4.06597552908 0.9872635757875464 0.0 118.205
4.0699144264800005 0.9873427843813888 0.0 118.389
4.0710653915999995 0.9875770388564346 0.0 118.569
4.07424809088 0.9876416483757464 0.0 118.754
4.07625526176 0.987631806252756 0.0 118.934
4.07881686096 0.987579139217404 0.0 119.114
4.08160303872 0.9873657003940226 0.0 119.297
4.08289261092 0.9866818423388984 0.0 119.481
4.086622720439999 0.9862249219378586 0.0 119.66
4.0879175562 0.9867366855383932 0.0 119.843
4.0917353917199994 0.9872558783038464 0.0 120.023
4.0926003700799995 0.9877905340420416 0.0 120.206
4.09663927512 0.9882086032234862 0.0 120.386
4.097853402959999 0.9884006544624112 0.0 120.566
4.10094311268 0.9886253554126282 0.0 120.745
4.103164335 0.9888332593181164 0.0 120.925
4.1054276658 0.9890810531688426 0.0 121.106
4.10831911476 0.9892465578428152 0.0 121.284
4.1097455395199995 0.9894776493880204 0.0 121.464
4.1132984425200005 0.9896205974374604 0.0 121.647
4.1144458986 0.9896751099174944 0.0 121.827
4.1183163697200005 0.989794687183625 0.0 122.009
4.11932170968 0.9899694392548166 0.0 122.19
4.12300444716 0.9901693742986856 0.0 122.374
4.124572988040001 0.9902418600738442 0.0 122.557
4.12763813448 0.9902468428869022 0.0 122.741
4.12994883732 0.9902755819311464 0.0 122.922
4.1316051042 0.9902874890673086 0.0 123.104
4.1348755294799995 0.9904109964633764 0.0 123.286
4.136500215 0.9906017311716172 0.0 123.465
4.1402162883599996 0.9907237908818256 0.0 123.646
4.1412111012 0.9908567228276872 0.0 123.826
4.14516228024 0.9909575719640646 0.0 124.01
4.1461658656800005 0.9910528690008402 0.0 124.193
4.14979245852 0.9911134620042455 0.0 124.373
4.15137152652 0.991124989089782 0.0 124.552
4.15405769664 0.9911318219522453 0.0 124.732
4.15652630628 0.991199861438912 0.0 124.914
4.15849838676 0.9913304779848906 0.0 125.095
4.1616881041200005 0.9914533468261932 0.0 125.278
4.16317944612 0.991545481764668 0.0 125.462
4.16684639292 0.9914673044340422 0.0 125.645
4.16781137892 0.9914625564736684 0.0 125.827
4.1716888681199995 0.9914434787640832 0.0 126.009
4.17291001404 0.9914374707324486 0.0 126.192
4.176466426079999 0.9915602785885286 0.0 126.375
4.17797531328 0.9917715779722988 0.0 126.557
4.18033514268 0.991780007391895 0.0 126.739
4.18303710348 0.9916882920150178 0.0 126.922
4.18523902608 0.9916173284710982 0.0 127.102
4.18829013636 0.9916624427114368 0.0 127.284
4.18983937752 0.9916548194099506 0.0 127.468
4.19333613588 0.9916959854564386 0.0 127.651
4.19440639308 0.991810218148085 0.0 127.831
4.19823651024 0.991811410791866 0.0 128.012
4.19931729456 0.9917259268838482 0.0 128.194
4.20298424136 0.99172792400761 0.0 128.376
4.20451769184 0.991880704677946 0.0 128.557
4.2071547354 0.9919854649481632 0.0 128.738
4.20969528036 0.9918953049118234 0.0 128.92
4.21172701452 0.991905346221408 0.0 129.101
4.2148219878 0.9918700752901132 0.0 129.283
4.2161641956 0.9919418752221482 0.0 129.468
4.21992413196 0.9921430516026606 0.0 129.65
4.22085402756 0.9923163218664386 0.0 129.833
4.22481573372 0.9923769731936904 0.0 130.011
4.22585265504 0.9924319840526372 0.0 130.194
4.2294810024 0.9924141198188192 0.0 130.374
4.23225840756 0.992639649505842 0.0 130.656
4.2356481401999995 0.9928621569488624 0.0 130.834
4.236463992 0.9928581384858668 0.0 131.003
4.2398151252 0.992721409272744 0.0 131.17
4.24146963756 0.9924946064649848 0.0 131.346
4.24409089044 0.992282083749205 0.0 131.529
4.24662441732 0.9921501446521502 0.0 131.714
4.24864386984 0.9920618132310404 0.0 131.9
4.25171252532 0.9921251031366216 0.0 132.08
4.25302490628 0.9923182525621436 0.0 132.26
4.2567585248399995 0.9925585840983756 0.0 132.443
4.25770772016 0.992693407874565 0.0 132.623
4.26171679836 0.9926736670630651 0.0 132.806
4.26266248464 0.9927090805871424 0.0 132.99
4.26601361784 0.9926925796061192 0.0 133.17
4.2678699 0.9925431981484146 0.0 133.349
4.2703876362 0.9925107689252496 0.0 133.527
4.2730316978400005 0.9926379903880692 0.0 133.709
4.2742826706 0.9927320005051754 0.0 133.89
4.277846100720001 0.9927527688457548 0.0 134.072
4.2793970964 0.9928245140014832 0.0 134.25
4.28314650564 0.9927659854073052 0.0 134.432
4.283960602920001 0.9927036311528328 0.0 134.614
4.28778019296 0.9926455118393503 0.0 134.794
4.289073274200001 0.9926391458427464 0.0 134.975
4.29238580796 0.992642870251704 0.0 135.157
4.29416840028 0.9925139033758348 0.0 135.338
4.2964755940799995 0.9923623252382364 0.0 135.521
4.29924422664 0.9922510466053504 0.0 135.699
4.30096190172 0.9924404021617866 0.0 135.88
4.30428847164 0.99262258558745 0.0 136.061
4.30559208 0.9925778596633872 0.0 136.244
4.30916779176 0.9925201981984708 0.0 136.425
4.30999943424 0.9925561654514248 0.0 136.606
4.3136804172 0.9925573261721252 0.0 136.789
4.31499455268 0.9926492543125494 0.0 136.972
4.31801934516 0.992634364971754 0.0 137.153
4.32005634288 0.9927044554184522 0.0 137.335
4.32186349848 0.9926955594895098 0.0 137.514
4.32506374296 0.992659777515268 0.0 137.696
4.32701827824 0.992650156772036 0.0 137.878
4.33029221256 0.9925939854555618 0.0 138.059
4.33129930704 0.9926090568808316 0.0 138.241
4.33510661544 0.9927305126085616 0.0 138.423
4.3359733483200005 0.9928839644562818 0.0 138.605
4.33995961776 0.9929244217605068 0.0 138.785
4.34114040972 0.992958662848491 0.0 138.969
4.34440381692 0.9930427304246668 0.0 139.151
4.3463320344000005 0.9930933165302046 0.0 139.332
4.34859010164 0.993042145133318 0.0 139.511
4.35126925368 0.992948849356998 0.0 139.694
4.352920257 0.9929607473880996 0.0 139.874
4.35640824276 0.9931420804974628 0.0 140.055
4.35710127816 0.9934175247563476 0.0 140.237
4.36093665888 0.9935771096716662 0.0 140.415
4.36199638896 0.9936119397442674 0.0 140.597
4.36581071544 0.9935931502185664 0.0 140.779
4.3671230964 0.9935866855414708 0.0 140.959
4.37010402588 0.9936120507002176 0.0 141.139
4.3721655868800005 0.9937020162921628 0.0 141.321
4.3744043544 0.993789354906602 0.0 141.501
4.3771501782 0.9939552889641686 0.0 141.685
4.37871345552 0.993947586028886 0.0 141.866
4.3822137229199996 0.9937508819028482 0.0 142.044
4.38320678124 0.9935675345842102 0.0 142.228
4.38700707156 0.9935488170047684 0.0 142.414
4.38785099568 0.9936640450575248 0.0 142.592
4.39154075124 0.9937642517835772 0.0 142.778
4.39306016556 0.9939369653753182 0.0 142.958
4.3958340616800005 0.9938031679850536 0.0 143.139
4.39805002044 0.9936921439675872 0.0 143.32
4.40011509048 0.9937620576459972 0.0 143.498
4.40311356516 0.9940458514375924 0.0 143.68
4.40405749692 0.9943800551180104 0.0 143.861
4.40779287 0.994640180515992 0.0 144.041
4.40883154584 0.994792721049445 0.0 144.224
4.412723071199999 0.9947735329208096 0.0 144.402
4.41363717612 0.9948090658177864 0.0 144.583
4.41724797828 0.994791261971125 0.0 144.767
4.41883581888 0.9947233745112672 0.0 144.946
4.4213219737200005 0.9948312327417476 0.0 145.13
4.42369057572 0.994839572953783 0.0 145.309
4.42551001296 0.994711239658513 0.0 145.488
4.42856989584 0.9944977209564876 0.0 145.665
4.42988929488 0.9943510890682262 0.0 145.845
4.43346676116 0.9943334591292344 0.0 146.028
4.43446859208 0.9943885759811424 0.0 146.211
4.43819519256 0.9944903162498496 0.0 146.394
4.43944090176 0.994544228987283 0.0 146.578
4.4425779835200006 0.9945287669813482 0.0 146.762
4.44423600492 0.9945981608978196 0.0 146.942
4.44685374876 0.9947053584283966 0.0 147.124
4.44931884936 0.9948525880140072 0.0 147.305
4.45123127616 0.994882191289411 0.0 147.488
4.4543139678 0.994748648661845 0.0 147.671
4.45543159704 0.994623044172839 0.0 147.851
4.45902134496 0.9945052735987892 0.0 148.031
4.4598880778400005 0.9945610484411934 0.0 148.213
4.4637620579999995 0.9947613708945934 0.0 148.392
4.4649253047599995 0.9950140794991384 0.0 148.574
4.4681395854 0.9953760070613896 0.0 148.757
4.46986076952 0.9955276331856914 0.0 148.939
4.47225218028 0.9954157655610456 0.0 149.119
4.47485413344 0.9953829179718376 0.0 149.299
4.47638933844 0.9952552634815662 0.0 149.476
4.479763280399999 0.9951785848829506 0.0 149.658
4.48087038252 0.99517312576859 0.0 149.839
4.4845268021999996 0.9951168215979946 0.0 150.021
4.48535318112 0.9950534588813604 0.0 150.202
4.48895345616 0.9950749834866858 0.0 150.384
4.49035356312 0.9953064782701944 0.0 150.564
4.49321343072 0.9954124480002025 0.0 150.744
4.49524341036 0.9953624127215742 0.0 150.927
4.49747340528 0.9952713687448316 0.0 151.106
4.50026133756 0.9953376671576162 0.0 151.29
4.50160354536 0.9953710709203628 0.0 151.471
4.50509679468 0.9952537897955084 0.0 151.657
4.50617231544 0.9951684433646932 0.0 151.838
4.50983926224 0.995110343522845 0.0 152.02
4.51072529484 0.9952260377006492 0.0 152.201
4.5143624148 0.9952481252333512 0.0 152.381
4.51578006696 0.9953011651426984 0.0 152.562
4.51832236644 0.9951485625024732 0.0 152.742
4.52063306928 0.9949188185213356 0.0 152.922
4.52261392236 0.9947497322825708 0.0 153.102
4.52544396312 0.994755795377662 0.0 153.281
4.5264370214400005 0.9948309370705896 0.0 153.462
4.53004957812 0.994653066453822 0.0 153.644
4.53109351752 0.994567889366164 0.0 153.825
4.5349131075599995 0.994729143388529 0.0 154.006
4.5359938918800005 0.9948038493923436 0.0 154.189
4.5392678262 0.994767708841104 0.0 154.369
4.54090303884 0.9948196734958072 0.0 154.552
4.54372957056 0.9948440088354068 0.0 154.736
4.54587710304 0.9948526829666036 0.0 154.916
4.547636886599999 0.9948247547290116 0.0 155.097
4.55068624236 0.9946114153288884 0.0 155.275
4.5519880962000006 0.9944049389542964 0.0 155.457
4.5554848545599995 0.9945277578058248 0.0 155.637
4.5564270318 0.9946831634793502 0.0 155.821
4.5601992498 0.994942155185939 0.0 156.001
4.5611116002 0.995077696920636 0.0 156.177
4.56392234124 0.9950830991898828 0.0 156.357
4.56595056636 0.9951313674749702 0.0 156.54
4.56819635196 0.9951002941535444 0.0 156.724
4.57087725852 0.9951270903793222 0.0 156.905
4.5719738335199995 0.9952817203386994 0.0 157.087
4.57538286588 0.995482459697234 0.0 157.268
4.57679349996 0.9955755241907484 0.0 157.447
4.58033938488 0.9955380376178437 0.0 157.63
4.581314898 0.9955132246441346 0.0 157.811
4.585095888600001 0.9954945839578936 0.0 157.993
4.5861170192400005 0.995489549794836 0.0 158.175
4.589297964 0.9954938706871804 0.0 158.36
4.59098932128 0.9956655543180551 0.0 158.541
4.59354565692 0.9958104669883368 0.0 158.721
4.59584056908 0.995899159757738 0.0 158.903
4.59750209952 0.9957909566797134 0.0 159.084
4.60059180924 0.9956182094192848 0.0 159.267
4.60205507892 0.9955709925374628 0.0 159.454
4.60542375732 0.9954343793493984 0.0 159.637
4.60621855488 0.9952712043596303 0.0 159.821
4.60991883756 0.9949554601125676 0.0 160.005
4.6110312032400005 0.9946917241674996 0.0 160.187
4.61452971612 0.9947737433196724 0.0 160.368
4.61578946148 0.9951250375823154 0.0 160.548
4.61867564688 0.9953290627998814 0.0 160.73
4.6207565076 0.9954788034334928 0.0 160.915
4.62279525984 0.995488753663375 0.0 161.099
4.6255867011600005 0.995474994657744 0.0 161.278
4.62696049032 0.9955082211136002 0.0 161.46
4.630302850920001 0.9954517496342562 0.0 161.641
4.63122397392 0.9952472253453162 0.0 161.825
4.63479617664 0.9951496307097574 0.0 162.002
4.63583309796 0.995324503555581 0.0 162.182
4.6391754585600005 0.9955462549014166 0.0 162.365
4.6406703096 0.9957181145207598 0.0 162.549
4.64313716472 0.9959834156049946 0.0 162.73
4.6454338314 0.996190308422922 0.0 162.912
4.64728485 0.996300410509477 0.0 163.092
4.65021840744 0.9965841396399168 0.0 163.274
4.651188657 0.9969567858206448 0.0 163.455
4.65481349532 0.9971780986117688 0.0 163.638
4.65564689232 0.9972922109056146 0.0 163.818
4.65953666316 0.9975721914079858 0.0 163.999
4.66054375764 0.99762720451773 0.0 164.181
4.663610658600001 0.9974920867656144 0.0 164.359
4.665198499200001 0.9973242855020344 0.0 164.54
4.66762149132 0.9974122972196788 0.0 164.722
4.67002518372 0.9975996253081496 0.0 164.902
4.6716902232 0.997749608745104 0.0 165.084
4.67470448856 0.9978746802486106 0.0 165.264
4.67581509972 0.9979866591784876 0.0 165.445
4.67952941856 0.9980882722065813 0.0 165.626
4.6802873712 0.9980845275189072 0.0 165.808
4.68384202872 0.9980469727735533 0.0 165.987
4.68500878452 0.998061201867934 0.0 166.167
4.687882688279999 0.9981469683226158 0.0 166.351
4.68972317976 0.9981778605024344 0.0 166.531
4.69189878456 0.9982845670483104 0.0 166.711
4.69449547416 0.9981735248489518 0.0 166.891
4.69504112988 0.9979116811282184 0.0 167.073
4.69535518896 0.9978126684653752 0.0 167.257
4.69543414236 0.9978315209090144 0.0 167.437
4.69548677796 0.9979294720218888 0.0 167.617
4.69553239548 0.9980092149866452 0.0 167.797
4.69551835932 0.9981092446872076 0.0 167.978
4.69559906724 0.998048869773988 0.0 168.16
4.69560257628 0.9978106969686188 0.0 168.34
4.695621876 0.9977113910398846 0.0 168.522
4.69555520424 0.997751704423239 0.0 168.704
4.69565170284 0.997711243746336 0.0 168.885
4.69556748588 0.9976516834295696 0.0 169.067
4.69563415764 0.9976913383280104 0.0 169.249
4.6955516952 0.9975917851946464 0.0 169.43
4.69564117572 0.9976113354278402 0.0 169.611
4.69558854012 0.9976515794638426 0.0 169.792
4.69558854012 0.9977715318604324 0.0 169.975
4.69561661244 0.997928830721479 0.0 170.153
4.69555695876 0.998029085719033 0.0 170.331
4.69566222996 0.9980085736351346 0.0 170.514
4.6956288940799995 0.997908777995864 0.0 170.694
4.6956288940799995 0.9978687938716536 0.0 170.876
4.69565521188 0.9978494215289864 0.0 171.057
4.69561134888 0.9979088646562868 0.0 171.237
4.69553941356 0.9981291327447324 0.0 171.417
4.69561134888 0.998168761486224 0.0 171.597
4.69559380368 0.9981488561036542 0.0 171.776
4.69558152204 0.9980089723130038 0.0 171.957
4.69568152968 0.9979884862422732 0.0 172.137
4.6955464316399995 0.997989153581042 0.0 172.319
4.69563591216 0.998068679822985 0.0 172.5
4.6956043308 0.9980288517076747 0.0 172.682
4.6956288940799995 0.9979687541821796 0.0 172.868
4.6955955582 0.997849716156921 0.0 173.053
4.695753465 0.9978107014646254 0.0 173.229
4.69574820144 0.9978107274601792 0.0 173.413
4.6957429378799995 0.9977307852524536 0.0 173.593
4.695665739 0.997631206197903 0.0 173.777
4.69559906724 0.9975315750906472 0.0 173.959
4.69553415 0.9975119035416524 0.0 174.142
4.69564117572 0.9975513592451704 0.0 174.322
4.6956569664000005 0.9976712336347068 0.0 174.505
4.6955516952 0.997810948259218 0.0 174.685
4.695648193799999 0.9978686985490254 0.0 174.868
4.6955780129999996 0.9978690451768512 0.0 175.051
4.69520605476 0.997870882308348 0.0 175.232
4.69519728216 0.9978709256370026 0.0 175.414
4.695228863520001 0.9978707696538632 0.0 175.595
4.69514464656 0.997951154049102 0.0 175.777
4.6951814914800005 0.9980909167987392 0.0 175.958
4.695130610400001 0.998011199714785 0.0 176.139
4.6952446542 0.99795066006282 0.0 176.318
4.69526570844 0.9981304849481624 0.0 176.499
4.69522009092 0.998288148123398 0.0 176.682
4.695211318319999 0.9983481677804448 0.0 176.866
4.69530079884 0.9984077019007198 0.0 177.048
4.69512008328 0.9984485791764264 0.0 177.229
4.69517271888 0.9985282874829424 0.0 177.411
4.6952621994 0.9984278847476908 0.0 177.595
4.6951692098399995 0.9984083521802698 0.0 177.778
4.69528676268 0.9983078107840304 0.0 177.959
4.69514640108 0.9982885122363812 0.0 178.139
4.6952007912 0.9983882040086332 0.0 178.322
4.69517096436 0.9984683198321268 0.0 178.502
4.6952534268 0.9984079360012604 0.0 178.685
4.69526395392 0.9984078839789085 0.0 178.865
4.6951692098399995 0.9984283442878622 0.0 179.047
4.695183246 0.998548227560502 0.0 179.231
4.69518500052 0.9985282267828586 0.0 179.414
4.69519903668 0.9985281574113436 0.0 179.598
4.69523061804 0.9984280408178904 0.0 179.781
4.69520254572 0.9983482111298224 0.0 179.961
4.695183246 0.998428274923281 0.0 180.142
4.69518675504 0.99846824179385 0.0 180.323
4.69523412708 0.9983880392744174 0.0 180.503
4.6951814914800005 0.9983083309555904 0.0 180.687
4.6952621994 0.9982479558621736 0.0 180.864
4.69515868272 0.9982484673335974 0.0 181.048
4.69517096436 0.9983683592950328 0.0 181.231
4.695255181319999 0.9985871065189196 0.0 181.411
4.69521658188 0.998745484816053 0.0 181.594
4.6951341194400005 0.9989640563745052 0.0 181.778
4.69524114516 0.9990027616831184 0.0 181.959
4.69511131068 0.9989841612657908 0.0 182.141
4.69490427732 0.9988669814732029 0.0 182.322
4.69477268832 0.9987676713190176 0.0 182.504
4.6947358434 0.9987678534633296 0.0 182.688
4.69476567024 0.998767706013167 0.0 182.871
4.69482006036 0.9987274528492872 0.0 183.054
4.6948235694 0.9987074433611212 0.0 183.235
4.69475865216 0.9987877328555376 0.0 183.416
4.69474812504 0.9988277691963324 0.0 183.597
4.69479023352 0.9988075688738416 0.0 183.777
4.694732334359999 0.9987278865087644 0.0 183.959
4.6948411146 0.9986091452429716 0.0 184.139
4.69478146092 0.9985901976559248 0.0 184.321
4.69480426968 0.9985501006325868 0.0 184.503
4.69480076064 0.9984701493996724 0.0 184.685
4.69474987956 0.998410424410087 0.0 184.866
4.69486918692 0.9985497797817774 0.0 185.046
4.69476391572 0.9987277303913092 0.0 185.229
4.69464636288 0.998788287973408 0.0 185.409
4.69473057984 0.9986296837401876 0.0 185.595
4.6947972516 0.9985301431747742 0.0 185.776
4.69474286148 0.9984904276909556 0.0 185.958
4.69473759792 0.9984904537043484 0.0 186.142
4.6948393600800005 0.998469958638762 0.0 186.319
4.69469724396 0.9985106452947 0.0 186.498
4.69476917928 0.9986095008015544 0.0 186.678
4.6946832078 0.998708137202552 0.0 186.859
4.6947288253199995 0.9987079117039812 0.0 187.041
4.6947095256 0.9986287882006312 0.0 187.22
4.69480076064 0.9985901022639834 0.0 187.4
4.69475163408 0.9986095875231984 0.0 187.584
4.6947270708 0.9986679360743138 0.0 187.766
4.69473057984 0.9987278951819578 0.0 187.947
4.69468847136 0.9987480954938076 0.0 188.129
4.69474637052 0.9986096135396944 0.0 188.309
4.69466741712 0.9984708083924684 0.0 188.492
4.69474812504 0.9985303859760848 0.0 188.675
4.69473935244 0.998530429333474 0.0 188.856
4.69467268068 0.9985899856140564 0.0 189.042
4.69475514312 0.9987077816086982 0.0 189.221
4.69478146092 0.9987076515134492 0.0 189.403
4.69470777108 0.9987679922399924 0.0 189.58
4.69479900612 0.998707564783302 0.0 189.759
4.69473935244 0.998707859665864 0.0 189.942
4.69482883296 0.9987474016246344 0.0 190.123
4.6947288253199995 0.9986486849561396 0.0 190.303
4.69466390808 0.998550794364772 0.0 190.484
4.69470777108 0.998570569726614 0.0 190.665
4.6948077787199995 0.9987275135615914 0.0 190.845
4.69472005272 0.998927119035802 0.0 191.031
4.6947709338 0.999105047473236 0.0 191.216
4.69472531628 0.9990652887583944 0.0 191.399
4.6948060242 0.9990049132262708 0.0 191.583
4.69477795188 0.9990650284747514 0.0 191.766
4.69478146092 0.9991649718523216 0.0 191.949
4.69464636288 0.9990656791841132 0.0 192.132
4.69480251516 0.9987082971426696 0.0 192.313
4.69476567024 0.9984303385236966 0.0 192.497
4.69477795188 0.998410285683136 0.0 192.679
4.6947270708 0.998330568520388 0.0 192.86
4.69471654368 0.9983506126912352 0.0 193.044
4.69479023352 0.9984702014253876 0.0 193.226
4.69473935244 0.9986296403784864 0.0 193.409
4.6947358434 0.9987478613128538 0.0 193.59
4.6947761973599995 0.9987876461184262 0.0 193.773
4.69474286148 0.9988477873682944 0.0 193.954
4.69479549708 0.998847527141339 0.0 194.134
4.69472531628 0.998887858413678 0.0 194.315
4.69474987956 0.9990651672926776 0.0 194.492
4.69476917928 0.999165032591234 0.0 194.674
4.69480076064 0.999164876405474 0.0 194.855
4.6947358434 0.999065236701655 0.0 195.037
4.69482883296 0.9990647768673588 0.0 195.218
4.6947761973599995 0.9992449664692132 0.0 195.401
4.69486392336 0.9994019706704956 0.0 195.582
4.69479900612 0.9995422368047152 0.0 195.765
4.69476391572 0.999721590033736 0.0 195.946
4.69477795188 0.9998597162905288 0.0 196.128
4.6947095256 1.0 0.0 196.309
4.6948498872 0.9998993445651992 0.0 196.491
4.69481304228 0.9997213469427928 0.0 196.672
4.6947761973599995 0.9994823732086924 0.0 196.854
4.69482532392 0.9992247313525584 0.0 197.038
4.69482006036 0.999124796674361 0.0 197.222
4.694779706399999 0.999124996237038 0.0 197.404
4.69486041432 0.9991845735262102 0.0 197.588
4.69479374256 0.999064950389685 0.0 197.771
4.6947884790000005 0.99876759325719 0.0 197.954
4.694832342 0.9985899461681188 0.0 198.135
4.69484813268 0.9986291026937072 0.0 198.314
4.69486392336 0.9988664312791338 0.0 198.494
4.69474286148 0.9992251391954146 0.0 198.676
4.69488848664 0.9994218412992996 0.0 198.857
4.69479374256 0.9995222707007568 0.0 199.04
4.69482181488 0.9994821475354108 0.0 199.219
4.69478321544 0.9993823777607792 0.0 199.398
4.69478496996 0.9993431344961364 0.0 199.577
4.69477268832 0.9992249916777474 0.0 199.758
4.69477444284 0.9991250222669584 0.0 199.938
4.69482532392 0.9991247706444524 0.0 200.119
4.6948849776 0.9990245149603258 0.0 200.3
4.69476742476 0.9990051040894176 0.0 200.481
4.69479374256 0.9991049346791776 0.0 200.666
4.69484286912 0.9991446760179852 0.0 200.846
4.69479198804 0.9992448883700824 0.0 201.028
4.6947288253199995 0.9992651929178488 0.0 201.214
4.69485339624 0.9992645767902 0.0 201.397
4.69473408888 0.9992451747336216 0.0 201.579
4.6948112877599995 0.9991048479145344 0.0 201.76
4.69480953324 0.9989066844716892 0.0 201.942
4.6947884790000005 0.9985894132624964 0.0 202.122
4.69479198804 0.9983702320298352 0.0 202.303
4.69474286148 0.9984904276909556 0.0 202.485
4.69472005272 0.9987079550690832 0.0 202.662
4.69472180724 0.99882789930725 0.0 202.842
4.69473759792 0.9989270322865692 0.0 203.025
4.69484286912 0.99900473103879 0.0 203.206
4.69487094144 0.9990045922293254 0.0 203.384
4.6948393600800005 0.998947270986808 0.0 203.566
4.69479549708 0.9989667303033536 0.0 203.747
4.69480426968 0.9990049219018672 0.0 203.931
4.6948411146 0.9989465126064618 0.0 204.113
4.6947761973599995 0.9989275911438036 0.0 204.294
4.69480251516 0.9990249227213412 0.0 204.476
4.69480076064 0.999184868549526 0.0 204.657
4.69474812504 0.9993833010439044 0.0 204.837
4.69471128012 0.9995226786651203 0.0 205.019
4.69473408888 0.9994825815225816 0.0 205.2
4.69476917928 0.99940243933896 0.0 205.382
