X_channel Y_channel II_channel timestamp
2.637087423 0.9866263811244398 0.0 183.594
2.64103158396 0.986816671756218 0.0 183.776
2.64271592316 0.9869821161267162 0.0 183.965
2.64699695196 0.987099618749712 0.0 184.144
2.64843390384 0.9870918615021628 0.0 184.324
2.65120604544 0.9869286021502048 0.0 184.506
2.653974678 0.9867876404631414 0.0 184.687
2.6562818717999996 0.9868375126408556 0.0 184.863
2.6597295036 0.986924426293497 0.0 185.045
2.6611418922 0.9869644586741688 0.0 185.226
2.66527905036 0.9869854937280892 0.0 185.408
2.66610367476 0.9869455836292226 0.0 185.591
2.6705285742 0.986994279293764 0.0 185.772
2.6716865574 0.986862202844954 0.0 185.956
2.67561317316 0.986734866818286 0.0 186.136
2.6773273392 0.9867047374062266 0.0 186.318
2.6833435882799996 0.9868444305915052 0.0 186.499
2.68809833748 0.9868477641558768 0.0 186.681
2.69050553892 0.9868742584913252 0.0 186.862
2.69389176252 0.9870340309421084 0.0 187.048
2.69510589036 0.9870228967877266 0.0 187.229
2.69938516464 0.9868504134393996 0.0 187.412
2.70025189752 0.9866415817071008 0.0 187.596
2.7045995980799997 0.9866404252665196 0.0 187.78
2.7057435451200003 0.98665301536344 0.0 187.963
2.71001229228 0.9867245038127644 0.0 188.146
2.71155626988 0.9866924893501572 0.0 188.333
2.71461439824 0.9865546116381092 0.0 188.515
2.71709879856 0.9864839300094248 0.0 188.696
2.71916211408 0.9865066383249348 0.0 188.88
2.72268519024 0.9865944306709632 0.0 189.063
2.72443444668 0.9865177966619232 0.0 189.244
2.72836808052 0.986414957330487 0.0 189.423
2.72949448236 0.9864763743702328 0.0 189.603
2.73380182896 0.9866209120229408 0.0 189.789
2.7346211898 0.9863131252754316 0.0 189.97
2.73893379996 0.9860685873038408 0.0 190.15
2.7403146071999998 0.9858885984870414 0.0 190.334
2.74371486696 0.9858300987351328 0.0 190.515
2.74587819012 0.9857313276382912 0.0 190.697
2.7482450376 0.9856593054256452 0.0 190.877
2.75151019932 0.9857442555074878 0.0 191.058
2.7530296136400003 0.9857854877984138 0.0 191.24
2.7571053636 0.9858303316695188 0.0 191.422
2.75813351232 0.9858416446292536 0.0 191.603
2.7624741948 0.9858648902134236 0.0 191.789
2.76344619888 0.9857529909901116 0.0 191.97
2.7677360002799998 0.9857266332555356 0.0 192.155
2.7691413708 0.9857175765051904 0.0 192.337
2.77254689412 0.9859267010380304 0.0 192.52
2.77475758932 0.986098165804929 0.0 192.7
2.77705601052 0.986172513701831 0.0 192.878
2.7803018725200004 0.9860611077284742 0.0 193.062
2.78205639252 0.985957801905684 0.0 193.243
2.7859707266399996 0.9860008911923438 0.0 193.425
2.78699712084 0.9860857670341197 0.0 193.606
2.791397457 0.9862568491708706 0.0 193.789
2.79222734496 0.986364095903196 0.0 193.973
2.79640485708 0.986238409830954 0.0 194.157
2.7977839097999997 0.9861309544454058 0.0 194.34
2.8012666320000004 0.9861202469194822 0.0 194.52
2.8034510094000002 0.9860461812179062 0.0 194.705
2.80591084644 0.9860732677479328 0.0 194.883
2.80914618132 0.986108895949178 0.0 195.066
2.81056207896 0.986124488927439 0.0 195.246
2.8145185215599997 0.9862416622076045 0.0 195.427
2.81556246096 0.9862040943680724 0.0 195.607
2.81981015388 0.9862263481317326 0.0 195.785
2.82075408564 0.9862131311482352 0.0 195.964
2.8248491353199996 0.9862113161106754 0.0 196.144
2.8264668027599997 0.9861555271209402 0.0 196.325
2.8294179054 0.9859672009930994 0.0 196.507
2.83208653032 0.9858993614661532 0.0 196.689
2.83413405516 0.9858749817882028 0.0 196.866
2.83772029404 0.9858654000252338 0.0 197.046
2.83859053596 0.9856295877778204 0.0 197.227
2.84281717464 0.985602506510172 0.0 197.405
2.84389971348 0.985614426595068 0.0 197.587
2.84817021516 0.9856614528865748 0.0 197.764
2.84958260376 0.9857506349830516 0.0 197.944
2.85302672652 0.9857149377054976 0.0 198.127
2.8551795225600003 0.9858368251935594 0.0 198.311
2.85758496948 0.9858142327223204 0.0 198.49
2.86072380576 0.9857036824315336 0.0 198.672
2.86253622492 0.9856018349197287 0.0 198.854
2.86635756948 0.9855457340317748 0.0 199.037
2.8677120589199996 0.9854133658189796 0.0 199.217
2.87191413432 0.9852663195990664 0.0 199.404
2.87260366068 0.9852002649930056 0.0 199.582
2.87681275416 0.985271160568473 0.0 199.762
2.8782286517999998 0.985335853158885 0.0 199.943
2.8814938135199997 0.9853472605493157 0.0 200.126
2.88394136892 0.9852514556962572 0.0 200.306
2.88632400708 0.9851794835275712 0.0 200.486
2.88941722584 0.9850938475339472 0.0 200.67
2.89065591696 0.9851074871332492 0.0 200.849
2.8948509742799997 0.9851536829729508 0.0 201.031
2.89603352076 0.9851421504958948 0.0 201.212
2.90029524984 0.9850908586525686 0.0 201.396
2.9013321711599995 0.985028607194678 0.0 201.575
2.9053412493599997 0.98482932570524 0.0 201.755
2.9068764543600003 0.9847734745692696 0.0 201.934
2.91032934972 0.98490757988488 0.0 202.113
2.9124417918 0.9850527205343794 0.0 202.296
2.9147068771199995 0.9852495915936218 0.0 202.477
2.9179334393999996 0.9853342595683402 0.0 202.657
2.91969322296 0.9853045242532164 0.0 202.84
2.9235829938 0.9852000026848592 0.0 203.02
2.924653251 0.985113540225906 0.0 203.202
2.92900621512 0.9850899494890132 0.0 203.383
2.9299641830399996 0.9850277295080184 0.0 203.565
2.93363814792 0.98499450411253 0.0 203.746
2.93552425692 0.985088979758399 0.0 203.926
2.938338507 0.9850462835541136 0.0 204.106
2.94111591216 0.9848557719252224 0.0 204.289
2.9425142645999998 0.9847974702404556 0.0 204.47
2.94657422388 0.984866759477028 0.0 204.648
2.9481743461199996 0.9849335256646636 0.0 204.83
2.9521272796800004 0.984831800398564 0.0 205.011
2.95679430288 0.9844080514656542 0.0 205.296
2.95826634516 0.98433825771389 0.0 205.468
2.95970680608 0.9843295462224078 0.0 205.636
2.96358780432 0.9843722827410426 0.0 205.804
2.9644545372 0.9844309759200194 0.0 205.978
2.96876012928 0.9845766971981944 0.0 206.162
2.9698917946799996 0.9845891628041182 0.0 206.342
2.9735324236799996 0.9845063838952786 0.0 206.526
2.97549573156 0.9843805465474066 0.0 206.706
2.9783240178000003 0.9843143071722016 0.0 206.889
2.98104176928 0.9841497601026108 0.0 207.069
2.98265066412 0.9840691604717036 0.0 207.251
2.9865386804400003 0.984111973938444 0.0 207.432
2.98787562468 0.9841266967584346 0.0 207.615
2.9922285888 0.9842237996377258 0.0 207.795
2.9931584844 0.9841602953466104 0.0 207.975
2.99745179484 0.9839872541403676 0.0 208.158
2.99855889696 0.9838786788510272 0.0 208.339
3.0020942547600002 0.9839176082070564 0.0 208.52
3.0041803790399997 0.9838668254312998 0.0 208.702
3.00689462148 0.9836038349231466 0.0 208.888
3.0097071170399996 0.983634798516838 0.0 209.069
3.01153532688 0.9838494728490392 0.0 209.252
3.0152829816 0.9841602929267658 0.0 209.436
3.0165146546400003 0.9843684183123196 0.0 209.619
3.02064479472 0.9845368775477435 0.0 209.799
3.02154310896 0.984497598197757 0.0 209.981
3.0258750188400003 0.9844223858607264 0.0 210.162
3.0272154721200004 0.9843633840235898 0.0 210.344
3.03101400792 0.98430902721995 0.0 210.531
3.03283870872 0.984256278633585 0.0 210.713
3.03496694148 0.9843525897493846 0.0 210.892
3.0382549119599997 0.9845342422553628 0.0 211.072
3.04029190968 0.9845075068908244 0.0 211.255
3.0438746395200003 0.9843779035578674 0.0 211.437
3.0451764933599996 0.9842446744349626 0.0 211.617
3.04942769532 0.9842915284956536 0.0 211.801
3.0503119734 0.9843258728566026 0.0 211.983
3.05451229428 0.9844213706004052 0.0 212.164
3.05588432892 0.9843380985814248 0.0 212.345
3.05935476948 0.984277954116726 0.0 212.528
3.0612935140800004 0.9842276752575936 0.0 212.708
3.0639463483199996 0.9841102303135156 0.0 212.891
3.0669220142399998 0.9840938233225752 0.0 213.071
3.06868355232 0.9839902245533644 0.0 213.253
3.07246629744 0.983813555497662 0.0 213.434
3.07351199136 0.9835790361500528 0.0 213.614
3.0778263560399997 0.9835527530256116 0.0 213.793
3.07873344288 0.9833443712269644 0.0 213.973
3.0829565725199997 0.9832432497337504 0.0 214.154
3.08432685264 0.9832091281887728 0.0 214.335
3.08762008668 0.9832454014578266 0.0 214.516
3.08982551832 0.983172182529929 0.0 214.694
3.0921397302 0.983076779163915 0.0 214.875
3.09545401848 0.9830394517635056 0.0 215.054
3.0969681692399997 0.9829576854015006 0.0 215.234
3.10095092964 0.9829769369759312 0.0 215.415
3.1018948614 0.98303655722887 0.0 215.595
3.10627589784 0.9831340402363864 0.0 215.777
3.10732860984 0.9831948641121164 0.0 215.959
3.1111043368800004 0.9832610767351624 0.0 216.14
3.11290798344 0.983256334547984 0.0 216.322
3.11586785868 0.9832397160945852 0.0 216.503
3.11846454828 0.9829750824221188 0.0 216.685
3.1205559361199997 0.982703637619447 0.0 216.867
3.12392812356 0.9823991998319604 0.0 217.048
3.1253966568 0.9820728629692284 0.0 217.237
3.12940924404 0.9819456148093918 0.0 217.417
3.1306233718799996 0.9818604971002752 0.0 217.6
3.13485527412 0.9818341298488112 0.0 217.787
3.13579394232 0.9816742643812932 0.0 217.967
3.1398363564 0.9816941234634554 0.0 218.147
3.14139086112 0.9816866064905662 0.0 218.326
3.144363018 0.9815715706802184 0.0 218.509
3.1469877799200003 0.9814056107430826 0.0 218.692
3.1492932192 0.981358022929903 0.0 218.877
3.15257066256 0.9814679586799616 0.0 219.057
3.1541163946800004 0.9814357136946604 0.0 219.24
3.1580605556399997 0.9813806022314004 0.0 219.42
3.1589939602799997 0.9813908722921624 0.0 219.603
3.16323638964 0.9814375535854484 0.0 219.783
3.16439788188 0.9813271882085934 0.0 219.963
3.1683157250400003 0.9813456672035828 0.0 220.146
3.1699807645199995 0.9812663891436844 0.0 220.328
3.17231427612 0.9812449574034428 0.0 220.509
3.1753917042 0.9810571281360704 0.0 220.695
3.17771117964 0.9807645723364492 0.0 220.876
3.18104301312 0.980605070371852 0.0 221.06
3.1825852361999996 0.9805973958795164 0.0 221.242
3.1865048338800004 0.9805441152201964 0.0 221.426
3.18778212444 0.9803866349921296 0.0 221.604
3.19194384588 0.980309211490285 0.0 221.786
3.19288251408 0.9802209833928868 0.0 221.968
3.19683018408 0.9802643858875564 0.0 222.149
3.19844258796 0.9802574757849476 0.0 222.332
3.2018393386799997 0.9802218297318652 0.0 222.512
3.20411846016 0.9801997649645336 0.0 222.702
3.206867793 0.980205354095348 0.0 222.883
3.2096083532399997 0.9800629962951174 0.0 223.066
3.2111488217999997 0.9797863823622696 0.0 223.249
3.21508596468 0.9795841497463376 0.0 223.43
3.2162369298 0.979522867612912 0.0 223.616
3.2203775969999997 0.9794965936828434 0.0 223.795
3.22124959344 0.9793838754368036 0.0 223.974
3.2247814422 0.9793733932135016 0.0 224.156
3.22678334952 0.9792475121550878 0.0 224.339
3.2303432705999997 0.9790423087004508 0.0 224.519
3.23248027596 0.97874720802092 0.0 224.701
3.23510503788 0.9787042450625744 0.0 224.882
3.23796841452 0.9786863928482076 0.0 225.064
3.23989838652 0.9786582885090152 0.0 225.248
3.2435372609999997 0.9787229043045156 0.0 225.427
3.24470752584 0.9787357579715844 0.0 225.608
3.2488955650799998 0.9787817602929532 0.0 225.789
3.24977808864 0.9786681901163198 0.0 225.972
3.2540029728 0.9784209048752928 0.0 226.156
3.2552907904799997 0.9781154638707452 0.0 226.338
3.25862964204 0.9779579583291756 0.0 226.519
3.26094034488 0.9777367628428704 0.0 226.699
3.2629931332799997 0.9775404646181391 0.0 226.882
3.26643725604 0.9773563391474496 0.0 227.068
3.2683286286 0.9771582494861832 0.0 227.249
3.2719429397999997 0.9770252828048342 0.0 227.429
3.27318513996 0.9767932381010264 0.0 227.61
3.27741528768 0.9767184805761078 0.0 227.792
3.27825570276 0.9766043919206892 0.0 227.971
3.2823946154400003 0.9765511249280971 0.0 228.155
3.28379296788 0.9764462276116757 0.0 228.338
3.28714234656 0.9763103048300448 0.0 228.518
3.28932321492 0.9760404032366212 0.0 228.698
3.29161637256 0.9757951499552728 0.0 228.876
3.2946639738 0.9756580428972786 0.0 229.055
3.2963342768399997 0.975627935282194 0.0 229.233
3.30024685644 0.9755227988366452 0.0 229.416
3.30125921448 0.975141372572338 0.0 229.596
3.3054981348 0.9747724391428162 0.0 229.779
3.30664383636 0.9745629630484456 0.0 229.961
3.3105686976000004 0.9744353909019792 0.0 230.138
3.31212846588 0.974231354128759 0.0 230.321
3.3146900650799997 0.974038269686218 0.0 230.507
3.3176130954 0.9737279276842704 0.0 230.687
3.3198764262 0.9734094274401908 0.0 230.867
3.32309246136 0.9733458972463152 0.0 231.048
3.3246662658000004 0.9733631036847246 0.0 231.23
3.32852796432 0.9732335285661416 0.0 231.411
3.3294911958 0.972925443195765 0.0 231.591
3.33362835396 0.9726282785081182 0.0 231.771
3.3348407272799996 0.9723228902502136 0.0 231.95
3.3384234571199998 0.9720668210536362 0.0 232.13
3.34042711896 0.9718203287790478 0.0 232.313
3.3430729351200004 0.9716764649220452 0.0 232.496
3.3458538493199996 0.971560906121483 0.0 232.676
3.3479803275599997 0.971436963231702 0.0 232.86
3.3515349850800003 0.9713029941887872 0.0 233.043
3.3528491205599997 0.9711220439786058 0.0 233.226
3.35690732532 0.9707979394699088 0.0 233.406
3.35785652064 0.970391770633497 0.0 233.586
3.36214456752 0.9702925849559196 0.0 233.77
3.3632499151200004 0.9700577935939216 0.0 233.953
3.3663799788 0.9697740928914989 0.0 234.132
3.36882227064 0.9693832095839546 0.0 234.319
3.3715821306 0.9688979422088626 0.0 234.5
3.37435602672 0.9684137232741769 0.0 234.681
3.37631407104 0.9680184249938742 0.0 234.863
3.3799108370399997 0.9678847347840128 0.0 235.043
3.38100916656 0.9677260184281462 0.0 235.226
3.3851849241600003 0.9673782442216982 0.0 235.406
3.3860428844399997 0.9668980806967414 0.0 235.585
3.38995897308 0.9665474267357506 0.0 235.765
3.3916801572 0.9662472886334194 0.0 235.945
3.3940434956399996 0.9660281903446688 0.0 236.128
3.3975209542799996 0.9658446358595322 0.0 236.31
3.39865612872 0.9655637180552984 0.0 236.491
3.4019791895999996 0.9654269243412624 0.0 236.671
3.40460746056 0.9651612621160728 0.0 236.854
3.40680938316 0.9648412575392858 0.0 237.032
3.40884462636 0.9643490203189368 0.0 237.216
3.41033772288 0.9638496505302628 0.0 237.4
3.4116360676800004 0.963470408544058 0.0 237.583
3.41251683672 0.9631125666783475 0.0 237.763
3.41342567808 0.9628281902358904 0.0 237.944
3.4142678476799997 0.9624936894083894 0.0 238.129
3.4172364955199996 0.962329148817767 0.0 238.31
3.42588101556 0.962177840268441 0.0 238.49
3.42905669676 0.9616718323019632 0.0 238.674
3.43225694124 0.9608974031094356 0.0 238.856
3.43404830616 0.9602290638279029 0.0 239.037
3.43780297896 0.9596807056050422 0.0 239.217
3.4389030629999997 0.9588816261320722 0.0 239.4
3.44322269124 0.9582660774228036 0.0 239.585
3.44405608824 0.9577605411313924 0.0 239.763
3.4481265746400003 0.9575335315836072 0.0 239.943
3.449430183 0.957129693405135 0.0 240.126
3.45243743028 0.9566234117985394 0.0 240.304
3.45496218456 0.9560606337490642 0.0 240.483
3.4573781585999996 0.955277348955133 0.0 240.665
3.4606187570399998 0.9546233441274414 0.0 240.849
3.46222765188 0.9539786543563245 0.0 241.03
3.4660244331600003 0.9533561712733188 0.0 241.21
3.46710521748 0.9525831196639906 0.0 241.392
3.4713301016399996 0.9520383442851398 0.0 241.576
3.4724161495200003 0.9514117212278728 0.0 241.758
3.47636732856 0.9508657829879008 0.0 241.939
3.47797271436 0.9500478599673918 0.0 242.125
3.4806501118799997 0.9492660743535014 0.0 242.309
3.48340295376 0.9487300612378128 0.0 242.492
3.48604350636 0.94814523377899 0.0 242.678
3.48901390872 0.9473664435195234 0.0 242.862
3.49088773608 0.9464523210816008 0.0 243.045
3.49442835744 0.945705148139355 0.0 243.232
3.49580390112 0.9447865638987896 0.0 243.417
3.4998129793199997 0.9438217599035904 0.0 243.599
3.50085867324 0.9427769046610271 0.0 243.78
3.50515198368 0.9420847661940672 0.0 243.966
3.5063029487999997 0.9412872564854474 0.0 244.147
3.50980146168 0.9401953148116372 0.0 244.328
3.51180512352 0.9389131700038152 0.0 244.506
3.51442988544 0.937762390753839 0.0 244.686
3.51730203468 0.936834532506121 0.0 244.868
3.5190933996 0.935896154946264 0.0 245.049
3.5226463025999997 0.9350733400568754 0.0 245.23
3.52390780248 0.9337852563069272 0.0 245.41
3.5279817979200003 0.9324524716419764 0.0 245.592
3.5289485384400003 0.9309633400959066 0.0 245.769
3.53301376128 0.9297777202646476 0.0 245.949
3.5344454496 0.928416994288756 0.0 246.135
3.5376439395599997 0.9270252007723724 0.0 246.316
3.540007278 0.9257461059953098 0.0 246.502
3.54256185912 0.9245453006746418 0.0 246.679
3.5454199722 0.9233713895625324 0.0 246.862
3.54726748176 0.9217682600391623 0.0 247.046
3.5508835474800002 0.9202575991043644 0.0 247.23
3.55198714056 0.9184994262346976 0.0 247.411
3.55607517216 0.9169946627021484 0.0 247.591
3.55713490224 0.9153336104448268 0.0 247.772
3.5611790708399997 0.9138021861446024 0.0 247.951
3.56254935096 0.911900194764278 0.0 248.134
3.56525657532 0.9100848317451544 0.0 248.314
3.56800239912 0.9081955290724698 0.0 248.494
3.57041135508 0.9062293727187882 0.0 248.677
3.57359580888 0.9044176098033824 0.0 248.858
3.5752889206800003 0.9021244523663065 0.0 249.042
3.57898920336 0.9000235257336132 0.0 249.222
3.58002261564 0.8975514987084944 0.0 249.404
3.5842246910399997 0.8953810938602754 0.0 249.587
3.5851984496399996 0.8930567433296468 0.0 249.77
3.58919349168 0.890760185328978 0.0 249.951
3.59071641504 0.888169855074553 0.0 250.134
3.5940201761999995 0.8854991379952998 0.0 250.314
3.5962291168800005 0.882693586610464 0.0 250.495
3.5985047293199997 0.8797400578884987 0.0 250.676
3.6015856664399997 0.8770665906191003 0.0 250.861
3.60318227964 0.8740348923921574 0.0 251.043
3.60701415132 0.8711951942548065 0.0 251.224
3.6080458090799996 0.8676883100741487 0.0 251.403
3.61220051244 0.8646059584963921 0.0 251.583
3.6132005888400003 0.8611727479205621 0.0 251.763
3.6164517144 0.8580316649554764 0.0 251.945
3.61871855424 0.8545868983717584 0.0 252.126
3.6219977521199995 0.8510028193111374 0.0 252.305
3.62424353772 0.8473355725097015 0.0 252.485
3.62618403684 0.8434931726034546 0.0 252.664
3.62955096072 0.8399587292845017 0.0 252.842
3.6310984473600003 0.8358903330571494 0.0 253.023
3.6350338357200003 0.8320896171603535 0.0 253.203
3.6360268940399996 0.8276968694471581 0.0 253.383
3.64029037764 0.8235538230764072 0.0 253.566
3.64132554444 0.8191363466289944 0.0 253.754
3.64537848564 0.8149671822918423 0.0 253.938
3.6468487734 0.8104790383814491 0.0 254.122
3.6499928732400004 0.8061533012975133 0.0 254.307
3.65240358372 0.8020673473737069 0.0 254.488
3.65427390204 0.7978772483271371 0.0 254.669
3.65760749004 0.7940932311179876 0.0 254.849
3.65899180632 0.7899726897214553 0.0 255.027
3.66293245824 0.7861935554138357 0.0 255.209
3.6637623462 0.7820182183056253 0.0 255.39
3.66749421024 0.7783853092598284 0.0 255.57
3.6691925856 0.7747581702570521 0.0 255.752
3.67312446492 0.7711512430917031 0.0 255.931
3.6747368687999997 0.7675474525653332 0.0 256.112
3.6775634005200004 0.7641029314854815 0.0 256.292
3.68016359916 0.7610235025792536 0.0 256.473
3.68226726864 0.7580895263911237 0.0 256.655
3.6855798024 0.7556311496190419 0.0 256.838
3.6871729065600003 0.7535038977247709 0.0 257.025
3.69104688672 0.7518870754473231 0.0 257.207
3.69205222668 0.7503935629257026 0.0 257.389
3.69612095856 0.749445282032416 0.0 257.572
3.6973614042 0.7490354819027508 0.0 257.752
3.7011599399999997 0.7490427980794963 0.0 257.932
3.7027723438799995 0.7495015127270175 0.0 258.111
3.70503041112 0.750282574449687 0.0 258.291
3.70806222168 0.7513923764301241 0.0 258.474
3.71000798436 0.753107291459227 0.0 258.653
3.7135626418800003 0.7550571610756485 0.0 258.83
3.7148241417600003 0.7575789690576976 0.0 259.012
3.71879812956 0.7602235536440424 0.0 259.193
3.71967538956 0.763603817769745 0.0 259.376
3.7238423745600002 0.7671353023490782 0.0 259.556
3.7251354558000003 0.7711347334188452 0.0 259.736
3.72849711612 0.7752766138254785 0.0 259.918
3.7306709664 0.7798024701463135 0.0 260.099
3.73295535144 0.7846489734453588 0.0 260.281
3.73585732752 0.7894764406478901 0.0 260.462
3.73748903112 0.7946860469883847 0.0 260.646
3.74120861352 0.7993984483320427 0.0 260.826
3.74230869756 0.8049241347311714 0.0 261.006
3.74640199272 0.8100106439378856 0.0 261.189
3.74748102252 0.8155375218585226 0.0 261.369
3.75149536428 0.8207458802809307 0.0 261.551
3.75276212772 0.8263245431817662 0.0 261.732
3.7554096984000003 0.8316683949158613 0.0 261.912
3.7581485041200002 0.8366458514099109 0.0 262.093
3.76055570556 0.8422598677125147 0.0 262.275
3.76375068648 0.8476111431337282 0.0 262.458
3.7652613282 0.8530693289363447 0.0 262.639
3.76896161088 0.8578837319808452 0.0 262.819
3.7701476663999998 0.8631170008963389 0.0 263.003
3.77416200816 0.8676406801240388 0.0 263.185
3.77518138428 0.8724297697486227 0.0 263.366
3.7791360723599996 0.8767808657813243 0.0 263.547
3.7805396883599998 0.8811544030712215 0.0 263.73
3.7836136074 0.8852254595867447 0.0 263.909
3.7860172998 0.889044217396625 0.0 264.091
3.78817009584 0.8931316234390291 0.0 264.272
3.7914475392 0.8968861607248853 0.0 264.454
3.79283887356 0.9008915389039058 0.0 264.635
3.79669706304 0.9043560722072778 0.0 264.816
3.79753396908 0.9078147402174542 0.0 264.994
3.80176762584 0.91108610034955 0.0 265.172
3.8028642008399998 0.914350186987372 0.0 265.353
3.80585390292 0.9173868259788848 0.0 265.532
3.8081312698799996 0.920170352325051 0.0 265.715
3.81084551232 0.923082621468837 0.0 265.896
3.8136720440399996 0.9260210534803132 0.0 266.076
3.81559148892 0.9288499834368484 0.0 266.259
3.8190759656399997 0.931080181946358 0.0 266.441
3.8202988660800004 0.9335587135704028 0.0 266.622
3.82423249992 0.935867471972662 0.0 266.802
3.8252834574000003 0.9383940179418536 0.0 266.988
3.82943114268 0.940679650972901 0.0 267.173
3.83056982616 0.942911422371502 0.0 267.355
3.8341139565599995 0.9449707199349876 0.0 267.54
3.83596497516 0.946789653078596 0.0 267.723
3.83894590464 0.948595954625919 0.0 267.907
3.8413618786800003 0.9503488477383062 0.0 268.091
3.8435304654 0.9520731161708054 0.0 268.274
3.84687633504 0.95353931642389 0.0 268.455
3.84835890444 0.9550599805536244 0.0 268.637
3.8519907608399997 0.956380540711468 0.0 268.817
3.8529750465599997 0.9580169490949332 0.0 268.995
3.85671217416 0.9595125945991516 0.0 269.174
3.85822632492 0.960884936303066 0.0 269.354
3.86168448384 0.9620581567074942 0.0 269.535
3.8636548098 0.9631398705775 0.0 269.717
3.8664251968800003 0.9643532330936212 0.0 269.9
3.8690710130399997 0.9655178335412395 0.0 270.083
3.8714150517599997 0.9668250600543746 0.0 270.268
3.8744608984799997 0.9677220109625826 0.0 270.449
3.8757171348 0.9687465334026432 0.0 270.631
3.87952970676 0.9697255512928216 0.0 270.812
3.88063329984 0.9706262046703232 0.0 270.993
3.8847213314399998 0.971509063831411 0.0 271.174
3.88582667904 0.9724585407817742 0.0 271.356
3.88975504932 0.973291358767342 0.0 271.538
3.89115866532 0.9741200386190793 0.0 271.718
3.8938851894 0.9750139212470544 0.0 271.902
3.89643977052 0.9759298638870616 0.0 272.081
3.8984802772799996 0.9769156146387956 0.0 272.263
3.90175596612 0.9777154585327824 0.0 272.444
3.902798151 0.9783686510233432 0.0 272.626
3.9068160017999998 0.9788818760209692 0.0 272.807
3.90813364632 0.979488497535354 0.0 272.987
3.91234449432 0.9800784557664038 0.0 273.173
3.91339369728 0.9806570079669764 0.0 273.352
3.91682378388 0.9813368179189816 0.0 273.533
3.91866076632 0.981777298536804 0.0 273.713
3.92151712488 0.9822520969713456 0.0 273.895
3.9240278429999997 0.98274978885485 0.0 274.075
3.92617011192 0.9832176390368336 0.0 274.256
3.92940018324 0.9836243283313908 0.0 274.438
3.93070554612 0.984131357172339 0.0 274.619
3.9345725082 0.9846681695409856 0.0 274.798
3.93554802132 0.9851976544795846 0.0 274.982
3.93967640688 0.9855635405809884 0.0 275.164
3.9408607078799998 0.9859475632574636 0.0 275.345
3.94389251844 0.9864751979327252 0.0 275.527
3.94618041252 0.9869448692268218 0.0 275.707
3.94897536288 0.9873963122328876 0.0 275.892
3.9515457346800003 0.987646485274675 0.0 276.074
3.95363361348 0.9876937296352576 0.0 276.255
3.95682508536 0.9879033403239708 0.0 276.437
3.9582181742399998 0.9880680125379928 0.0 276.618
3.96197109252 0.9883553732201712 0.0 276.8
3.96299924124 0.9885896043488382 0.0 276.981
3.9670135829999995 0.98895541846276 0.0 277.162
3.9681505119600002 0.9894123922948748 0.0 277.342
3.9715963892399997 0.9898952381192376 0.0 277.523
3.9735316248 0.9903611933332654 0.0 277.703
3.9761055056399996 0.9906851959370978 0.0 277.885
3.9788390478 0.9907904082434814 0.0 278.064
3.9805268960399998 0.9909833290170478 0.0 278.243
3.9840675174 0.9912209641554064 0.0 278.424
3.98535358056 0.9914817961338818 0.0 278.606
3.9894030127199995 0.9918233687990377 0.0 278.786
3.9902381642400004 0.9920555461910272 0.0 278.968
3.9943156687199997 0.992101326894926 0.0 279.149
3.9954999697199995 0.9920897635998172 0.0 279.329
3.99848791728 0.992197899361838 0.0 279.509
4.00091266392 0.9924955091555228 0.0 279.693
4.003293547559999 0.9928196810899984 0.0 279.876
4.00614464256 0.9931727771293308 0.0 280.057
4.0079728524 0.9932679233470898 0.0 280.239
4.01148891048 0.9931582634009264 0.0 280.42
4.01239248828 0.9932430189876432 0.0 280.602
4.01640858456 0.99348493453747 0.0 280.783
4.01738936124 0.9935696339782676 0.0 280.965
4.0214124756 0.9934927214442804 0.0 281.146
4.02270906588 0.993433631518401 0.0 281.326
4.02516539388 0.99358342878478 0.0 281.508
4.02798139848 0.993738524575176 0.0 281.685
4.03018156656 0.993862762160594 0.0 281.867
4.0332467130000005 0.9939469975813746 0.0 282.048
4.03477139088 0.994087584055006 0.0 282.231
4.03849097328 0.994276514704742 0.0 282.409
4.03942086888 0.9943616039716274 0.0 282.587
4.04350890048 0.9945071331658136 0.0 282.77
4.04451248592 0.994692558750934 0.0 282.95
4.0482303138 0.9947593134738262 0.0 283.133
4.0499637795600005 0.9947788415255154 0.0 283.317
4.05270960336 0.9947600215154816 0.0 283.501
4.05524663928 0.9948383593756558 0.0 283.685
4.0574766342 0.9948634851226452 0.0 283.868
4.06044879108 0.9949209212064206 0.0 284.051
4.06184889804 0.995083799543429 0.0 284.23
4.06556848044 0.9952501264620184 0.0 284.408
4.06669488228 0.9952877054357164 0.0 284.59
4.07063377968 0.9951339883402708 0.0 284.773
4.0718110626 0.994825964219638 0.0 284.953
4.07475339264 0.9944392164000052 0.0 285.134
4.0769956692 0.993968974724476 0.0 285.316
4.0796713122 0.9931352933042554 0.0 285.495
4.082327655479999 0.991928062891318 0.0 285.674
4.08434535348 0.991480080539994 0.0 285.859
4.087505244 0.9922830250205764 0.0 286.042
4.08886850604 0.9936089773519904 0.0 286.224
4.09259159748 0.994713933568807 0.0 286.404
4.0935671106 0.995492119118908 0.0 286.585
4.09755688908 0.99608065204163 0.0 286.765
4.0988920788000005 0.996490852108483 0.0 286.947
4.102050214799999 0.996799380018206 0.0 287.128
4.10399246844 0.9970182727548332 0.0 287.312
4.10665056624 0.997147873531007 0.0 287.494
4.10929462788 0.9973022165239168 0.0 287.677
4.1111649462 0.9973709637187372 0.0 287.861
4.11451432488 0.9974088222880388 0.0 288.044
4.115972331 0.9972283221978646 0.0 288.225
4.11966208656 0.9971206487943364 0.0 288.404
4.1205288194400005 0.9971553400324784 0.0 288.586
4.1241922572 0.99727143577431 0.0 288.767
4.125766061639999 0.9973390206040584 0.0 288.947
4.1291663214 0.9974521553763536 0.0 289.129
4.1310962934 0.9975962933064868 0.0 289.31
4.133605257 0.99762466507356 0.0 289.49
4.13635283532 0.9976806376589764 0.0 289.67
4.13833193388 0.9979012967750648 0.0 289.852
4.14156902328 0.9980375253861804 0.0 290.033
4.142728761 0.9980506470458091 0.0 290.215
4.1465781778799995 0.9980942031065112 0.0 290.396
4.14755544552 0.9981799729785252 0.0 290.577
4.15151539716 0.998248759069794 0.0 290.755
4.15278917868 0.9983108071653618 0.0 290.937
4.15610171244 0.9983483022247692 0.0 291.116
4.1578790412 0.9983444484852884 0.0 291.298
4.16001253752 0.998271149710844 0.0 291.481
4.1630320664400005 0.9982804213271992 0.0 291.661
4.16463043416 0.9983723065844688 0.0 291.844
4.16818158264 0.9984850599282082 0.0 292.024
4.16899567992 0.9983968178252032 0.0 292.205
4.172862642 0.9982671579141748 0.0 292.387
4.17421888596 0.9983572460208928 0.0 292.569
4.17819287376 0.9984520665166512 0.0 292.748
4.17948770952 0.9983670774973809 0.0 292.931
4.18262479128 0.9982540510928114 0.0 293.109
4.18464248928 0.9980797613221428 0.0 293.289
4.18697600088 0.9981061778193536 0.0 293.471
4.18986920436 0.9983360784191596 0.0 293.651
4.19139739128 0.998501946518275 0.0 293.832
4.19509942848 0.9984940424552876 0.0 294.013
4.19608546872 0.9986297984276532 0.0 294.193
4.19994716724 0.9987732198258178 0.0 294.377
4.200952507199999 0.9987098537184544 0.0 294.559
4.204708934519999 0.9985281338817356 0.0 294.741
4.20631432032 0.9984964789173068 0.0 294.924
4.20873906696 0.9987233154579354 0.0 295.103
4.21141646448 0.9989508472345954 0.0 295.282
4.21376576676 0.9990513068269726 0.0 295.466
4.216637916 0.9990589402140888 0.0 295.649
4.2181555758 0.9989297165720166 0.0 295.83
4.22182603164 0.9989463949413409 0.0 296.011
4.22282786256 0.9989577506245996 0.0 296.193
4.22662288932 0.99895091696938 0.0 296.374
4.2276387564 0.9989125794985908 0.0 296.552
4.2312267498 0.9989781791334398 0.0 296.732
4.23287248956 0.9989220523563362 0.0 296.915
4.23548496984 0.9989516681689836 0.0 297.095
4.2381044681999995 0.9991060124410336 0.0 297.279
4.24012742976 0.9991538807349336 0.0 297.462
4.24315397676 0.9991882014741658 0.0 297.645
4.2445435566 0.9992039599598928 0.0 297.826
4.2482666480399995 0.9992711163122514 0.0 298.007
4.249287778679999 0.999307630588012 0.0 298.188
4.25322316704 0.9992276009377296 0.0 298.368
4.25436535956 0.9991158857461846 0.0 298.546
4.2577059656400005 0.998981409690468 0.0 298.727
4.25946399468 0.998927474476775 0.0 298.91
4.26192734076 0.9990052805345766 0.0 299.09
4.26447841284 0.9990591490269412 0.0 299.272
4.26638206704 0.9989560527680988 0.0 299.452
4.26968933724 0.9989436840173068 0.0 299.633
4.271026281479999 0.9990087239281574 0.0 299.816
4.27475814552 0.9992982677121652 0.0 299.999
4.27566698688 0.9995321044567498 0.0 300.183
4.27947254076 0.9996990635854904 0.0 300.363
4.2808182576 0.9998368639425214 0.0 300.545
4.28420272668 1.0 0.0 300.727
4.28598356448 0.999895506548972 0.0 300.91
4.28860657188 0.999579194464635 0.0 301.092
4.29102605496 0.9992854984940632 0.0 301.273
4.29273846648 0.9991552611977408 0.0 301.455
4.29602643696 0.9991925688919704 0.0 301.634
4.2973809264 0.9992827773481442 0.0 301.816
4.30113209016 0.9991516532878412 0.0 301.997
4.3020304044 0.9989145545132532 0.0 302.179
4.305811395 0.9988826050084484 0.0 302.36
4.30707289488 0.9989717636548971 0.0 302.538
4.31005908792 0.9990555459434984 0.0 302.721
4.31223995628 0.9991542093603298 0.0 302.901
4.3127242038 0.9991846555765048 0.0 303.084
4.31290491936 0.9990129879513568 0.0 303.264
4.31306984424 0.9988651554757793 0.0 303.444
4.31320318776 0.9989415204213252 0.0 303.626
4.31316458832 0.998941082452578 0.0 303.805
4.3132435417199995 0.9990168304100616 0.0 303.986
4.31325231432 0.9992393031272998 0.0 304.169
4.3132856502 0.9993135979821732 0.0 304.351
4.3134961926 0.9992660862502788 0.0 304.536
4.31332424964 0.9991674505946492 0.0 304.719
4.31339793948 0.9992400203078384 0.0 304.898
4.313392675919999 0.9992399605668264 0.0 305.08
4.31335758552 0.9992155472099168 0.0 305.263
4.3133470584 0.9990429557869022 0.0 305.443
4.3133417948399995 0.9989430931304486 0.0 305.625
4.313345303879999 0.9989431329459336 0.0 305.802
4.3134260118 0.9989440487029668 0.0 305.982
4.31341899372 0.998943969071854 0.0 306.165
4.31335232196 0.9989432125769134 0.0 306.347
4.3135663734 0.9989955429188162 0.0 306.528
4.3134874199999995 0.9991194008873449 0.0 306.708
4.31342776632 0.9992403588403748 0.0 306.889
4.31341548468 0.9991925011300608 0.0 307.074
4.313396184959999 0.9990185625125108 0.0 307.254
4.31275753968 0.9988865627639656 0.0 307.438
4.31257682412 0.9987847103403362 0.0 307.617
4.312575069599999 0.9987846904359242 0.0 307.799
4.31240137212 0.9988076703683576 0.0 307.981
4.3124224263599995 0.9988827606401716 0.0 308.162
4.31235750912 0.9990067763707824 0.0 308.341
4.31240137212 0.999007274090738 0.0 308.523
4.3124083902 0.9988826013895444 0.0 308.703
4.31253471564 0.9987842326346664 0.0 308.883
4.3124610258 0.998733495686437 0.0 309.064
4.31236979076 0.9985858767814564 0.0 309.242
4.3124434806 0.998437009735702 0.0 309.424
4.31250313428 0.998362834767155 0.0 309.605
4.31244523512 0.9984120791554272 0.0 309.787
4.3123206642 0.998610270012904 0.0 309.968
4.31234171844 0.998634523630076 0.0 310.148
4.31244172608 0.9984369898382494 0.0 310.33
4.312399617600001 0.9983367104404208 0.0 310.511
4.31236803624 0.9983114018667006 0.0 310.69
4.31236277268 0.9982614412731884 0.0 310.87
4.3123715452799996 0.9982864911997232 0.0 311.05
4.31228908284 0.9983354570289998 0.0 311.229
4.31235926364 0.9983362528454102 0.0 311.413
4.31232241872 0.9983857359274813 0.0 311.596
4.3122680286 0.998484920849374 0.0 311.776
4.31239610856 0.9984364725047574 0.0 311.956
4.31239259952 0.9983615813214612 0.0 312.136
4.31228908284 0.9983354570289998 0.0 312.319
4.31231364612 0.9984105868859078 0.0 312.498
4.31233470036 0.9984108256487312 0.0 312.681
4.31230662804 0.9984105072983256 0.0 312.869
4.31176974492 0.9984044188858856 0.0 313.053
4.31175570876 0.9984042597127 0.0 313.236
4.31166973728 0.9982295686070326 0.0 313.421
4.31171886384 0.9981075574047842 0.0 313.602
4.311753954239999 0.9979832038103102 0.0 313.784
4.31171184576 0.997710456672292 0.0 313.963
4.31174693616 0.9974622871657872 0.0 314.143
4.31181536244 0.9975379133010316 0.0 314.322
4.31174518164 0.997587018684596 0.0 314.501
4.31164692852 0.9975859053858864 0.0 314.686
4.3117855356 0.9974128238975968 0.0 314.868
4.31179606272 0.9973131419839538 0.0 315.048
4.311724127400001 0.997387177933424 0.0 315.229
4.31159955648 0.9975604183796872 0.0 315.411
4.31168201892 0.9975863029922828 0.0 315.592
4.31172061836 0.9975617900873108 0.0 315.771
4.3117311454800005 0.9973872574389064 0.0 315.949
4.31176272684 0.997362664929426 0.0 316.13
4.31166096468 0.9973615121291836 0.0 316.312
4.31170131864 0.9973619692737884 0.0 316.493
4.31166447372 0.9974114523937992 0.0 316.669
4.3117030731599995 0.9973869394170528 0.0 316.853
4.31170833672 0.9972881336056416 0.0 317.034
4.31164166496 0.9970151087762072 0.0 317.216
4.31170482768 0.9968411721831052 0.0 317.402
4.3117329 0.996991191686076 0.0 317.583
4.3116521920799995 0.9971898797607176 0.0 317.762
4.31167500084 0.9972640532458684 0.0 317.945
4.31173465452 0.9974621480207096 0.0 318.124
4.31168377344 0.997511472086812 0.0 318.304
4.311724127400001 0.9974869790269006 0.0 318.489
4.31171184576 0.9974868398784148 0.0 318.668
4.31170833672 0.9973620487772408 0.0 318.851
4.31185396188 0.9973636984767364 0.0 319.031
4.31241891732 0.9973700985673996 0.0 319.211
4.31263121424 0.9973725035916452 0.0 319.394
4.31586128556 0.997409097168202 0.0 319.574
4.31698593288 0.9974218389622572 0.0 319.754
4.31939488884 0.9974241800959068 0.0 319.935
4.32194245188 0.9973554157288418 0.0 320.121
4.32432684456 0.9972336434179444 0.0 320.306
4.32701126016 0.9972640548617258 0.0 320.488
4.32876753468 0.997408728024383 0.0 320.669
4.33203620544 0.9974934954545815 0.0 320.851
4.3331292714 0.9974581537621172 0.0 321.031
4.3370225512800005 0.9975022752418216 0.0 321.217
4.33783840308 0.9975115215625844 0.0 321.397
4.3416650112 0.9975548920772584 0.0 321.576
4.3429896738 0.9976426000777576 0.0 321.757
4.34627588976 0.9978286770818204 0.0 321.938
4.34801286456 0.9979981348848632 0.0 322.119
4.350156888 0.9979725269607308 0.0 322.299
4.35306763668 0.997955612719753 0.0 322.479
4.35441335352 0.9978959868519472 0.0 322.659
4.35798029268 0.9978125565589832 0.0 322.841
4.35906458604 0.997627326756112 0.0 323.022
4.3630262922 0.9977221742187316 0.0 323.205
4.3640193505200005 0.9978810408782148 0.0 323.391
4.367040633959999 0.9980392000370348 0.0 323.571
4.36908289524 0.9980873328872754 0.0 323.752
4.371869073 0.9980440383219712 0.0 323.932
4.37413064928 0.997995726404884 0.0 324.114
4.37633257188 0.9978231407788084 0.0 324.295
4.3792292844 0.9976812102697056 0.0 324.477
4.38086274252 0.9974781274674648 0.0 324.658
4.38427528392 0.9973919681631184 0.0 324.84
4.38514026228 0.9975016598238756 0.0 325.02
4.38904231476 0.997644861161057 0.0 325.202
4.3899985281600005 0.997728438557996 0.0 325.383
4.393712847 0.997770570464061 0.0 325.564
4.3951252356 0.9977865922690798 0.0 325.746
4.39804475688 0.9977469732760706 0.0 325.927
4.40013789924 0.9976967286961392 0.0 326.109
4.4019941814 0.9977177860116616 0.0 326.29
4.40504880072 0.9977274622242452 0.0 326.473
4.40676998484 0.9977220114368976 0.0 326.653
4.410164981039999 0.997760528189171 0.0 326.839
4.41088608876 0.9976687960219566 0.0 327.021
4.41451969968 0.9977100197373546 0.0 327.2
4.4158812072 0.9976755074156852 0.0 327.382
4.41960605316 0.997767730699212 0.0 327.563
4.420995633 0.9978334609172066 0.0 327.746
4.4240572704 0.99769426682206 0.0 327.929
4.42616620344 0.9976204516788028 0.0 328.108
4.42821372828 0.9976436835653468 0.0 328.289
4.43101218768 0.9975755010522168 0.0 328.469
4.43258072856 0.9974933600303107 0.0 328.648
4.43507039244 0.997446651341202 0.0 328.828
4.43715125316 0.9974202880154164 0.0 329.01
4.43961459924 0.99739826282286 0.0 329.191
4.44191126592 0.9974243198097924 0.0 329.376
4.44436057584 0.9973771463659028 0.0 329.556
4.44647301792 0.9974011139564724 0.0 329.736
4.4486995038 0.9974513658771522 0.0 329.919
4.4511821496 0.9975794968037192 0.0 330.099
4.45362619596 0.9976322251840974 0.0 330.282
4.45592988072 0.997583398473282 0.0 330.465
4.45836515448 0.9974882656299744 0.0 330.65
4.46062497624 0.9974648644989236 0.0 330.832
4.4628935705999995 0.9973406517280466 0.0 331.012
4.4653323534 0.9972683513537204 0.0 331.193
4.46774657292 0.9973207410952576 0.0 331.376
4.4700958752 0.9972724160313649 0.0 331.556
4.47232937916 0.9971009194893496 0.0 331.736
4.47467868144 0.9969525998714748 0.0 331.921
4.4768525317200005 0.9970022593763578 0.0 332.099
4.4794036038 0.9970062057061794 0.0 332.281
4.48176167868 0.9969329667991914 0.0 332.466
4.483977637440001 0.9970081067801216 0.0 332.648
4.48637431176 0.9971103011277962 0.0 332.833
4.488734141159999 0.9970370791134956 0.0 333.015
4.49106414372 0.9970135171235568 0.0 333.196
4.4933257200000005 0.997039181101616 0.0 333.377
4.49578380252 0.9971920892171272 0.0 333.555
4.49814012288 0.997293844233183 0.0 333.735
4.50031046412 0.9974184971042735 0.0 333.918
4.50274047432 0.997371073027033 0.0 334.098
4.50510030372 0.9973228495719998 0.0 334.279
4.50733907124 0.997348266656316 0.0 334.464
4.50973223652 0.9973504315615472 0.0 334.645
4.51200433992 0.9972511933921816 0.0 334.826
4.51422907128 0.9973514746709896 0.0 335.008
4.51657837356 0.9973281333188824 0.0 335.187
4.51901013828 0.9973307361903728 0.0 335.37
4.5212892597600005 0.9974816647566078 0.0 335.551
4.52361926232 0.997583158167408 0.0 335.732
4.5258983837999995 0.9976090456195912 0.0 335.912
4.52811960612 0.9975342297173264 0.0 336.093
4.53049873524 0.9974371290287524 0.0 336.275
4.53273399372 0.9974865915953556 0.0 336.458
4.5351218954400006 0.997513714853263 0.0 336.642
4.53745365252 0.997540201809255 0.0 336.824
4.539773127959999 0.997566550650879 0.0 337.005
4.54197680508 0.9974196024186168 0.0 337.186
4.54431558024 0.9972710541234676 0.0 337.366
4.5465210118799995 0.9972710856210432 0.0 337.544
4.54892470428 0.997298386631572 0.0 337.726
4.5511546992 0.9973237161320364 0.0 337.907
4.5534689110799995 0.9972008279608756 0.0 338.089
4.55586032184 0.997005002056924 0.0 338.27
4.55796750036 0.9969538705985652 0.0 338.453
4.56027293964 0.9969300088900916 0.0 338.637
4.5627082134 0.9969576634813686 0.0 338.819
4.56493294476 0.9969579062887184 0.0 339.0
4.56731909196 0.9970100281062118 0.0 339.18
4.569799983239999 0.9972133706387344 0.0 339.363
4.57192295244 0.9973125608236408 0.0 339.543
4.57397924988 0.997235824511026 0.0 339.725
4.57629521628 0.9971370090205064 0.0 339.902
4.57872522648 0.996991621205894 0.0 340.086
4.58081836884 0.9967660678155504 0.0 340.269
4.58312380812 0.9967672223858324 0.0 340.449
4.5854029296 0.996943274645629 0.0 340.631
4.58770310532 0.9971173852373476 0.0 340.808
4.589912046 0.9969944960259444 0.0 340.987
4.59220871268 0.9967712255469166 0.0 341.171
4.59460187796 0.996625382810568 0.0 341.353
4.5968073096 0.9966754607527828 0.0 341.532
4.59904958616 0.9967750849384396 0.0 341.714
4.60109184744 0.9968711903779798 0.0 341.896
4.60353764832 0.9970491752764576 0.0 342.077
4.6059395862 0.9972517055334044 0.0 342.26
4.60824678 0.9972278585449496 0.0 342.443
4.6105188834 0.9970283648265024 0.0 342.627
4.6127050153199995 0.9968560493847476 0.0 342.807
4.61511046224 0.9968583430056002 0.0 342.986
4.6175281908 0.996935888013236 0.0 343.169
4.61973362244 0.9969359111116928 0.0 343.35
4.6218618552 0.9969841949639966 0.0 343.532
4.62420940296 0.9972340348723552 0.0 343.709
4.62654291456 0.997260561237608 0.0 343.892
4.62784125936 0.9970771904403724 0.0 344.072
4.63116607476 0.9970407972216674 0.0 344.251
4.63235914836 0.9970543578448678 0.0 344.432
4.636019077079999 0.9969707467707518 0.0 344.614
4.6368138746400005 0.9968545666468512 0.0 344.797
4.64053345704 0.9966996199606 0.0 344.983
4.64164231368 0.9964868232878544 0.0 345.164
4.64464254288 0.9965960450282516 0.0 345.345
4.6465233883199994 0.9968177809912512 0.0 345.531
4.64885339088 0.996966363278587 0.0 345.711
4.6512588377999995 0.9970187546062718 0.0 345.893
4.65321863664 0.99689388109247 0.0 346.075
4.65619605708 0.996777437366663 0.0 346.255
4.65720841512 0.9966136042043482 0.0 346.437
4.66080869016 0.9966294715205808 0.0 346.618
4.661584188 0.9965152279992368 0.0 346.797
4.665093228 0.9965059438087402 0.0 346.978
4.66643192676 0.9964710549686556 0.0 347.157
4.6692689856 0.9964030884223816 0.0 347.338
4.67130598332 0.9963009736886788 0.0 347.52
4.67296751376 0.9963198535776 0.0 347.702
4.67599406076 0.996354245921624 0.0 347.883
4.6779099965999995 0.9965514003691288 0.0 348.068
4.68093128004 0.99678399323046 0.0 348.251
4.6820418912 0.9967715648133249 0.0 348.436
4.68559128516 0.9967640003689388 0.0 348.618
4.68647029968 0.9967238808928204 0.0 348.801
4.69017760044 0.9965906270106504 0.0 348.981
4.691211012719999 0.996527200632723 0.0 349.165
4.69456565496 0.9965653373176924 0.0 349.347
4.69597278 0.9965813348505604 0.0 349.531
4.6965640532399995 0.9966131169725564 0.0 349.714
4.69668160608 0.9967146928877584 0.0 349.893
4.69682196768 0.9968666482291292 0.0 350.071
4.69641141 0.9969111589833544 0.0 350.254
4.6961833224 0.9968844449953328 0.0 350.437
4.69616226816 0.996834086156495 0.0 350.616
4.6962008676 0.9966841668535592 0.0 350.797
4.69612542324 0.9966081299626692 0.0 350.98
4.69603243368 0.9965820130615564 0.0 351.16
4.6960780512 0.9966577107175272 0.0 351.341
4.69613419584 0.996559050059731 0.0 351.523
4.6961008599600005 0.996260147617848 0.0 351.707
4.69608857832 0.9961347096436878 0.0 351.887
4.6960499788800005 0.9960841516649724 0.0 352.068
4.69618507692 0.9960606271447444 0.0 352.249
4.69613595036 0.9960851286002312 0.0 352.429
4.69616226816 0.9961355470595208 0.0 352.611
4.69600436136 0.9960585736385368 0.0 352.792
4.69608857832 0.9958621856510996 0.0 352.974
4.69605524244 0.9956112102447396 0.0 353.155
4.69609208736 0.995413344026284 0.0 353.34
4.69601137944 0.9952630093269432 0.0 353.521
4.69599558876 0.995162591434484 0.0 353.701
4.69611489612 0.9951890056117376 0.0 353.881
4.69604822436 0.9952884873338542 0.0 354.064
4.69607454216 0.9953639651769702 0.0 354.247
4.695832418399999 0.9953110965985958 0.0 354.428
4.69546572372 0.995181635439338 0.0 354.61
4.69537975224 0.995032495252682 0.0 354.787
4.69539554292 0.9950085547499308 0.0 354.969
4.695404315519999 0.9951308193027976 0.0 355.154
4.69528676268 0.9952046631295314 0.0 355.336
4.6953236076 0.9951549625249408 0.0 355.517
4.69520254572 0.995153588138528 0.0 355.697
4.69525693584 0.9951050264655456 0.0 355.876
4.69536922512 0.9949330775981774 0.0 356.058
4.6953937884 0.9947829995245128 0.0 356.236
4.69536045252 0.9947074428030944 0.0 356.419
4.6953323802 0.994631945863754 0.0 356.607
4.69537097964 0.9946323838444494 0.0 356.786
4.69530430788 0.994631627332582 0.0 356.966
4.69528149912 0.9947566657599048 0.0 357.147
4.69533764376 0.9948826002163784 0.0 357.329
4.69535167992 0.9950810425533472 0.0 357.508
4.69534290732 0.995155181630372 0.0 357.688
4.69526044488 0.9952294237754884 0.0 357.874
4.69536045252 0.99533079710246 0.0 358.054
4.69533939828 0.995380676962734 0.0 358.235
4.69539203388 0.9953812746588704 0.0 358.418
4.6952095638 0.9953040243701106 0.0 358.599
4.69523939064 0.9952291847337792 0.0 358.777
4.69522184544 0.995153807243354 0.0 358.957
4.6953323802 0.9951300026570108 0.0 359.141
4.69528500816 0.9950552262526456 0.0 359.324
4.69524816324 0.9950789277111572 0.0 359.505
4.69524114516 0.995078848042635 0.0 359.686
4.69532536212 0.9950556843361774 0.0 359.867
4.69526921748 0.9949820613742494 0.0 360.049
4.6952797446000005 0.9948568836342097 0.0 360.23
4.69531834404 0.9947069649699924 0.0 360.411
4.695356943479999 0.9946322245786974 0.0 360.598
4.6952885172 0.9948068643001818 0.0 360.783
4.69543589688 0.9951070580706588 0.0 360.964
4.69536396156 0.9952055395952374 0.0 361.147
4.6953762432 0.9950073959463828 0.0 361.33
4.69524114516 0.9946318503670104 0.0 361.513
4.69531308048 0.9946076071473644 0.0 361.693
4.695306062399999 0.9947820039634072 0.0 361.874
4.69528149912 0.9948067846534048 0.0 362.055
4.69544116044 0.9948837750979144 0.0 362.24
4.69541659716 0.9948083178560984 0.0 362.423
4.695255181319999 0.9948064859781054 0.0 362.604
4.69531658952 0.9950806442095466 0.0 362.786
4.69528676268 0.9952547820260412 0.0 362.963
4.69534290732 0.9952053005589828 0.0 363.143
4.69526044488 0.9951542454532952 0.0 363.325
4.6952358816 0.9951539665923788 0.0 363.506
4.69530957144 0.9951548031755968 0.0 363.688
