X_channel Y_channel II_channel timestamp
4.69476040668 0.9904289197654392 0.0 0.548
4.69477444284 0.9905986359154828 0.0 0.727
4.69475514312 0.990769205737104 0.0 0.908
4.6947621612 0.9909828228513012 0.0 1.086
4.69487094144 0.9911102844970768 0.0 1.268
4.69476567024 0.991173907619706 0.0 1.449
4.69473408888 0.9911951382896016 0.0 1.628
4.694779706399999 0.991344695720252 0.0 1.808
4.69482532392 0.9914931813652323 0.0 1.988
4.69478321544 0.9914929054979488 0.0 2.17
4.6946779442399995 0.9915136533261252 0.0 2.347
4.69249181232 0.9916700247314012 0.0 2.529
4.69200931932 0.9919222329109996 0.0 2.71
4.68905295312 0.992074350672912 0.0 2.894
4.68785461596 0.9920879322368992 0.0 3.077
4.68562637556 0.991987581532306 0.0 3.262
4.68379992024 0.9918041230513368 0.0 3.447
4.6819980282 0.9917494441263482 0.0 3.627
4.67959258128 0.991776553434906 0.0 3.81
4.67862759528 0.9917916655669032 0.0 3.991
4.6754273508 0.9918564351004644 0.0 4.174
4.67455710888 0.9918721671626088 0.0 4.358
4.67124983868 0.9918504951743584 0.0 4.54
4.67052171288 0.9919314603132025 0.0 4.721
4.66743902124 0.9923150154081356 0.0 4.899
4.66635297336 0.992755319754712 0.0 5.08
4.66400191656 0.9930380894120046 0.0 5.26
4.66210352592 0.993259522036512 0.0 5.442
4.66039637796 0.9933975452996484 0.0 5.621
4.65785056944 0.993509432548457 0.0 5.801
4.65676978512 0.993735413723129 0.0 5.982
4.65363796692 0.9939283684349928 0.0 6.162
4.6529694948 0.9941364201279176 0.0 6.346
4.64949905424 0.9941350613706872 0.0 6.525
4.64874285612 0.9942372505193048 0.0 6.707
4.64591456988 0.9944303032323384 0.0 6.888
4.64443200048 0.9945705775378664 0.0 7.071
4.6420476077999995 0.9945977736132052 0.0 7.251
4.64004570048 0.9946481077764024 0.0 7.433
4.63890526248 0.9946199893746358 0.0 7.614
4.63585239768 0.9945785045657616 0.0 7.794
4.6347049416 0.9946754331762192 0.0 7.977
4.63147487028 0.994804212642444 0.0 8.157
4.63078534392 0.9949917346219788 0.0 8.339
4.62734823924 0.9951601242820955 0.0 8.52
4.62646045212 0.9953471397376812 0.0 8.699
4.623730419 0.9954336520691768 0.0 8.88
4.62213731484 0.9953615753654388 0.0 9.063
4.6198617024 0.99540902213282 0.0 9.245
4.617721188 0.9955655599658526 0.0 9.426
4.61620703724 0.995704785876744 0.0 9.609
4.613338397040001 0.9958126038475298 0.0 9.793
4.61226287628 0.9959555116938298 0.0 9.976
4.60897139676 0.9960409901045356 0.0 10.16
4.6083274879200005 0.9960573765276411 0.0 10.342
4.60482371148 0.9960137087559258 0.0 10.523
4.60390785204 0.9960076849032208 0.0 10.706
4.60090235928 0.9959236448226126 0.0 10.89
4.5994566348 0.9958070169642272 0.0 11.07
4.59723892152 0.9956638919249982 0.0 11.249
4.59492470964 0.9957557938576644 0.0 11.428
4.59368075496 0.996045664962792 0.0 11.608
4.59060683592 0.9962388723901768 0.0 11.788
4.58968044936 0.9962542011260818 0.0 11.968
4.58634686136 0.9962751167976064 0.0 12.147
4.58564154432 0.9964820199419662 0.0 12.327
4.58229041112 0.9964599714258262 0.0 12.508
4.58119032708 0.9964313122902048 0.0 12.689
4.57863399144 0.9965430207682434 0.0 12.873
4.5765864666 0.9966786911119236 0.0 13.054
4.57477229292 0.9968362430372154 0.0 13.233
4.5722703474 0.996755516409829 0.0 13.412
4.57085094072 0.9966819157679536 0.0 13.595
4.5676559598 0.9967037314943716 0.0 13.775
4.56697871508 0.9966154715850382 0.0 13.955
4.56343283016 0.9964215933370358 0.0 14.139
4.5625660972799995 0.9963730542279042 0.0 14.319
4.55950095084 0.9964814027684455 0.0 14.496
4.55811312552 0.9965571426384512 0.0 14.674
4.5555848622 0.9967099782408264 0.0 14.859
4.55353382832 0.996696483100698 0.0 15.044
4.55181966228 0.9967280392804538 0.0 15.226
4.54901067576 0.9968166416832264 0.0 15.412
4.54772636712 0.996976847281997 0.0 15.593
4.5445664766 0.9969988843949076 0.0 15.775
4.5436541262 0.9968020088650892 0.0 15.955
4.5401907037199996 0.9965872829387618 0.0 16.132
4.53938011548 0.9965391196439998 0.0 16.315
4.53619917072 0.9965824412499044 0.0 16.498
4.53463413888 0.9965721464482042 0.0 16.678
4.53227430948 0.996492380310987 0.0 16.861
4.53019344876 0.9965429366833648 0.0 17.045
4.52826874032 0.9965516909074944 0.0 17.225
4.52547203544 0.9967883847919334 0.0 17.405
4.52449301328 0.9971015391073812 0.0 17.589
4.52112082584 0.9971639283470818 0.0 17.768
4.520319010200001 0.9971586514135194 0.0 17.952
4.516643290799999 0.9974120183991996 0.0 18.134
4.5157484856000005 0.9977460465562769 0.0 18.314
4.51327110336 0.9979625872281528 0.0 18.491
4.51116217032 0.9981199898350904 0.0 18.671
4.50884269488 0.9981047113539816 0.0 18.852
4.5064267208399995 0.9979817434140432 0.0 19.035
4.50486344352 0.9977806253886026 0.0 19.217
4.50190356828 0.9978242962499344 0.0 19.4
4.50070874016 0.9980511363522642 0.0 19.58
4.4972821626 0.9983684455642382 0.0 19.763
4.4964663108 0.9985343462628864 0.0 19.95
4.492930953 0.9983611887978124 0.0 20.131
4.49193614016 0.9982904086243424 0.0 20.313
4.48860781572 0.9983113006888772 0.0 20.493
4.4872550808 0.998302389729368 0.0 20.67
4.484730326519999 0.998178719685518 0.0 20.853
4.48253191296 0.998228462768403 0.0 21.037
4.48110899724 0.9984331635245388 0.0 21.218
4.47796665192 0.998433869331552 0.0 21.396
4.47697008456 0.9985316618889566 0.0 21.576
4.47331717392 0.9985718142904848 0.0 21.759
4.47264519276 0.9987592390670442 0.0 21.941
4.46947828416 0.9988863370817868 0.0 22.121
4.46788693452 0.9990899037717776 0.0 22.306
4.46454808296 0.9991107055744796 0.0 22.488
4.4630339322 0.998801861324672 0.0 22.669
4.46060041296 0.9985522503811218 0.0 22.849
4.45832655504 0.9985586749606544 0.0 23.028
4.45662817968 0.9986751069608316 0.0 23.208
4.45364198664 0.9988247874716298 0.0 23.391
4.45252260288 0.9988388148285656 0.0 23.571
4.4489591727599995 0.9987297237563082 0.0 23.753
4.44822929244 0.9986821097045736 0.0 23.934
4.44460971768 0.9986582640959568 0.0 24.117
4.44353068788 0.9986102244262832 0.0 24.297
4.44049185924 0.9985696077412036 0.0 24.479
4.4386987397999995 0.9985363952382372 0.0 24.659
4.4366898144 0.998585493596655 0.0 24.84
4.43398609908 0.9986524846091444 0.0 25.023
4.43229825084 0.9985771651852988 0.0 25.203
4.4292243318 0.9985363210551575 0.0 25.386
4.42850673312 0.9984050680710764 0.0 25.566
4.42488364932 0.9983384103760272 0.0 25.746
4.42379584692 0.9983312474286892 0.0 25.928
4.42003766508 0.9981781094105504 0.0 26.109
4.41893056296 0.9981922192904084 0.0 26.291
4.41594086088 0.998236730897004 0.0 26.472
4.41393018096 0.9982662888106404 0.0 26.658
4.41192827364 0.9983378963302796 0.0 26.838
4.4093210569200005 0.9985542264227312 0.0 27.015
4.40782445136 0.9986085613213548 0.0 27.197
4.40449261788 0.9985224293543108 0.0 27.378
4.403755719479999 0.9986031622454608 0.0 27.559
4.39996244724 0.998513994166122 0.0 27.739
4.39903430616 0.9985078824778828 0.0 27.92
4.39547789412 0.9985914406491228 0.0 28.098
4.394123404679999 0.9987100888371364 0.0 28.275
4.3920109626 0.998908251643464 0.0 28.458
4.3893879552 0.9990193397921772 0.0 28.639
4.38732113064 0.999068034347292 0.0 28.823
4.38445950852 0.999133954606232 0.0 29.004
4.38308396484 0.9991890725074491 0.0 29.184
4.37967493248 0.9988911776953636 0.0 29.367
4.37885732616 0.9986718640161484 0.0 29.547
4.37510265336 0.9987113169477072 0.0 29.726
4.37404292328 0.99891745806745 0.0 29.913
4.37073565308 0.9991291123970308 0.0 30.092
4.36913377632 0.9993110831638852 0.0 30.273
4.36679149212 0.999336561073056 0.0 30.456
4.36428779208 0.9994262165681947 0.0 30.64
4.36238413788 0.9995206254808834 0.0 30.822
4.35931723692 0.9995645855626314 0.0 31.002
4.35808205484 0.9996847852274924 0.0 31.183
4.35453967896 0.9995331021028748 0.0 31.365
4.35365189184 0.9993133589425924 0.0 31.546
4.3498235292 0.9992044541593266 0.0 31.728
4.34880239856 0.9992814106793176 0.0 31.909
4.34536353936 0.9994726381484093 0.0 32.092
4.34390377872 0.9996536399525502 0.0 32.272
4.3413649882800005 0.99972165785923 0.0 32.458
4.3389893682 0.9998557126052005 0.0 32.638
4.33707167784 0.9996086185068196 0.0 32.818
4.33403811276 0.9994194086045992 0.0 33.001
4.33263976032 0.9993888099842868 0.0 33.184
4.3291430019599995 0.9993230030441006 0.0 33.365
4.32843768492 0.9990635993567424 0.0 33.547
4.3246163403599995 0.9988681551080468 0.0 33.727
4.32338993088 0.9987317703345744 0.0 33.904
4.32030899376 0.998690104271852 0.0 34.084
4.31856850992 0.9987855692309624 0.0 34.265
4.31609814576 0.9988976106983092 0.0 34.447
4.31344531152 0.9989442961669768 0.0 34.631
4.31190659748 0.9989341653897638 0.0 34.812
4.30867477164 0.9988915050034334 0.0 34.995
4.3074430986 0.9988620136439716 0.0 35.176
4.3037498339999996 0.998837700778312 0.0 35.357
4.30288661016 0.9988953629176492 0.0 35.537
4.2991915910400005 0.9989760756353382 0.0 35.715
4.29785815584 0.9990742040992502 0.0 35.898
4.29506671452 0.9989916819896028 0.0 36.081
4.29294549984 0.9989777171548044 0.0 36.264
4.29055935264 0.9989406282210916 0.0 36.444
4.28789072772 0.9989230610409944 0.0 36.625
4.28636604984 0.998934404393889 0.0 36.806
4.2829464903600005 0.9988691361266364 0.0 36.986
4.28197974984 0.999033806483973 0.0 37.168
4.27816542336 0.9992419911951091 0.0 37.349
4.27717938312 0.9994271037173378 0.0 37.528
4.2734931366 0.9995925579205924 0.0 37.715
4.272124611 0.9997545666310486 0.0 37.898
4.26918052644 0.9999043213631827 0.0 38.078
4.26710843832 0.9998906698110376 0.0 38.263
4.26503810472 0.999729262992889 0.0 38.442
4.2621150744 0.9995176215947856 0.0 38.622
4.260664086359999 0.9995508185307064 0.0 38.801
4.25704275708 0.9997193512724364 0.0 38.981
4.25609356176 0.999839482232632 0.0 39.164
4.25227748076 0.9999631683325104 0.0 39.346
4.2513791665200005 1.0 0.0 39.524
4.24793504376 0.9999773097580408 0.0 39.707
4.24619806896 0.9998589959938944 0.0 39.887
4.24355927088 0.9997355468599844 0.0 40.069
4.2411222426 0.9996786197209452 0.0 40.25
4.23968529072 0.999669156488022 0.0 40.43
4.2362183592 0.9996463252985502 0.0 40.613
4.2348498336 0.9997201319387692 0.0 40.793
4.23117060516 0.9997386463370762 0.0 40.975
4.2303056268 0.999754321838752 0.0 41.156
4.22629128504 0.9997065138475392 0.0 41.337
4.22520699168 0.9996352599715164 0.0 41.519
4.22160847116 0.9995706938443386 0.0 41.701
4.22017853736 0.9993270050242348 0.0 41.878
4.21742745 0.9991611755517696 0.0 42.058
4.21507288416 0.9992933983585468 0.0 42.238
4.21308676752 0.9995989984551612 0.0 42.418
4.21017777336 0.9997927356607962 0.0 42.596
4.20877942092 0.9998262652305728 0.0 42.779
4.2050931744 0.9997165174426152 0.0 42.956
4.20429837684 0.9997753889960712 0.0 43.135
4.200708628919999 0.9997944875322976 0.0 43.314
4.199180442 0.9998271600534568 0.0 43.495
4.195985461079999 0.9996138182282496 0.0 43.674
4.19397127212 0.9994937243547456 0.0 43.859
4.19249045724 0.9994839770905448 0.0 44.04
4.18911300624 0.9995258445497724 0.0 44.221
4.18706372688 0.9996405504904596 0.0 44.407
4.18375294764 0.9996828518865 0.0 44.588
4.18246337544 0.9994820757356642 0.0 44.772
4.17872098428 0.9992678331222856 0.0 44.953
4.17770687172 0.999261160021494 0.0 45.137
4.17384166416 0.9993398762241046 0.0 45.321
4.1727064897199995 0.9994178614665666 0.0 45.502
4.16933781132 0.999395692658644 0.0 45.684
4.1675201286000005 0.9994264573145428 0.0 45.865
4.16507783676 0.9995385616801328 0.0 46.044
4.16239166664 0.9996063324865614 0.0 46.229
4.16047748532 0.9995937338827988 0.0 46.41
4.15719653292 0.9995927008844216 0.0 46.589
4.1564666526 0.999545975209702 0.0 46.769
4.152369848399999 0.999390848548251 0.0 46.951
4.15135749036 0.9993414657083118 0.0 47.132
4.14740982036 0.9992300513532844 0.0 47.313
4.14619569252 0.9991793438958462 0.0 47.495
4.14286035 0.9991787631454054 0.0 47.677
4.140886515 0.9994640088994504 0.0 47.858
4.138430187 0.9995741317273816 0.0 48.043
4.13568085416 0.9995560399276434 0.0 48.229
4.13387896212 0.9994392601486152 0.0 48.411
4.13061555492 0.9992690847984638 0.0 48.59
4.12939265448 0.999068820880852 0.0 48.773
4.12556780088 0.998896835450094 0.0 48.956
4.12466948664 0.998974488074106 0.0 49.139
4.120704271439999 0.9990330385969944 0.0 49.321
4.11942522636 0.999045983703262 0.0 49.502
4.11621270024 0.9989188792712884 0.0 49.686
4.11421254744 0.9987153962151928 0.0 49.865
4.1116123488000005 0.9985274614164996 0.0 50.049
4.1089805688 0.9984888094880348 0.0 50.228
4.10769801468 0.998418184962436 0.0 50.411
4.10400124104 0.9983306301153436 0.0 50.593
4.10264148804 0.9984265967598142 0.0 50.774
4.09874469912 0.9985496630070176 0.0 50.956
4.0977428682 0.9984157600402394 0.0 51.136
4.09397766828 0.9981580070896252 0.0 51.315
4.09252492572 0.9979795117038298 0.0 51.495
4.08950188776 0.9978109924812172 0.0 51.677
4.08739821828 0.9976477155033524 0.0 51.858
4.0848980272799995 0.9974826407683888 0.0 52.044
4.08222764784 0.9968718179787928 0.0 52.225
4.08069068832 0.9959062834020048 0.0 52.405
4.077037777679999 0.9952685201807266 0.0 52.585
4.07593769364 0.9955583499416952 0.0 52.765
4.07204967732 0.9960410005282266 0.0 52.947
4.07106012804 0.9964801859368968 0.0 53.128
4.06737388152 0.9967530328270606 0.0 53.308
4.06576849572 0.9969338417936934 0.0 53.491
4.06293494592 0.9971695665604968 0.0 53.667
4.06049967216 0.9972176319826138 0.0 53.85
4.05875041572 0.9970780673048372 0.0 54.035
4.05533787432 0.997141068480986 0.0 54.22
4.0537833696000005 0.9972368045301956 0.0 54.405
4.0500286968 0.9973170338431476 0.0 54.587
4.0487408791199995 0.9973726225817976 0.0 54.768
4.044893216759999 0.997326028305732 0.0 54.951
4.043845768320001 0.9973618467000162 0.0 55.135
4.0401595218 0.9974657295967632 0.0 55.315
4.03865238912 0.9973277694212732 0.0 55.497
4.03562057856 0.9970970993489474 0.0 55.678
4.03332215736 0.9970393339372874 0.0 55.86
4.03083600252 0.9970870583258608 0.0 56.041
4.02812526912 0.9971314404231651 0.0 56.224
4.0267391983200005 0.997185577808812 0.0 56.404
4.022982771000001 0.997139593470338 0.0 56.585
4.02203708472 0.9970080022438068 0.0 56.766
4.0178771178 0.9967672987551396 0.0 56.949
4.0168752868799995 0.9966548206781178 0.0 57.13
4.01314517736 0.9966722488349596 0.0 57.31
4.011534527999999 0.9965984662672394 0.0 57.492
4.009078199999999 0.996392164056372 0.0 57.674
4.00632535812 0.9963314413302782 0.0 57.854
4.0040567637599995 0.9961679937647876 0.0 58.038
4.00099512636 0.995915064000282 0.0 58.218
3.99952834764 0.995629909890903 0.0 58.401
3.99580350168 0.9955209623606238 0.0 58.581
3.99462270972 0.995555908505007 0.0 58.762
3.9906417038399997 0.9955725184243496 0.0 58.94
3.9895925008799997 0.9956910097049246 0.0 59.122
3.98615715072 0.9957965391891508 0.0 59.301
3.9844096488000003 0.9958064320822508 0.0 59.481
3.9814918820400003 0.9956806389460264 0.0 59.662
3.9791127529200003 0.995390351388834 0.0 59.848
3.9768371404800003 0.995142622819556 0.0 60.027
3.9737755030799997 0.9948460204528156 0.0 60.207
3.9725719023600004 0.994670127555549 0.0 60.388
3.96872774904 0.9943889612301872 0.0 60.568
3.9677118819599997 0.9941929701609908 0.0 60.751
3.9636817495199996 0.9939959471620888 0.0 60.931
3.9624184951199997 0.99384021706072 0.0 61.107
3.9598375962 0.9936108115085658 0.0 61.287
3.9572514337199998 0.9934251131309828 0.0 61.466
3.95449859184 0.993322598478096 0.0 61.646
3.95175101352 0.9932833202559848 0.0 61.826
3.94991929464 0.9933353547946556 0.0 62.005
3.9464856989999997 0.993416922879498 0.0 62.187
3.94531543416 0.9933674152470632 0.0 62.368
3.94126073844 0.9931508179249264 0.0 62.547
3.9402904888799997 0.9929951642699753 0.0 62.73
3.93630597396 0.9928430339314088 0.0 62.913
3.93494271192 0.9925157787692444 0.0 63.094
3.93189335616 0.9921991275967164 0.0 63.274
3.9296668702799997 0.9922699228619948 0.0 63.459
3.9273737126399997 0.9921696462504838 0.0 63.641
3.92441032836 0.9918117203077284 0.0 63.823
3.9230821567199996 0.9915905726436136 0.0 64.002
3.9192660757200004 0.9914822505271444 0.0 64.184
3.91794492216 0.9913456712844656 0.0 64.359
3.9139744434 0.9911499766254812 0.0 64.539
3.9129375220799996 0.9907204062958368 0.0 64.719
3.9090003792 0.99027089618833 0.0 64.902
3.9075511456800003 0.9900063433589124 0.0 65.086
3.9044895082799997 0.9897971500689848 0.0 65.265
3.90209809752 0.9898863544499068 0.0 65.449
3.8998856478 0.9900417633325632 0.0 65.632
3.89679593808 0.9900216572164 0.0 65.812
3.8950133457600002 0.9897133759207652 0.0 66.007
3.89144465208 0.9892031672293744 0.0 66.189
3.89022350616 0.988814058622398 0.0 66.37
3.8861828466 0.9886385336206176 0.0 66.554
3.8852354058 0.9885276259664532 0.0 66.735
3.8813158081199997 0.988375023212536 0.0 66.915
3.87988587432 0.9881951531029504 0.0 67.099
3.8765189504400004 0.9881101197135695 0.0 67.282
3.8746152962400005 0.9879290477488792 0.0 67.466
3.87178350096 0.9876769247027012 0.0 67.65
3.86912715768 0.987321209206938 0.0 67.835
3.86726736648 0.9869698730051998 0.0 68.014
3.86382675276 0.9866517364802764 0.0 68.196
3.86258630712 0.9865157721472164 0.0 68.373
3.85858600152 0.9863200813756916 0.0 68.547
3.85762101552 0.9861024966686088 0.0 68.728
3.8535926376 0.9859077072316056 0.0 68.911
3.8521697218799997 0.9856229433620964 0.0 69.093
3.8492642367600003 0.9852009419412888 0.0 69.275
3.84682369944 0.984825400745108 0.0 69.455
3.8444936968800003 0.9843661150372716 0.0 69.636
3.841565403 0.9839866460952056 0.0 69.814
3.8403653113200003 0.983661794418872 0.0 69.997
3.836345706 0.9834234493229744 0.0 70.178
3.83522456772 0.983140956721098 0.0 70.356
3.83115408132 0.9827762747601226 0.0 70.536
3.8300662789199995 0.982345601045456 0.0 70.721
3.82626247956 0.9818555814340902 0.0 70.904
3.82462375788 0.9814426909082552 0.0 71.088
3.82167440976 0.9810000477040391 0.0 71.27
3.8192566811999997 0.9804127125200146 0.0 71.447
3.8170284408 0.9800600028526144 0.0 71.63
3.8138527596 0.9797001401013332 0.0 71.814
3.81248247948 0.979076966463156 0.0 71.994
3.8085593727600004 0.9785444919804064 0.0 72.176
3.80761017744 0.9779666806188104 0.0 72.357
3.8034309108 0.9774736326620872 0.0 72.538
3.8022027468 0.9769364145260304 0.0 72.716
3.79877090568 0.9765121403150174 0.0 72.898
3.79679531616 0.9760553990508122 0.0 73.079
3.7938950946 0.9754225255745024 0.0 73.263
3.7913124411599997 0.9747922422785154 0.0 73.442
3.78988075284 0.974020440621731 0.0 73.625
3.78612081648 0.9733829373219808 0.0 73.804
3.7847610634799995 0.9730775110216404 0.0 73.984
3.7808239206 0.9728198159082077 0.0 74.165
3.77989928856 0.9723903977806828 0.0 74.34
3.77577792108 0.9717709125281306 0.0 74.52
3.7744672946399995 0.9710007891007894 0.0 74.702
3.77120388744 0.970408405128372 0.0 74.883
3.7690949544 0.9697397688765056 0.0 75.065
3.76659651792 0.9688556039350557 0.0 75.246
3.76366296048 0.9679268881658752 0.0 75.428
3.76176632436 0.9670884196626298 0.0 75.609
3.75820289424 0.966346723029354 0.0 75.792
3.75706421076 0.9654934023790046 0.0 75.976
3.75287968056 0.9647896420598808 0.0 76.158
3.7520024205599998 0.9640639822355596 0.0 76.34
3.7479880787999997 0.9633613611772676 0.0 76.523
3.74648094612 0.9625262965230128 0.0 76.705
3.743224557 0.961849831957957 0.0 76.886
3.74117703216 0.9610753082347308 0.0 77.066
3.73908213528 0.9602152946945178 0.0 77.249
3.73572573852 0.9594102009505516 0.0 77.433
3.7339115648399996 0.95834084921297 0.0 77.615
3.73025163612 0.9572607208832694 0.0 77.796
3.7289269735199997 0.9562999490912406 0.0 77.979
3.72498281256 0.9554071690888376 0.0 78.163
3.72403361724 0.9543646609882076 0.0 78.342
3.71968416216 0.9533434848643264 0.0 78.525
3.7186261866 0.9523844812810746 0.0 78.708
3.71531365284 0.9516228077973476 0.0 78.89
3.7132117378799996 0.9509536558141488 0.0 79.067
3.71048345928 0.9501751847574932 0.0 79.249
3.70766570016 0.94933228811948 0.0 79.43
3.70560413916 0.9484313011368192 0.0 79.616
3.7021951067999996 0.9478802931208914 0.0 79.797
3.7012020484800003 0.9469431387948356 0.0 79.976
3.69705787224 0.9458392124533948 0.0 80.159
3.6960367416 0.9445630409416864 0.0 80.34
3.6919750278 0.9433958382629936 0.0 80.523
3.6906187838399998 0.9424983230705558 0.0 80.702
3.68799753096 0.9415299164549495 0.0 80.881
3.68522538936 0.9405190854946434 0.0 81.065
3.68239183956 0.9394227324042368 0.0 81.245
3.67955653524 0.9383892285425832 0.0 81.428
3.6776686717200002 0.9372995721354604 0.0 81.61
3.67405962408 0.936409643917792 0.0 81.792
3.6729121680000003 0.9354079082463664 0.0 81.972
3.66887150844 0.9344525905603625 0.0 82.153
3.6679644216 0.9335588415132656 0.0 82.335
3.66383603604 0.9328354209807264 0.0 82.517
3.66242364744 0.932108160286052 0.0 82.696
3.6592760385600003 0.9312840749289936 0.0 82.876
3.6569109456000004 0.9304030564660812 0.0 83.057
3.6544581266400002 0.9296269214457932 0.0 83.237
3.651463161 0.928889023739204 0.0 83.416
3.65029114164 0.9281420321498692 0.0 83.597
3.6462189007199997 0.9274609655791188 0.0 83.778
3.64503635424 0.9268203958558068 0.0 83.962
3.64089919608 0.926265664671676 0.0 84.139
3.63980788464 0.925688483594982 0.0 84.321
3.6359093412 0.9251991163481332 0.0 84.502
3.63434957292 0.9248091181740768 0.0 84.681
3.63148619628 0.9243473570609676 0.0 84.861
3.6289386332399998 0.9238875277400072 0.0 85.041
3.62688584484 0.9234956378310544 0.0 85.22
3.62346453084 0.9232415507238516 0.0 85.4
3.62207319648 0.9229803440603016 0.0 85.582
3.6181886892 0.9227013880995828 0.0 85.764
3.6171763311599996 0.9225063468084674 0.0 85.945
3.6130742633999997 0.9223963785514264 0.0 86.122
3.61179697284 0.9223460786576791 0.0 86.302
3.6085967283600002 0.9223267138963646 0.0 86.481
3.6063526972799997 0.9224195578708396 0.0 86.664
3.60396304104 0.922530939541234 0.0 86.84
3.6008154321599997 0.9223434834537042 0.0 87.019
3.59914863816 0.9224177338850864 0.0 87.2
3.5954553735599997 0.922775818129656 0.0 87.382
3.59436055308 0.9232347512814764 0.0 87.568
3.5900882968800003 0.9233559909491706 0.0 87.749
3.58908822048 0.923245385660854 0.0 87.931
3.58505808804 0.9231996977551288 0.0 88.114
3.58353165564 0.9235910737707944 0.0 88.294
3.58034193828 0.9242067162409804 0.0 88.474
3.57803474448 0.9249330247746456 0.0 88.657
3.57571702356 0.9255318324595838 0.0 88.837
3.57266942232 0.9260416013965724 0.0 89.02
3.5709464836800002 0.9265179050674452 0.0 89.2
3.5673058546800003 0.9270447796915544 0.0 89.383
3.56608470876 0.9276719955773268 0.0 89.563
3.56205808536 0.9282815890901096 0.0 89.743
3.56095800132 0.9290143056517424 0.0 89.925
3.55703840364 0.929729819608948 0.0 90.106
3.55543126332 0.9305240373535164 0.0 90.289
3.55224330048 0.9312439547464434 0.0 90.47
3.5499378612 0.931947959257973 0.0 90.65
3.5480956152 0.932867538511774 0.0 90.832
3.54465149244 0.9336070798401898 0.0 91.016
3.5428689001199998 0.934505697172494 0.0 91.2
3.53910896376 0.9355171555919832 0.0 91.382
3.5377930737599996 0.936586921095995 0.0 91.565
3.53376820488 0.937470881384214 0.0 91.746
3.5326663663199995 0.9386049345572514 0.0 91.929
3.52862219772 0.9396376080939154 0.0 92.113
3.52712734668 0.9404952882523846 0.0 92.295
3.52405693668 0.9413634360839092 0.0 92.472
3.52159709964 0.9423632226079398 0.0 92.651
3.5194179858 0.943257288102493 0.0 92.831
3.51619668708 0.9440403786004116 0.0 93.014
3.51480535272 0.9448985870380135 0.0 93.194
3.51085241916 0.9458677252652412 0.0 93.374
3.50989796028 0.947151359275548 0.0 93.56
3.50549060604 0.948243344312668 0.0 93.741
3.50446421184 0.9492082148912012 0.0 93.924
3.50043057036 0.949965837525437 0.0 94.108
3.49886904756 0.9506952257369268 0.0 94.291
3.49638464724 0.951482650115691 0.0 94.474
3.49332125532 0.952288500660449 0.0 94.657
3.4909421262 0.9532235455178693 0.0 94.838
3.4878103080000002 0.9540068389772904 0.0 95.023
3.4861786044 0.9548837624003752 0.0 95.204
3.4822958516399996 0.955535487889935 0.0 95.387
3.48127647552 0.9562053931258222 0.0 95.568
3.4771603716 0.9569186021966634 0.0 95.747
3.4760199336 0.9577780487223628 0.0 95.93
3.47211437208 0.9585775763617704 0.0 96.111
3.470528286 0.9593916485562762 0.0 96.294
3.46713855336 0.9601932892125103 0.0 96.474
3.4650103206000002 0.9610251679444026 0.0 96.653
3.4628206796399996 0.9617301130830196 0.0 96.833
3.4595941173599996 0.96215259731098 0.0 97.015
3.45819225588 0.962756153747575 0.0 97.195
3.4542586220400002 0.9634710277652854 0.0 97.376
3.45308133912 0.96433006345945 0.0 97.555
3.44880908292 0.96497894395366 0.0 97.738
3.44768092656 0.9656054260725192 0.0 97.921
3.44450173632 0.9661769193607171 0.0 98.105
3.44220682416 0.9666896749410844 0.0 98.285
3.43941889188 0.9671158401839074 0.0 98.464
3.43665903192 0.9676059501457344 0.0 98.645
3.43475537772 0.9681846558048828 0.0 98.824
3.4311340484399997 0.968816222952242 0.0 99.007
3.42950059032 0.9696084093663608 0.0 99.187
3.42562485564 0.9701755888464798 0.0 99.369
3.42481953096 0.9706347152650072 0.0 99.547
3.4205613109199997 0.9709459093598868 0.0 99.729
3.41928051132 0.9714445067894236 0.0 99.91
3.41548723908 0.9719693454896527 0.0 100.093
3.4137064012800002 0.9725914799199044 0.0 100.275
3.41080968876 0.9732487331121707 0.0 100.455
3.4082831799599997 0.9738243591713877 0.0 100.635
3.4064953240799998 0.9742981332433144 0.0 100.823
3.4028143411200005 0.9746120764918696 0.0 101.003
3.40151248728 0.9751112477755144 0.0 101.183
3.39748235484 0.975592175370922 0.0 101.362
3.3964998236399997 0.9759445766233364 0.0 101.542
3.39290130312 0.9762172747179364 0.0 101.722
3.3910344938400003 0.9767544967619104 0.0 101.903
3.38737105608 0.977385410102521 0.0 102.081
3.38531651316 0.977815924658836 0.0 102.263
3.38299703772 0.9781597166928664 0.0 102.444
3.37984241076 0.9786044093754028 0.0 102.627
3.37791243876 0.9789498778816064 0.0 102.81
3.37432444536 0.9791385937179078 0.0 102.987
3.37298223756 0.97955236669974 0.0 103.169
3.36887666076 0.9799696458187706 0.0 103.35
3.36791167476 0.9804060077449382 0.0 103.533
3.3638534699999996 0.9807183637732788 0.0 103.713
3.3623533554 0.981025624523302 0.0 103.892
3.35907766656 0.9812994199206104 0.0 104.072
3.35683539 0.981580644202913 0.0 104.252
3.35503876152 0.98190642804054 0.0 104.43
3.3515911297199996 0.9822013967316544 0.0 104.61
3.3499734622799995 0.9824441157155416 0.0 104.79
3.3460275468 0.9824612231473632 0.0 104.97
3.3448835997599997 0.9826857313478456 0.0 105.151
3.34062011616 0.982869970582352 0.0 105.333
3.3395165230799995 0.9829884913692832 0.0 105.514
3.33574430508 0.982902327236981 0.0 105.697
3.3339564492 0.9828695728668988 0.0 105.877
3.3309649926 0.9830388774687407 0.0 106.06
3.3282718044 0.9833808579581657 0.0 106.244
3.32613304452 0.9838105826894226 0.0 106.428
3.32278717488 0.9841050460823028 0.0 106.61
3.32109055404 0.9842632737396096 0.0 106.792
3.31732184508 0.9842389847267764 0.0 106.977
3.3162814147199997 0.9845915687530898 0.0 107.156
3.3121039026 0.9848806329676218 0.0 107.339
3.31099504596 0.9851692948786772 0.0 107.521
3.30684385164 0.9854592996972342 0.0 107.706
3.30549111672 0.9857248654021148 0.0 107.886
3.3020662936800003 0.9860187373584886 0.0 108.072
3.2998538439600003 0.9862790037915116 0.0 108.254
3.29722908204 0.9865150926966516 0.0 108.436
3.29422709832 0.986854941256038 0.0 108.624
3.2923480073999998 0.9872641627640912 0.0 108.806
3.2886635153999997 0.9875146122600512 0.0 108.987
3.2874300878400002 0.987527081721038 0.0 109.167
3.2833227565199996 0.9874792890227349 0.0 109.35
3.28216477332 0.9875142817848208 0.0 109.53
3.2782960567200004 0.987510510993231 0.0 109.709
3.27662049012 0.987605871833702 0.0 109.89
3.2733711190799997 0.9876061028777308 0.0 110.071
3.2708902278 0.9877804071714752 0.0 110.252
3.2694953844 0.988108533581372 0.0 110.436
3.26522839176 0.9883763936546494 0.0 110.614
3.2643300775199995 0.9885378215976292 0.0 110.795
3.26015782896 0.9885108251315116 0.0 110.977
3.25860507876 0.9885007784632096 0.0 111.158
3.25595575356 0.9886959933689548 0.0 111.34
3.25301517804 0.9889928380470904 0.0 111.521
3.25042901556 0.9891672113618274 0.0 111.703
3.2483762271599996 0.9893636127479176 0.0 111.888
3.2467375054799996 0.9895016418772188 0.0 112.072
3.24526019964 0.9895963872913202 0.0 112.253
3.2441706427200003 0.9898008740737588 0.0 112.44
3.2432933827199997 0.9898376588737566 0.0 112.62
3.24240384108 0.9897044937869068 0.0 112.8
3.2417406325200004 0.9896364970247618 0.0 112.986
3.24127568472 0.9895910184552216 0.0 113.167
3.24070020216 0.9895872913122018 0.0 113.35
3.24039491568 0.9895234716730034 0.0 113.53
3.24001418484 0.9893307016351977 0.0 113.712
3.2362296851999997 0.989369896926912 0.0 113.893
3.2233953714 0.9895397182348554 0.0 114.076
3.21971263392 0.9901273121333108 0.0 114.257
3.2164158908399996 0.990611760187416 0.0 114.436
3.21501578388 0.9908566475530872 0.0 114.618
3.21100670568 0.9909784639140834 0.0 114.799
3.20970836088 0.9911380210359156 0.0 114.981
3.205332588 0.9913625289180864 0.0 115.162
3.2043061938 0.9915461310388696 0.0 115.345
3.2001392088 0.9915827807952587 0.0 115.525
3.19869348432 0.9915521735531356 0.0 115.706
3.1955669296800004 0.991299186606711 0.0 115.888
3.19320534576 0.9911795928863996 0.0 116.068
3.19078586268 0.9912469518888982 0.0 116.251
3.18775580664 0.9915865540561324 0.0 116.431
3.18573109056 0.9918687239968608 0.0 116.614
3.18213257004 0.9919931548993356 0.0 116.797
3.18103073148 0.9920902731067276 0.0 116.979
3.17681461992 0.9920416850913146 0.0 117.16
3.17593911444 0.9921421257237886 0.0 117.341
3.1717563387600003 0.9922839736649808 0.0 117.523
3.17017902528 0.9923567727831796 0.0 117.704
3.16701036216 0.9923998731294922 0.0 117.883
3.1646470237199997 0.992679795145149 0.0 118.063
3.1627538966399995 0.9928577104263772 0.0 118.245
3.15912379476 0.9929190235388964 0.0 118.429
3.157478055 0.993014444503914 0.0 118.613
3.15357775704 0.9929678896768536 0.0 118.793
3.1524566187599996 0.9928120592806372 0.0 118.975
3.14824401624 0.9927210419074224 0.0 119.156
3.14714744124 0.9927351422857617 0.0 119.336
3.14301554664 0.99281441365352 0.0 119.515
3.1415891218799996 0.9929324696727312 0.0 119.697
3.1381221903600003 0.9929717562869164 0.0 119.881
3.13586763216 0.9931260705119328 0.0 120.058
3.13357973808 0.9933003213250992 0.0 120.237
3.13047423768 0.9933005700637828 0.0 120.417
3.12878638944 0.993395695477691 0.0 120.597
3.12502469856 0.993708879999466 0.0 120.78
3.1240509399599996 0.993892712063017 0.0 120.961
3.1198611462 0.99386548022402 0.0 121.143
3.11867859972 0.9938577944557376 0.0 121.323
3.11496954444 0.9939601894796868 0.0 121.503
3.11311852584 0.9942008914243532 0.0 121.686
3.1108165956000002 0.9943336388086618 0.0 121.866
3.10759354236 0.9942922632946554 0.0 122.049
3.10518107736 0.9942765785226524 0.0 122.233
3.1019211792 0.9942758036027924 0.0 122.414
3.1002333309599996 0.9943054022742984 0.0 122.597
3.0964154954399996 0.9942195927817842 0.0 122.781
3.09519084048 0.9942116317231516 0.0 122.967
3.09092735688 0.994204334515285 0.0 123.147
3.08997465252 0.9942387106701652 0.0 123.33
3.0857252050799997 0.9941705197361996 0.0 123.511
3.08444265096 0.99405691969458 0.0 123.693
3.0813178508399997 0.9940578229895204 0.0 123.873
3.07872993384 0.9940622153989244 0.0 124.056
3.07614201684 0.9941283836983796 0.0 124.237
3.0731786325600003 0.9942355903931692 0.0 124.419
3.0714013038 0.9943512982023436 0.0 124.6
3.0676308403199997 0.9943692078458356 0.0 124.782
3.06652900176 0.9945290688660716 0.0 124.963
3.0622690271999997 0.9945649997858644 0.0 125.147
3.06117947028 0.9945791246499436 0.0 125.33
3.05709494772 0.9946586096740762 0.0 125.511
3.0556632593999997 0.9947333370369132 0.0 125.695
3.05218229172 0.994710703141083 0.0 125.877
3.05003826828 0.9946763510425988 0.0 126.06
3.0475679041199997 0.9947008474876012 0.0 126.244
3.0444781944000003 0.9947647891250588 0.0 126.427
3.0426429664800003 0.9948800925774248 0.0 126.608
3.03894970188 0.995046131124348 0.0 126.787
3.03781803648 0.9951853531448612 0.0 126.969
3.03354051672 0.9953271686817976 0.0 127.15
3.0325457038800003 0.9955088881376296 0.0 127.333
3.02851381692 0.995631084064032 0.0 127.513
3.0270101932799998 0.9957273192425098 0.0 127.695
3.02377310388 0.9956850505702554 0.0 127.876
3.02134835724 0.9954360388363372 0.0 128.058
3.01951488384 0.9951723280378758 0.0 128.239
3.01582337376 0.9950847133810063 0.0 128.425
3.01412324388 0.9949888494253268 0.0 128.606
3.0103440078 0.9948609190488148 0.0 128.788
3.00915268872 0.9949149230522732 0.0 128.972
3.0047874429599997 0.9950765549028056 0.0 129.151
3.00390667392 0.995238577915078 0.0 129.332
2.99983794204 0.9951707777250636 0.0 129.516
2.9982711556800004 0.9949281857872267 0.0 129.699
2.99494107672 0.9946759933479644 0.0 129.883
2.99261282868 0.9947448627701484 0.0 130.065
2.990403888 0.9949830358632624 0.0 130.242
2.9871510079199997 0.9952560154616816 0.0 130.422
2.9854561416000003 0.9954561801086926 0.0 130.604
2.98150496256 0.9954718172218447 0.0 130.785
2.9805224313600003 0.995297702397656 0.0 130.968
2.976192276 0.9950795685619432 0.0 131.148
2.9751571092 0.9950315052686914 0.0 131.33
2.97121645728 0.9948583103316616 0.0 131.511
2.96961633504 0.9947207349724768 0.0 131.693
2.9670073637999996 0.9947461716819904 0.0 131.874
2.9641474962 0.9946851964717076 0.0 132.054
2.961805212 0.9947547554914744 0.0 132.236
2.95848741468 0.9948807609942428 0.0 132.417
2.956892556 0.9949329185423637 0.0 132.6
2.9529062865599998 0.9948028972212496 0.0 132.78
2.95203955368 0.9948600504877916 0.0 132.96
2.9476813259999997 0.9949570309987 0.0 133.142
2.946540888 0.9952444625603948 0.0 133.321
2.9428072694400003 0.9954525100772642 0.0 133.502
2.9408737884000002 0.995439938283635 0.0 133.682
2.93783320524 0.9952718281145256 0.0 133.863
2.9352786241200004 0.995171251554064 0.0 134.045
2.93347497756 0.9952223058626584 0.0 134.225
2.92979048556 0.9953466886739848 0.0 134.404
2.92862548428 0.9955290324219616 0.0 134.584
2.9243251557599996 0.9956475451805588 0.0 134.767
2.9233285884000004 0.9957046332819378 0.0 134.95
2.91912826752 0.9957196969198446 0.0 135.131
2.9177878142400004 0.995710980059755 0.0 135.314
2.91486829296 0.9954809065654678 0.0 135.494
2.9123102028 0.9953601902255054 0.0 135.674
2.90968193184 0.995343105865727 0.0 135.853
2.90662029444 0.9952808309130357 0.0 136.037
2.90483945664 0.9951845086326436 0.0 136.216
2.90098653072 0.9951382831825684 0.0 136.398
2.89972853988 0.9952988036060366 0.0 136.578
2.8955633094 0.9954393642505356 0.0 136.759
2.89468429488 0.995370888444536 0.0 136.942
2.89030676748 0.9952171809800326 0.0 137.121
2.8890540402 0.9952090402340308 0.0 137.302
2.8855748270399997 0.9952076158142508 0.0 137.485
2.88339922224 0.9952562359738284 0.0 137.667
2.88078323292 0.995218052829966 0.0 137.848
2.87782160316 0.9951360531087664 0.0 138.032
2.8763846512800004 0.9950631677478378 0.0 138.211
2.87237206404 0.9949947342752076 0.0 138.392
2.87104213788 0.9948590012797164 0.0 138.572
2.86688392548 0.9946016423472782 0.0 138.754
2.8658557767599997 0.9947202019891888 0.0 138.936
2.86253797944 0.994952034701678 0.0 139.117
2.8603483384799997 0.9952113087208244 0.0 139.303
2.85675683604 0.995440549521288 0.0 139.484
2.8546321123199996 0.995573148830002 0.0 139.664
2.85190383372 0.9955765969019928 0.0 139.847
2.84895097656 0.9954523043172382 0.0 140.03
2.84709644892 0.9953785696025622 0.0 140.215
2.84346459252 0.995479394819984 0.0 140.395
2.8422030926399997 0.995598267014984 0.0 140.577
2.8379501361600004 0.9956341612010928 0.0 140.758
2.8369921682399997 0.9956067578863644 0.0 140.941
2.83277079312 0.9954734401532598 0.0 141.125
2.83146718476 0.9955920304611808 0.0 141.307
2.82769672128 0.995840173367984 0.0 141.487
2.8257860489999995 0.9959971623584616 0.0 141.668
2.82362272584 0.995983099170033 0.0 141.85
2.8203540550799997 0.9959618511642092 0.0 142.031
2.81847145512 0.9959072637547502 0.0 142.212
2.81472730944 0.9957982297927576 0.0 142.394
2.81342721012 0.9957262575746972 0.0 142.576
2.8091795172 0.995762175673154 0.0 142.757
2.80820049504 0.9957769870197094 0.0 142.942
2.80392999336 0.9958966521814968 0.0 143.124
2.80266849348 0.9960136376519688 0.0 143.31
2.7988611850800003 0.9959261680728544 0.0 143.496
2.7970610475599997 0.9959356407481134 0.0 143.677
2.7941608259999997 0.9961700575607008 0.0 143.858
2.7914237748 0.9962978177078896 0.0 144.042
2.7892832604 0.9962839017117122 0.0 144.225
2.78577597492 0.9961367243446998 0.0 144.405
2.7845460564000004 0.9960440486937844 0.0 144.587
2.78040188016 0.9960171148361228 0.0 144.768
2.7793649588400005 0.9960103758980412 0.0 144.951
2.77504357608 0.996003461256462 0.0 145.131
2.7738171665999998 0.9961013353206394 0.0 145.314
2.77063446732 0.9959748085414036 0.0 145.497
2.76837464556 0.9957079590870412 0.0 145.676
2.7653954705999997 0.995729882167018 0.0 145.858
2.76255490272 0.9959223075457848 0.0 146.041
2.7604828146 0.9958876770373124 0.0 146.223
2.7569404387199996 0.9958223285696028 0.0 146.405
2.75566314816 0.9958775293116024 0.0 146.586
2.75161547052 0.9959358949598784 0.0 146.767
2.7504557328 0.9961373700857218 0.0 146.95
2.7462361121999996 0.9962792695092928 0.0 147.134
2.745121992 0.9961873691510242 0.0 147.315
2.74147785396 0.9959732085898156 0.0 147.493
2.7394461197999997 0.9959811724672384 0.0 147.673
2.73672836832 0.9958807124265056 0.0 147.856
2.7337597204799997 0.995777568083954 0.0 148.037
2.73208941744 0.995724392653416 0.0 148.215
2.72826456384 0.9956783880412964 0.0 148.395
2.72713640748 0.995671061158246 0.0 148.574
2.7228483606 0.9955797278108164 0.0 148.754
2.72183600256 0.9954258159485764 0.0 148.934
2.71762340004 0.9952310286967676 0.0 149.116
2.7162250476 0.9951584691383162 0.0 149.296
2.71310902008 0.9951170838824486 0.0 149.477
2.7106369014 0.995079879234453 0.0 149.659
2.70831567144 0.9951706136397084 0.0 149.84
2.70505577328 0.9952129338405802 0.0 150.019
2.70393288048 0.995289488861534 0.0 150.199
2.69975361384 0.9953028276037346 0.0 150.379
2.69838508824 0.9952524212789204 0.0 150.564
2.69408475972 0.9950570993155542 0.0 150.744
2.69299695732 0.9949654098539618 0.0 150.926
2.6890738506 0.9948341699590708 0.0 151.107
2.68742284728 0.9948446161702038 0.0 151.289
2.6844208635599998 0.9948039848720668 0.0 151.474
2.68174171152 0.9947442931614146 0.0 151.657
2.67935556432 0.994728815539326 0.0 151.837
2.67610268424 0.9948346486501884 0.0 152.02
2.6744358902400003 0.9950142323350324 0.0 152.203
2.6706987626400003 0.9951777333699152 0.0 152.383
2.66977939416 0.9951929221642948 0.0 152.563
2.66544397524 0.9950185645089288 0.0 152.743
2.6642561652 0.9948424221756902 0.0 152.927
2.66051377404 0.9949450670086406 0.0 153.11
2.65861187436 0.9950570029984044 0.0 153.292
2.65564322652 0.9951223539696824 0.0 153.475
2.65294652928 0.9952106190229476 0.0 153.654
2.65072706148 0.9953019776447706 0.0 153.836
2.64741803676 0.9952805062629814 0.0 154.022
2.6459670487199998 0.995165335614246 0.0 154.207
2.64181059084 0.9950537677526892 0.0 154.39
2.64077893308 0.995131677389476 0.0 154.573
2.6363680698 0.9952088126762132 0.0 154.754
2.63532237588 0.995222385207823 0.0 154.937
2.6311817086800002 0.9951751664691062 0.0 155.121
2.62972896612 0.9951445933624432 0.0 155.303
2.6265462668399997 0.995018205270535 0.0 155.484
2.6240004583200003 0.9950228415708804 0.0 155.666
2.62170554616 0.9951964371854732 0.0 155.847
2.61843336636 0.9952801550016976 0.0 156.029
2.6166718282800003 0.9951841388534955 0.0 156.214
2.61288206508 0.9950564668006302 0.0 156.395
2.61187847964 0.995049957915878 0.0 156.576
2.60752200648 0.994894829187042 0.0 156.757
2.60634121452 0.9947602982640532 0.0 156.936
2.6020198317600003 0.9949852299491608 0.0 157.12
2.60067060588 0.9952495145284088 0.0 157.302
2.59701769524 0.9952469652224584 0.0 157.488
2.59509649584 0.9951076390451286 0.0 157.67
2.59235769012 0.9950475899416994 0.0 157.852
2.5894030784399997 0.99507071715104 0.0 158.032
2.58753626916 0.9949748318531474 0.0 158.213
2.58377984184 0.994698614271394 0.0 158.395
2.58276572928 0.9947554681095688 0.0 158.576
2.57844785556 0.9950631056806116 0.0 158.753
2.57752848708 0.99524557005042 0.0 158.936
2.5732053498 0.9951763082841962 0.0 159.116
2.57179822476 0.9950834124576792 0.0 159.299
2.5684909545599997 0.9949139847409356 0.0 159.479
2.56611533448 0.994940864481647 0.0 159.663
2.56349583612 0.9949661623253212 0.0 159.845
2.56046928912 0.9948619840533904 0.0 160.026
2.55866213352 0.9948291307217346 0.0 160.205
2.55486710676 0.9947833937240254 0.0 160.389
2.55370912356 0.9947336114606624 0.0 160.568
2.5494579216 0.9946452885021771 0.0 160.753
2.5484402999999998 0.9946386940379804 0.0 160.933
2.54428910568 0.9946937005801016 0.0 161.113
2.5427732004 0.9947261508932184 0.0 161.293
2.5395624288 0.9948532993106024 0.0 161.472
2.53722716268 0.9949227088508696 0.0 161.65
2.53490768724 0.9947808599332578 0.0 161.833
2.531465319 0.9946106041067048 0.0 162.017
2.53005994848 0.9946226335348384 0.0 162.197
2.52608946972 0.9947659853343134 0.0 162.382
2.52490165968 0.9948843026601236 0.0 162.564
2.52065396676 0.9949394612394094 0.0 162.746
2.51963283612 0.9949751108547796 0.0 162.925
2.5157009568 0.9949707614217818 0.0 163.11
2.51388678312 0.9948744719795852 0.0 163.29
2.5108321638 0.994603728408752 0.0 163.471
2.50835653608 0.994399349663194 0.0 163.653
2.5058317818 0.994362657732808 0.0 163.837
2.50265785512 0.9943421018022124 0.0 164.018
2.5012963476 0.9944151678285292 0.0 164.198
2.49714515328 0.9945573275454128 0.0 164.379
2.49605384184 0.9946770417185374 0.0 164.559
2.49168859608 0.9945219837688724 0.0 164.739
2.49055342164 0.99440898239218 0.0 164.922
2.48731808676 0.9945570644239482 0.0 165.105
2.48508282828 0.994730106583219 0.0 165.284
2.48213172564 0.9947532464766586 0.0 165.465
2.47928940324 0.9945887849683612 0.0 165.647
2.47721906964 0.994491656207094 0.0 165.828
2.47370301156 0.9944055034649968 0.0 166.007
2.47236782184 0.9942912211324464 0.0 166.187
2.46817276452 0.9942429332183604 0.0 166.367
2.46727094124 0.9942793477327092 0.0 166.549
2.4629600856 0.9943148159435506 0.0 166.73
2.4595843891199998 0.994187332915721 0.0 167.039
2.45621746524 0.9941240795842332 0.0 167.218
2.45478226788 0.9939053896495308 0.0 167.397
2.45068897272 0.993815527747062 0.0 167.578
2.4499011932399997 0.9937893060816576 0.0 167.757
2.4454675212 0.99359347847026 0.0 167.938
2.44425514788 0.9934174405582644 0.0 168.12
2.4439410888 0.9934999026741076 0.0 168.298
2.443695456 0.9936031382915896 0.0 168.479
2.44351298592 0.9938113425264326 0.0 168.659
2.44351824948 0.9939169930538572 0.0 168.842
2.4433357794 0.993852442465868 0.0 169.024
2.44327086216 0.993894268927642 0.0 169.205
2.44319892684 0.9940186946545232 0.0 169.384
2.44321471752 0.9940813744827052 0.0 169.567
2.44310418276 0.9941229055586358 0.0 169.748
2.44311470988 0.9942497131256688 0.0 169.93
2.44302172032 0.994270234406876 0.0 170.112
2.44310067372 0.9941862525563538 0.0 170.291
2.4430550562 0.9940388867906446 0.0 170.474
2.44308663756 0.9939142000565392 0.0 170.656
2.44289364036 0.9938284583279758 0.0 170.835
2.4430462836 0.9938294460070736 0.0 171.015
2.4429954025200002 0.9938291167804896 0.0 171.196
2.44299013896 0.9938713291653232 0.0 171.375
2.44284275928 0.993954868308665 0.0 171.556
2.44296031212 0.994121974367418 0.0 171.738
2.44297083924 0.9943324825697752 0.0 171.921
2.4429673302 0.994584090190229 0.0 172.101
2.44285679544 0.9944988816192838 0.0 172.282
2.44286381352 0.9942692122169108 0.0 172.469
2.44288662228 0.9940792510022236 0.0 172.652
2.44291118556 0.993954518996896 0.0 172.836
2.442862059 0.9938282539808214 0.0 173.017
2.44290416748 0.9938285264437126 0.0 173.199
2.44289539488 0.99384959288894 0.0 173.377
2.44292522172 0.9938286626752142 0.0 173.559
2.44287609516 0.9938917144188316 0.0 173.741
2.44284626832 0.9941423594308636 0.0 173.922
2.44293048528 0.9942696438079732 0.0 174.101
2.44293750336 0.9941429499538352 0.0 174.28
2.44299013896 0.9939962202116835 0.0 174.463
2.4428708316 0.9938916803588028 0.0 174.644
2.44290416748 0.9938707728628096 0.0 174.823
2.44288135872 0.9941003401421772 0.0 175.007
2.44288135872 0.99426932579347 0.0 175.188
2.44282170504 0.9940584997711316 0.0 175.368
2.44279538724 0.9939545617490786 0.0 175.547
2.44285153188 0.994057900690239 0.0 175.727
2.44287258612 0.9940791601583412 0.0 175.909
2.4428445138 0.994078978470626 0.0 176.09
2.44295680308 0.9940797052218848 0.0 176.273
2.44284626832 0.9940789898261064 0.0 176.456
2.44297083924 0.994206535378172 0.0 176.638
2.4428831132399997 0.99429046035778 0.0 176.821
2.44283398668 0.9943931179362132 0.0 177.003
2.44294452144 0.9942900657638292 0.0 177.186
2.44282872312 0.9940788762713156 0.0 177.369
2.44290065844 0.9940793418461226 0.0 177.55
2.44288135872 0.9941425865550004 0.0 177.733
2.44286030448 0.994290312705118 0.0 177.916
2.4429655756799997 0.9943939698670272 0.0 178.093
2.442862059 0.9944989157001178 0.0 178.273
2.44278661464 0.9944773040150046 0.0 178.456
2.44292171268 0.9942907102316152 0.0 178.64
2.44284977736 0.9942691213556824 0.0 178.818
2.44285854996 0.9941635621275744 0.0 178.999
2.44288486776 0.9940581164398432 0.0 179.181
2.44284626832 0.9939952891398228 0.0 179.362
2.44283223216 0.9940577757826164 0.0 179.548
2.44284275928 0.994078967115146 0.0 179.733
2.442905922 0.994142745541958 0.0 179.914
2.4428357412 0.9941845376939188 0.0 180.096
2.44290767652 0.994373263927634 0.0 180.282
2.4427918782 0.9945407076774008 0.0 180.464
