X_channel Y_channel II_channel timestamp
2.42319213528 0.9810277669988752 0.0 0.547
2.4233096881200002 0.9810088561646864 0.0 0.729
2.42357637516 0.9809516324716214 0.0 0.91
2.42384832576 0.9808140991320664 0.0 1.09
2.4239395608 0.9807551562722572 0.0 1.272
2.42407641336 0.98079445151213 0.0 1.449
2.4242115114 0.98079445151213 0.0 1.632
2.42438520888 0.9807355086523208 0.0 1.816
2.42456592444 0.9806765657925114 0.0 1.998
2.42467821372 0.98079445151213 0.0 2.178
2.42488349256 0.9809516324716214 0.0 2.357
2.42496420048 0.980971280091558 0.0 2.538
2.42530457736 0.9809319848516852 0.0 2.72
2.4279012669599997 0.9809901909257468 0.0 2.9
2.42891888856 0.9810670622387482 0.0 3.082
2.43280690488 0.9812635384381124 0.0 3.264
2.43400875108 0.9813814241577312 0.0 3.443
2.43771078828 0.9814772063049212 0.0 3.624
2.43942670884 0.98159509202454 0.0 3.807
2.4422392044 0.9815754444046034 0.0 3.987
2.4449850282 0.9815165015447942 0.0 4.169
2.4473413485599997 0.98140033499192 0.0 4.358
2.45052229332 0.9814575586849849 0.0 4.539
2.45200135368 0.9814968539248576 0.0 4.72
2.4559963957199997 0.9814968539248576 0.0 4.899
2.45699296308 0.98140033499192 0.0 5.078
2.4611581935599998 0.98140033499192 0.0 5.258
2.46243548412 0.981555796784667 0.0 5.439
2.4660761131199997 0.9817702014372234 0.0 5.621
2.46803415744 0.9819266456109674 0.0 5.803
2.4708957795599997 0.982044531330586 0.0 5.988
2.47353457764 0.9820838265704588 0.0 6.17
2.47516803576 0.9820641789505224 0.0 6.351
2.47902973428 0.9820248837106496 0.0 6.531
2.4804842313599997 0.9819266456109674 0.0 6.714
2.4845476996799998 0.9819266456109674 0.0 6.894
2.48548461336 0.982044531330586 0.0 7.076
2.48978143284 0.9821992563375856 0.0 7.257
2.4910218784800002 0.982179608717649 0.0 7.439
2.49459232668 0.9820052360907132 0.0 7.62
2.49663985152 0.9817702014372234 0.0 7.802
2.4993488303999998 0.9815754444046034 0.0 7.983
2.50214027172 0.9814968539248576 0.0 8.159
2.50433342172 0.98159509202454 0.0 8.342
2.50783368912 0.9818480551312216 0.0 8.522
2.50911448872 0.9819266456109674 0.0 8.704
2.51312532144 0.9819462932309038 0.0 8.885
2.51410785264 0.9817702014372234 0.0 9.067
2.51817658452 0.9815165015447942 0.0 9.248
2.51971354404 0.9813421289178582 0.0 9.428
2.52296116056 0.9813806873719836 0.0 9.609
2.52527888148 0.9815754444046034 0.0 9.789
2.5273772874 0.9816736825042855 0.0 9.973
2.53074947484 0.9816736825042855 0.0 10.154
2.53238117844 0.9816343872644128 0.0 10.334
2.53620603204 0.9816147396444764 0.0 10.513
2.53745174124 0.9816343872644128 0.0 10.698
2.5416327624 0.9816147396444764 0.0 10.88
2.54271705576 0.9817122409584108 0.0 11.061
2.54685596844 0.9819462932309038 0.0 11.243
2.54824028472 0.9821992563375856 0.0 11.424
2.5514387746800002 0.982317142057204 0.0 11.607
2.55382843092 0.9824539386110116 0.0 11.791
2.55645670188 0.9826290480236952 0.0 11.974
2.55943061328 0.9827076385034408 0.0 12.153
2.56140093924 0.9826094004037584 0.0 12.334
2.5649415606 0.98239573253695 0.0 12.513
2.56581355704 0.9823760849170134 0.0 12.693
2.56996650588 0.9824546753967592 0.0 12.872
2.57122800576 0.982668343263568 0.0 13.053
2.57529498312 0.9827862289831866 0.0 13.232
2.576907387 0.9828255242230596 0.0 13.414
2.5793461698 0.9827076385034408 0.0 13.595
2.582346399 0.9826486956436316 0.0 13.778
2.58486238068 0.9826094004037584 0.0 13.958
2.588048589 0.9825504575439492 0.0 14.144
2.5897943364 0.9826290480236952 0.0 14.325
2.59350690072 0.982668343263568 0.0 14.506
2.59476313704 0.9827076385034408 0.0 14.687
2.59877046072 0.9828640826771848 0.0 14.87
2.599935462 0.9830195444699318 0.0 15.051
2.6040112119599996 0.9830195444699318 0.0 15.235
2.6055622076400002 0.9830195444699318 0.0 15.418
2.60871858912 0.9831374301895504 0.0 15.598
2.61107490948 0.9832725075766136 0.0 15.781
2.61336104904 0.9833707456762958 0.0 15.959
2.6165665570799996 0.9833314504364228 0.0 16.139
2.61772980384 0.9832528599566772 0.0 16.318
2.62178625408 0.9832152838835486 0.0 16.499
2.62303722684 0.9832339491224882 0.0 16.68
2.6273410644 0.9832725075766136 0.0 16.861
2.6285253654 0.9832339491224882 0.0 17.041
2.63231688312 0.9832152838835486 0.0 17.222
2.6340363127199997 0.9833510980563592 0.0 17.402
2.63690846196 0.9836057803297854 0.0 17.583
2.63954199648 0.9838201849823418 0.0 17.767
2.6416246117199997 0.9839577183218968 0.0 17.946
2.64508627968 0.9839577183218968 0.0 18.129
2.6464951592399997 0.9839766291560856 0.0 18.313
2.65053406428 0.9840338528491506 0.0 18.493
2.6516323938 0.9840149420149616 0.0 18.673
2.65569059856 0.9840927957089598 0.0 18.854
2.6570135066400002 0.9840927957089598 0.0 19.032
2.66048745624 0.9839766291560856 0.0 19.215
2.66262797064 0.9839577183218968 0.0 19.399
2.66545274784 0.9839577183218968 0.0 19.581
2.66819155356 0.9839766291560856 0.0 19.766
2.66982852072 0.984053500469087 0.0 19.949
2.67365863788 0.9841517385687693 0.0 20.129
2.6750201454 0.9842892719083244 0.0 20.309
2.67901343292 0.9843089195282608 0.0 20.491
2.6800819356 0.9843278303624496 0.0 20.672
2.6842120756799996 0.9843850540555144 0.0 20.851
2.6855858648399997 0.9844243492953874 0.0 21.031
2.68883523588 0.9844439969153236 0.0 21.21
2.69104417656 0.9844243492953874 0.0 21.393
2.6937496463999997 0.984542235015006 0.0 21.58
2.69666390412 0.9847566396675622 0.0 21.759
2.6984254422 0.9847183268086862 0.0 21.937
2.70211519776 0.984542235015006 0.0 22.12
2.70338897928 0.9844832921551966 0.0 22.303
2.70761210892 0.9845815302548788 0.0 22.484
2.70852095028 0.9846797683545612 0.0 22.662
2.71256862792 0.9847566396675622 0.0 22.843
2.71406874252 0.9847190635944338 0.0 23.026
2.71758129156 0.9847566396675622 0.0 23.21
2.71966917036 0.9847755505017513 0.0 23.389
2.72219567916 0.9847951981216876 0.0 23.569
2.7252029264399997 0.9849130838413062 0.0 23.749
2.72684515716 0.9849130838413062 0.0 23.931
2.73073668252 0.9848737886014334 0.0 24.112
2.73189466572 0.9847183268086862 0.0 24.294
2.73605463264 0.9846011778748152 0.0 24.475
2.7371161172400003 0.9846011778748152 0.0 24.657
2.7413146836 0.9847183268086862 0.0 24.842
2.7427235631599998 0.9848344933615604 0.0 25.024
2.74586064492 0.984952379081179 0.0 25.208
2.74827486444 0.9850309695609248 0.0 25.388
2.750780319 0.9851856945679244 0.0 25.568
2.7537524758800003 0.9851856945679244 0.0 25.754
2.75550524136 0.9852053421878608 0.0 25.934
2.75932307688 0.9852446374277336 0.0 26.113
2.7603985976399996 0.985147136113799 0.0 26.296
2.76471296232 0.9850113219409884 0.0 26.48
2.7656849664000003 0.984952379081179 0.0 26.661
2.7697080807599996 0.9850113219409884 0.0 26.841
2.7712450402799997 0.9851274884938628 0.0 27.023
2.7743435226 0.9852839326676066 0.0 27.203
2.77683845004 0.9853821707672888 0.0 27.382
2.77898949156 0.9854214660071616 0.0 27.565
2.7822914981999998 0.985303580287543 0.0 27.745
2.7839284653600003 0.9851856945679244 0.0 27.926
2.78776910964 0.9852839326676066 0.0 28.106
2.7888358578 0.9853428755274158 0.0 28.287
2.79302214252 0.9853428755274158 0.0 28.466
2.79425030652 0.9850695280150502 0.0 28.646
2.79765407532 0.984814845741624 0.0 28.825
2.79973669056 0.9847566396675622 0.0 29.008
2.8024807598400003 0.9847190635944338 0.0 29.186
2.8053195732 0.9847190635944338 0.0 29.368
2.80731270792 0.9847190635944338 0.0 29.551
2.81078665752 0.984814845741624 0.0 29.727
2.812188519 0.984991674321052 0.0 29.911
2.8162063698 0.985147136113799 0.0 30.093
2.81733452616 0.9852446374277336 0.0 30.274
2.82142080324 0.9853625231473524 0.0 30.454
2.82284020992 0.9855958386340976 0.0 30.633
2.82611414424 0.9857333719736526 0.0 30.815
2.82830027616 0.9856547814939068 0.0 30.999
2.8306776507599998 0.9854786897002265 0.0 31.178
2.83364980764 0.9854214660071616 0.0 31.359
2.83587804804 0.9855368957742882 0.0 31.54
2.83927479876 0.9855761910141612 0.0 31.719
2.84015030424 0.9854010816014775 0.0 31.903
2.8442839533599997 0.9852839326676066 0.0 32.08
2.84572265976 0.9853232279074794 0.0 32.264
2.84995807104 0.9855179849400996 0.0 32.447
2.8539689037600002 0.9856547814939068 0.0 32.777
2.85668490072 0.9856351338739704 0.0 32.958
2.8586289088799997 0.9857726672135254 0.0 33.138
2.86215549408 0.9858119624533984 0.0 33.319
2.8635696372000004 0.9857137243537162 0.0 33.5
2.86758573348 0.9856547814939068 0.0 33.677
2.8685875644000003 0.9853617863616048 0.0 33.858
2.87263524204 0.9851856945679244 0.0 34.04
2.87421431004 0.9853428755274158 0.0 34.223
2.8774584175199998 0.98545904208029 0.0 34.403
2.8796954305199995 0.9855761910141612 0.0 34.586
2.88182015424 0.9856940767337796 0.0 34.769
2.88514847868 0.9856547814939068 0.0 34.952
2.88705564192 0.9857726672135254 0.0 35.133
2.89071557064 0.9858888337663996 0.0 35.313
2.89200689736 0.9859470398404614 0.0 35.495
2.89618791852 0.9859666874603978 0.0 35.676
2.8971651861599996 0.9858888337663996 0.0 35.858
2.9010970654799997 0.9857333719736526 0.0 36.039
2.90267437896 0.9857137243537162 0.0 36.221
2.90589918672 0.9857333719736526 0.0 36.401
2.90825375256 0.9858316100733348 0.0 36.585
2.91056796444 0.9857726672135254 0.0 36.762
2.91369802812 0.9858308732875872 0.0 36.945
2.9154806204399994 0.9860256303202072 0.0 37.127
2.91908966808 0.9861042207999527 0.0 37.308
2.92016343432 0.9861828112796986 0.0 37.487
2.9244076182 0.986143516039826 0.0 37.667
2.9256445548 0.9862982410468252 0.0 37.847
2.9294430906 0.986416126766444 0.0 38.029
2.93119410156 0.986416126766444 0.0 38.21
2.9336276208 0.9862589458069524 0.0 38.391
2.93646643416 0.9861042207999527 0.0 38.573
2.93896487064 0.98587016852746 0.0 38.759
2.9422247688 0.9858505209075236 0.0 38.94
2.94371786532 0.9860256303202072 0.0 39.12
2.9475918454800003 0.9861631636597622 0.0 39.298
2.94856034052 0.986239298187016 0.0 39.475
2.95432393872 0.986416126766444 0.0 39.879
2.9585365412400004 0.9864554220063168 0.0 40.057
2.9598190953600003 0.9863964791465074 0.0 40.238
2.9632439184 0.9862982410468252 0.0 40.418
2.96520371724 0.9863964791465074 0.0 40.599
2.96797761336 0.9864554220063168 0.0 40.779
2.97074800044 0.9864357743863804 0.0 40.961
2.9726306004 0.986514364866126 0.0 41.142
2.97623438448 0.9866690898731256 0.0 41.325
2.97765905472 0.9868262708326172 0.0 41.508
2.98175234988 0.9867476803528712 0.0 41.689
2.98261732824 0.986493980460442 0.0 41.872
2.9863298925599997 0.986416126766444 0.0 42.054
2.98805984928 0.9864947172461896 0.0 42.237
2.9916583698 0.9864947172461896 0.0 42.419
2.9936848404 0.986416126766444 0.0 42.602
2.99644996392 0.986376831526571 0.0 42.784
2.9992940408399997 0.986220387352827 0.0 42.969
3.0012626122799997 0.986220387352827 0.0 43.152
3.00472252572 0.9863964791465074 0.0 43.334
3.00617526828 0.986514364866126 0.0 43.516
3.01018434648 0.9866494422531892 0.0 43.702
3.01145110992 0.9867673279728078 0.0 43.883
3.0155549322 0.9868262708326172 0.0 44.066
3.0166602798000004 0.9867869755927442 0.0 44.244
3.0202482732 0.9868262708326172 0.0 44.426
3.02215017288 0.9868262708326172 0.0 44.605
3.02481177972 0.9868262708326172 0.0 44.787
3.0276295388400003 0.98686556607249 0.0 44.968
3.02971039956 0.9869417005997436 0.0 45.148
3.0332738296799997 0.9870202910794894 0.0 45.332
3.0342493428 0.9871185291791716 0.0 45.514
3.03841281876 0.987177472038981 0.0 45.696
3.0398269618800002 0.9871578244190444 0.0 45.879
3.0440395644 0.987000643459553 0.0 46.059
3.04511683968 0.98696134821968 0.0 46.245
3.04876097772 0.987138176799108 0.0 46.428
3.05054357004 0.9874697303855354 0.0 46.612
3.0536824063199997 0.98776198873209 0.0 46.793
3.0561861063599998 0.9879191696915816 0.0 46.972
3.0581880136799997 0.9878798744517088 0.0 47.154
3.06156195564 0.9878405792118358 0.0 47.336
3.0633568296 0.98776198873209 0.0 47.522
3.0671729105999996 0.98776198873209 0.0 47.703
3.06836422968 0.9877030458722807 0.0 47.885
3.07266104916 0.9877423411121536 0.0 48.073
3.0736593710399998 0.9877226934922172 0.0 48.252
3.0771368296799997 0.9876465589649636 0.0 48.433
3.07912820988 0.9875286732453448 0.0 48.615
3.08232494532 0.9874697303855354 0.0 48.795
3.0847654826400004 0.9875483208652812 0.0 48.976
3.08617962576 0.987489378005472 0.0 49.155
3.08995359828 0.9874697303855354 0.0 49.335
3.0918554979599997 0.9874697303855354 0.0 49.518
3.09555928968 0.9875090256254084 0.0 49.702
3.09686289804 0.9876072637250906 0.0 49.883
3.1009386479999996 0.987626911345027 0.0 50.065
3.10201943232 0.9875679684852176 0.0 50.247
3.1058109500399995 0.987626911345027 0.0 50.424
3.10763038728 0.9876465589649636 0.0 50.606
3.11046042804 0.9876465589649636 0.0 50.787
3.1129746552 0.987587616105154 0.0 50.967
3.1151818413599996 0.987587616105154 0.0 51.15
3.1184592847199997 0.9876458221792158 0.0 51.33
3.12005589792 0.98776198873209 0.0 51.513
3.1239526868399996 0.98776198873209 0.0 51.696
3.1248527556 0.98776198873209 0.0 51.875
3.12881621628 0.98776198873209 0.0 52.055
3.130370721 0.9878209315918992 0.0 52.239
3.13404819492 0.9879584649314544 0.0 52.422
3.135941322 0.9879977601713272 0.0 52.603
3.13877136276 0.9879191696915816 0.0 52.787
3.14138735208 0.9878798744517088 0.0 52.966
3.1434331224 0.9877037826580284 0.0 53.146
3.14695619856 0.9876072637250906 0.0 53.329
3.14829840636 0.9878798744517088 0.0 53.509
3.1522759031999996 0.9880942791042652 0.0 53.691
3.15329527932 0.9881721327982632 0.0 53.872
3.1574692824 0.9881917804181996 0.0 54.055
3.1586711286 0.9882703708979454 0.0 54.237
3.1623293028 0.9882900185178818 0.0 54.418
3.16431717396 0.9882900185178818 0.0 54.6
3.1670086076399997 0.9882900185178818 0.0 54.779
3.16971056844 0.9882310756580726 0.0 54.961
3.17187038256 0.988113189938454 0.0 55.144
3.17527415136 0.9882310756580726 0.0 55.325
3.17676724788 0.9884268150716894 0.0 55.506
3.18074825376 0.9886412197242456 0.0 55.69
3.18167113128 0.9888155923511815 0.0 55.873
3.1857714445200003 0.9888155923511815 0.0 56.057
3.18716979696 0.9887770338970564 0.0 56.238
3.1908928884 0.9885822768644364 0.0 56.426
3.1926754807199997 0.9884643911448178 0.0 56.609
3.19573185456 0.9885233340046272 0.0 56.792
3.1982636269199998 0.9887387210381804 0.0 56.979
3.2004462498 0.9887966815169928 0.0 57.162
3.20370439344 0.9887591054438644 0.0 57.344
3.20543435016 0.9887780162780532 0.0 57.529
3.20925920376 0.9888155923511815 0.0 57.71
3.2103189338399996 0.9888155923511815 0.0 57.89
3.2145175002 0.9887198102039916 0.0 58.072
3.21548950428 0.9885822768644364 0.0 58.251
3.2193371666399995 0.9883489613776912 0.0 58.434
3.22104606912 0.9882900185178818 0.0 58.616
3.22416034212 0.988388256617564 0.0 58.799
3.2265359622 0.9885626292445 0.0 58.982
3.22913791536 0.9885822768644364 0.0 59.165
3.23208199992 0.9886019244843728 0.0 59.35
3.2336751040799996 0.9886412197242456 0.0 59.532
3.237571893 0.988700162584055 0.0 59.713
3.2387368942799997 0.9887583686581168 0.0 59.893
3.2428880886 0.9888548875910546 0.0 60.075
3.24387763788 0.988835239971118 0.0 60.256
3.24789373416 0.9889727733106732 0.0 60.438
3.24943946628 0.9890317161704824 0.0 60.617
3.25223617116 0.9891675303432932 0.0 60.797
3.25486444212 0.9892650316572276 0.0 60.979
3.2573137520399995 0.989284679277164 0.0 61.162
3.2603648623200003 0.989323974517037 0.0 61.345
3.2617316334 0.989206825583166 0.0 61.529
3.26559508644 0.989012068550546 0.0 61.712
3.26695483944 0.9889727733106732 0.0 61.898
3.2709709357200003 0.9889727733106732 0.0 62.079
3.2722219084799997 0.9889531256907368 0.0 62.265
3.2762116869599995 0.989012068550546 0.0 62.449
3.2777012744399996 0.9890513637904188 0.0 62.63
3.2809102915199997 0.9890513637904188 0.0 62.814
3.28317537684 0.9890513637904188 0.0 62.995
3.28567381332 0.9890906590302918 0.0 63.177
3.28858807104 0.9891103066502284 0.0 63.36
3.29071104024 0.9889727733106732 0.0 63.54
3.2942288528400003 0.9888155923511815 0.0 63.724
3.29537806344 0.9889727733106732 0.0 63.908
3.29945205888 0.989129217484417 0.0 64.087
3.30046090788 0.989129217484417 0.0 64.267
3.30439805076 0.9890710114103552 0.0 64.45
3.30588763824 0.9888941828309272 0.0 64.63
3.30919841748 0.9887583686581168 0.0 64.813
3.3114933296399998 0.9887780162780532 0.0 64.993
3.31342330164 0.9888745352109908 0.0 65.176
3.3168042616799998 0.9891675303432932 0.0 65.359
3.31890617664 0.9895197139306536 0.0 65.541
3.32245206156 0.98973411858321 0.0 65.723
3.3237258430799996 0.9896948233433374 0.0 65.907
3.32774895744 0.9895197139306536 0.0 66.09
3.32884904148 0.9893436221369736 0.0 66.27
3.33307217112 0.9893829173768464 0.0 66.452
3.33423190884 0.989635880483528 0.0 66.633
3.33749882508 0.9897930614430196 0.0 66.816
3.3397112748 0.9899870816898918 0.0 67.0
3.3423500728800004 0.9902604292022577 0.0 67.182
3.34520994048 0.9903382828962556 0.0 67.363
3.34725044724 0.990280076822194 0.0 67.546
3.35067351576 0.990222853129129 0.0 67.728
3.35181044472 0.9901639102693198 0.0 67.911
3.35603532888 0.9899870816898918 0.0 68.096
3.3572038392000003 0.9899477864500188 0.0 68.278
3.3613638061200004 0.9900460245497013 0.0 68.458
3.3625638978 0.9901049674095104 0.0 68.645
3.3657044886 0.9901639102693198 0.0 68.828
3.36850645704 0.9900460245497013 0.0 69.009
3.37013289708 0.9898709151370176 0.0 69.192
3.3751525788000003 0.989635880483528 0.0 69.525
3.3773404652399996 0.9896555281034644 0.0 69.708
3.37960379604 0.9897537662031466 0.0 69.89
3.3814355149199997 0.989812709062956 0.0 70.073
3.3829356295200004 0.989812709062956 0.0 70.257
3.38425327404 0.989812709062956 0.0 70.435
3.385214751 0.9899485232357668 0.0 70.616
3.38613411948 0.9902604292022577 0.0 70.798
3.39437860896 0.9903382828962556 0.0 70.983
3.39876490896 0.9903382828962556 0.0 71.167
3.4012861541999997 0.9902221163433816 0.0 71.344
3.40463904192 0.9901049674095104 0.0 71.526
3.40617775596 0.9901835578892564 0.0 71.707
3.410128935 0.990241763963318 0.0 71.893
3.4111465566 0.9904168733760014 0.0 72.07
3.4152872238 0.9904561686158744 0.0 72.252
3.41660486832 0.9904561686158744 0.0 72.431
3.4201332080399998 0.9905937019554294 0.0 72.615
3.42209827044 0.9907287793424924 0.0 72.796
3.42487918464 0.9907680745823654 0.0 72.977
3.42752324628 0.9908270174421746 0.0 73.155
3.4294426911600002 0.9909252555418568 0.0 73.335
3.4330429662 0.9910406853089836 0.0 73.517
3.43451500848 0.9909645507817296 0.0 73.698
3.4385100505199997 0.9908073698222382 0.0 73.88
3.43950310884 0.9906519080294912 0.0 74.066
3.44319988248 0.9906902208883672 0.0 74.245
3.44493159372 0.9907484269624288 0.0 74.423
3.4482371094 0.9908073698222382 0.0 74.604
3.45047061336 0.9911200125744768 0.0 74.786
3.45297957696 0.991509772234966 0.0 74.967
3.45590787084 0.9917831197473316 0.0 75.147
3.4576132642800004 0.991959211541012 0.0 75.329
3.46124862972 0.9919788591609484 0.0 75.51
3.46249960248 0.9919788591609484 0.0 75.691
3.4666595694 0.9919788591609484 0.0 75.873
3.4676350825199997 0.9919788591609484 0.0 76.056
3.47152485336 0.9920181544008212 0.0 76.239
3.47320217448 0.9920770972606306 0.0 76.419
3.47581640928 0.9920574496406942 0.0 76.601
3.47831484576 0.9918806210612662 0.0 76.78
3.48074485596 0.9918020305815204 0.0 76.96
3.48341172636 0.9918020305815204 0.0 77.142
3.4858592817600003 0.9918020305815204 0.0 77.322
3.49130004828 0.991959211541012 0.0 77.728
3.4940388540000002 0.9920181544008212 0.0 77.908
3.4966811611199997 0.9920181544008212 0.0 78.089
3.49927434168 0.991959211541012 0.0 78.275
3.5016727705200004 0.9918806210612662 0.0 78.456
3.50436595872 0.9919002686812028 0.0 78.635
3.50686088616 0.9919788591609484 0.0 78.815
3.5094768754800003 0.9919788591609484 0.0 78.998
3.5118910949999997 0.9919002686812028 0.0 79.178
3.51447725748 0.991821678201457 0.0 79.36
3.5170037662799998 0.9918609734413296 0.0 79.541
3.51946886688 0.9919395639210756 0.0 79.721
3.5219971302 0.9918806210612662 0.0 79.903
3.52454293872 0.9919985067808847 0.0 80.084
3.52709050176 0.992115655714756 0.0 80.263
3.5297415814799997 0.9922121746476936 0.0 80.443
3.5322154546799998 0.9922121746476936 0.0 80.625
3.534743718 0.9922121746476936 0.0 80.811
3.53732812596 0.9921925270277572 0.0 80.991
3.53961602004 0.9921532317878844 0.0 81.172
3.54207059352 0.9922318222676302 0.0 81.35
3.5448234353999997 0.992310412747376 0.0 81.533
3.5473938071999997 0.992153968573632 0.0 81.717
3.55003260528 0.9919395639210756 0.0 81.898
3.5525591140799997 0.9918413258213934 0.0 82.081
3.55511018616 0.9918609734413296 0.0 82.262
3.5576068681199997 0.9919199163011392 0.0 82.442
3.56022110292 0.9918806210612662 0.0 82.623
3.5627037487199997 0.9919985067808847 0.0 82.806
3.5652249939600003 0.9921925270277572 0.0 82.988
3.5679655541999997 0.992076360474883 0.0 83.171
3.57061838844 0.9918806210612662 0.0 83.353
3.57300629016 0.9918806210612662 0.0 83.539
3.57554683512 0.9920378020207578 0.0 83.72
3.5779785998399998 0.9921728794078208 0.0 83.903
3.5804840544 0.9920967448805672 0.0 84.085
3.58299477252 0.992115655714756 0.0 84.266
3.58563883416 0.9921343209536956 0.0 84.449
3.58830745908 0.9920574496406942 0.0 84.63
3.59079712296 0.9920574496406942 0.0 84.813
3.5930534356800004 0.9920967448805672 0.0 84.993
3.5957782052400002 0.9921728794078208 0.0 85.175
3.59832401376 0.9921925270277572 0.0 85.356
3.60086982228 0.992310412747376 0.0 85.539
3.6034805480400003 0.992408650847058 0.0 85.721
3.60594389412 0.9925044329942482 0.0 85.901
3.6084475941600003 0.9923890032271216 0.0 86.078
3.6109302399599996 0.9921925270277572 0.0 86.254
3.6134690304 0.9921343209536956 0.0 86.436
3.6159569397599998 0.9920378020207578 0.0 86.617
3.61851502992 0.9918609734413296 0.0 86.797
3.6210713655599998 0.991821678201457 0.0 86.977
3.62337680484 0.9919985067808847 0.0 87.16
3.62617877328 0.9922318222676302 0.0 87.341
3.62869650948 0.9923890032271216 0.0 87.523
3.6311809098 0.9924479460869308 0.0 87.702
3.63360741096 0.9923890032271216 0.0 87.885
3.63617778276 0.9923890032271216 0.0 88.068
3.6387271003199997 0.9923300603673124 0.0 88.249
3.64142379756 0.9922514698875664 0.0 88.429
3.6436520379600004 0.9921925270277572 0.0 88.612
3.64638031656 0.9920378020207578 0.0 88.791
3.6489822697200003 0.992115655714756 0.0 88.976
3.65147895168 0.9922514698875664 0.0 89.155
3.6540861684 0.992153968573632 0.0 89.337
3.65663373144 0.992153968573632 0.0 89.518
3.65912865888 0.992271117507503 0.0 89.698
3.6607533443999998 0.9922514698875664 0.0 89.88
3.66430975644 0.9921925270277572 0.0 90.059
3.6656642458799995 0.9919788591609484 0.0 90.243
3.66940137348 0.9917448068884556 0.0 90.423
3.671026059 0.9916276579545846 0.0 90.603
3.6738666268799998 0.9916276579545846 0.0 90.782
3.6764913888 0.9916473055745212 0.0 90.963
3.67851084132 0.9917062484343304 0.0 91.145
3.6817110858 0.991686600814394 0.0 91.326
3.68316909192 0.9916276579545846 0.0 91.508
3.68706938988 0.9916473055745212 0.0 91.689
3.6881273654399997 0.9917448068884556 0.0 91.872
3.6921697795200004 0.991959211541012 0.0 92.055
3.6933944344799996 0.9917448068884556 0.0 92.238
3.6969315468 0.9913729756811585 0.0 92.422
3.69873694788 0.9911782186485386 0.0 92.603
3.7014968078400003 0.99106033292892 0.0 92.785
3.70408823388 0.990846665062111 0.0 92.967
3.70625331156 0.9904758162358108 0.0 93.145
3.7094974190400003 0.9900460245497013 0.0 93.325
3.71051854968 0.9897537662031466 0.0 93.508
3.7145013100799997 0.9896555281034644 0.0 93.687
3.7156312209599998 0.989461507856592 0.0 93.868
3.7196859166799996 0.9893632697569098 0.0 94.05
3.7210930417199997 0.9892060887974184 0.0 94.231
3.72441434808 0.9890513637904188 0.0 94.41
3.72646362744 0.9888745352109908 0.0 94.594
3.7289585548799997 0.9887780162780532 0.0 94.777
3.7319131665599996 0.988835239971118 0.0 94.961
3.73375541256 0.9888548875910546 0.0 95.143
3.7372504163999998 0.9887583686581168 0.0 95.324
3.7383434823600004 0.9886412197242456 0.0 95.506
3.74236308768 0.9885044231704384 0.0 95.683
3.74334912792 0.9881335743441378 0.0 95.863
3.7474231233600004 0.9877037826580284 0.0 96.046
3.7488477935999995 0.987216030493106 0.0 96.229
3.75198662988 0.9869041245266152 0.0 96.41
3.7542183793199997 0.9867476803528712 0.0 96.591
3.7567729604399998 0.9868648292867424 0.0 96.776
3.75958019244 0.98696134821968 0.0 96.958
3.7609943355599995 0.9869041245266152 0.0 97.136
3.7647735716399997 0.9868262708326172 0.0 97.318
3.76601401728 0.9869227897655548 0.0 97.499
3.7700599403999995 0.987000643459553 0.0 97.68
3.77102843544 0.987177472038981 0.0 97.86
3.77502698652 0.9873911399057896 0.0 98.044
3.7764551658 0.9875679684852176 0.0 98.229
3.7795711933200002 0.9878405792118358 0.0 98.408
3.7818152244 0.987938817311518 0.0 98.59
3.7842785704799997 0.9880363186254526 0.0 98.771
3.78718581012 0.98836787221188 0.0 98.952
3.788798214 0.988700162584055 0.0 99.13
3.79251604188 0.9889924209306096 0.0 99.31
3.79363542564 0.989323974517037 0.0 99.491
3.79754800524 0.9895008030964648 0.0 99.669
3.7987498514399998 0.9895204507164016 0.0 99.852
3.80250276972 0.9896169696493392 0.0 100.038
3.8041151736 0.989812709062956 0.0 100.219
3.80715400224 0.9899092279958936 0.0 100.399
3.80944189632 0.9900656721696376 0.0 100.589
3.8113964316 0.9902997244421304 0.0 100.77
3.8147510738399997 0.9904758162358108 0.0 100.949
3.81641611332 0.9906133495753658 0.0 101.133
3.82013745024 0.9907287793424924 0.0 101.313
3.8245728767999996 0.990963813995982 0.0 101.633
3.82628177928 0.9912568091282844 0.0 101.816
3.8294978144400003 0.9914704769950932 0.0 101.999
3.83168570088 0.9915490674748388 0.0 102.179
3.83375252544 0.9915883627147116 0.0 102.359
3.8369001343200004 0.9917258960542668 0.0 102.539
3.8385914916 0.9918020305815204 0.0 102.722
3.8421724669199997 0.991821678201457 0.0 102.904
3.84309358992 0.9917831197473316 0.0 103.084
3.8472412751999996 0.9919199163011392 0.0 103.267
3.8483711860799996 0.992310412747376 0.0 103.453
3.8521697218799997 0.9924479460869308 0.0 103.64
3.85373650824 0.992408650847058 0.0 103.823
3.85685779932 0.9924855221600594 0.0 104.006
3.85914218436 0.9926419663338032 0.0 104.189
3.8608598594399997 0.9928180581274836 0.0 104.366
3.8643934627200003 0.9929342246803576 0.0 104.549
3.86644098756 0.992759852053422 0.0 104.733
3.86978861172 0.9925633758540576 0.0 104.916
3.87109222008 0.9924472093011834 0.0 105.099
3.87496970928 0.9923890032271216 0.0 105.282
3.8760364574399997 0.992583023473994 0.0 105.463
3.87999465456 0.9928573533673566 0.0 105.643
3.88145967876 0.9930914056398494 0.0 105.826
3.884682732 0.993209291359468 0.0 106.006
3.88674780204 0.9933050735066582 0.0 106.188
3.8892479930399997 0.9933640163664674 0.0 106.369
3.8919552174 0.9933050735066582 0.0 106.548
3.8940343236 0.9931307008797222 0.0 106.736
3.89736966612 0.9931110532597858 0.0 106.919
3.8984083419599997 0.9932665150525328 0.0 107.099
3.90227004048 0.993383663986404 0.0 107.279
3.90340872396 0.9933640163664674 0.0 107.458
3.90743183832 0.9933247211265944 0.0 107.639
3.90879334584 0.993383663986404 0.0 107.821
3.91218132396 0.9936759223329584 0.0 108.006
3.9177519249599997 0.9937741604326408 0.0 108.411
3.9196204887599997 0.9937152175728312 0.0 108.592
3.9220645351199996 0.9936366270930856 0.0 108.77
3.92490334848 0.9936366270930856 0.0 108.95
3.92668067724 0.9937741604326408 0.0 109.132
3.9301598903999997 0.9939306046063846 0.0 109.314
3.93148104396 0.9940664187791952 0.0 109.493
3.9352199260800003 0.994145009258941 0.0 109.677
3.93629720136 0.9941843044988138 0.0 109.856
3.9402308352 0.9941646568788772 0.0 110.037
3.9416695416 0.9943407486725576 0.0 110.219
3.9447785510399997 0.9946140961849236 0.0 110.4
3.9469822281600004 0.99463374380486 0.0 110.582
3.94900168068 0.994555153325114 0.0 110.766
3.9521457805199995 0.9945355057051776 0.0 110.947
3.95383889232 0.9944372676054956 0.0 111.125
3.9574514489999997 0.9944372676054956 0.0 111.304
3.95856732372 0.9944372676054956 0.0 111.484
3.9625553476799995 0.9944765628453685 0.0 111.666
3.96365718624 0.9945355057051776 0.0 111.847
3.967276761 0.9947302627377976 0.0 112.027
3.96893302788 0.9947106151178612 0.0 112.209
3.9719086937999997 0.9944183567713066 0.0 112.39
3.9742615051200003 0.9942039521187502 0.0 112.569
3.9763107844800003 0.994145009258941 0.0 112.753
3.97961279112 0.994145009258941 0.0 112.935
3.9810778153200004 0.994145009258941 0.0 113.119
3.98463422736 0.9942039521187502 0.0 113.299
3.98567114868 0.9943790615314338 0.0 113.482
3.98952933816 0.9946723022589852 0.0 113.662
3.99076627476 0.9950242402510966 0.0 113.842
3.9944191854 0.9951396700182232 0.0 114.022
3.99612282432 0.9951020939450947 0.0 114.206
3.99846861756 0.995083183110906 0.0 114.388
4.00127234052 0.995083183110906 0.0 114.568
4.00336899192 0.9951396700182232 0.0 114.75
4.00659730872 0.9952379081179054 0.0 114.931
4.008230766840001 0.995355793837524 0.0 115.114
4.01184332352 0.9954719603903982 0.0 115.295
4.012894281 0.99553016646446 0.0 115.477
4.01686651428 0.9955498140843964 0.0 115.659
4.01796133476 0.9954139999115856 0.0 115.841
4.0216405632 0.9951600544239072 0.0 116.026
4.02337929252 0.994906354531478 0.0 116.209
4.02602159964 0.9948474116716688 0.0 116.389
4.02859548048 0.9948081164317958 0.0 116.569
4.03056054288 0.9947884688118592 0.0 116.748
4.0337414876399995 0.9948081164317958 0.0 116.929
4.0351644033600005 0.9948670592916052 0.0 117.107
4.0388962674 0.9948474116716688 0.0 117.291
4.03992441612 0.9948474116716688 0.0 117.474
4.043994902520001 0.994711597498858 0.0 117.658
4.04517393996 0.9946919498789216 0.0 117.841
4.04799169908 0.9948474116716688 0.0 118.021
4.0502129214 0.9949849450112238 0.0 118.201
4.05298330848 0.995083183110906 0.0 118.383
4.05557298 0.995083183110906 0.0 118.563
4.05759243252 0.995178965258096 0.0 118.746
4.06084180356 0.9951396700182232 0.0 118.927
4.0620629494800005 0.9951396700182232 0.0 119.106
4.065880785 0.9951986128780326 0.0 119.291
4.06696156932 0.995355793837524 0.0 119.476
4.07092152096 0.9953164985976511 0.0 119.658
4.07217775728 0.9953754414574604 0.0 119.838
4.07550081816 0.9953164985976511 0.0 120.024
4.07744833536 0.9953164985976511 0.0 120.207
4.08012046932 0.9954147366973334 0.0 120.391
4.0826715414 0.9953950890773968 0.0 120.576
4.08464888544 0.9953754414574604 0.0 120.758
4.0878298302 0.9953164985976511 0.0 120.938
4.08949136064 0.9953943522916492 0.0 121.128
4.09320041592 0.9956480521840786 0.0 121.312
4.09406363976 0.9957266426638244 0.0 121.496
4.0980148188 0.9956873474239516 0.0 121.681
4.09924649184 0.9955694617043328 0.0 121.863
4.10304502764 0.9953950890773968 0.0 122.043
4.10448197952 0.9953754414574604 0.0 122.226
4.10752080816 0.9954719603903982 0.0 122.406
4.10977536636 0.9953950890773968 0.0 122.588
4.112322929399999 0.9954916080103346 0.0 122.769
4.11491435544 0.9955498140843964 0.0 122.952
4.1166127308 0.9954719603903982 0.0 123.136
4.11999369084 0.9954343843172698 0.0 123.318
4.121499069 0.9954343843172698 0.0 123.502
4.1252449692 0.9954916080103346 0.0 123.682
4.12619241 0.9956087569442058 0.0 123.866
4.1301751704 0.9956087569442058 0.0 124.049
4.13144193384 0.9955694617043328 0.0 124.233
4.134408827160001 0.9954719603903982 0.0 124.416
4.136565132239999 0.9953361462175876 0.0 124.594
4.13897935176 0.995355793837524 0.0 124.776
4.14174798432 0.9954147366973334 0.0 124.958
4.14302878392 0.9953950890773968 0.0 125.139
4.14677117508 0.9954336475315222 0.0 125.32
4.14839761512 0.9956480521840786 0.0 125.502
4.15204701672 0.9958428092166984 0.0 125.685
4.15300323012 0.9959010152907604 0.0 125.869
4.15678071168 0.9959599581505696 0.0 126.051
4.15823520876 0.9960581962502518 0.0 126.231
4.16146528008 0.9960778438701884 0.0 126.412
4.163323316760001 0.995979605770506 0.0 126.594
4.16593755156 0.9959992533904424 0.0 126.775
4.16867986632 0.9961949928040592 0.0 126.958
4.17042561372 0.9963504545968064 0.0 127.138
4.17376271076 0.9965272831762344 0.0 127.318
4.1751154456799995 0.9965272831762344 0.0 127.501
4.1787315114 0.9964486926964886 0.0 127.681
4.1797666782 0.9965076355562978 0.0 127.863
4.18341257076 0.9964486926964886 0.0 128.044
4.18491970344 0.99633080697687 0.0 128.226
4.18811292984 0.9963111593569334 0.0 128.407
4.19003588376 0.9963111593569334 0.0 128.587
4.19249221176 0.9962333056629352 0.0 128.766
4.19530646184 0.9962333056629352 0.0 128.946
4.19683640328 0.9962718641170606 0.0 129.127
4.20028754412 0.9963701022167428 0.0 129.305
4.201496408400001 0.996429045076552 0.0 129.491
4.205321262 0.9964093974566156 0.0 129.672
4.20627572088 0.9963111593569334 0.0 129.848
4.209916349879999 0.9963701022167428 0.0 130.03
4.21157437128 0.996623802109172 0.0 130.211
4.21439914848 0.9968195415227888 0.0 130.392
4.21669406064 0.9968195415227888 0.0 130.574
4.2187819394399995 0.9967016558031702 0.0 130.757
4.221738305640001 0.9966230653234244 0.0 130.937
4.22336123664 0.9966230653234244 0.0 131.117
4.22685273144 0.996603417703488 0.0 131.299
4.22806685928 0.9966623605632974 0.0 131.48
4.23175836936 0.9967016558031702 0.0 131.663
4.23280757232 0.9965845068692992 0.0 131.843
4.2363201213599995 0.9965469307961708 0.0 132.025
4.2380062150799995 0.996603417703488 0.0 132.206
4.240862573639999 0.9965845068692992 0.0 132.39
4.2431697674399995 0.9964486926964886 0.0 132.573
4.24540853496 0.996429045076552 0.0 132.755
4.24839121896 0.9965461940104232 0.0 132.936
4.24977027168 0.9965845068692992 0.0 133.117
4.25338809192 0.9965272831762344 0.0 133.303
4.25452852992 0.9964486926964886 0.0 133.484
4.25817266796 0.99633080697687 0.0 133.663
4.2592464342000005 0.9963701022167428 0.0 133.846
4.2629923344 0.9965845068692992 0.0 134.03
4.26448192188 0.9965461940104232 0.0 134.211
4.26708562956 0.996429045076552 0.0 134.391
4.2695577482400004 0.9964093974566156 0.0 134.572
4.27153509228 0.9963111593569334 0.0 134.753
4.2747300732 0.9961760819698704 0.0 134.935
4.27614597084 0.996156434349934 0.0 135.119
4.2796690470000005 0.9962529532828718 0.0 135.301
4.28063929656 0.9963701022167428 0.0 135.482
4.28453082192 0.9965265463904868 0.0 135.664
4.28566775088 0.996780246282916 0.0 135.845
4.28921714484 0.9968784843825982 0.0 136.026
4.29077340408 0.9969742665297884 0.0 136.209
4.2935525637600005 0.9970332093895976 0.0 136.389
4.2959018660399995 0.9971117998693434 0.0 136.572
4.29789675528 0.997092152249407 0.0 136.752
4.30099699212 0.9971117998693434 0.0 136.935
4.30244622564 0.9969939141497248 0.0 137.119
4.30593596592 0.9968588367626616 0.0 137.299
4.30685357988 0.9967605986629796 0.0 137.478
4.31052754476 0.996780246282916 0.0 137.665
4.311950460479999 0.996935708075663 0.0 137.844
4.31541388296 0.9970725046294704 0.0 138.025
4.31699295096 0.9971314474892798 0.0 138.207
4.31974052928 0.9971903903490892 0.0 138.388
4.32216176688 0.9971510951092162 0.0 138.571
4.32408296628 0.9970332093895976 0.0 138.754
4.32719197572 0.9968588367626616 0.0 138.934
4.32859208268 0.9968588367626616 0.0 139.114
4.33213094952 0.9968588367626616 0.0 139.294
4.3333170050400005 0.9968391891427252 0.0 139.476
4.33708220496 0.996975003315536 0.0 139.657
4.3382173794 0.9970135617696612 0.0 139.836
4.341486050159999 0.9970135617696612 0.0 140.016
4.34321425236 0.9970135617696612 0.0 140.202
4.34564075352 0.9970135617696612 0.0 140.383
4.34815848972 0.997092152249407 0.0 140.563
4.35013407924 0.9971707427291526 0.0 140.745
4.35323256156 0.9972689808288348 0.0 140.926
4.35415193004 0.9974433534557708 0.0 141.107
4.357927657079999 0.9974630010757072 0.0 141.285
4.35904528632 0.9974433534557708 0.0 141.465
4.36277539584 0.997541591555453 0.0 141.644
4.36420357512 0.9975612391753894 0.0 141.827
4.3671985407600005 0.9974433534557708 0.0 142.01
4.36928817408 0.9973654997617728 0.0 142.191
4.37173397496 0.997229685588962 0.0 142.372
4.37437628208 0.9971117998693434 0.0 142.554
4.376090448119999 0.9970135617696612 0.0 142.737
4.3793924547600005 0.9971117998693434 0.0 142.921
4.3807030812 0.99730753928296 0.0 143.104
4.3843472192399995 0.9974237058358344 0.0 143.284
4.385203424999999 0.9974826486956436 0.0 143.464
4.38882826332 0.9974826486956436 0.0 143.645
4.39018275276 0.997541591555453 0.0 143.823
4.39287769548 0.997580886795326 0.0 144.005
4.3951515534 0.9976783881092604 0.0 144.185
4.39713065196 0.9976970533482 0.0 144.364
4.40021158908 0.9976594772750716 0.0 144.541
4.40110113072 0.997541591555453 0.0 144.721
4.40486106708 0.9974237058358344 0.0 144.903
4.40620327488 0.9974433534557708 0.0 145.083
4.40995443864 0.9974433534557708 0.0 145.264
4.4109246882 0.9976390928693876 0.0 145.446
4.41429512112 0.997853497521944 0.0 145.627
4.415907525 0.9979124403817532 0.0 145.81
4.4186972118 0.997736348588073 0.0 145.992
4.4210149327199995 0.9974433534557708 0.0 146.174
4.42331335392 0.997364762976025 0.0 146.358
4.42610479524 0.9974237058358344 0.0 146.542
4.4275049022 0.997580886795326 0.0 146.725
4.43096657016 0.9976594772750716 0.0 146.902
4.43200700052 0.9976005344152624 0.0 147.081
4.43579150016 0.997541591555453 0.0 147.262
4.43674771356 0.997541591555453 0.0 147.444
4.43981636904 0.9976390928693876 0.0 147.624
4.4416972144799995 0.9978142022820712 0.0 147.804
4.44432548544 0.9978338499020076 0.0 147.983
4.4467747953600005 0.9977749070421982 0.0 148.163
4.44795734184 0.9976970533482 0.0 148.343
4.4515505988 0.9977552594222616 0.0 148.526
4.45297176 0.9976783881092604 0.0 148.708
4.45651939944 0.9976398296551352 0.0 148.889
4.45748613996 0.9976980357291968 0.0 149.071
4.46120572236 0.9978927927618167 0.0 149.248
4.46244967704 0.9979517356216262 0.0 149.426
4.4654797330800005 0.9981071974143731 0.0 149.607
4.46736935112 0.9983422320678628 0.0 149.791
4.469815152 0.9983618796877994 0.0 149.972
4.47233464272 0.9983618796877994 0.0 150.151
4.47381896664 0.9984380142150532 0.0 150.33
4.47716132724 0.9984969570748624 0.0 150.512
4.47841756356 0.9986344904144174 0.0 150.695
4.4821494276000005 0.998654138034354 0.0 150.877
4.48299510624 0.9986344904144174 0.0 151.065
4.486470810359999 0.9984583986207372 0.0 151.246
4.48794460716 0.9982636415881172 0.0 151.428
4.4910974796 0.9982439939681808 0.0 151.608
4.49305201488 0.9983422320678628 0.0 151.789
4.495387280999999 0.9983422320678628 0.0 151.97
4.497962916360001 0.998204698728308 0.0 152.153
4.499580583799999 0.9981457558684984 0.0 152.334
4.50282118224 0.9982439939681808 0.0 152.516
4.504005483239999 0.9982832892080536 0.0 152.697
4.50766365744 0.9982832892080536 0.0 152.879
4.5115113198 0.9982636415881172 0.0 153.214
4.51331672088 0.9984583986207372 0.0 153.392
4.51578533052 0.9986737856542904 0.0 153.575
4.51830482124 0.9988874535210992 0.0 153.755
4.51985932596 0.9988874535210992 0.0 153.937
4.52308764276 0.9986934332742268 0.0 154.118
4.52428247088 0.9985558999346718 0.0 154.301
4.52791257276 0.9985362523147352 0.0 154.482
4.5289793209199996 0.9986344904144174 0.0 154.665
4.53271995756 0.998654138034354 0.0 154.847
4.5338323232399995 0.998614842794481 0.0 155.027
4.53665183688 0.9985166046947987 0.0 155.207
4.53872743404 0.998477309454926 0.0 155.388
4.5409960284 0.9985558999346718 0.0 155.567
4.54355236404 0.9986934332742268 0.0 155.749
4.54530863856 0.9987720237539724 0.0 155.93
4.548493092359999 0.998809599827101 0.0 156.113
4.54954229532 0.9988678059011628 0.0 156.291
4.55318292432 0.9988285106612896 0.0 156.473
4.55424440892 0.9988678059011628 0.0 156.656
4.557760467 0.9988874535210992 0.0 156.836
4.55908863864 0.9987712869682248 0.0 157.018
4.56200289636 0.9987516393482886 0.0 157.199
4.56408902064 0.9990249868606542 0.0 157.385
4.56602250168 0.999277949967336 0.0 157.566
4.56879990684 0.9994744261667002 0.0 157.747
4.57029826692 0.9995316498597652 0.0 157.925
4.5736915086 0.999727389273382 0.0 158.103
4.57473018444 0.9999221463060018 0.0 158.284
4.57840414932 0.999864922612937 0.0 158.462
4.57944107064 0.9997666845132548 0.0 158.646
4.58265886032 0.9997077416534456 0.0 158.827
4.584209855999999 0.999688094033509 0.0 159.006
4.58665390236 0.9995316498597652 0.0 159.186
4.589096194200001 0.9994744261667002 0.0 159.368
4.59399305952 0.9998059797531276 0.0 159.76
4.59569494392 0.9998256273730642 0.0 159.944
4.59889694292 0.9997666845132548 0.0 160.127
4.60008124392 0.999570945099638 0.0 160.307
4.603681518959999 0.999277949967336 0.0 160.493
4.60465703208 0.9991224881745888 0.0 160.674
4.608323978880001 0.9991224881745888 0.0 160.857
4.60950477084 0.99919935948759 0.0 161.041
4.6124102559599995 0.9992975975872724 0.0 161.22
4.61417354856 0.9992975975872724 0.0 161.4
4.616668476 0.9991608010334648 0.0 161.58
4.61906515032 0.9989856916207812 0.0 161.763
4.62045999372 0.9988874535210992 0.0 161.947
4.623730419 0.9990635453147796 0.0 162.131
4.62509192652 0.999277949967336 0.0 162.314
4.62866588376 0.9993565404470816 0.0 162.496
4.629515071439999 0.9993172452072088 0.0 162.676
4.63322412672 0.9993565404470816 0.0 162.856
4.634336492399999 0.999415483306891 0.0 163.036
4.63767183492 0.9992190071075264 0.0 163.216
4.6391947582799995 0.9990642821005272 0.0 163.398
4.64161599588 0.9991411534135284 0.0 163.583
4.64407758744 0.9993172452072088 0.0 163.762
4.645854916199999 0.9993368928271452 0.0 163.942
4.64881830048 0.9991224881745888 0.0 164.122
4.64992189356 0.9989463963809084 0.0 164.301
4.65334847112 0.9990249868606542 0.0 164.481
4.6541537958 0.9991797118676538 0.0 164.662
4.65754528296 0.9990839297204636 0.0 164.84
4.6591103147999995 0.9991224881745888 0.0 165.022
4.66177192164 0.9992975975872724 0.0 165.202
4.6638931363200005 0.9994351309268276 0.0 165.383
4.665424832279999 0.9993565404470816 0.0 165.565
4.66854612336 0.9992583023473994 0.0 165.746
4.6700427289199995 0.99919935948759 0.0 165.929
4.6734008802 0.9991797118676538 0.0 166.116
4.67442201084 0.9992975975872724 0.0 166.297
4.6781117664 0.9994736893809528 0.0 166.479
4.67900130804 0.9995898559338268 0.0 166.662
4.68257877432 0.9996487987936362 0.0 166.843
4.68372096684 0.9996095035537632 0.0 167.025
4.6866124158 0.9995702083138904 0.0 167.21
4.68854063328 0.999688094033509 0.0 167.39
4.690967134439999 0.9997666845132548 0.0 167.573
4.6933673178 0.999727389273382 0.0 167.755
4.69384630176 0.9997077416534456 0.0 167.934
4.69419896028 0.9996095035537632 0.0 168.115
4.69445161116 0.9995898559338268 0.0 168.299
4.69445687472 0.999688094033509 0.0 168.483
4.694484947039999 0.9997077416534456 0.0 168.667
4.6945077558 0.9996487987936362 0.0 168.852
4.69460249988 0.9997077416534456 0.0 169.035
4.69452705552 0.999727389273382 0.0 169.218
4.69458846372 0.9996487987936362 0.0 169.4
4.69452003744 0.9995898559338268 0.0 169.584
4.69460074536 0.9995316498597652 0.0 169.765
4.69457091852 0.9994351309268276 0.0 169.948
4.69452003744 0.9994351309268276 0.0 170.128
4.69459197276 0.9995316498597652 0.0 170.309
4.69465162644 0.9996095035537632 0.0 170.491
4.69460249988 0.9996487987936362 0.0 170.672
4.69458495468 0.9996095035537632 0.0 170.859
4.69458144564 0.999688094033509 0.0 171.04
4.69462004508 0.999727389273382 0.0 171.224
4.69459372728 0.9998452749930006 0.0 171.407
4.69461478152 1.0 0.0 171.587
4.6945516188 0.9998641858271894 0.0 171.767
4.694634081239999 0.9998256273730642 0.0 171.947
4.69458495468 0.9998256273730642 0.0 172.126
4.694613027 0.9998256273730642 0.0 172.305
4.69456740948 0.9998256273730642 0.0 172.485
4.6945954818 0.9997470368933185 0.0 172.667
4.69469022588 0.9996291511736998 0.0 172.848
4.69456740948 0.9996095035537632 0.0 173.029
4.694569164 0.9997666845132548 0.0 173.21
4.6946305721999995 0.9998452749930006 0.0 173.395
4.69459372728 0.9998059797531276 0.0 173.575
4.69437090324 0.999688094033509 0.0 173.755
4.69401122664 0.9995898559338268 0.0 173.941
4.6940077176 0.9995309130740176 0.0 174.125
4.69399192692 0.9995702083138904 0.0 174.307
4.69394981844 0.999688094033509 0.0 174.49
