X_channel Y_channel II_channel timestamp
0.01514327 0.9804665058669593 0.0 0.0
0.01514403 0.9806856802525498 0.0 0.174
0.01514396 0.981065001464296 0.0 0.342
0.01514378 0.9813597203451513 0.0 0.51
0.01514388 0.9815708218668298 0.0 0.688
0.01514402 0.9817606218953051 0.0 0.869
0.01514412 0.9819918746288149 0.0 1.05
0.01514446 0.9823066433404709 0.0 1.238
0.01514437 0.9825595325735054 0.0 1.422
0.01514381 0.9824565806679992 0.0 1.603
0.01514406 0.9823711736143039 0.0 1.79
0.01514336 0.9825830030874234 0.0 1.97
0.01514394 0.982982083150911 0.0 2.15
0.01514382 0.9832989412023891 0.0 2.332
0.01514378 0.983594143160846 0.0 2.517
0.01514389 0.9838882138538173 0.0 2.699
0.01515506 0.9839904724886916 0.0 2.879
0.01516267 0.9841006985012217 0.0 3.063
0.01517636 0.9842582834808974 0.0 3.25
0.01519131 0.984099397092304 0.0 3.433
0.01519796 0.9841258639639882 0.0 3.614
0.0152192 0.9843312118783092 0.0 3.796
0.01522656 0.9844825362703636 0.0 3.977
0.01524835 0.9845397629644066 0.0 4.16
0.01525296 0.9846354701904481 0.0 4.344
0.01527656 0.9847291867358468 0.0 4.527
0.01528235 0.9849062681847035 0.0 4.71
0.01530218 0.9849678584960369 0.0 4.892
0.01531216 0.9849879039614808 0.0 5.074
0.01532768 0.984953128553934 0.0 5.255
0.01534198 0.9849210889537278 0.0 5.436
0.01535482 0.98489232230551 0.0 5.617
0.01537241 0.9849562714148661 0.0 5.799
0.01537902 0.984983864073924 0.0 5.98
0.01540133 0.9850398810547669 0.0 6.162
0.01540603 0.9852810938417356 0.0 6.343
0.01542979 0.985522772207045 0.0 6.525
0.0154364 0.9857191411807774 0.0 6.709
0.01545591 0.9858025876221003 0.0 6.886
0.01546666 0.985841282485485 0.0 7.066
0.01548153 0.9859332661569538 0.0 7.249
0.01549686 0.985962481753255 0.0 7.435
0.01550689 0.9860247727145851 0.0 7.616
0.01552652 0.9860655360056871 0.0 7.797
0.01553384 0.9862160205836362 0.0 7.979
0.01555697 0.986312500764479 0.0 8.16
0.01556105 0.9863245432506655 0.0 8.341
0.01558488 0.9863540154321818 0.0 8.518
0.01559134 0.9865718295621696 0.0 8.7
0.01560897 0.9866382361052392 0.0 8.881
0.01562123 0.9865259816125002 0.0 9.061
0.01563486 0.9864742264109243 0.0 9.244
0.01565215 0.9865829732805532 0.0 9.422
0.01566137 0.9868358745769309 0.0 9.604
0.01568231 0.986937207022564 0.0 9.785
0.01568747 0.9869256316886093 0.0 9.967
0.0157107 0.9868735236155526 0.0 10.146
0.0157164 0.9869012537957677 0.0 10.324
0.01573906 0.9869979178336218 0.0 10.508
0.01574714 0.9873168671370032 0.0 10.689
0.01576516 0.9875915182523145 0.0 10.871
0.01577791 0.9876680163639614 0.0 11.052
0.01578891 0.9876433276847134 0.0 11.232
0.01580797 0.9876640919219448 0.0 11.415
0.01581611 0.9876458235010772 0.0 11.595
0.01583812 0.9877862432657368 0.0 11.779
0.01584385 0.9878985994394605 0.0 11.958
0.01586737 0.9878458076427576 0.0 12.14
0.01587273 0.9879396621718866 0.0 12.324
0.01589399 0.9880806740055135 0.0 12.504
0.01590376 0.9880791238654908 0.0 12.684
0.01592081 0.9880620265472435 0.0 12.867
0.01593483 0.9881576010883792 0.0 13.047
0.01594634 0.9882799777348068 0.0 13.227
0.01596496 0.9883837380806435 0.0 13.409
0.01597197 0.9883891719352504 0.0 13.59
0.01599483 0.9884225350496539 0.0 13.77
0.01600116 0.9884506652922643 0.0 13.953
0.01602473 0.9885663135131352 0.0 14.136
0.01602955 0.9887653327630247 0.0 14.317
0.01604626 0.9887489772501535 0.0 14.497
0.01605971 0.9885502257754961 0.0 14.678
0.01607781 0.988405608972272 0.0 14.859
0.01609138 0.9885206692394284 0.0 15.038
0.01610439 0.988681956873099 0.0 15.223
0.01612176 0.9887479916404103 0.0 15.406
0.01613044 0.9888536390298668 0.0 15.586
0.01615289 0.9887820694523385 0.0 15.77
0.01615795 0.9886667452038514 0.0 15.952
0.01618241 0.9886531060715098 0.0 16.136
0.01618707 0.9888534704266705 0.0 16.319
0.01620926 0.9888036544354937 0.0 16.5
0.01621901 0.9888875688019484 0.0 16.681
0.01623714 0.9890346581305506 0.0 16.863
0.01624978 0.9888600190022908 0.0 17.046
0.01626252 0.9887264238888969 0.0 17.226
0.01628002 0.9887717774918773 0.0 17.408
0.01628806 0.9887960464940964 0.0 17.59
0.01631108 0.9887232262828831 0.0 17.773
0.01631708 0.9886886059574113 0.0 17.96
0.01634085 0.9887391887536863 0.0 18.139
0.01634592 0.9888116349432415 0.0 18.321
0.01636529 0.9888950864104354 0.0 18.503
0.01637652 0.9890584072276856 0.0 18.685
0.01639466 0.9891438098214548 0.0 18.866
0.01640756 0.9891571565848718 0.0 19.048
0.01642068 0.9891065570314326 0.0 19.229
0.0164385 0.9890877118741261 0.0 19.408
0.01644684 0.9890478451269157 0.0 19.592
0.01646861 0.988956694637268 0.0 19.772
0.01647455 0.988943366122366 0.0 19.955
0.01649729 0.9888711972208187 0.0 20.135
0.01650384 0.9888776487826351 0.0 20.316
0.01652502 0.9890196502567532 0.0 20.497
0.01653462 0.9891865665453374 0.0 20.677
0.01655116 0.9895281984652587 0.0 20.861
0.01656604 0.9898515957344052 0.0 21.043
0.01657721 0.9899737235835198 0.0 21.224
0.01659654 0.9898668908141586 0.0 21.404
0.01660455 0.989848906276552 0.0 21.586
0.01662702 0.9898830214566641 0.0 21.771
0.0166316 0.9898727386263411 0.0 21.954
0.01665498 0.9897991107927959 0.0 22.134
0.01666186 0.9900354848526108 0.0 22.313
0.01668386 0.9903005165908687 0.0 22.496
0.01669348 0.9904049443541061 0.0 22.677
0.01670994 0.990515933008811 0.0 22.86
0.01672426 0.9907770307093852 0.0 23.04
0.01673562 0.991129305185278 0.0 23.223
0.01675535 0.9913367298692616 0.0 23.403
0.01676318 0.9913817396193306 0.0 23.582
0.01678536 0.9913318839739838 0.0 23.765
0.01679089 0.9912156395818413 0.0 23.948
0.01681529 0.9911608067864716 0.0 24.134
0.01682129 0.9913145261554627 0.0 24.317
0.01684238 0.991498771423244 0.0 24.496
0.01685172 0.9916449682665206 0.0 24.68
0.01686801 0.9916928656568965 0.0 24.863
0.01688269 0.9916809936719453 0.0 25.049
0.01689554 0.9917569550050046 0.0 25.229
0.01691366 0.9917988809090803 0.0 25.41
0.01692025 0.9918474462421537 0.0 25.592
0.01694376 0.9918579717068475 0.0 25.773
0.01694965 0.9919292317491745 0.0 25.956
0.01697389 0.9918536148356789 0.0 26.139
0.01698015 0.9916705532371026 0.0 26.32
0.01700208 0.991663514803485 0.0 26.503
0.01701171 0.9918734262959333 0.0 26.689
0.01703013 0.9919991475125262 0.0 26.866
0.01704249 0.9920558469980657 0.0 27.046
0.01705361 0.992051970189083 0.0 27.225
0.01707265 0.9920936488144876 0.0 27.407
0.01708138 0.9921796193731384 0.0 27.588
0.01710385 0.9921291076992064 0.0 27.771
0.01711107 0.9919861735756906 0.0 27.956
0.01713401 0.9916408371268264 0.0 28.139
0.01713926 0.9915453699787381 0.0 28.319
0.01716028 0.991498154090143 0.0 28.502
0.01716998 0.9916848744980572 0.0 28.682
0.01718664 0.9918797017947807 0.0 28.864
0.01720121 0.9918047397746144 0.0 29.045
0.01721016 0.9918057457224317 0.0 29.228
0.01723203 0.9919658853873257 0.0 29.41
0.01724136 0.9923433979619054 0.0 29.59
0.01726365 0.9924613906945173 0.0 29.77
0.01726931 0.9923853386283638 0.0 29.951
0.01729329 0.9920377686520557 0.0 30.134
0.01729891 0.9918148490021426 0.0 30.316
0.01732144 0.9916806078270517 0.0 30.5
0.01732986 0.9917664428239187 0.0 30.681
0.01734739 0.9917270742084161 0.0 30.862
0.01736123 0.9915912585658503 0.0 31.044
0.01737343 0.9914601883986451 0.0 31.227
0.01739189 0.9912921238037241 0.0 31.41
0.01740096 0.9912928703720452 0.0 31.589
0.017423 0.9913911234036337 0.0 31.77
0.01742737 0.9914630864868075 0.0 31.952
0.0174515 0.9914511274623548 0.0 32.136
0.0174585 0.9914776176774747 0.0 32.317
0.01748156 0.9915313595705098 0.0 32.5
0.01749035 0.9914483321070047 0.0 32.681
0.01750757 0.9912627875455517 0.0 32.863
0.01752106 0.9911288757949086 0.0 33.047
0.01753392 0.9911211230268947 0.0 33.23
0.01755249 0.9911419633378444 0.0 33.41
0.01756098 0.9910604209793146 0.0 33.591
0.01758271 0.9910116807782694 0.0 33.774
0.01758857 0.991143563518335 0.0 33.954
0.01761273 0.9911104654995976 0.0 34.136
0.01761806 0.9910352309255269 0.0 34.317
0.01764096 0.9910682431725992 0.0 34.5
0.01765005 0.9911744077323993 0.0 34.683
0.01766671 0.9911792241809506 0.0 34.865
0.0176802 0.9911911498670309 0.0 35.046
0.01769357 0.9913061560341546 0.0 35.227
0.01771137 0.9913927653616935 0.0 35.409
0.01771795 0.9914412715288169 0.0 35.59
0.01774126 0.9912624617807512 0.0 35.769
0.01774707 0.9910614933718817 0.0 35.951
0.01777109 0.990818656717863 0.0 36.132
0.017778 0.9905941569761428 0.0 36.317
0.01780064 0.9903966233926648 0.0 36.502
0.01780858 0.9903577508929241 0.0 36.682
0.01782564 0.9903406169607236 0.0 36.863
0.01784022 0.9905169388168306 0.0 37.046
0.01785251 0.9905729421079839 0.0 37.226
0.01787105 0.9905314046103462 0.0 37.408
0.01787873 0.9904931183338852 0.0 37.588
0.01790157 0.9904208749234553 0.0 37.771
0.01790727 0.9904291869664007 0.0 37.956
0.01793112 0.9903133232731345 0.0 38.135
0.0179377 0.9901950416110837 0.0 38.314
0.0179588 0.990021333983881 0.0 38.495
0.01796826 0.9898736966675843 0.0 38.678
0.01798537 0.9898353999409624 0.0 38.858
0.01800022 0.9897186542728822 0.0 39.039
0.0180087 0.9895750740015159 0.0 39.222
0.01803033 0.9894845326395326 0.0 39.404
0.0180383 0.9896334446620351 0.0 39.585
0.01806103 0.9897714489588939 0.0 39.764
0.01806754 0.9897990257145423 0.0 39.951
0.01809112 0.9897251933025366 0.0 40.135
0.01809708 0.989565155810342 0.0 40.316
0.01811884 0.989286561372632 0.0 40.502
0.01812847 0.9892018198522596 0.0 40.688
0.01814575 0.9892263871896988 0.0 40.866
0.01816023 0.9892572133339541 0.0 41.053
0.01817219 0.9892515384870341 0.0 41.232
0.01819063 0.9894815342408271 0.0 41.414
0.01819982 0.9896295069118322 0.0 41.594
0.01822159 0.9895597534027581 0.0 41.777
0.01822749 0.9894412379967022 0.0 41.961
0.01825149 0.9893665123112243 0.0 42.144
0.01825735 0.9892902224857276 0.0 42.328
0.01827996 0.9889895709590367 0.0 42.505
0.01828852 0.9887598285780327 0.0 42.688
0.01830082 0.9886296774807566 0.0 42.868
0.01832053 0.9885856500723236 0.0 43.051
0.01832952 0.9885445105184938 0.0 43.233
0.01835248 0.9883879402016197 0.0 43.414
0.01835779 0.9881462873105625 0.0 43.594
0.01837552 0.9878969250167102 0.0 43.779
0.01839221 0.9878386208564419 0.0 43.959
0.01840474 0.9876843249060794 0.0 44.137
0.01841512 0.9875374658175381 0.0 44.316
0.01842496 0.9873260217568046 0.0 44.496
0.01843196 0.9871438164056024 0.0 44.679
0.01843805 0.9870047012427757 0.0 44.862
0.01844355 0.9870345470246088 0.0 45.045
0.01845116 0.9872465380975051 0.0 45.229
0.01850164 0.9873023910522797 0.0 45.41
0.01852819 0.9870124325362571 0.0 45.594
0.01853774 0.986573840099238 0.0 45.769
0.01856036 0.9862927020057324 0.0 45.95
0.01856579 0.986008824238907 0.0 46.13
0.01858835 0.9857699604552442 0.0 46.311
0.01859706 0.9856250822559581 0.0 46.491
0.01861722 0.985455784046021 0.0 46.671
0.01862865 0.9853461713200959 0.0 46.854
0.01864269 0.9851263252237598 0.0 47.034
0.01865999 0.9846917010767733 0.0 47.216
0.01866885 0.984378188330282 0.0 47.402
0.01869067 0.9841632015637996 0.0 47.584
0.01869918 0.9839346655923498 0.0 47.764
0.01872161 0.9836981091054794 0.0 47.944
0.01872754 0.9836007793634864 0.0 48.126
0.01875112 0.9835273868543682 0.0 48.311
0.01875818 0.9833441905394383 0.0 48.493
0.01877824 0.9830911275002886 0.0 48.674
0.01878973 0.9827098360438776 0.0 48.856
0.01880429 0.982364620323542 0.0 49.038
0.01881893 0.9821436258845045 0.0 49.219
0.01883175 0.9819277310267992 0.0 49.403
0.01884666 0.9818323751957287 0.0 49.587
0.01886123 0.9816949220967311 0.0 49.772
0.01887659 0.9814723835157271 0.0 49.953
0.01888954 0.9811098078536322 0.0 50.135
0.01890475 0.9806993991971887 0.0 50.319
0.01891872 0.9803977069555906 0.0 50.502
0.01893455 0.9799859788360877 0.0 50.684
0.01894937 0.9795780896310643 0.0 50.868
0.01896338 0.9794419799694952 0.0 51.049
0.01897839 0.9793877836032929 0.0 51.23
0.01899279 0.9790642051768458 0.0 51.413
0.01900669 0.9786568545207655 0.0 51.596
0.01902101 0.9782704175464326 0.0 51.777
0.01903574 0.9778620753082526 0.0 51.957
0.01904977 0.9773712030621778 0.0 52.136
0.01906458 0.9770457874212415 0.0 52.317
0.01907874 0.9767851596146748 0.0 52.496
0.01909289 0.9765876397646136 0.0 52.679
0.01910795 0.9763450326521435 0.0 52.86
0.01912228 0.975958736584696 0.0 53.042
0.01913648 0.975572751512339 0.0 53.222
0.0191498 0.9751466857232088 0.0 53.405
0.01916536 0.9746736823865503 0.0 53.587
0.01918007 0.9742446175247109 0.0 53.769
0.01919352 0.9739226514649268 0.0 53.951
0.01920787 0.9734734113737492 0.0 54.131
0.01922377 0.9730418165100608 0.0 54.313
0.01923884 0.9726330889705007 0.0 54.494
0.01925332 0.9721626360602733 0.0 54.678
0.01926883 0.9716907454006886 0.0 54.861
0.01928174 0.9712448069866066 0.0 55.045
0.01929607 0.9708168001152236 0.0 55.221
0.01930952 0.9703907460362277 0.0 55.402
0.01932436 0.9698994299631765 0.0 55.584
0.01933856 0.9694499924007872 0.0 55.765
0.01935309 0.9690636829815911 0.0 55.947
0.01936719 0.9685320549880965 0.0 56.128
0.01938242 0.9679562390924742 0.0 56.313
0.01939704 0.9675488118235959 0.0 56.494
0.01941198 0.9672657113083045 0.0 56.676
0.01942605 0.9669217666071085 0.0 56.857
0.01943949 0.9662457352085068 0.0 57.039
0.0194551 0.9653355328531764 0.0 57.22
0.01946962 0.9644899916148802 0.0 57.404
0.01948357 0.9640212004872234 0.0 57.587
0.01949837 0.9636136048652026 0.0 57.77
0.01951355 0.963016970773825 0.0 57.953
0.01952748 0.9624031359007162 0.0 58.136
0.01954202 0.9619331926834669 0.0 58.316
0.01955721 0.9614626596873661 0.0 58.493
0.01957152 0.9608683242358361 0.0 58.675
0.01958519 0.9599417778066992 0.0 58.856
0.0195997 0.9592838368244151 0.0 59.037
0.0196142 0.9586480087777738 0.0 59.219
0.01962875 0.9579701189290215 0.0 59.402
0.0196392 0.9572588583809721 0.0 59.582
0.019659 0.9566319408708404 0.0 59.766
0.01966328 0.9557679147887809 0.0 59.945
0.01968777 0.9550268201771894 0.0 60.125
0.01969429 0.9543462155689404 0.0 60.307
0.01971375 0.953698192722947 0.0 60.488
0.01972471 0.9530910401035649 0.0 60.67
0.01974028 0.9523483358043179 0.0 60.849
0.01975528 0.9514405457162701 0.0 61.033
0.01976463 0.95046199630386 0.0 61.218
0.01978607 0.9496027321785562 0.0 61.398
0.01979433 0.9489388423867333 0.0 61.577
0.01981704 0.9482220830842568 0.0 61.759
0.01982254 0.9470218626072339 0.0 61.94
0.01984634 0.9460127731144844 0.0 62.124
0.01985378 0.945016566442845 0.0 62.306
0.01987281 0.9441216755189981 0.0 62.487
0.01988445 0.9433047251227045 0.0 62.669
0.01989902 0.9423976605160639 0.0 62.848
0.01991552 0.941404464040884 0.0 63.03
0.01992773 0.9401064569663101 0.0 63.209
0.01994565 0.9388594017644173 0.0 63.389
0.01995259 0.9376775875383562 0.0 63.568
0.01997542 0.9367332342101703 0.0 63.749
0.01998129 0.9357837905283054 0.0 63.928
0.02000373 0.9347976694349237 0.0 64.111
0.02001208 0.933842050009839 0.0 64.291
0.02003095 0.9327185756824394 0.0 64.474
0.02004369 0.9315668802045495 0.0 64.657
0.02005409 0.9303572179462182 0.0 64.839
0.02007331 0.9294210074155504 0.0 65.02
0.02008353 0.9283369227650715 0.0 65.2
0.0201048 0.927167691188287 0.0 65.383
0.02011172 0.9259445747007101 0.0 65.567
0.02013473 0.924771910935869 0.0 65.75
0.02014039 0.9235725061613163 0.0 65.934
0.02016419 0.9223774288166233 0.0 66.114
0.02017086 0.9212381704784866 0.0 66.297
0.02018851 0.9201590522691261 0.0 66.476
0.02020233 0.9188389134364873 0.0 66.661
0.02021738 0.9174334865417717 0.0 66.844
0.02023308 0.9162766104974652 0.0 67.025
0.02024459 0.9151074735780803 0.0 67.207
0.02026383 0.9140255084553034 0.0 67.387
0.02026947 0.9128677785266087 0.0 67.57
0.02029338 0.9118822726856197 0.0 67.754
0.02029837 0.9108507267033914 0.0 67.935
0.02032133 0.9098052287907449 0.0 68.118
0.02032941 0.9087247394295229 0.0 68.298
0.02034785 0.9075209418587834 0.0 68.481
0.02036083 0.9063702999895048 0.0 68.664
0.02037418 0.905385886046665 0.0 68.848
0.02039134 0.9044556189539298 0.0 69.03
0.0204015 0.9033730053387145 0.0 69.212
0.02042231 0.9024354658087413 0.0 69.396
0.0204271 0.9015917984814713 0.0 69.581
0.02045089 0.9009609106270017 0.0 69.762
0.02045832 0.9003425140755377 0.0 69.944
0.02048222 0.8996478566397945 0.0 70.125
0.02048858 0.8988239510303476 0.0 70.309
0.02051037 0.8979888241482091 0.0 70.492
0.02051926 0.8974503892505366 0.0 70.673
0.02053506 0.8970229860620934 0.0 70.853
0.02054969 0.8966398800446763 0.0 71.033
0.02056159 0.8962203923927462 0.0 71.215
0.02058071 0.8958275078555513 0.0 71.392
0.02058799 0.89531417964825 0.0 71.572
0.02061059 0.8948515028083809 0.0 71.755
0.02061623 0.8946534315393648 0.0 71.935
0.02063973 0.8944812612886667 0.0 72.117
0.02064657 0.8944465599940216 0.0 72.294
0.02066306 0.8944762565660891 0.0 72.474
0.02067721 0.8945106552428473 0.0 72.66
0.02069216 0.8945408249642267 0.0 72.841
0.0207081 0.8945297271514218 0.0 73.023
0.02071858 0.8946762300064298 0.0 73.202
0.02073875 0.8949061350874451 0.0 73.38
0.02074508 0.8953725234168993 0.0 73.563
0.02076868 0.8957614612428759 0.0 73.743
0.02077391 0.8961873484840025 0.0 73.924
0.02079705 0.8966198151167285 0.0 74.106
0.02080444 0.8972915714708178 0.0 74.288
0.02082289 0.8980030308404842 0.0 74.469
0.0208356 0.8988516657104428 0.0 74.655
0.0208501 0.8995298984852316 0.0 74.836
0.02086582 0.9002040493601332 0.0 75.016
0.02087515 0.9010803202598071 0.0 75.191
0.02089682 0.9018679530778829 0.0 75.374
0.02090334 0.9028325299074312 0.0 75.556
0.02092668 0.9037422568956563 0.0 75.738
0.02093167 0.9049176431853031 0.0 75.924
0.02095252 0.9058932430743192 0.0 76.109
0.02096222 0.9069770337688395 0.0 76.291
0.02098201 0.9080810202443128 0.0 76.476
0.02099297 0.9092021538148171 0.0 76.657
0.02100871 0.9103971904632807 0.0 76.839
0.02102388 0.9114886498884226 0.0 77.027
0.02103486 0.9126095531833222 0.0 77.21
0.0210553 0.9136063384442709 0.0 77.389
0.0210624 0.9148815909984735 0.0 77.568
0.02108429 0.9160426610662317 0.0 77.749
0.02108971 0.9172793944755379 0.0 77.931
0.02111231 0.9181675351190768 0.0 78.11
0.02112084 0.9192530844788955 0.0 78.29
0.02113886 0.920420999862409 0.0 78.473
0.02115169 0.9215592767127484 0.0 78.653
0.02116376 0.9228421394280145 0.0 78.832
0.02118146 0.9241995662567926 0.0 79.011
0.02119054 0.9255303319417051 0.0 79.187
0.02121176 0.9266291692200952 0.0 79.367
0.02121694 0.9280333026824283 0.0 79.547
0.02123855 0.9292775951410677 0.0 79.727
0.02124714 0.9305254245839084 0.0 79.915
0.0212682 0.9317497416204942 0.0 80.094
0.02127824 0.9331008343495603 0.0 80.277
0.02129486 0.9343133355443038 0.0 80.46
0.02130875 0.9353858328172838 0.0 80.643
0.02132119 0.9364605261693252 0.0 80.827
0.02133857 0.9373592590036878 0.0 81.007
0.02134663 0.9384229170021778 0.0 81.187
0.02136864 0.9395190899383283 0.0 81.365
0.02137448 0.9409394867727432 0.0 81.546
0.02139744 0.9422216882654547 0.0 81.727
0.02140425 0.9434961198748988 0.0 81.909
0.02142468 0.9445115967860088 0.0 82.092
0.02143523 0.945589765668268 0.0 82.272
0.02145012 0.9466176260261542 0.0 82.452
0.02146557 0.9476452726820684 0.0 82.635
0.02147703 0.9489087433165172 0.0 82.815
0.02149596 0.9499905162816853 0.0 82.997
0.02150157 0.9508706120031886 0.0 83.181
0.02152439 0.9515286416597981 0.0 83.357
0.02153154 0.9523643396817535 0.0 83.541
0.02155409 0.9532718808583123 0.0 83.722
0.02156139 0.9543773932228414 0.0 83.902
0.02158086 0.9554157605199051 0.0 84.084
0.0215917 0.9563690691656723 0.0 84.268
0.02160739 0.9572899683715307 0.0 84.449
0.02162266 0.9580264452545493 0.0 84.632
0.02163325 0.9587927927103626 0.0 84.815
0.02165253 0.95958116367868 0.0 84.998
0.02166176 0.960516783835392 0.0 85.18
0.02168342 0.9612591425466249 0.0 85.364
0.02168799 0.9619554761342948 0.0 85.547
0.02171192 0.9625266691299137 0.0 85.733
0.02171853 0.9633013528694017 0.0 85.914
0.02173817 0.9641512952263128 0.0 86.094
0.02174834 0.9648774564643129 0.0 86.274
0.02176359 0.9656949832825614 0.0 86.455
0.02177965 0.966407261566322 0.0 86.639
0.02179069 0.9667986496068095 0.0 86.82
0.02180873 0.9673203227947016 0.0 87.001
0.02181654 0.9680093677337285 0.0 87.183
0.02183794 0.9685646708047938 0.0 87.361
0.02184413 0.9691325914481188 0.0 87.545
0.02186734 0.9697047645393453 0.0 87.724
0.02187442 0.9703735895595271 0.0 87.908
0.02189508 0.9709517309037605 0.0 88.094
0.02190537 0.9715936581243929 0.0 88.276
0.02192 0.9721631681020494 0.0 88.458
0.02193571 0.972481444266087 0.0 88.638
0.02194666 0.9727690814862048 0.0 88.819
0.02196548 0.9731640864129893 0.0 88.999
0.0219737 0.9736440628938161 0.0 89.182
0.0219954 0.9741781421677049 0.0 89.363
0.02200091 0.9748501338844089 0.0 89.546
0.02202366 0.9753606810304966 0.0 89.725
0.02203049 0.975885363199761 0.0 89.906
0.02205021 0.976299077640312 0.0 90.084
0.02206129 0.9767308796431916 0.0 90.264
0.02207498 0.977261098329443 0.0 90.447
0.02209139 0.9777020595959726 0.0 90.627
0.02210089 0.978096269443074 0.0 90.809
0.02212104 0.9784879978944071 0.0 90.991
0.02212854 0.9788239101814423 0.0 91.172
0.02215095 0.979085349718823 0.0 91.356
0.02215617 0.9794061357678046 0.0 91.536
0.02217523 0.9797375149694472 0.0 91.716
0.02218604 0.9800660992009793 0.0 91.896
0.02220676 0.9804772887844639 0.0 92.083
0.02221748 0.9810132236067526 0.0 92.261
0.022232 0.9815621762002442 0.0 92.443
0.02224717 0.9821099243372453 0.0 92.624
0.022258 0.9824383541917902 0.0 92.806
0.0222773 0.9827063806777029 0.0 92.987
0.02228468 0.9830431514713607 0.0 93.169
0.02230723 0.9833050231912035 0.0 93.349
0.02231209 0.9835220828545793 0.0 93.529
0.02233481 0.9836997970163436 0.0 93.712
0.02234282 0.9840562509000224 0.0 93.893
0.02236129 0.9843058991651352 0.0 94.075
0.02237261 0.9844870305939786 0.0 94.254
0.02238377 0.9847736291173556 0.0 94.432
0.02240256 0.9850436473049873 0.0 94.615
0.02241265 0.985249105635083 0.0 94.797
0.02243181 0.9853938568110275 0.0 94.978
0.02244034 0.98570628103775 0.0 95.16
0.02246243 0.9859269524892164 0.0 95.343
0.0224681 0.9862673057284328 0.0 95.525
0.02249032 0.9866529896947408 0.0 95.708
0.02249843 0.987028865331006 0.0 95.89
0.02251593 0.9871571005045031 0.0 96.071
0.02252869 0.9873557762762096 0.0 96.254
0.02254159 0.9877001570502364 0.0 96.435
0.02255752 0.9879752375468227 0.0 96.616
0.0225675 0.9880574692092013 0.0 96.797
0.02258753 0.9879297451634569 0.0 96.98
0.02259396 0.98801982142469 0.0 97.161
0.02261622 0.9882190693728293 0.0 97.341
0.02262228 0.9883926000577303 0.0 97.522
0.02264425 0.9885298902073795 0.0 97.704
0.02265224 0.9887817766636352 0.0 97.886
0.02266686 0.9891430694425947 0.0 98.067
0.02268125 0.9895257020953325 0.0 98.246
0.02269494 0.9898272277772049 0.0 98.429
0.02271188 0.9898522728945773 0.0 98.609
0.0227211 0.9897067404771733 0.0 98.792
0.0227419 0.9896189847563074 0.0 98.973
0.02274761 0.9896271948814642 0.0 99.152
0.02277004 0.9896400907897247 0.0 99.331
0.02277608 0.9897309691192554 0.0 99.514
0.02279702 0.989848796113058 0.0 99.695
0.02280734 0.990219460968621 0.0 99.877
0.02282232 0.9904763269212612 0.0 100.058
0.02283674 0.9906103765868319 0.0 100.238
0.02284871 0.9906672422349788 0.0 100.421
0.02286696 0.990647653107068 0.0 100.601
0.02287342 0.9907367858202097 0.0 100.783
0.02289583 0.9908520643813077 0.0 100.963
0.02290144 0.9909438536772808 0.0 101.144
0.02292423 0.9909759427255465 0.0 101.326
0.02293044 0.9910645711920154 0.0 101.505
0.02294644 0.9911124813782634 0.0 101.684
0.02295996 0.9912901507466919 0.0 101.866
0.02297593 0.9914404954846018 0.0 102.052
0.02299081 0.9915533898174633 0.0 102.233
0.02300196 0.991776138532016 0.0 102.416
0.0230198 0.9920473359120012 0.0 102.601
0.02302824 0.9923195693065242 0.0 102.784
0.02304885 0.9922946853136293 0.0 102.964
0.02305453 0.9924670128297628 0.0 103.144
0.02307689 0.9927690104142992 0.0 103.323
0.02308399 0.9928782670984734 0.0 103.503
0.02310491 0.9926443268923001 0.0 103.685
0.0231149 0.9925804929387386 0.0 103.865
0.02312816 0.9925310222545388 0.0 104.049
0.02314366 0.9923942961555535 0.0 104.225
0.02315358 0.992309796273885 0.0 104.407
0.02317245 0.9922679470977324 0.0 104.591
0.02318065 0.9922705935785695 0.0 104.773
0.0232023 0.9923059042198736 0.0 104.953
0.0232071 0.9922952598265044 0.0 105.132
0.02322775 0.9921453251654255 0.0 105.321
0.02323759 0.9921235091766897 0.0 105.504
0.02325613 0.9918749131125131 0.0 105.688
0.02326756 0.9911667157526035 0.0 105.875
0.02328291 0.9902025673126732 0.0 106.057
0.02329767 0.9900866094492108 0.0 106.237
0.02331019 0.9909481414311263 0.0 106.421
0.02332725 0.9918414738508854 0.0 106.604
0.02333476 0.9925284185213693 0.0 106.785
0.02335563 0.992813747076882 0.0 106.969
0.02336179 0.9931306433190369 0.0 107.146
0.02338427 0.9935352008683758 0.0 107.329
0.02338993 0.9938958606255228 0.0 107.509
0.02341162 0.9941990485193014 0.0 107.692
0.02342028 0.9944486535103707 0.0 107.872
0.02343484 0.9945204082803807 0.0 108.056
0.02344927 0.994509173041178 0.0 108.239
0.02346041 0.9945242427902036 0.0 108.421
0.02347904 0.9946069842838009 0.0 108.605
0.02348454 0.9948029358150952 0.0 108.783
0.02350657 0.9949595490206469 0.0 108.961
0.02351369 0.9951102527639067 0.0 109.145
0.02353684 0.9952227224617588 0.0 109.327
0.02354283 0.9952302242727983 0.0 109.508
0.0235632 0.9951849550318159 0.0 109.687
0.02357252 0.9951642441160136 0.0 109.867
0.02358854 0.9950870223460933 0.0 110.051
0.02360276 0.9951802962820434 0.0 110.233
0.02361424 0.9953818864794384 0.0 110.414
0.02363136 0.9955303501190057 0.0 110.598
0.02363896 0.9956999651239922 0.0 110.779
0.02366068 0.995837141050108 0.0 110.959
0.02366609 0.9959499643162856 0.0 111.14
0.02368857 0.9957751393073336 0.0 111.32
0.02369489 0.9956362477914927 0.0 111.502
0.02371183 0.9956818236716727 0.0 111.683
0.02372393 0.9956965422442385 0.0 111.866
0.02373958 0.9958274200496808 0.0 112.047
0.02375367 0.9959399120281278 0.0 112.226
0.02376541 0.9958930109906743 0.0 112.408
0.02378312 0.9958744493389874 0.0 112.589
0.0237902 0.995921120981254 0.0 112.768
0.02381228 0.9959760530946796 0.0 112.951
0.02381707 0.99606863327603 0.0 113.131
0.02383875 0.996143424417798 0.0 113.307
0.02384587 0.9962315973098486 0.0 113.487
0.02386256 0.9964630651925667 0.0 113.665
0.02387566 0.9965163516372253 0.0 113.845
0.02388806 0.9963647699328871 0.0 114.022
0.02390444 0.9960390104222825 0.0 114.202
0.02391247 0.995835810960004 0.0 114.384
0.02393355 0.9956649776941108 0.0 114.567
0.02393946 0.9957758436572252 0.0 114.748
0.02396199 0.9959735083661447 0.0 114.93
0.02396774 0.9960439096722984 0.0 115.112
0.02398899 0.9959758975817227 0.0 115.295
0.02399706 0.9959787602554577 0.0 115.478
0.02401301 0.9960672971355616 0.0 115.658
0.02402656 0.9960769543093653 0.0 115.837
0.02403844 0.9959900040639826 0.0 116.017
0.02405563 0.9959310243434811 0.0 116.199
0.02406381 0.9960357739028336 0.0 116.376
0.02408426 0.9960734991446738 0.0 116.556
0.0240892 0.9961872572504441 0.0 116.735
0.02411073 0.9963031266543773 0.0 116.915
0.02411821 0.9962457107452437 0.0 117.097
0.02413656 0.9961028269446291 0.0 117.278
0.02414742 0.9960163441873451 0.0 117.464
0.02415929 0.9960315503075767 0.0 117.645
0.02417585 0.9962208036341899 0.0 117.824
0.02418643 0.9963427906805207 0.0 118.008
0.02420522 0.9965062824036345 0.0 118.188
0.02421201 0.9965327614215279 0.0 118.369
0.02423293 0.996590189345706 0.0 118.547
0.02423915 0.9967418439459149 0.0 118.73
0.02426065 0.9970447425272213 0.0 118.914
0.02426807 0.9971511134781766 0.0 119.098
0.02428699 0.9971090534666096 0.0 119.28
0.02429745 0.9970234644334198 0.0 119.46
0.02431091 0.9968922522666746 0.0 119.642
0.02432648 0.9968368736638333 0.0 119.824
0.0243363 0.9968150526402142 0.0 120.006
0.02435539 0.9967518589968755 0.0 120.188
0.02436188 0.9967582158032009 0.0 120.371
0.02438351 0.9967101606264865 0.0 120.553
0.02438891 0.996760489015443 0.0 120.731
0.02441044 0.9967723838347463 0.0 120.91
0.02441791 0.9967557888393628 0.0 121.09
0.0244322 0.9967863631817238 0.0 121.271
0.02444658 0.9967959633783481 0.0 121.453
0.02446001 0.9967869016657664 0.0 121.636
0.02447623 0.9967716431363882 0.0 121.817
0.02448464 0.9969183477859723 0.0 121.998
0.02450457 0.9969968744486462 0.0 122.181
0.02450983 0.9969851888459947 0.0 122.361
0.02453171 0.9970404248445119 0.0 122.544
0.02453772 0.9970478413344814 0.0 122.724
0.02455871 0.997042746844538 0.0 122.903
0.02456698 0.9972302255451688 0.0 123.083
0.02458178 0.9973003947814365 0.0 123.263
0.0245957 0.9974148241789503 0.0 123.442
0.02460738 0.997510864009005 0.0 123.625
0.02462463 0.9974525461294126 0.0 123.808
0.02463207 0.997395525218683 0.0 123.991
0.0246527 0.997142841282066 0.0 124.172
0.02465918 0.9970869231624049 0.0 124.355
0.02468101 0.9972660368220368 0.0 124.538
0.0246862 0.9972752693248462 0.0 124.718
0.02470711 0.9971258006322549 0.0 124.895
0.0247153 0.9970660920638259 0.0 125.077
0.02472958 0.9970343809774216 0.0 125.257
0.02474404 0.9970645477305355 0.0 125.44
0.02475626 0.9970996866759936 0.0 125.624
0.02477301 0.9972051983818921 0.0 125.807
0.02478114 0.9972494142940562 0.0 125.988
0.02480156 0.997101066393525 0.0 126.168
0.0248068 0.9967799138181085 0.0 126.355
0.02482869 0.9966898189761836 0.0 126.535
0.02483473 0.996924687790112 0.0 126.717
0.02485522 0.9971471833513351 0.0 126.898
0.02486385 0.9973752428694708 0.0 127.081
0.02487972 0.9976289765925183 0.0 127.263
0.02489225 0.9976623634152342 0.0 127.447
0.02490325 0.9975982443884868 0.0 127.628
0.02492003 0.9975609775609611 0.0 127.81
0.02492815 0.9975221947988776 0.0 127.994
0.02494853 0.9974146918714366 0.0 128.174
0.02495503 0.9973587622507063 0.0 128.356
0.02497654 0.9975996611885997 0.0 128.538
0.02498181 0.9979165473604924 0.0 128.721
0.02500088 0.9979364286672069 0.0 128.902
0.02501001 0.9979161489704709 0.0 129.08
0.02502624 0.9979215916047884 0.0 129.263
0.02503937 0.9978301948159953 0.0 129.446
0.02505169 0.9976991134545913 0.0 129.627
0.02506833 0.9976621660157583 0.0 129.811
0.02507508 0.9977716383505743 0.0 129.993
0.02509534 0.9979125551207368 0.0 130.172
0.02510144 0.9979394556703322 0.0 130.353
0.02512307 0.9977273096172457 0.0 130.533
0.02512909 0.9976102406702755 0.0 130.716
0.02514929 0.9976276200337253 0.0 130.9
0.02515697 0.9977350085244192 0.0 131.079
0.02517141 0.9977444296876109 0.0 131.26
0.02518545 0.9977132619940796 0.0 131.437
0.0251959 0.9976278521858021 0.0 131.616
0.02521472 0.9972768438828926 0.0 131.794
0.02522094 0.9970564563847412 0.0 131.974
0.02524103 0.9971363077298038 0.0 132.156
0.02524676 0.9971443323537246 0.0 132.337
0.02526746 0.9971805757872013 0.0 132.52
0.0252746 0.9973287954353263 0.0 132.7
0.02529262 0.9974746396912454 0.0 132.886
0.02530371 0.9975933484011572 0.0 133.067
0.0253168 0.9976057666319585 0.0 133.25
0.02533199 0.9975513303498718 0.0 133.43
0.0253408 0.9974281286426905 0.0 133.613
0.0253598 0.9973859798615934 0.0 133.797
0.02536774 0.9974927454019383 0.0 133.977
0.0253881 0.9975719521792927 0.0 134.159
0.02539261 0.9977251840866175 0.0 134.341
0.02541127 0.99770450965789 0.0 134.522
0.02542082 0.9975814986920638 0.0 134.71
0.02544121 0.9974955922267646 0.0 134.893
0.02544933 0.9973739518089414 0.0 135.072
0.02546536 0.997338401825543 0.0 135.254
0.02547788 0.9973728116765632 0.0 135.435
0.0254895 0.9975931418532807 0.0 135.618
0.02550584 0.997681239725373 0.0 135.798
0.02551418 0.9975798484567784 0.0 135.981
0.02553364 0.9975159672910586 0.0 136.161
0.02553888 0.9976701212598656 0.0 136.341
0.02556029 0.9977451478146911 0.0 136.523
0.02556651 0.9978341773038376 0.0 136.704
0.02558569 0.9978123529343846 0.0 136.886
0.02559465 0.9976689406501016 0.0 137.067
0.02560656 0.9974785914078649 0.0 137.247
0.02562144 0.9974663178018048 0.0 137.429
0.02563287 0.9976455616179936 0.0 137.611
0.02565032 0.9977311679731045 0.0 137.793
0.02565739 0.9977362061627073 0.0 137.974
0.02567725 0.9978560780522348 0.0 138.157
0.02568308 0.9980288085644833 0.0 138.34
0.02570498 0.9980838054320886 0.0 138.525
0.02571049 0.9980301559499352 0.0 138.706
0.02572947 0.9979880607322248 0.0 138.886
0.0257389 0.9979671475161055 0.0 139.067
0.02575213 0.9979378083944385 0.0 139.247
0.02576655 0.9979058322688944 0.0 139.428
0.02577635 0.9978841020909595 0.0 139.606
0.02579389 0.9978452118698179 0.0 139.788
0.0258004 0.9978100686928187 0.0 139.969
0.02582128 0.9977223615386023 0.0 140.149
0.02582628 0.9977734037440786 0.0 140.331
0.02584783 0.9979715361594481 0.0 140.512
0.02585485 0.9981216301321963 0.0 140.694
0.02586884 0.9982130368093108 0.0 140.875
0.0258818 0.9981032852888959 0.0 141.058
0.02589528 0.9979905755377088 0.0 141.238
0.02590995 0.9979166442064439 0.0 141.414
0.02591865 0.9977731329874292 0.0 141.596
0.0259378 0.9977099878602582 0.0 141.777
0.02594266 0.9975975129219072 0.0 141.956
0.02596469 0.9975287740013417 0.0 142.136
0.02596922 0.9975386631217076 0.0 142.318
0.02598863 0.9975352510782733 0.0 142.499
0.02599704 0.997457104489416 0.0 142.679
0.02601107 0.9973639247887792 0.0 142.861
0.02602415 0.9973349533554697 0.0 143.041
0.02603562 0.9973095493628686 0.0 143.221
0.02605228 0.9972726527561763 0.0 143.4
0.02605946 0.9972567521792609 0.0 143.581
0.02607956 0.9972743329410703 0.0 143.763
0.02608448 0.9972013477239138 0.0 143.944
0.02610647 0.9971319622994396 0.0 144.125
0.02611213 0.9969952584307563 0.0 144.306
0.02612723 0.9968384403821136 0.0 144.487
0.02613922 0.9967102437541663 0.0 144.666
0.02615365 0.996719699353909 0.0 144.846
0.02616695 0.9968739187073976 0.0 145.025
0.02617685 0.9971605854578804 0.0 145.205
0.02619455 0.9973068527956273 0.0 145.389
0.02620077 0.9971689338193713 0.0 145.568
0.02622093 0.9967751575597892 0.0 145.752
0.02622596 0.9966003166451809 0.0 145.93
0.02624685 0.996614362256617 0.0 146.111
0.02625428 0.9967013705812315 0.0 146.293
0.02627173 0.9965593261910246 0.0 146.474
0.02628142 0.9964569524686259 0.0 146.657
0.02629322 0.9963281956587731 0.0 146.837
0.02630882 0.99625232744345 0.0 147.018
0.02631649 0.996152624556528 0.0 147.196
0.0263357 0.9960894714156646 0.0 147.376
0.02634133 0.9960977109141104 0.0 147.556
0.02636184 0.9961351100440996 0.0 147.739
0.02636673 0.9961863518035952 0.0 147.923
0.02638391 0.9964146675291893 0.0 148.105
0.02639426 0.9965158784417124 0.0 148.284
0.02640876 0.9964838164854369 0.0 148.465
0.0264218 0.9963515784778644 0.0 148.645
0.02643355 0.9963049222649627 0.0 148.827
0.02644932 0.996270062642659 0.0 149.012
0.02645815 0.9961471471910516 0.0 149.194
0.02647631 0.996046786447571 0.0 149.378
0.02648244 0.9960332405742781 0.0 149.561
0.02650303 0.9960893223688482 0.0 149.746
0.02650835 0.996283563716198 0.0 149.927
0.0265292 0.9965044665801832 0.0 150.111
0.02653547 0.9966766906874228 0.0 150.289
0.02655306 0.9966378023926696 0.0 150.471
0.02656261 0.9964926417608466 0.0 150.654
0.02657387 0.9962204379974988 0.0 150.834
0.02658985 0.9959595284369619 0.0 151.015
0.02659767 0.995838888202456 0.0 151.201
0.02661601 0.9959430877451877 0.0 151.382
0.02662033 0.9960971135967087 0.0 151.565
0.02664156 0.9960305768360886 0.0 151.746
0.02664802 0.9958930572797402 0.0 151.928
0.02666879 0.9958885262543553 0.0 152.11
0.02667547 0.9959959826241459 0.0 152.288
0.02669292 0.9959574421490577 0.0 152.474
0.02670297 0.9958750503288926 0.0 152.655
0.02671549 0.9959086313344779 0.0 152.838
0.02672925 0.9960211072965326 0.0 153.018
0.02673941 0.9961020027308162 0.0 153.204
0.0267569 0.9961460387127363 0.0 153.385
0.02676009 0.996138993192639 0.0 153.568
0.02676152 0.9960945035950025 0.0 153.748
0.02676249 0.9959890333377958 0.0 153.928
0.02676295 0.9959053552112501 0.0 154.11
0.02676319 0.9957619745186268 0.0 154.294
0.02676364 0.9956997593369199 0.0 154.474
0.026763 0.9957417284143719 0.0 154.657
0.02676383 0.9959447431869218 0.0 154.839
0.02676427 0.9962519461737843 0.0 155.018
0.02676404 0.9965608872612013 0.0 155.198
0.02676382 0.9965820388987859 0.0 155.381
0.02676344 0.9965009912617023 0.0 155.563
0.02676337 0.9964391492337621 0.0 155.743
0.0267638 0.9963762026258358 0.0 155.925
0.02676388 0.9962125098224498 0.0 156.105
0.02676359 0.9963353354373666 0.0 156.289
0.02676391 0.9965206183831158 0.0 156.47
0.02676379 0.9964382213450902 0.0 156.651
0.0267636 0.9964386411040373 0.0 156.83
0.02676409 0.9964168930395834 0.0 157.014
0.02676428 0.996313145689072 0.0 157.195
0.02676409 0.9963135653948736 0.0 157.376
0.0267639 0.9963759817139716 0.0 157.556
0.02676404 0.9962930103125945 0.0 157.734
0.02676395 0.996068471419647 0.0 157.917
0.02676426 0.9958817971145484 0.0 158.097
0.026764 0.9958410401341315 0.0 158.28
0.02676398 0.995965077496658 0.0 158.463
0.02676437 0.9961088749095703 0.0 158.639
0.02676415 0.9961713573635854 0.0 158.822
0.02676424 0.9961298275397947 0.0 159.006
0.02676381 0.9960894461425694 0.0 159.19
0.02676418 0.9958620831885987 0.0 159.37
0.02676402 0.9955542617169301 0.0 159.553
0.02676401 0.9954114332957382 0.0 159.733
0.02676388 0.9954925741227303 0.0 159.915
0.02676401 0.9956782769855321 0.0 160.096
0.02676426 0.9958611315933956 0.0 160.278
0.02676373 0.9958424112339783 0.0 160.461
0.02676395 0.9956990749751482 0.0 160.645
0.02676392 0.9957198067403967 0.0 160.826
0.02676408 0.995861529029034 0.0 161.006
0.02676441 0.995759281058372 0.0 161.188
0.0267646 0.9956976400261004 0.0 161.368
0.02676432 0.9957395891942983 0.0 161.548
0.02676369 0.9959037212352111 0.0 161.732
0.02676382 0.996089424057737 0.0 161.913
0.02676214 0.9962359854097556 0.0 162.095
0.02676163 0.9962570025874761 0.0 162.277
0.0267619 0.9962770718234403 0.0 162.458
0.02676212 0.9963799139598003 0.0 162.644
0.02676189 0.9964217533207314 0.0 162.829
0.02676139 0.9962988640207776 0.0 163.011
0.02676138 0.9961981410514559 0.0 163.192
0.02676176 0.9962574903963859 0.0 163.376
0.02676064 0.9965071776133042 0.0 163.562
0.02676159 0.9966884862499392 0.0 163.743
0.02676162 0.9968124138079612 0.0 163.927
0.02676155 0.9968125685147724 0.0 164.107
0.02676126 0.9967098811504543 0.0 164.285
0.02676155 0.9967092402881627 0.0 164.466
0.02676174 0.9968328142330126 0.0 164.647
0.02676108 0.9968549385954626 0.0 164.832
0.02676128 0.9966891712953353 0.0 165.015
0.02676125 0.9965058298658754 0.0 165.195
0.0267612 0.9963406150459698 0.0 165.375
0.02676047 0.9964248904364694 0.0 165.558
0.02676125 0.9964438328886723 0.0 165.738
0.02676076 0.9963415870302215 0.0 165.919
0.02676084 0.9962587475942566 0.0 166.101
0.02676067 0.9963624515310585 0.0 166.283
0.02676111 0.996444142188188 0.0 166.464
0.02676128 0.9964437666102296 0.0 166.644
0.02676119 0.9965472937546683 0.0 166.826
0.02676081 0.9966488785558888 0.0 167.004
0.02676145 0.996688795625163 0.0 167.182
0.02676074 0.9967316959673389 0.0 167.369
0.02676113 0.9967514997629503 0.0 167.546
0.02676111 0.9967515439622383 0.0 167.725
0.02676083 0.9967521627526827 0.0 167.905
0.02676104 0.9968963583406054 0.0 168.087
0.02676104 0.9968756926719158 0.0 168.264
0.0267611 0.9967102347300028 0.0 168.444
0.02676082 0.9966281907797359 0.0 168.625
0.02676164 0.9966263788352399 0.0 168.807
0.02676022 0.9967328451282639 0.0 168.986
0.02676063 0.9968559331837059 0.0 169.166
0.02676067 0.9969377325551415 0.0 169.349
0.02675929 0.9971249663749782 0.0 169.529
0.02675902 0.9972495578591732 0.0 169.709
0.02675875 0.99741367278458 0.0 169.89
0.02675848 0.9975374896238021 0.0 170.075
0.02675838 0.9974757134241393 0.0 170.258
0.0267587 0.9973734850937792 0.0 170.439
0.02675865 0.9972090444026508 0.0 170.622
0.0267586 0.9970239378945736 0.0 170.804
0.02675848 0.9968813509186941 0.0 170.987
0.02675867 0.9969628191109638 0.0 171.168
0.02675842 0.9973121069074272 0.0 171.351
0.02675856 0.9974546495569476 0.0 171.533
0.02675798 0.9973345206221499 0.0 171.71
0.02675853 0.997373861024316 0.0 171.892
0.0267586 0.9976405531199226 0.0 172.072
0.02675847 0.9977441696054608 0.0 172.252
0.02675899 0.9976190246983709 0.0 172.428
0.02675864 0.9976197988633583 0.0 172.609
0.02675805 0.9977649895591746 0.0 172.791
0.02675855 0.9979687330189662 0.0 172.971
0.02675791 0.998094144006099 0.0 173.152
0.02675844 0.9980516395646422 0.0 173.339
0.02675839 0.9981129726108662 0.0 173.515
0.02675856 0.9981528946771544 0.0 173.698
0.02675847 0.9979482442466134 0.0 173.878
0.02675803 0.997866554578661 0.0 174.06
0.0267578 0.9979910583456992 0.0 174.241
0.02675818 0.9980522149086074 0.0 174.421
0.02675848 0.9980308852642572 0.0 174.604
0.02675827 0.9978866893861275 0.0 174.784
0.02675836 0.9980311508019981 0.0 174.966
0.02675799 0.998215378594154 0.0 175.147
0.02675883 0.9981928537183489 0.0 175.326
0.02675881 0.9980913773823924 0.0 175.51
0.02675883 0.9978854503903316 0.0 175.689
0.02675858 0.997865337731669 0.0 175.869
0.02675836 0.9978658244701097 0.0 176.049
0.02675816 0.9978869327606632 0.0 176.232
0.02675862 0.997989243911259 0.0 176.416
0.02675862 0.9980719070295506 0.0 176.599
0.02675825 0.9982354689524139 0.0 176.779
0.02675821 0.9983388864749624 0.0 176.96
0.02675812 0.9984217488997656 0.0 177.142
0.02675858 0.9983587332627295 0.0 177.332
0.02675808 0.9982358452082254 0.0 177.514
0.0267585 0.997968843652767 0.0 177.697
0.02675896 0.9978438312387595 0.0 177.885
0.02675843 0.997824338022179 0.0 178.067
0.02675846 0.997865603225305 0.0 178.247
0.02675887 0.9978646961226316 0.0 178.433
0.02675903 0.997885007892579 0.0 178.612
0.02675802 0.9980724598060619 0.0 178.792
0.02675842 0.9982764242743598 0.0 178.975
0.02675878 0.9983996220993443 0.0 179.157
0.02675845 0.9982970236609678 0.0 179.339
0.02675871 0.9980915986770835 0.0 179.52
0.02675901 0.9979677151891494 0.0 179.702
0.02675934 0.9979669850081684 0.0 179.883
0.02675897 0.9979884694595436 0.0 180.063
0.02675889 0.9978646518737633 0.0 180.241
0.02675901 0.9977628658262663 0.0 180.42
0.02675863 0.9976818183197195 0.0 180.601
0.02675876 0.9975368703425946 0.0 180.783
0.02675856 0.9973934271768183 0.0 180.962
0.02675903 0.9971255411836637 0.0 181.147
0.02675827 0.9970032266238084 0.0 181.331
0.02675903 0.9971255411836637 0.0 181.515
0.02675834 0.99733372456472 0.0 181.697
0.02675929 0.9974323693894744 0.0 181.877
0.02675935 0.9974322367005164 0.0 182.058
0.02675873 0.9973535279451379 0.0 182.24
0.02675871 0.9973941287556762 0.0 182.421
0.02675915 0.9974326789971807 0.0 182.604
0.02675871 0.9973122406204591 0.0 182.784
0.02675899 0.9971669611410672 0.0 182.97
0.02675843 0.9970235387263817 0.0 183.151
0.02675868 0.9970229860815144 0.0 183.334
0.02675866 0.9972090222927421 0.0 183.516
0.02675875 0.9972501548508409 0.0 183.694
0.02675875 0.9972914863980736 0.0 183.875
0.02675877 0.9974136285556995 0.0 184.057
0.0267586 0.997599221558944 0.0 184.238
0.02675846 0.9976201970058196 0.0 184.42
0.02675867 0.9977230613927218 0.0 184.6
0.02675915 0.9977426653265075 0.0 184.783
0.02675894 0.9977630206814853 0.0 184.963
0.02675909 0.9979055409013673 0.0 185.145
0.0267589 0.9981728079958908 0.0 185.326
0.02675857 0.9984620843074525 0.0 185.505
0.02675892 0.9986033866287817 0.0 185.687
0.02675901 0.9985636640922656 0.0 185.865
0.02675839 0.998483148576237 0.0 186.044
0.02675882 0.9983375362429252 0.0 186.225
0.02675847 0.9982143162471037 0.0 186.407
0.02675915 0.9981714797487429 0.0 186.59
0.0267589 0.998234030329868 0.0 186.77
0.02675903 0.9983164056490037 0.0 186.95
0.02675874 0.9984617079667756 0.0 187.13
0.02675909 0.9986443417512126 0.0 187.312
0.02675906 0.9988097342516469 0.0 187.493
0.0267585 0.9988109743944207 0.0 187.674
0.02675855 0.9987075347533606 0.0 187.855
0.02675879 0.9985228196273039 0.0 188.035
0.02675853 0.9984001755071513 0.0 188.218
0.02675872 0.9985436403755362 0.0 188.403
0.02675864 0.99862467235053 0.0 188.585
0.026759 0.9985833187062452 0.0 188.766
0.02675858 0.9985447252953806 0.0 188.945
0.02675893 0.9985439504125361 0.0 189.128
0.02675894 0.998543928273044 0.0 189.311
0.02675903 0.9984610659745112 0.0 189.488
0.02675844 0.99829704579501 0.0 189.671
0.02675858 0.9983174016999181 0.0 189.854
0.02675918 0.9986035859338004 0.0 190.036
0.02675882 0.9988722630522565 0.0 190.219
0.02675856 0.9990355819045856 0.0 190.399
0.02675885 0.9991589341572805 0.0 190.582
0.02675895 0.9991587126260111 0.0 190.762
0.02675917 0.9990962279944474 0.0 190.944
0.02675894 0.9988918880897257 0.0 191.125
0.02675887 0.9986448288690846 0.0 191.307
0.0267586 0.9987280898181707 0.0 191.592
0.02675874 0.9989129968081281 0.0 191.769
0.02675861 0.9990354711525421 0.0 191.937
0.02675861 0.998994914559231 0.0 192.104
0.02675899 0.9987685577440859 0.0 192.277
0.02675924 0.9986853411279923 0.0 192.459
0.02675903 0.9986858061230679 0.0 192.64
0.02675925 0.9986026559825546 0.0 192.82
0.02675914 0.9987062283099115 0.0 193.004
0.02675888 0.9988927959392703 0.0 193.184
0.0267589 0.9989736064571964 0.0 193.365
0.02675914 0.9991582917168694 0.0 193.544
0.02675882 0.9994044066402868 0.0 193.725
0.02675943 0.9994650521963615 0.0 193.908
0.02675908 0.999260978462043 0.0 194.092
0.02675894 0.9990967374844019 0.0 194.277
0.02675908 0.9990344300845325 0.0 194.456
0.02675887 0.999055561010429 0.0 194.635
0.0267589 0.9991588233916336 0.0 194.814
0.0267584 0.9992425942078226 0.0 194.997
0.02675932 0.9992612216986633 0.0 195.178
0.02675861 0.9990974684926353 0.0 195.36
0.0267592 0.998992832774287 0.0 195.541
0.02675895 0.9989727207459397 0.0 195.723
0.02675947 0.9989922347399831 0.0 195.905
0.02675935 0.9992603802670579 0.0 196.088
0.02675941 0.9995064280028954 0.0 196.271
0.02675956 0.9995887585368818 0.0 196.451
0.02675919 0.9996309100616632 0.0 196.633
0.02675917 0.9996516201431965 0.0 196.814
0.02675905 0.9995898888321346 0.0 196.996
0.02675926 0.9994447631643946 0.0 197.177
0.02675849 0.9993232496986665 0.0 197.357
0.02675967 0.9992604462610811 0.0 197.54
0.02675969 0.9991984047587609 0.0 197.72
0.02675875 0.999343339396004 0.0 197.899
0.02675956 0.9994234326448623 0.0 198.079
0.02675919 0.9993829210201952 0.0 198.255
0.02675921 0.9994035424565737 0.0 198.434
0.02675923 0.9994448296427461 0.0 198.618
0.02675982 0.9995261851351448 0.0 198.799
0.02675945 0.9995270051012101 0.0 198.981
0.02675901 0.9995279801977413 0.0 199.164
0.02675889 0.9994662488318844 0.0 199.344
0.02675894 0.9994661380321787 0.0 199.524
0.02675922 0.9993422980074963 0.0 199.707
0.02675942 0.9991163399445253 0.0 199.887
0.02675932 0.9990338984761727 0.0 200.069
0.02675921 0.9991374708926306 0.0 200.252
0.02675946 0.9992601365581953 0.0 200.435
0.026759 0.9994453393104025 0.0 200.619
0.02675902 0.9994039634689652 0.0 200.799
0.0267587 0.9993426752155466 0.0 200.981
0.02675899 0.9991792897761504 0.0 201.163
0.02675886 0.9989540625731383 0.0 201.343
0.02675948 0.9989121328474273 0.0 201.519
0.02675906 0.9991378031823158 0.0 201.702
0.02675902 0.9992817771556043 0.0 202.093
0.02675919 0.9993622552667395 0.0 202.272
0.0267586 0.9995288888121303 0.0 202.452
0.02675903 0.9996312646790645 0.0 202.633
0.0267592 0.9995482248860941 0.0 202.814
0.02675905 0.9995692230722641 0.0 202.995
0.02675937 0.9995891796269711 0.0 203.177
0.02675892 0.9995901769470199 0.0 203.358
0.02675938 0.9995064944853264 0.0 203.541
0.02675884 0.9994250280926297 0.0 203.725
0.02675909 0.9994451398751707 0.0 203.904
0.02675919 0.9996515758151188 0.0 204.087
0.02675966 0.9996918655702636 0.0 204.268
0.02675856 0.9994669801105589 0.0 204.45
0.02675908 0.999199756152499 0.0 204.631
0.02675881 0.9990556939154802 0.0 204.814
0.02675923 0.9992193146281615 0.0 204.994
0.02675924 0.9994654732344593 0.0 205.176
0.02675886 0.999507646848872 0.0 205.357
0.02675834 0.999735347964286 0.0 205.54
0.02675933 1.0 0.0 205.72
0.02675886 0.9999183789993231 0.0 205.903
0.02675931 0.9997125321250582 0.0 206.087
0.02675865 0.999590775340004 0.0 206.269
0.02675885 0.9995903320858726 0.0 206.449
