X_channel Y_channel II_channel timestamp
0.01380568 0.9809516324716214 0.0 0.0
0.01380765 0.9809319848516851 0.0 0.18
0.01380894 0.9809901909257468 0.0 0.366
0.01381114 0.9810277669988752 0.0 0.547
0.01381181 0.9810088561646864 0.0 0.729
0.01381333 0.9809516324716214 0.0 0.91
0.01381488 0.9808140991320664 0.0 1.09
0.0138154 0.9807551562722572 0.0 1.272
0.01381618 0.98079445151213 0.0 1.449
0.01381695 0.98079445151213 0.0 1.632
0.01381794 0.9807355086523207 0.0 1.816
0.01381897 0.9806765657925114 0.0 1.998
0.01381961 0.98079445151213 0.0 2.178
0.01382078 0.9809516324716214 0.0 2.357
0.01382124 0.980971280091558 0.0 2.538
0.01382318 0.9809319848516851 0.0 2.72
0.01383798 0.9809901909257468 0.0 2.9
0.01384378 0.9810670622387482 0.0 3.082
0.01386594 0.9812635384381124 0.0 3.264
0.01387279 0.9813814241577311 0.0 3.443
0.01389389 0.9814772063049213 0.0 3.624
0.01390367 0.98159509202454 0.0 3.807
0.0139197 0.9815754444046034 0.0 3.987
0.01393535 0.9815165015447942 0.0 4.169
0.01394878 0.98140033499192 0.0 4.358
0.01396691 0.9814575586849847 0.0 4.539
0.01397534 0.9814968539248577 0.0 4.72
0.01399811 0.9814968539248577 0.0 4.899
0.01400379 0.98140033499192 0.0 5.078
0.01402753 0.98140033499192 0.0 5.258
0.01403481 0.981555796784667 0.0 5.439
0.01405556 0.9817702014372234 0.0 5.621
0.01406672 0.9819266456109674 0.0 5.803
0.01408303 0.982044531330586 0.0 5.988
0.01409807 0.9820838265704589 0.0 6.17
0.01410738 0.9820641789505224 0.0 6.351
0.01412939 0.9820248837106496 0.0 6.531
0.01413768 0.9819266456109674 0.0 6.714
0.01416084 0.9819266456109674 0.0 6.894
0.01416618 0.982044531330586 0.0 7.076
0.01419067 0.9821992563375855 0.0 7.257
0.01419774 0.982179608717649 0.0 7.439
0.01421809 0.9820052360907131 0.0 7.62
0.01422976 0.9817702014372234 0.0 7.802
0.0142452 0.9815754444046034 0.0 7.983
0.01426111 0.9814968539248577 0.0 8.159
0.01427361 0.98159509202454 0.0 8.342
0.01429356 0.9818480551312215 0.0 8.522
0.01430086 0.9819266456109674 0.0 8.704
0.01432372 0.9819462932309038 0.0 8.885
0.01432932 0.9817702014372234 0.0 9.067
0.01435251 0.9815165015447942 0.0 9.248
0.01436127 0.9813421289178582 0.0 9.428
0.01437978 0.9813806873719836 0.0 9.609
0.01439299 0.9815754444046034 0.0 9.789
0.01440495 0.9816736825042857 0.0 9.973
0.01442417 0.9816736825042857 0.0 10.154
0.01443347 0.9816343872644128 0.0 10.334
0.01445527 0.9816147396444764 0.0 10.513
0.01446237 0.9816343872644128 0.0 10.698
0.0144862 0.9816147396444764 0.0 10.88
0.01449238 0.9817122409584109 0.0 11.061
0.01451597 0.9819462932309038 0.0 11.243
0.01452386 0.9821992563375855 0.0 11.424
0.01454209 0.982317142057204 0.0 11.607
0.01455571 0.9824539386110116 0.0 11.791
0.01457069 0.9826290480236951 0.0 11.974
0.01458764 0.9827076385034408 0.0 12.153
0.01459887 0.9826094004037585 0.0 12.334
0.01461905 0.9823957325369499 0.0 12.513
0.01462402 0.9823760849170134 0.0 12.693
0.01464769 0.9824546753967592 0.0 12.872
0.01465488 0.982668343263568 0.0 13.053
0.01467806 0.9827862289831866 0.0 13.232
0.01468725 0.9828255242230595 0.0 13.414
0.01470115 0.9827076385034408 0.0 13.595
0.01471825 0.9826486956436316 0.0 13.778
0.01473259 0.9826094004037585 0.0 13.958
0.01475075 0.9825504575439493 0.0 14.144
0.0147607 0.9826290480236951 0.0 14.325
0.01478186 0.982668343263568 0.0 14.506
0.01478902 0.9827076385034408 0.0 14.687
0.01481186 0.9828640826771847 0.0 14.87
0.0148185 0.9830195444699318 0.0 15.051
0.01484173 0.9830195444699318 0.0 15.235
0.01485057 0.9830195444699318 0.0 15.418
0.01486856 0.9831374301895505 0.0 15.598
0.01488199 0.9832725075766136 0.0 15.781
0.01489502 0.9833707456762958 0.0 15.959
0.01491329 0.9833314504364228 0.0 16.139
0.01491992 0.9832528599566771 0.0 16.318
0.01494304 0.9832152838835486 0.0 16.499
0.01495017 0.9832339491224882 0.0 16.68
0.0149747 0.9832725075766136 0.0 16.861
0.01498145 0.9832339491224882 0.0 17.041
0.01500306 0.9832152838835486 0.0 17.222
0.01501286 0.9833510980563592 0.0 17.402
0.01502923 0.9836057803297854 0.0 17.583
0.01504424 0.9838201849823418 0.0 17.767
0.01505611 0.9839577183218968 0.0 17.946
0.01507584 0.9839577183218968 0.0 18.129
0.01508387 0.9839766291560856 0.0 18.313
0.01510689 0.9840338528491506 0.0 18.493
0.01511315 0.9840149420149616 0.0 18.673
0.01513628 0.9840927957089598 0.0 18.854
0.01514382 0.9840927957089598 0.0 19.032
0.01516362 0.9839766291560856 0.0 19.215
0.01517582 0.9839577183218968 0.0 19.399
0.01519192 0.9839577183218968 0.0 19.581
0.01520753 0.9839766291560856 0.0 19.766
0.01521686 0.984053500469087 0.0 19.949
0.01523869 0.9841517385687691 0.0 20.129
0.01524645 0.9842892719083243 0.0 20.309
0.01526921 0.9843089195282607 0.0 20.491
0.0152753 0.9843278303624495 0.0 20.672
0.01529884 0.9843850540555144 0.0 20.851
0.01530667 0.9844243492953874 0.0 21.031
0.01532519 0.9844439969153237 0.0 21.21
0.01533778 0.9844243492953874 0.0 21.393
0.0153532 0.9845422350150059 0.0 21.58
0.01536981 0.9847566396675622 0.0 21.759
0.01537985 0.9847183268086862 0.0 21.937
0.01540088 0.9845422350150059 0.0 22.12
0.01540814 0.9844832921551966 0.0 22.303
0.01543221 0.9845815302548788 0.0 22.484
0.01543739 0.9846797683545611 0.0 22.662
0.01546046 0.9847566396675622 0.0 22.843
0.01546901 0.9847190635944338 0.0 23.026
0.01548903 0.9847566396675622 0.0 23.21
0.01550093 0.9847755505017511 0.0 23.389
0.01551533 0.9847951981216876 0.0 23.569
0.01553247 0.9849130838413062 0.0 23.749
0.01554183 0.9849130838413062 0.0 23.931
0.01556401 0.9848737886014334 0.0 24.112
0.01557061 0.9847183268086862 0.0 24.294
0.01559432 0.9846011778748153 0.0 24.475
0.01560037 0.9846011778748153 0.0 24.657
0.0156243 0.9847183268086862 0.0 24.842
0.01563233 0.9848344933615604 0.0 25.024
0.01565021 0.984952379081179 0.0 25.208
0.01566397 0.9850309695609248 0.0 25.388
0.01567825 0.9851856945679244 0.0 25.568
0.01569519 0.9851856945679244 0.0 25.754
0.01570518 0.9852053421878608 0.0 25.934
0.01572694 0.9852446374277336 0.0 26.113
0.01573307 0.985147136113799 0.0 26.296
0.01575766 0.9850113219409884 0.0 26.48
0.0157632 0.984952379081179 0.0 26.661
0.01578613 0.9850113219409884 0.0 26.841
0.01579489 0.9851274884938627 0.0 27.023
0.01581255 0.9852839326676066 0.0 27.203
0.01582677 0.9853821707672887 0.0 27.382
0.01583903 0.9854214660071616 0.0 27.565
0.01585785 0.985303580287543 0.0 27.745
0.01586718 0.9851856945679244 0.0 27.926
0.01588907 0.9852839326676066 0.0 28.106
0.01589515 0.9853428755274158 0.0 28.287
0.01591901 0.9853428755274158 0.0 28.466
0.01592601 0.9850695280150502 0.0 28.646
0.01594541 0.984814845741624 0.0 28.825
0.01595728 0.9847566396675622 0.0 29.008
0.01597292 0.9847190635944338 0.0 29.186
0.0159891 0.9847190635944338 0.0 29.368
0.01600046 0.9847190635944338 0.0 29.551
0.01602026 0.984814845741624 0.0 29.727
0.01602825 0.9849916743210521 0.0 29.911
0.01605115 0.985147136113799 0.0 30.093
0.01605758 0.9852446374277336 0.0 30.274
0.01608087 0.9853625231473523 0.0 30.454
0.01608896 0.9855958386340975 0.0 30.633
0.01610762 0.9857333719736526 0.0 30.815
0.01612008 0.9856547814939068 0.0 30.999
0.01613363 0.9854786897002265 0.0 31.178
0.01615057 0.9854214660071616 0.0 31.359
0.01616327 0.9855368957742882 0.0 31.54
0.01618263 0.9855761910141612 0.0 31.719
0.01618762 0.9854010816014775 0.0 31.903
0.01621118 0.9852839326676066 0.0 32.08
0.01621938 0.9853232279074794 0.0 32.264
0.01624352 0.9855179849400995 0.0 32.447
0.01626638 0.9856547814939068 0.0 32.777
0.01628186 0.9856351338739704 0.0 32.958
0.01629294 0.9857726672135254 0.0 33.138
0.01631304 0.9858119624533983 0.0 33.319
0.0163211 0.9857137243537162 0.0 33.5
0.01634399 0.9856547814939068 0.0 33.677
0.0163497 0.9853617863616048 0.0 33.858
0.01637277 0.9851856945679244 0.0 34.04
0.01638177 0.9853428755274158 0.0 34.223
0.01640026 0.98545904208029 0.0 34.403
0.01641301 0.9855761910141612 0.0 34.586
0.01642512 0.9856940767337796 0.0 34.769
0.01644409 0.9856547814939068 0.0 34.952
0.01645496 0.9857726672135254 0.0 35.133
0.01647582 0.9858888337663997 0.0 35.313
0.01648318 0.9859470398404614 0.0 35.495
0.01650701 0.9859666874603978 0.0 35.676
0.01651258 0.9858888337663997 0.0 35.858
0.01653499 0.9857333719736526 0.0 36.039
0.01654398 0.9857137243537162 0.0 36.221
0.01656236 0.9857333719736526 0.0 36.401
0.01657578 0.9858316100733349 0.0 36.585
0.01658897 0.9857726672135254 0.0 36.762
0.01660681 0.9858308732875872 0.0 36.945
0.01661697 0.9860256303202072 0.0 37.127
0.01663754 0.9861042207999529 0.0 37.308
0.01664366 0.9861828112796986 0.0 37.487
0.01666785 0.9861435160398259 0.0 37.667
0.0166749 0.9862982410468252 0.0 37.847
0.01669655 0.9864161267664439 0.0 38.029
0.01670653 0.9864161267664439 0.0 38.21
0.0167204 0.9862589458069524 0.0 38.391
0.01673658 0.9861042207999529 0.0 38.573
0.01675082 0.98587016852746 0.0 38.759
0.0167694 0.9858505209075236 0.0 38.94
0.01677791 0.9860256303202072 0.0 39.12
0.01679999 0.9861631636597622 0.0 39.298
0.01680551 0.986239298187016 0.0 39.475
0.01683836 0.9864161267664439 0.0 39.879
0.01686237 0.9864554220063168 0.0 40.057
0.01686968 0.9863964791465074 0.0 40.238
0.0168892 0.9862982410468252 0.0 40.418
0.01690037 0.9863964791465074 0.0 40.599
0.01691618 0.9864554220063168 0.0 40.779
0.01693197 0.9864357743863804 0.0 40.961
0.0169427 0.9865143648661261 0.0 41.142
0.01696324 0.9866690898731255 0.0 41.325
0.01697136 0.9868262708326171 0.0 41.508
0.01699469 0.9867476803528713 0.0 41.689
0.01699962 0.986493980460442 0.0 41.872
0.01702078 0.9864161267664439 0.0 42.054
0.01703064 0.9864947172461896 0.0 42.237
0.01705115 0.9864947172461896 0.0 42.419
0.0170627 0.9864161267664439 0.0 42.602
0.01707846 0.986376831526571 0.0 42.784
0.01709467 0.986220387352827 0.0 42.969
0.01710589 0.986220387352827 0.0 43.152
0.01712561 0.9863964791465074 0.0 43.334
0.01713389 0.9865143648661261 0.0 43.516
0.01715674 0.9866494422531892 0.0 43.702
0.01716396 0.9867673279728078 0.0 43.883
0.01718735 0.9868262708326171 0.0 44.066
0.01719365 0.9867869755927442 0.0 44.244
0.0172141 0.9868262708326171 0.0 44.426
0.01722494 0.9868262708326171 0.0 44.605
0.01724011 0.9868262708326171 0.0 44.787
0.01725617 0.98686556607249 0.0 44.968
0.01726803 0.9869417005997437 0.0 45.148
0.01728834 0.9870202910794894 0.0 45.332
0.0172939 0.9871185291791716 0.0 45.514
0.01731763 0.987177472038981 0.0 45.696
0.01732569 0.9871578244190444 0.0 45.879
0.0173497 0.987000643459553 0.0 46.059
0.01735584 0.9869613482196801 0.0 46.245
0.01737661 0.987138176799108 0.0 46.428
0.01738677 0.9874697303855354 0.0 46.612
0.01740466 0.98776198873209 0.0 46.793
0.01741893 0.9879191696915816 0.0 46.972
0.01743034 0.9878798744517087 0.0 47.154
0.01744957 0.9878405792118358 0.0 47.336
0.0174598 0.98776198873209 0.0 47.522
0.01748155 0.98776198873209 0.0 47.703
0.01748834 0.9877030458722807 0.0 47.885
0.01751283 0.9877423411121535 0.0 48.073
0.01751852 0.9877226934922171 0.0 48.252
0.01753834 0.9876465589649635 0.0 48.433
0.01754969 0.9875286732453448 0.0 48.615
0.01756791 0.9874697303855354 0.0 48.795
0.01758182 0.9875483208652812 0.0 48.976
0.01758988 0.987489378005472 0.0 49.155
0.01761139 0.9874697303855354 0.0 49.335
0.01762223 0.9874697303855354 0.0 49.518
0.01764334 0.9875090256254084 0.0 49.702
0.01765077 0.9876072637250906 0.0 49.883
0.017674 0.987626911345027 0.0 50.065
0.01768016 0.9875679684852177 0.0 50.247
0.01770177 0.987626911345027 0.0 50.424
0.01771214 0.9876465589649635 0.0 50.606
0.01772827 0.9876465589649635 0.0 50.787
0.0177426 0.9875876161051541 0.0 50.967
0.01775518 0.9875876161051541 0.0 51.15
0.01777386 0.9876458221792158 0.0 51.33
0.01778296 0.98776198873209 0.0 51.513
0.01780517 0.98776198873209 0.0 51.696
0.0178103 0.98776198873209 0.0 51.875
0.01783289 0.98776198873209 0.0 52.055
0.01784175 0.9878209315918993 0.0 52.239
0.01786271 0.9879584649314544 0.0 52.422
0.0178735 0.9879977601713272 0.0 52.603
0.01788963 0.9879191696915816 0.0 52.787
0.01790454 0.9878798744517087 0.0 52.966
0.0179162 0.9877037826580283 0.0 53.146
0.01793628 0.9876072637250906 0.0 53.329
0.01794393 0.9878798744517087 0.0 53.509
0.0179666 0.9880942791042651 0.0 53.691
0.01797241 0.9881721327982632 0.0 53.872
0.0179962 0.9881917804181997 0.0 54.055
0.01800305 0.9882703708979454 0.0 54.237
0.0180239 0.9882900185178818 0.0 54.418
0.01803523 0.9882900185178818 0.0 54.6
0.01805057 0.9882900185178818 0.0 54.779
0.01806597 0.9882310756580726 0.0 54.961
0.01807828 0.9881131899384539 0.0 55.144
0.01809768 0.9882310756580726 0.0 55.325
0.01810619 0.9884268150716894 0.0 55.506
0.01812888 0.9886412197242457 0.0 55.69
0.01813414 0.9888155923511815 0.0 55.873
0.01815751 0.9888155923511815 0.0 56.057
0.01816548 0.9887770338970564 0.0 56.238
0.0181867 0.9885822768644363 0.0 56.426
0.01819686 0.9884643911448178 0.0 56.609
0.01821428 0.9885233340046271 0.0 56.792
0.01822871 0.9887387210381803 0.0 56.979
0.01824115 0.9887966815169928 0.0 57.162
0.01825972 0.9887591054438643 0.0 57.344
0.01826958 0.9887780162780532 0.0 57.529
0.01829138 0.9888155923511815 0.0 57.71
0.01829742 0.9888155923511815 0.0 57.89
0.01832135 0.9887198102039915 0.0 58.072
0.01832689 0.9885822768644363 0.0 58.251
0.01834882 0.9883489613776912 0.0 58.434
0.01835856 0.9882900185178818 0.0 58.616
0.01837631 0.988388256617564 0.0 58.799
0.01838985 0.9885626292445 0.0 58.982
0.01840468 0.9885822768644363 0.0 59.165
0.01842146 0.9886019244843728 0.0 59.35
0.01843054 0.9886412197242457 0.0 59.532
0.01845275 0.988700162584055 0.0 59.713
0.01845939 0.9887583686581167 0.0 59.893
0.01848305 0.9888548875910546 0.0 60.075
0.01848869 0.9888352399711181 0.0 60.256
0.01851158 0.9889727733106731 0.0 60.438
0.01852039 0.9890317161704825 0.0 60.617
0.01853633 0.9891675303432931 0.0 60.797
0.01855131 0.9892650316572277 0.0 60.979
0.01856527 0.9892846792771641 0.0 61.162
0.01858266 0.989323974517037 0.0 61.345
0.01859045 0.989206825583166 0.0 61.529
0.01861247 0.989012068550546 0.0 61.712
0.01862022 0.9889727733106731 0.0 61.898
0.01864311 0.9889727733106731 0.0 62.079
0.01865024 0.9889531256907368 0.0 62.265
0.01867298 0.989012068550546 0.0 62.449
0.01868147 0.9890513637904188 0.0 62.63
0.01869976 0.9890513637904188 0.0 62.814
0.01871267 0.9890513637904188 0.0 62.995
0.01872691 0.9890906590302918 0.0 63.177
0.01874352 0.9891103066502283 0.0 63.36
0.01875562 0.9889727733106731 0.0 63.54
0.01877567 0.9888155923511815 0.0 63.724
0.01878222 0.9889727733106731 0.0 63.908
0.01880544 0.989129217484417 0.0 64.087
0.01881119 0.989129217484417 0.0 64.267
0.01883363 0.9890710114103552 0.0 64.45
0.01884212 0.9888941828309273 0.0 64.63
0.01886099 0.9887583686581167 0.0 64.813
0.01887407 0.9887780162780532 0.0 64.993
0.01888507 0.9888745352109909 0.0 65.176
0.01890434 0.9891675303432931 0.0 65.359
0.01891632 0.9895197139306537 0.0 65.541
0.01893653 0.9897341185832101 0.0 65.723
0.01894379 0.9896948233433374 0.0 65.907
0.01896672 0.9895197139306537 0.0 66.09
0.01897299 0.9893436221369735 0.0 66.27
0.01899706 0.9893829173768464 0.0 66.452
0.01900367 0.989635880483528 0.0 66.633
0.01902229 0.9897930614430195 0.0 66.816
0.0190349 0.9899870816898918 0.0 67.0
0.01904994 0.9902604292022575 0.0 67.182
0.01906624 0.9903382828962557 0.0 67.363
0.01907787 0.990280076822194 0.0 67.546
0.01909738 0.990222853129129 0.0 67.728
0.01910386 0.9901639102693198 0.0 67.911
0.01912794 0.9899870816898918 0.0 68.096
0.0191346 0.9899477864500189 0.0 68.278
0.01915831 0.9900460245497011 0.0 68.458
0.01916515 0.9901049674095105 0.0 68.645
0.01918305 0.9901639102693198 0.0 68.828
0.01919902 0.9900460245497011 0.0 69.009
0.01920829 0.9898709151370176 0.0 69.192
0.0192369 0.989635880483528 0.0 69.525
0.01924937 0.9896555281034644 0.0 69.708
0.01926227 0.9897537662031466 0.0 69.89
0.01927271 0.989812709062956 0.0 70.073
0.01928126 0.989812709062956 0.0 70.257
0.01928877 0.989812709062956 0.0 70.435
0.01929425 0.9899485232357667 0.0 70.616
0.01929949 0.9902604292022575 0.0 70.798
0.01934648 0.9903382828962557 0.0 70.983
0.01937148 0.9903382828962557 0.0 71.167
0.01938585 0.9902221163433815 0.0 71.344
0.01940496 0.9901049674095105 0.0 71.526
0.01941373 0.9901835578892563 0.0 71.707
0.01943625 0.990241763963318 0.0 71.893
0.01944205 0.9904168733760014 0.0 72.07
0.01946565 0.9904561686158744 0.0 72.252
0.01947316 0.9904561686158744 0.0 72.431
0.01949327 0.9905937019554294 0.0 72.615
0.01950447 0.9907287793424924 0.0 72.796
0.01952032 0.9907680745823654 0.0 72.977
0.01953539 0.9908270174421746 0.0 73.155
0.01954633 0.9909252555418568 0.0 73.335
0.01956685 0.9910406853089835 0.0 73.517
0.01957524 0.9909645507817297 0.0 73.698
0.01959801 0.9908073698222382 0.0 73.88
0.01960367 0.9906519080294912 0.0 74.066
0.01962474 0.9906902208883672 0.0 74.245
0.01963461 0.9907484269624289 0.0 74.423
0.01965345 0.9908073698222382 0.0 74.604
0.01966618 0.9911200125744768 0.0 74.786
0.01968048 0.991509772234966 0.0 74.967
0.01969717 0.9917831197473317 0.0 75.147
0.01970689 0.991959211541012 0.0 75.329
0.01972761 0.9919788591609484 0.0 75.51
0.01973474 0.9919788591609484 0.0 75.691
0.01975845 0.9919788591609484 0.0 75.873
0.01976401 0.9919788591609484 0.0 76.056
0.01978618 0.9920181544008213 0.0 76.239
0.01979574 0.9920770972606306 0.0 76.419
0.01981064 0.9920574496406942 0.0 76.601
0.01982488 0.9918806210612662 0.0 76.78
0.01983873 0.9918020305815205 0.0 76.96
0.01985393 0.9918020305815205 0.0 77.142
0.01986788 0.9918020305815205 0.0 77.322
0.01989889 0.991959211541012 0.0 77.728
0.0199145 0.9920181544008213 0.0 77.908
0.01992956 0.9920181544008213 0.0 78.089
0.01994434 0.991959211541012 0.0 78.275
0.01995801 0.9918806210612662 0.0 78.456
0.01997336 0.9919002686812027 0.0 78.635
0.01998758 0.9919788591609484 0.0 78.815
0.02000249 0.9919788591609484 0.0 78.998
0.02001625 0.9919002686812027 0.0 79.178
0.02003099 0.991821678201457 0.0 79.36
0.02004539 0.9918609734413297 0.0 79.541
0.02005944 0.9919395639210756 0.0 79.721
0.02007385 0.9918806210612662 0.0 79.903
0.02008836 0.9919985067808849 0.0 80.084
0.02010288 0.9921156557147559 0.0 80.263
0.02011799 0.9922121746476937 0.0 80.443
0.02013209 0.9922121746476937 0.0 80.625
0.0201465 0.9922121746476937 0.0 80.811
0.02016123 0.9921925270277572 0.0 80.991
0.02017427 0.9921532317878844 0.0 81.172
0.02018826 0.9922318222676302 0.0 81.35
0.02020395 0.9923104127473759 0.0 81.533
0.0202186 0.992153968573632 0.0 81.717
0.02023364 0.9919395639210756 0.0 81.898
0.02024804 0.9918413258213934 0.0 82.081
0.02026258 0.9918609734413297 0.0 82.262
0.02027681 0.9919199163011392 0.0 82.442
0.02029171 0.9918806210612662 0.0 82.623
0.02030586 0.9919985067808849 0.0 82.806
0.02032023 0.9921925270277572 0.0 82.988
0.02033585 0.992076360474883 0.0 83.171
0.02035097 0.9918806210612662 0.0 83.353
0.02036458 0.9918806210612662 0.0 83.539
0.02037906 0.9920378020207578 0.0 83.72
0.02039292 0.9921728794078207 0.0 83.903
0.0204072 0.9920967448805671 0.0 84.085
0.02042151 0.9921156557147559 0.0 84.266
0.02043658 0.9921343209536956 0.0 84.449
0.02045179 0.9920574496406942 0.0 84.63
0.02046598 0.9920574496406942 0.0 84.813
0.02047884 0.9920967448805671 0.0 84.993
0.02049437 0.9921728794078207 0.0 85.175
0.02050888 0.9921925270277572 0.0 85.356
0.02052339 0.9923104127473759 0.0 85.539
0.02053827 0.9924086508470581 0.0 85.721
0.02055231 0.9925044329942482 0.0 85.901
0.02056658 0.9923890032271216 0.0 86.078
0.02058073 0.9921925270277572 0.0 86.254
0.0205952 0.9921343209536956 0.0 86.436
0.02060938 0.9920378020207578 0.0 86.617
0.02062396 0.9918609734413297 0.0 86.797
0.02063853 0.991821678201457 0.0 86.977
0.02065167 0.9919985067808849 0.0 87.16
0.02066764 0.9922318222676302 0.0 87.341
0.02068199 0.9923890032271216 0.0 87.523
0.02069615 0.9924479460869309 0.0 87.702
0.02070998 0.9923890032271216 0.0 87.885
0.02072463 0.9923890032271216 0.0 88.068
0.02073916 0.9923300603673124 0.0 88.249
0.02075453 0.9922514698875665 0.0 88.429
0.02076723 0.9921925270277572 0.0 88.612
0.02078278 0.9920378020207578 0.0 88.791
0.02079761 0.9921156557147559 0.0 88.976
0.02081184 0.9922514698875665 0.0 89.155
0.0208267 0.992153968573632 0.0 89.337
0.02084122 0.992153968573632 0.0 89.518
0.02085544 0.992271117507503 0.0 89.698
0.0208647 0.9922514698875665 0.0 89.88
0.02088497 0.9921925270277572 0.0 90.059
0.02089269 0.9919788591609484 0.0 90.243
0.02091399 0.9917448068884556 0.0 90.423
0.02092325 0.9916276579545846 0.0 90.603
0.02093944 0.9916276579545846 0.0 90.782
0.0209544 0.9916473055745211 0.0 90.963
0.02096591 0.9917062484343303 0.0 91.145
0.02098415 0.9916866008143939 0.0 91.326
0.02099246 0.9916276579545846 0.0 91.508
0.02101469 0.9916473055745211 0.0 91.689
0.02102072 0.9917448068884556 0.0 91.872
0.02104376 0.991959211541012 0.0 92.055
0.02105074 0.9917448068884556 0.0 92.238
0.0210709 0.9913729756811585 0.0 92.422
0.02108119 0.9911782186485386 0.0 92.603
0.02109692 0.9910603329289199 0.0 92.785
0.02111169 0.990846665062111 0.0 92.967
0.02112403 0.9904758162358108 0.0 93.145
0.02114252 0.9900460245497011 0.0 93.325
0.02114834 0.9897537662031466 0.0 93.508
0.02117104 0.9896555281034644 0.0 93.687
0.02117748 0.989461507856592 0.0 93.868
0.02120059 0.9893632697569098 0.0 94.05
0.02120861 0.9892060887974183 0.0 94.231
0.02122754 0.9890513637904188 0.0 94.41
0.02123922 0.9888745352109909 0.0 94.594
0.02125344 0.9887780162780532 0.0 94.777
0.02127028 0.9888352399711181 0.0 94.961
0.02128078 0.9888548875910546 0.0 95.143
0.0213007 0.9887583686581167 0.0 95.324
0.02130693 0.9886412197242457 0.0 95.506
0.02132984 0.9885044231704383 0.0 95.683
0.02133546 0.9881335743441378 0.0 95.863
0.02135868 0.9877037826580283 0.0 96.046
0.0213668 0.9872160304931061 0.0 96.229
0.02138469 0.9869041245266151 0.0 96.41
0.02139741 0.9867476803528713 0.0 96.591
0.02141197 0.9868648292867424 0.0 96.776
0.02142797 0.9869613482196801 0.0 96.958
0.02143603 0.9869041245266151 0.0 97.136
0.02145757 0.9868262708326171 0.0 97.318
0.02146464 0.9869227897655548 0.0 97.499
0.0214877 0.987000643459553 0.0 97.68
0.02149322 0.987177472038981 0.0 97.86
0.02151601 0.9873911399057897 0.0 98.044
0.02152415 0.9875679684852177 0.0 98.229
0.02154191 0.9878405792118358 0.0 98.408
0.0215547 0.987938817311518 0.0 98.59
0.02156874 0.9880363186254526 0.0 98.771
0.02158531 0.9883678722118799 0.0 98.952
0.0215945 0.988700162584055 0.0 99.13
0.02161569 0.9889924209306096 0.0 99.31
0.02162207 0.989323974517037 0.0 99.491
0.02164437 0.9895008030964649 0.0 99.669
0.02165122 0.9895204507164015 0.0 99.852
0.02167261 0.9896169696493392 0.0 100.038
0.0216818 0.989812709062956 0.0 100.219
0.02169912 0.9899092279958936 0.0 100.399
0.02171216 0.9900656721696376 0.0 100.589
0.0217233 0.9902997244421304 0.0 100.77
0.02174242 0.9904758162358108 0.0 100.949
0.02175191 0.9906133495753658 0.0 101.133
0.02177312 0.9907287793424924 0.0 101.313
0.0217984 0.9909638139959821 0.0 101.633
0.02180814 0.9912568091282843 0.0 101.816
0.02182647 0.9914704769950932 0.0 101.999
0.02183894 0.9915490674748388 0.0 102.179
0.02185072 0.9915883627147116 0.0 102.359
0.02186866 0.9917258960542669 0.0 102.539
0.0218783 0.9918020305815205 0.0 102.722
0.02189871 0.991821678201457 0.0 102.904
0.02190396 0.9917831197473317 0.0 103.084
0.0219276 0.9919199163011392 0.0 103.267
0.02193404 0.9923104127473759 0.0 103.453
0.02195569 0.9924479460869309 0.0 103.64
0.02196462 0.9924086508470581 0.0 103.823
0.02198241 0.9924855221600594 0.0 104.006
0.02199543 0.9926419663338033 0.0 104.189
0.02200522 0.9928180581274836 0.0 104.366
0.02202536 0.9929342246803577 0.0 104.549
0.02203703 0.992759852053422 0.0 104.733
0.02205611 0.9925633758540575 0.0 104.916
0.02206354 0.9924472093011834 0.0 105.099
0.02208564 0.9923890032271216 0.0 105.282
0.02209172 0.992583023473994 0.0 105.463
0.02211428 0.9928573533673566 0.0 105.643
0.02212263 0.9930914056398494 0.0 105.826
0.022141 0.993209291359468 0.0 106.006
0.02215277 0.9933050735066582 0.0 106.188
0.02216702 0.9933640163664674 0.0 106.369
0.02218245 0.9933050735066582 0.0 106.548
0.0221943 0.9931307008797222 0.0 106.736
0.02221331 0.9931110532597858 0.0 106.919
0.02221923 0.9932665150525328 0.0 107.099
0.02224124 0.993383663986404 0.0 107.279
0.02224773 0.9933640163664674 0.0 107.458
0.02227066 0.9933247211265945 0.0 107.639
0.02227842 0.993383663986404 0.0 107.821
0.02229773 0.9936759223329584 0.0 108.006
0.02232948 0.9937741604326407 0.0 108.411
0.02234013 0.9937152175728313 0.0 108.592
0.02235406 0.9936366270930855 0.0 108.77
0.02237024 0.9936366270930855 0.0 108.95
0.02238037 0.9937741604326407 0.0 109.132
0.0224002 0.9939306046063846 0.0 109.314
0.02240773 0.9940664187791952 0.0 109.493
0.02242904 0.994145009258941 0.0 109.677
0.02243518 0.9941843044988138 0.0 109.856
0.0224576 0.9941646568788773 0.0 110.037
0.0224658 0.9943407486725577 0.0 110.219
0.02248352 0.9946140961849235 0.0 110.4
0.02249608 0.9946337438048599 0.0 110.582
0.02250759 0.9945551533251141 0.0 110.766
0.02252551 0.9945355057051777 0.0 110.947
0.02253516 0.9944372676054956 0.0 111.125
0.02255575 0.9944372676054956 0.0 111.304
0.02256211 0.9944372676054956 0.0 111.484
0.02258484 0.9944765628453683 0.0 111.666
0.02259112 0.9945355057051777 0.0 111.847
0.02261175 0.9947302627377976 0.0 112.027
0.02262119 0.9947106151178612 0.0 112.209
0.02263815 0.9944183567713066 0.0 112.39
0.02265156 0.9942039521187502 0.0 112.569
0.02266324 0.994145009258941 0.0 112.753
0.02268206 0.994145009258941 0.0 112.935
0.02269041 0.994145009258941 0.0 113.119
0.02271068 0.9942039521187502 0.0 113.299
0.02271659 0.9943790615314338 0.0 113.482
0.02273858 0.9946723022589852 0.0 113.662
0.02274563 0.9950242402510966 0.0 113.842
0.02276645 0.9951396700182231 0.0 114.022
0.02277616 0.9951020939450947 0.0 114.206
0.02278953 0.9950831831109059 0.0 114.388
0.02280551 0.9950831831109059 0.0 114.568
0.02281746 0.9951396700182231 0.0 114.75
0.02283586 0.9952379081179054 0.0 114.931
0.02284517 0.995355793837524 0.0 115.114
0.02286576 0.9954719603903982 0.0 115.295
0.02287175 0.9955301664644599 0.0 115.477
0.02289439 0.9955498140843964 0.0 115.659
0.02290063 0.9954139999115857 0.0 115.841
0.0229216 0.9951600544239072 0.0 116.026
0.02293151 0.994906354531478 0.0 116.209
0.02294657 0.9948474116716687 0.0 116.389
0.02296124 0.9948081164317958 0.0 116.569
0.02297244 0.9947884688118593 0.0 116.748
0.02299057 0.9948081164317958 0.0 116.929
0.02299868 0.9948670592916051 0.0 117.107
0.02301995 0.9948474116716687 0.0 117.291
0.02302581 0.9948474116716687 0.0 117.474
0.02304901 0.994711597498858 0.0 117.658
0.02305573 0.9946919498789216 0.0 117.841
0.02307179 0.9948474116716687 0.0 118.021
0.02308445 0.9949849450112238 0.0 118.201
0.02310024 0.9950831831109059 0.0 118.383
0.023115 0.9950831831109059 0.0 118.563
0.02312651 0.9951789652580961 0.0 118.746
0.02314503 0.9951396700182231 0.0 118.927
0.02315199 0.9951396700182231 0.0 119.106
0.02317375 0.9951986128780326 0.0 119.291
0.02317991 0.995355793837524 0.0 119.476
0.02320248 0.9953164985976511 0.0 119.658
0.02320964 0.9953754414574605 0.0 119.838
0.02322858 0.9953164985976511 0.0 120.024
0.02323968 0.9953164985976511 0.0 120.207
0.02325491 0.9954147366973334 0.0 120.391
0.02326945 0.9953950890773969 0.0 120.576
0.02328072 0.9953754414574605 0.0 120.758
0.02329885 0.9953164985976511 0.0 120.938
0.02330832 0.9953943522916493 0.0 121.128
0.02332946 0.9956480521840786 0.0 121.312
0.02333438 0.9957266426638244 0.0 121.496
0.0233569 0.9956873474239515 0.0 121.681
0.02336392 0.9955694617043328 0.0 121.863
0.02338557 0.9953950890773969 0.0 122.043
0.02339376 0.9953754414574605 0.0 122.226
0.02341108 0.9954719603903982 0.0 122.406
0.02342393 0.9953950890773969 0.0 122.588
0.02343845 0.9954916080103346 0.0 122.769
0.02345322 0.9955498140843964 0.0 122.952
0.0234629 0.9954719603903982 0.0 123.136
0.02348217 0.9954343843172698 0.0 123.318
0.02349075 0.9954343843172698 0.0 123.502
0.0235121 0.9954916080103346 0.0 123.682
0.0235175 0.9956087569442058 0.0 123.866
0.0235402 0.9956087569442058 0.0 124.049
0.02354742 0.9955694617043328 0.0 124.233
0.02356433 0.9954719603903982 0.0 124.416
0.02357662 0.9953361462175876 0.0 124.594
0.02359038 0.995355793837524 0.0 124.776
0.02360616 0.9954147366973334 0.0 124.958
0.02361346 0.9953950890773969 0.0 125.139
0.02363479 0.9954336475315222 0.0 125.32
0.02364406 0.9956480521840786 0.0 125.502
0.02366486 0.9958428092166985 0.0 125.685
0.02367031 0.9959010152907604 0.0 125.869
0.02369184 0.9959599581505696 0.0 126.051
0.02370013 0.9960581962502518 0.0 126.231
0.02371854 0.9960778438701883 0.0 126.412
0.02372913 0.995979605770506 0.0 126.594
0.02374403 0.9959992533904424 0.0 126.775
0.02375966 0.9961949928040592 0.0 126.958
0.02376961 0.9963504545968064 0.0 127.138
0.02378863 0.9965272831762343 0.0 127.318
0.02379634 0.9965272831762343 0.0 127.501
0.02381695 0.9964486926964886 0.0 127.681
0.02382285 0.9965076355562978 0.0 127.863
0.02384363 0.9964486926964886 0.0 128.044
0.02385222 0.9963308069768699 0.0 128.226
0.02387042 0.9963111593569334 0.0 128.407
0.02388138 0.9963111593569334 0.0 128.587
0.02389538 0.9962333056629352 0.0 128.766
0.02391142 0.9962333056629352 0.0 128.946
0.02392014 0.9962718641170606 0.0 129.127
0.02393981 0.9963701022167428 0.0 129.305
0.0239467 0.9964290450765521 0.0 129.491
0.0239685 0.9964093974566156 0.0 129.672
0.02397394 0.9963111593569334 0.0 129.848
0.02399469 0.9963701022167428 0.0 130.03
0.02400414 0.996623802109172 0.0 130.211
0.02402024 0.9968195415227888 0.0 130.392
0.02403332 0.9968195415227888 0.0 130.574
0.02404522 0.9967016558031702 0.0 130.757
0.02406207 0.9966230653234244 0.0 130.937
0.02407132 0.9966230653234244 0.0 131.117
0.02409122 0.9966034177034879 0.0 131.299
0.02409814 0.9966623605632974 0.0 131.48
0.02411918 0.9967016558031702 0.0 131.663
0.02412516 0.9965845068692992 0.0 131.843
0.02414518 0.9965469307961707 0.0 132.025
0.02415479 0.9966034177034879 0.0 132.206
0.02417107 0.9965845068692992 0.0 132.39
0.02418422 0.9964486926964886 0.0 132.573
0.02419698 0.9964290450765521 0.0 132.755
0.02421398 0.9965461940104231 0.0 132.936
0.02422184 0.9965845068692992 0.0 133.117
0.02424246 0.9965272831762343 0.0 133.303
0.02424896 0.9964486926964886 0.0 133.484
0.02426973 0.9963308069768699 0.0 133.663
0.02427585 0.9963701022167428 0.0 133.846
0.0242972 0.9965845068692992 0.0 134.03
0.02430569 0.9965461940104231 0.0 134.211
0.02432053 0.9964290450765521 0.0 134.391
0.02433462 0.9964093974566156 0.0 134.572
0.02434589 0.9963111593569334 0.0 134.753
0.0243641 0.9961760819698704 0.0 134.935
0.02437217 0.9961564343499341 0.0 135.119
0.02439225 0.9962529532828718 0.0 135.301
0.02439778 0.9963701022167428 0.0 135.482
0.02441996 0.9965265463904868 0.0 135.664
0.02442644 0.996780246282916 0.0 135.845
0.02444667 0.9968784843825982 0.0 136.026
0.02445554 0.9969742665297883 0.0 136.209
0.02447138 0.9970332093895976 0.0 136.389
0.02448477 0.9971117998693434 0.0 136.572
0.02449614 0.997092152249407 0.0 136.752
0.02451381 0.9971117998693434 0.0 136.935
0.02452207 0.9969939141497247 0.0 137.119
0.02454196 0.9968588367626616 0.0 137.299
0.02454719 0.9967605986629796 0.0 137.478
0.02456813 0.996780246282916 0.0 137.665
0.02457624 0.996935708075663 0.0 137.844
0.02459598 0.9970725046294705 0.0 138.025
0.02460498 0.9971314474892798 0.0 138.207
0.02462064 0.9971903903490892 0.0 138.388
0.02463444 0.9971510951092162 0.0 138.571
0.02464539 0.9970332093895976 0.0 138.754
0.02466311 0.9968588367626616 0.0 138.934
0.02467109 0.9968588367626616 0.0 139.114
0.02469126 0.9968588367626616 0.0 139.294
0.02469802 0.9968391891427253 0.0 139.476
0.02471948 0.9969750033155359 0.0 139.657
0.02472595 0.9970135617696612 0.0 139.836
0.02474458 0.9970135617696612 0.0 140.016
0.02475443 0.9970135617696612 0.0 140.202
0.02476826 0.9970135617696612 0.0 140.383
0.02478261 0.997092152249407 0.0 140.563
0.02479387 0.9971707427291526 0.0 140.745
0.02481153 0.9972689808288349 0.0 140.926
0.02481677 0.9974433534557708 0.0 141.107
0.02483829 0.9974630010757072 0.0 141.285
0.02484466 0.9974433534557708 0.0 141.465
0.02486592 0.997541591555453 0.0 141.644
0.02487406 0.9975612391753894 0.0 141.827
0.02489113 0.9974433534557708 0.0 142.01
0.02490304 0.9973654997617727 0.0 142.191
0.02491698 0.9972296855889621 0.0 142.372
0.02493204 0.9971117998693434 0.0 142.554
0.02494181 0.9970135617696612 0.0 142.737
0.02496063 0.9971117998693434 0.0 142.921
0.0249681 0.9973075392829601 0.0 143.104
0.02498887 0.9974237058358344 0.0 143.284
0.02499375 0.9974826486956436 0.0 143.464
0.02501441 0.9974826486956436 0.0 143.645
0.02502213 0.997541591555453 0.0 143.823
0.02503749 0.9975808867953259 0.0 144.005
0.02505045 0.9976783881092605 0.0 144.185
0.02506173 0.9976970533482 0.0 144.364
0.02507929 0.9976594772750716 0.0 144.541
0.02508436 0.997541591555453 0.0 144.721
0.02510579 0.9974237058358344 0.0 144.903
0.02511344 0.9974433534557708 0.0 145.083
0.02513482 0.9974433534557708 0.0 145.264
0.02514035 0.9976390928693876 0.0 145.446
0.02515956 0.997853497521944 0.0 145.627
0.02516875 0.9979124403817533 0.0 145.81
0.02518465 0.997736348588073 0.0 145.992
0.02519786 0.9974433534557708 0.0 146.174
0.02521096 0.997364762976025 0.0 146.358
0.02522687 0.9974237058358344 0.0 146.542
0.02523485 0.9975808867953259 0.0 146.725
0.02525458 0.9976594772750716 0.0 146.902
0.02526051 0.9976005344152623 0.0 147.081
0.02528208 0.997541591555453 0.0 147.262
0.02528753 0.997541591555453 0.0 147.444
0.02530502 0.9976390928693876 0.0 147.624
0.02531574 0.9978142022820712 0.0 147.804
0.02533072 0.9978338499020075 0.0 147.983
0.02534468 0.9977749070421982 0.0 148.163
0.02535142 0.9976970533482 0.0 148.343
0.0253719 0.9977552594222617 0.0 148.526
0.02538 0.9976783881092605 0.0 148.708
0.02540022 0.9976398296551352 0.0 148.889
0.02540573 0.9976980357291969 0.0 149.071
0.02542693 0.9978927927618169 0.0 149.248
0.02543402 0.9979517356216262 0.0 149.426
0.02545129 0.9981071974143733 0.0 149.607
0.02546206 0.9983422320678629 0.0 149.791
0.025476 0.9983618796877994 0.0 149.972
0.02549036 0.9983618796877994 0.0 150.151
0.02549882 0.9984380142150531 0.0 150.33
0.02551787 0.9984969570748624 0.0 150.512
0.02552503 0.9986344904144174 0.0 150.695
0.0255463 0.998654138034354 0.0 150.877
0.02555112 0.9986344904144174 0.0 151.065
0.02557093 0.9984583986207372 0.0 151.246
0.02557933 0.9982636415881172 0.0 151.428
0.0255973 0.9982439939681808 0.0 151.608
0.02560844 0.9983422320678629 0.0 151.789
0.02562175 0.9983422320678629 0.0 151.97
0.02563643 0.9982046987283079 0.0 152.153
0.02564565 0.9981457558684985 0.0 152.334
0.02566412 0.9982439939681808 0.0 152.516
0.02567087 0.9982832892080536 0.0 152.697
0.02569172 0.9982832892080536 0.0 152.879
0.02571365 0.9982636415881172 0.0 153.214
0.02572394 0.9984583986207372 0.0 153.392
0.02573801 0.9986737856542904 0.0 153.575
0.02575237 0.9988874535210992 0.0 153.755
0.02576123 0.9988874535210992 0.0 153.937
0.02577963 0.9986934332742268 0.0 154.118
0.02578644 0.9985558999346718 0.0 154.301
0.02580713 0.9985362523147353 0.0 154.482
0.02581321 0.9986344904144174 0.0 154.665
0.02583453 0.998654138034354 0.0 154.847
0.02584087 0.998614842794481 0.0 155.027
0.02585694 0.9985166046947987 0.0 155.207
0.02586877 0.998477309454926 0.0 155.388
0.0258817 0.9985558999346718 0.0 155.567
0.02589627 0.9986934332742268 0.0 155.749
0.02590628 0.9987720237539724 0.0 155.93
0.02592443 0.998809599827101 0.0 156.113
0.02593041 0.9988678059011628 0.0 156.291
0.02595116 0.9988285106612897 0.0 156.473
0.02595721 0.9988678059011628 0.0 156.656
0.02597725 0.9988874535210992 0.0 156.836
0.02598482 0.9987712869682249 0.0 157.018
0.02600143 0.9987516393482886 0.0 157.199
0.02601332 0.9990249868606542 0.0 157.385
0.02602434 0.9992779499673359 0.0 157.566
0.02604017 0.9994744261667002 0.0 157.747
0.02604871 0.9995316498597652 0.0 157.925
0.02606805 0.999727389273382 0.0 158.103
0.02607397 0.9999221463060018 0.0 158.284
0.02609491 0.999864922612937 0.0 158.462
0.02610082 0.9997666845132548 0.0 158.646
0.02611916 0.9997077416534456 0.0 158.827
0.026128 0.999688094033509 0.0 159.006
0.02614193 0.9995316498597652 0.0 159.186
0.02615585 0.9994744261667002 0.0 159.368
0.02618376 0.9998059797531277 0.0 159.76
0.02619346 0.9998256273730642 0.0 159.944
0.02621171 0.9997666845132548 0.0 160.127
0.02621846 0.9995709450996381 0.0 160.307
0.02623898 0.9992779499673359 0.0 160.493
0.02624454 0.9991224881745888 0.0 160.674
0.02626544 0.9991224881745888 0.0 160.857
0.02627217 0.9991993594875901 0.0 161.041
0.02628873 0.9992975975872723 0.0 161.22
0.02629878 0.9992975975872723 0.0 161.4
0.026313 0.9991608010334648 0.0 161.58
0.02632666 0.9989856916207813 0.0 161.763
0.02633461 0.9988874535210992 0.0 161.947
0.02635325 0.9990635453147795 0.0 162.131
0.02636101 0.9992779499673359 0.0 162.314
0.02638138 0.9993565404470817 0.0 162.496
0.02638622 0.9993172452072088 0.0 162.676
0.02640736 0.9993565404470817 0.0 162.856
0.0264137 0.999415483306891 0.0 163.036
0.02643271 0.9992190071075265 0.0 163.216
0.02644139 0.9990642821005271 0.0 163.398
0.02645519 0.9991411534135284 0.0 163.583
0.02646922 0.9993172452072088 0.0 163.762
0.02647935 0.9993368928271452 0.0 163.942
0.02649624 0.9991224881745888 0.0 164.122
0.02650253 0.9989463963809084 0.0 164.301
0.02652206 0.9990249868606542 0.0 164.481
0.02652665 0.9991797118676538 0.0 164.662
0.02654598 0.9990839297204636 0.0 164.84
0.0265549 0.9991224881745888 0.0 165.022
0.02657007 0.9992975975872723 0.0 165.202
0.02658216 0.9994351309268275 0.0 165.383
0.02659089 0.9993565404470817 0.0 165.565
0.02660868 0.9992583023473994 0.0 165.746
0.02661721 0.9991993594875901 0.0 165.929
0.02663635 0.9991797118676538 0.0 166.116
0.02664217 0.9992975975872723 0.0 166.297
0.0266632 0.9994736893809527 0.0 166.479
0.02666827 0.9995898559338269 0.0 166.662
0.02668866 0.9996487987936362 0.0 166.843
0.02669517 0.9996095035537633 0.0 167.025
0.02671165 0.9995702083138904 0.0 167.21
0.02672264 0.999688094033509 0.0 167.39
0.02673647 0.9997666845132548 0.0 167.573
0.02675015 0.999727389273382 0.0 167.755
0.02675288 0.9997077416534456 0.0 167.934
0.02675489 0.9996095035537633 0.0 168.115
0.02675633 0.9995898559338269 0.0 168.299
0.02675636 0.999688094033509 0.0 168.483
0.02675652 0.9997077416534456 0.0 168.667
0.02675665 0.9996487987936362 0.0 168.852
0.02675719 0.9997077416534456 0.0 169.035
0.02675676 0.999727389273382 0.0 169.218
0.02675711 0.9996487987936362 0.0 169.4
0.02675672 0.9995898559338269 0.0 169.584
0.02675718 0.9995316498597652 0.0 169.765
0.02675701 0.9994351309268275 0.0 169.948
0.02675672 0.9994351309268275 0.0 170.128
0.02675713 0.9995316498597652 0.0 170.309
0.02675747 0.9996095035537633 0.0 170.491
0.02675719 0.9996487987936362 0.0 170.672
0.02675709 0.9996095035537633 0.0 170.859
0.02675707 0.999688094033509 0.0 171.04
0.02675729 0.999727389273382 0.0 171.224
0.02675714 0.9998452749930006 0.0 171.407
0.02675726 1.0 0.0 171.587
0.0267569 0.9998641858271894 0.0 171.767
0.02675737 0.9998256273730642 0.0 171.947
0.02675709 0.9998256273730642 0.0 172.126
0.02675725 0.9998256273730642 0.0 172.305
0.02675699 0.9998256273730642 0.0 172.485
0.02675715 0.9997470368933185 0.0 172.667
0.02675769 0.9996291511736998 0.0 172.848
0.02675699 0.9996095035537633 0.0 173.029
0.026757 0.9997666845132548 0.0 173.21
0.02675735 0.9998452749930006 0.0 173.395
0.02675714 0.9998059797531277 0.0 173.575
0.02675587 0.999688094033509 0.0 173.755
0.02675382 0.9995898559338269 0.0 173.941
0.0267538 0.9995309130740175 0.0 174.125
0.02675371 0.9995702083138904 0.0 174.307
0.02675347 0.999688094033509 0.0 174.49
