X_channel Y_channel II_channel timestamp
0.01392347 0.9920494891987574 0.0 0.0
0.01392318 0.9920093068652893 0.0 0.179
0.01392358 0.9920291758754097 0.0 0.361
0.01392311 0.9917692850793993 0.0 0.542
0.01392308 0.9913877059546434 0.0 0.722
0.0139233 0.9912662094537805 0.0 0.904
0.01392351 0.9913671140863135 0.0 1.085
0.01392314 0.9914685236990917 0.0 1.268
0.01392568 0.9913854422716862 0.0 1.448
0.01394095 0.9913923648758256 0.0 1.63
0.01394248 0.9915914353227192 0.0 1.811
0.01396396 0.9916124060178724 0.0 1.994
0.01397035 0.9916270581966699 0.0 2.173
0.01399066 0.991649804684441 0.0 2.355
0.01400098 0.9916812500510064 0.0 2.536
0.01401558 0.9916887516952585 0.0 2.717
0.01403094 0.9915945134003873 0.0 2.9
0.01403982 0.9915463503659603 0.0 3.08
0.01405991 0.9915288583248785 0.0 3.262
0.01406604 0.9916245959497004 0.0 3.443
0.01408893 0.991665308586558 0.0 3.623
0.01409353 0.9915198017811206 0.0 3.805
0.01411627 0.9915000039374261 0.0 3.986
0.01412323 0.9917357539001156 0.0 4.168
0.01414225 0.9919195588969539 0.0 4.348
0.01415377 0.9918690988656094 0.0 4.529
0.01416751 0.9919581986939916 0.0 4.713
0.01418423 0.9920649135680372 0.0 4.892
0.01419335 0.9920771824075036 0.0 5.074
0.01421455 0.9921175849238661 0.0 5.255
0.01422056 0.9921722285282875 0.0 5.437
0.0142436 0.9920915231214428 0.0 5.618
0.01424824 0.9921885402212091 0.0 5.8
0.01427037 0.9922501083982793 0.0 5.981
0.01427908 0.9923031543526042 0.0 6.165
0.01429811 0.9923666615125517 0.0 6.348
0.0143101 0.9923360050423033 0.0 6.53
0.01432487 0.9922632645842444 0.0 6.717
0.01434093 0.9922694848221888 0.0 6.901
0.01434989 0.9924410428461592 0.0 7.085
0.01437057 0.9926647825680224 0.0 7.269
0.01437836 0.9927572729462265 0.0 7.453
0.01440097 0.9927375686410517 0.0 7.635
0.01440578 0.9927333768928626 0.0 7.813
0.01442976 0.9926526119875111 0.0 7.998
0.01443614 0.9924467369819643 0.0 8.179
0.014455 0.9922097862495423 0.0 8.359
0.01446597 0.9920797424830163 0.0 8.542
0.01448156 0.9920055434870559 0.0 8.722
0.01449686 0.9920326355935112 0.0 8.903
0.01450823 0.9921237705230055 0.0 9.084
0.01452797 0.9923061220587616 0.0 9.265
0.01453311 0.9924228852029885 0.0 9.447
0.01455723 0.9924624936467706 0.0 9.624
0.0145621 0.9925769625429798 0.0 9.805
0.01458475 0.9926582589249975 0.0 9.983
0.0145926 0.9927726532887888 0.0 10.163
0.01460753 0.9928202602105908 0.0 10.345
0.01462293 0.9928666986299113 0.0 10.526
0.01463737 0.9929331669598317 0.0 10.716
0.01465394 0.992800025474305 0.0 10.893
0.01466366 0.992690534434375 0.0 11.075
0.0146847 0.9928128743938429 0.0 11.256
0.01469045 0.9929071159066987 0.0 11.439
0.01471397 0.9927873715685691 0.0 11.619
0.01471993 0.9928215753558547 0.0 11.799
0.0147419 0.99302390833831 0.0 11.98
0.01475056 0.9930365643714396 0.0 12.162
0.01476893 0.9928993408966044 0.0 12.343
0.01478144 0.9928682384154736 0.0 12.525
0.01479343 0.9928577917259026 0.0 12.707
0.01481216 0.992801069578473 0.0 12.888
0.01482028 0.9927939954014808 0.0 13.074
0.01484178 0.9927752650009721 0.0 13.253
0.01484764 0.9927701600004226 0.0 13.435
0.01487155 0.9927493310969078 0.0 13.617
0.01487702 0.9927445660962817 0.0 13.798
0.01489531 0.9927892344781645 0.0 13.978
0.01490724 0.9929000421585573 0.0 14.158
0.01492527 0.993023207294686 0.0 14.343
0.01493902 0.9931324236551365 0.0 14.525
0.01495082 0.9931019419283985 0.0 14.705
0.01496973 0.9929448295746744 0.0 14.886
0.01497882 0.9927366899836975 0.0 15.068
0.01500102 0.9927981470781272 0.0 15.25
0.0150052 0.9929139285062842 0.0 15.429
0.01502935 0.9929931223452219 0.0 15.607
0.01503572 0.9930481660339252 0.0 15.79
0.0150575 0.9931705720621506 0.0 15.97
0.01506659 0.9931828487957336 0.0 16.153
0.01508301 0.993128147576557 0.0 16.329
0.01509716 0.9929744422671939 0.0 16.508
0.01510694 0.9928447435526722 0.0 16.692
0.01512806 0.9928869362561951 0.0 16.878
0.01513669 0.9929803990614863 0.0 17.059
0.01515827 0.9930423830155706 0.0 17.243
0.01519115 0.992852180128724 0.0 17.682
0.01520008 0.9930455936497 0.0 17.863
0.01522196 0.993226711325202 0.0 18.043
0.01522874 0.9932208041465825 0.0 18.227
0.0152521 0.9930002796230433 0.0 18.409
0.01525767 0.9927740530582069 0.0 18.586
0.01527881 0.9927152568044582 0.0 18.765
0.01528886 0.9927670853873839 0.0 18.944
0.01530521 0.9927932337203448 0.0 19.127
0.01532004 0.9927803195295812 0.0 19.312
0.01533119 0.9929321503718039 0.0 19.492
0.01535113 0.9929349765320841 0.0 19.675
0.01535959 0.9929470434610685 0.0 19.861
0.01538174 0.9930673276084463 0.0 20.049
0.01538612 0.9932654281414638 0.0 20.231
0.0154102 0.9932646417219375 0.0 20.412
0.01541718 0.9932989430702373 0.0 20.593
0.01543951 0.9932794898982633 0.0 20.772
0.01544829 0.993251650803005 0.0 20.954
0.01546695 0.9931344453701222 0.0 21.139
0.01548026 0.9930824726911996 0.0 21.323
0.01549293 0.9931521965692278 0.0 21.506
0.01551406 0.993214549873404 0.0 21.81
0.0155382 0.993072390330902 0.0 21.997
0.01554491 0.9929857917024957 0.0 22.174
0.01556435 0.9930092401928114 0.0 22.357
0.01557567 0.993019570826507 0.0 22.537
0.0155911 0.992905194657386 0.0 22.717
0.01560769 0.9927310152214259 0.0 22.896
0.01561608 0.9927237114355685 0.0 23.078
0.01563781 0.9927837772347258 0.0 23.257
0.01564451 0.9929798142739881 0.0 23.439
0.01566799 0.9931190961075175 0.0 23.621
0.01567308 0.9932148389471283 0.0 23.802
0.01569687 0.9932748645090217 0.0 23.986
0.01570463 0.9932882918984541 0.0 24.167
0.01572224 0.9932729546050844 0.0 24.349
0.01573514 0.9932617197503643 0.0 24.531
0.01574983 0.9933894651194731 0.0 24.712
0.01576672 0.9936152055948145 0.0 24.894
0.01577346 0.9936497031680965 0.0 25.075
0.01579609 0.9936299878498326 0.0 25.258
0.01580349 0.9936235411192142 0.0 25.439
0.01582757 0.9935016449950134 0.0 25.622
0.01583235 0.9934167467824503 0.0 25.803
0.01585614 0.9933960268189929 0.0 25.985
0.0158647 0.9933280224309086 0.0 26.164
0.01588179 0.9933333222934705 0.0 26.345
0.01589592 0.9933613822536184 0.0 26.527
0.01590934 0.9933093306820879 0.0 26.711
0.01592696 0.9932352070917249 0.0 26.895
0.01593567 0.9932081980018392 0.0 27.077
0.01595752 0.9933481022071822 0.0 27.258
0.01596345 0.9934842076415636 0.0 27.44
0.01598723 0.9935038591888171 0.0 27.621
0.0159934 0.9936170478131731 0.0 27.803
0.01601553 0.9936583136776351 0.0 27.985
0.01602403 0.9935104047907097 0.0 28.166
0.01604222 0.9933550694112261 0.0 28.346
0.01605585 0.99328266204225 0.0 28.523
0.0160678 0.9932722574936583 0.0 28.702
0.01608648 0.9932963520649755 0.0 28.882
0.01609414 0.9932089666777277 0.0 29.067
0.01611676 0.9930101890748088 0.0 29.248
0.01612276 0.9928637171040487 0.0 29.431
0.01614695 0.9927821315899384 0.0 29.611
0.01615318 0.992716933172285 0.0 29.792
0.01617131 0.992581857882303 0.0 29.973
0.01618399 0.9926111815216717 0.0 30.153
0.01620039 0.9927356316478584 0.0 30.334
0.01621608 0.9928430412736379 0.0 30.517
0.01622727 0.9928333041101546 0.0 30.7
0.01624703 0.9929169916789802 0.0 30.881
0.01625441 0.9929693326723066 0.0 31.063
0.01627736 0.9930293072243213 0.0 31.244
0.01628237 0.9931056498575398 0.0 31.425
0.01630693 0.9931851507044588 0.0 31.604
0.01631372 0.9931388904067951 0.0 31.785
0.01633537 0.9931603969861611 0.0 31.967
0.01634486 0.9933311867933547 0.0 32.147
0.01636163 0.9933771115220116 0.0 32.327
0.01637693 0.993323444515773 0.0 32.509
0.01638496 0.9933164546635804 0.0 32.69
0.01640704 0.9933375822324507 0.0 32.872
0.01641394 0.9932710559725942 0.0 33.053
0.01643792 0.9930913223055674 0.0 33.233
0.01644265 0.9930872061656052 0.0 33.419
0.01646487 0.9931863835821203 0.0 33.606
0.01647424 0.9931580567655363 0.0 33.787
0.01649566 0.9932201039614923 0.0 33.964
0.01650509 0.9932925841985153 0.0 34.148
0.0165199 0.9932393515137328 0.0 34.332
0.01653689 0.993044789726038 0.0 34.514
0.01654881 0.9928536357151652 0.0 34.693
0.01656756 0.9929381780445928 0.0 34.873
0.01657542 0.9930120220202459 0.0 35.054
0.01659866 0.9929312921816977 0.0 35.234
0.01660349 0.9928262402027855 0.0 35.416
0.01662815 0.9927846202142672 0.0 35.6
0.01663372 0.9927999448808377 0.0 35.783
0.01665553 0.9929415709333679 0.0 35.964
0.01666636 0.9930513983788596 0.0 36.146
0.01667977 0.9931607436399718 0.0 36.327
0.01669763 0.9931048671912062 0.0 36.511
0.0167104 0.9928736722400735 0.0 36.694
0.01672899 0.9928179231485503 0.0 36.878
0.01673696 0.9928109911933422 0.0 37.059
0.01675988 0.9927910569255917 0.0 37.237
0.01676516 0.992826799173053 0.0 37.421
0.01678872 0.9928844546027078 0.0 37.602
0.01679489 0.9929597546628065 0.0 37.783
0.01681643 0.9930216837666095 0.0 37.963
0.0168266 0.9930330033028315 0.0 38.145
0.01684157 0.9930804788609363 0.0 38.325
0.01685823 0.9930256554007807 0.0 38.504
0.01686851 0.9929965481340001 0.0 38.684
0.01688942 0.9929581957277904 0.0 38.869
0.01689556 0.9928318662705059 0.0 39.051
0.01691913 0.9927710402234271 0.0 39.228
0.0169244 0.9928874436650165 0.0 39.411
0.01694805 0.9930281877396678 0.0 39.591
0.01695535 0.9930420021922113 0.0 39.771
0.01697506 0.9930248590084222 0.0 39.952
0.01698673 0.9929743825674426 0.0 40.134
0.01700072 0.9929622155750297 0.0 40.316
0.01701823 0.9929671503772598 0.0 40.497
0.01702845 0.9928776123637891 0.0 40.68
0.01704946 0.9928391805542847 0.0 40.86
0.01705642 0.9928936146656466 0.0 41.041
0.01708003 0.9930326129869196 0.0 41.223
0.01708508 0.9930282211087839 0.0 41.403
0.0171076 0.9929095949484886 0.0 41.586
0.01711661 0.9928614384221336 0.0 41.766
0.01713457 0.9927046979043899 0.0 41.949
0.01714829 0.9925919685401126 0.0 42.129
0.01716255 0.9923804918572493 0.0 42.312
0.01717934 0.9923054212049983 0.0 42.492
0.01718803 0.9924785511561027 0.0 42.672
0.01721039 0.9925379913727825 0.0 42.855
0.01721664 0.9926736735261448 0.0 43.037
0.01724077 0.992733333667388 0.0 43.22
0.01724571 0.9927895153759945 0.0 43.402
0.01726892 0.9928683657954441 0.0 43.581
0.01727731 0.9928217632974571 0.0 43.761
0.01729452 0.9927269267135213 0.0 43.943
0.0173081 0.9927949967995765 0.0 44.128
0.01732223 0.9927633123050194 0.0 44.308
0.01733923 0.9927686920869976 0.0 44.491
0.01734593 0.9927023974015079 0.0 44.671
0.0173698 0.9926413372757379 0.0 44.854
0.01737637 0.9926557835620292 0.0 45.037
0.01740091 0.9927536276078894 0.0 45.217
0.01740655 0.9927295773335749 0.0 45.396
0.01742823 0.9926107126771757 0.0 45.577
0.01743791 0.9925015239509787 0.0 45.76
0.01745456 0.992507211212462 0.0 45.94
0.0174693 0.9925347126952426 0.0 46.123
0.01748152 0.9924636306969269 0.0 46.303
0.0175003 0.9925077759641554 0.0 46.489
0.01750882 0.9925003729638785 0.0 46.67
0.01753171 0.9924200235827945 0.0 46.853
0.0175364 0.9921758698179748 0.0 47.033
0.0175616 0.9920942783954864 0.0 47.215
0.01756723 0.9921095417953769 0.0 47.396
0.01758845 0.9921893565416086 0.0 47.578
0.01759845 0.9921806710432947 0.0 47.759
0.01761594 0.9921654804722989 0.0 47.942
0.01763019 0.9921531042789081 0.0 48.125
0.01764011 0.9921646406083882 0.0 48.306
0.01766072 0.9923281033792817 0.0 48.489
0.01767012 0.9924206943086704 0.0 48.673
0.01769212 0.992361281729416 0.0 48.853
0.01769799 0.9922957308211726 0.0 49.037
0.01772136 0.9921948316927034 0.0 49.217
0.01772799 0.9920296356500363 0.0 49.395
0.01775149 0.9921485158970541 0.0 49.576
0.01775936 0.9922222800997769 0.0 49.758
0.01777602 0.9921876625107625 0.0 49.942
0.01779092 0.9921747233204399 0.0 50.122
0.01780386 0.9922239329519728 0.0 50.301
0.01782204 0.9921074027254139 0.0 50.482
0.01783091 0.9919788107939727 0.0 50.665
0.01785266 0.9919020026432223 0.0 50.845
0.0178579 0.9918370101721063 0.0 51.027
0.01788162 0.9918761074270047 0.0 51.207
0.0178885 0.9919288143179488 0.0 51.384
0.01790797 0.991892521194126 0.0 51.565
0.01792049 0.991843122569382 0.0 51.747
0.01793173 0.9918718966412631 0.0 51.929
0.01795048 0.9919757435222486 0.0 52.108
0.01796371 0.9919844047622451 0.0 52.29
0.01798298 0.9917478372883759 0.0 52.472
0.01799095 0.9916208026929634 0.0 52.653
0.01801386 0.9915606325998453 0.0 52.836
0.01801875 0.9913776024327283 0.0 53.016
0.01804289 0.9912559378795529 0.0 53.199
0.01804972 0.9911694356376622 0.0 53.381
0.01807096 0.9910704377524253 0.0 53.562
0.01808142 0.9911016546679834 0.0 53.752
0.01809735 0.9910281643003052 0.0 53.932
0.01811273 0.9908957298998184 0.0 54.113
0.01812462 0.9906839893379447 0.0 54.297
0.01814374 0.9905667015986562 0.0 54.476
0.01814971 0.9906018127922168 0.0 54.659
0.01817278 0.9906825290758968 0.0 54.842
0.01817917 0.9907172747075668 0.0 55.023
0.01820382 0.9906959080421414 0.0 55.207
0.01821015 0.9906904213351972 0.0 55.386
0.01823053 0.9906526155000357 0.0 55.568
0.01824212 0.9905821469559608 0.0 55.749
0.0182532 0.9904333205053125 0.0 55.928
0.01827522 0.9901136429638703 0.0 56.108
0.01828036 0.989828986921991 0.0 56.291
0.01829828 0.9896548656650449 0.0 56.471
0.01831412 0.9895807320739947 0.0 56.651
0.0183267 0.9893483056694122 0.0 56.834
0.01833653 0.9891409208236018 0.0 57.014
0.0183452 0.9891132792524464 0.0 57.195
0.0183523 0.9891675532004133 0.0 57.378
0.01835757 0.9889817413122857 0.0 57.557
0.01836322 0.9887175639391366 0.0 57.74
0.01837486 0.9886068024264874 0.0 57.922
0.0184298 0.9884593573691902 0.0 58.107
0.01845265 0.988320538059219 0.0 58.287
0.01846189 0.9882118638442369 0.0 58.468
0.01848367 0.9880118056432489 0.0 58.65
0.01849143 0.9878867961529397 0.0 58.836
0.01851507 0.9878260964786021 0.0 59.017
0.01852088 0.987680123118694 0.0 59.199
0.01854495 0.9874806244405857 0.0 59.376
0.01855223 0.9873535228279716 0.0 59.558
0.01856988 0.9873382806015447 0.0 59.739
0.01858421 0.98750636642146 0.0 59.919
0.01859721 0.9875940508128375 0.0 60.102
0.01861547 0.9874984955364637 0.0 60.282
0.01862311 0.987292314968909 0.0 60.465
0.01864575 0.9872526319854131 0.0 60.647
0.0186534 0.9871259786206896 0.0 60.829
0.01867674 0.9868257225816376 0.0 61.01
0.01868261 0.9865010397594914 0.0 61.192
0.01870419 0.9862627209846114 0.0 61.376
0.01871437 0.9862740733222383 0.0 61.564
0.01873077 0.986338696430764 0.0 61.746
0.01874538 0.9863462266335286 0.0 61.926
0.01875991 0.9862539206934139 0.0 62.108
0.01877665 0.9860399276975695 0.0 62.289
0.01878518 0.9857122294582933 0.0 62.472
0.01880468 0.9852759373194124 0.0 62.652
0.01881426 0.9849481033653612 0.0 62.832
0.01882964 0.9847738108104624 0.0 63.014
0.01884422 0.9846422341291385 0.0 63.191
0.01885975 0.9846479866273409 0.0 63.37
0.01887294 0.9844974816360068 0.0 63.551
0.01888745 0.9842049358236099 0.0 63.731
0.01890256 0.9839511337074919 0.0 63.916
0.01891775 0.9838978066681632 0.0 64.096
0.01893127 0.9838257886835392 0.0 64.279
0.0189457 0.9836749909105923 0.0 64.458
0.0189613 0.9835005463241623 0.0 64.64
0.01897499 0.9832698800675809 0.0 64.823
0.01898975 0.9828755149979401 0.0 65.004
0.01900461 0.9823806874339175 0.0 65.186
0.01901917 0.9821274076853941 0.0 65.367
0.01903287 0.9819966420636029 0.0 65.545
0.01904752 0.9818640577257057 0.0 65.728
0.01906151 0.9817312885091503 0.0 65.907
0.01907702 0.9816374709243604 0.0 66.088
0.01909078 0.9814664139843078 0.0 66.273
0.01910486 0.981114708170524 0.0 66.456
0.0191195 0.9808613981345741 0.0 66.636
0.01913462 0.9807100710007328 0.0 66.818
0.01914978 0.9804160767946337 0.0 67.002
0.0191644 0.9801041891224759 0.0 67.185
0.01917976 0.9798311701155463 0.0 67.37
0.01919444 0.9796382318404483 0.0 67.553
0.01920818 0.9794269854457609 0.0 67.735
0.01922139 0.9791950677405238 0.0 67.914
0.01923691 0.9786822154009172 0.0 68.092
0.01925122 0.9782104067029065 0.0 68.275
0.01926641 0.9779182107096522 0.0 68.457
0.01928043 0.9775256535792952 0.0 68.639
0.01929465 0.9772141801307268 0.0 68.822
0.01930954 0.9767814084642099 0.0 69.002
0.01932498 0.9762289556233924 0.0 69.185
0.01933951 0.975756271731765 0.0 69.365
0.01935382 0.9755244911905528 0.0 69.551
0.01936841 0.9753510809746209 0.0 69.731
0.01938309 0.9750392664894494 0.0 69.913
0.01939587 0.9746292292355315 0.0 70.093
0.01941168 0.9742352326695947 0.0 70.273
0.01942607 0.9738633303610393 0.0 70.454
0.01944039 0.9734914969636776 0.0 70.638
0.01945526 0.9729992411240825 0.0 70.822
0.0194693 0.9724878355134314 0.0 71.005
0.01948486 0.972094860679337 0.0 71.188
0.01949948 0.9718022836794236 0.0 71.37
0.01951171 0.9713729239237066 0.0 71.551
0.01952809 0.9707788527867407 0.0 71.735
0.01954314 0.9702865172966862 0.0 71.914
0.01955718 0.9698948860735112 0.0 72.094
0.01956932 0.969365055894924 0.0 72.274
0.01958635 0.9688703259357512 0.0 72.457
0.01959327 0.9683849204445012 0.0 72.637
0.01961634 0.967946212013854 0.0 72.816
0.0196217 0.9674020446634071 0.0 72.999
0.01964552 0.9667824399815909 0.0 73.182
0.01965302 0.9661962525855021 0.0 73.363
0.01967199 0.9656411298181057 0.0 73.545
0.01968333 0.9651120725608642 0.0 73.729
0.01969738 0.9644404361626691 0.0 73.906
0.0197149 0.9637266695261318 0.0 74.089
0.01972279 0.9630202735378952 0.0 74.273
0.01974517 0.9624223917489964 0.0 74.455
0.01975319 0.9617760062933566 0.0 74.636
0.01977572 0.9612577409180928 0.0 74.819
0.01978002 0.9607143189991818 0.0 74.998
0.01979892 0.9600993177146466 0.0 75.179
0.0198108 0.9594497431721928 0.0 75.358
0.01982923 0.9586549087229191 0.0 75.538
0.01984274 0.9576447347859531 0.0 75.72
0.01985705 0.9567334738623637 0.0 75.901
0.01987347 0.9561005388711928 0.0 76.084
0.01988281 0.9553528585741918 0.0 76.267
0.0199051 0.9546957040220513 0.0 76.452
0.01991171 0.9538512807544207 0.0 76.634
0.0199344 0.9528921690757803 0.0 76.811
0.01994048 0.9517885325376706 0.0 76.995
0.01996268 0.9507921850546857 0.0 77.178
0.01997134 0.9499051501108121 0.0 77.359
0.01999011 0.9491512737299778 0.0 77.544
0.02000283 0.9483808159397765 0.0 77.727
0.02001466 0.947432636496933 0.0 77.911
0.02003305 0.9465182666890225 0.0 78.09
0.02004329 0.9455503299362583 0.0 78.274
0.02006437 0.9447345901738877 0.0 78.451
0.02007039 0.9437098479208651 0.0 78.633
0.02009392 0.9428717836619381 0.0 78.812
0.02009982 0.9420284035014147 0.0 78.992
0.02012177 0.9411514781788677 0.0 79.173
0.02013077 0.9400859027907482 0.0 79.353
0.02014775 0.9390924700464393 0.0 79.536
0.0201615 0.9383221399737874 0.0 79.716
0.02017355 0.9373933688549012 0.0 79.897
0.02019209 0.9363786305076222 0.0 80.079
0.0202007 0.9352129434364559 0.0 80.261
0.02022287 0.9341568494834475 0.0 80.442
0.02022867 0.9331744555958883 0.0 80.625
0.02025255 0.9322954732595484 0.0 80.81
0.02025868 0.9312726345966551 0.0 80.995
0.02028119 0.9301158680293017 0.0 81.176
0.02029007 0.9290883221218387 0.0 81.356
0.02030465 0.9280787902694045 0.0 81.539
0.02032019 0.9272268302184734 0.0 81.721
0.02033354 0.9263975232273657 0.0 81.901
0.0203515 0.9255446566907776 0.0 82.082
0.02036042 0.9245983462938651 0.0 82.264
0.02038233 0.9242414099997287 0.0 82.448
0.02038852 0.9238368599936271 0.0 82.632
0.02041245 0.923338351421108 0.0 82.816
0.02041788 0.9225750912888245 0.0 82.995
0.02043983 0.9218588481301441 0.0 83.175
0.02044955 0.9209715491119015 0.0 83.355
0.02046571 0.9200406461087347 0.0 83.538
0.02047991 0.9194294524977651 0.0 83.72
0.02049233 0.9189807656050016 0.0 83.905
0.02051071 0.918586606919331 0.0 84.087
0.02051868 0.9179812027041196 0.0 84.266
0.02054121 0.9174641452487079 0.0 84.449
0.02054688 0.9171395016149773 0.0 84.632
0.02057045 0.9167412370467207 0.0 84.808
0.02057672 0.916356830063918 0.0 84.99
0.02059819 0.9161002153343134 0.0 85.17
0.02060691 0.9159130988501166 0.0 85.355
0.02062225 0.9156413005089196 0.0 85.534
0.02063818 0.9155682689499439 0.0 85.714
0.02065004 0.915479147426475 0.0 85.897
0.02066915 0.9154832184869729 0.0 86.08
0.0206765 0.9154773440090398 0.0 86.259
0.02069918 0.9154994133181927 0.0 86.443
0.02070452 0.9156157321800905 0.0 86.623
0.02072755 0.9156174210381265 0.0 86.802
0.02073495 0.9157112387330104 0.0 86.979
0.02075509 0.9159144465583141 0.0 87.161
0.02076593 0.9163052017290805 0.0 87.346
0.02078082 0.9165326904530223 0.0 87.526
0.02079626 0.9167599843116125 0.0 87.708
0.02080619 0.9172117340561139 0.0 87.887
0.02082654 0.9176943155994831 0.0 88.068
0.02083449 0.9182666981770377 0.0 88.249
0.02085717 0.9187272853354136 0.0 88.43
0.0208624 0.9191425749632955 0.0 88.61
0.02088242 0.9195459894328043 0.0 88.791
0.02089228 0.9200565137083121 0.0 88.972
0.02091153 0.9205810853580245 0.0 89.154
0.02092379 0.9212694991372878 0.0 89.335
0.02093797 0.922056821666852 0.0 89.517
0.0209542 0.9227018195084598 0.0 89.697
0.0209655 0.9235506998089016 0.0 89.879
0.02098471 0.9242746334085079 0.0 90.056
0.02099139 0.9251071132075216 0.0 90.238
0.0210141 0.925927633445423 0.0 90.418
0.0210198 0.9266606647150669 0.0 90.601
0.02104288 0.9274012202855317 0.0 90.781
0.02105104 0.9282728752200602 0.0 90.958
0.02106925 0.9289369610144248 0.0 91.14
0.02108141 0.9295649981834334 0.0 91.317
0.02109237 0.9302351827295327 0.0 91.497
0.02111133 0.9310575714998394 0.0 91.676
0.02111941 0.932009575497308 0.0 91.856
0.02114199 0.9327890394560778 0.0 92.038
0.02114671 0.9336631323640837 0.0 92.221
0.02116751 0.9344648397202111 0.0 92.401
0.02117735 0.935355067809477 0.0 92.582
0.02119839 0.9363154822935859 0.0 92.76
0.02120848 0.9373654244293692 0.0 92.939
0.021224 0.9384508278469396 0.0 93.117
0.02123896 0.9394555539396484 0.0 93.299
0.02125019 0.9402842784162798 0.0 93.48
0.02126975 0.9409662841215715 0.0 93.664
0.02127738 0.9417585077450291 0.0 93.843
0.02129943 0.942419090397299 0.0 94.026
0.02130473 0.9433128845501867 0.0 94.207
0.02132867 0.9441910626711288 0.0 94.39
0.02133527 0.9449632333673441 0.0 94.573
0.02135555 0.9458252920106202 0.0 94.757
0.02136618 0.9467337058445476 0.0 94.939
0.02137993 0.9476003555377097 0.0 95.122
0.02139663 0.9482651929918223 0.0 95.303
0.02140817 0.9489536153998119 0.0 95.483
0.02142642 0.9497168051030173 0.0 95.667
0.02143508 0.9505875948185151 0.0 95.85
0.02145718 0.9513274604944381 0.0 96.032
0.021462 0.9521218197674708 0.0 96.213
0.02148541 0.9528404653795232 0.0 96.393
0.02149227 0.9534932667301387 0.0 96.575
0.02151234 0.9541353153707904 0.0 96.755
0.02152301 0.9547841669755971 0.0 96.938
0.02153723 0.9555103803909725 0.0 97.115
0.0215527 0.9561559544311627 0.0 97.295
0.02156403 0.9568852975349174 0.0 97.477
0.02158344 0.9575277978897946 0.0 97.658
0.02159018 0.9582591875736625 0.0 97.837
0.02161323 0.9589588508741591 0.0 98.023
0.02161897 0.959651890837505 0.0 98.202
0.021642 0.9601913764070217 0.0 98.38
0.02167549 0.9614394605302319 0.0 98.829
0.02168167 0.9619337845216349 0.0 99.009
0.02170518 0.9625516068058292 0.0 99.19
0.02171252 0.9631644143774405 0.0 99.372
0.02173264 0.963685649658062 0.0 99.554
0.02174317 0.9641762786400772 0.0 99.732
0.0217577 0.9647420934602121 0.0 99.915
0.02177286 0.9654077588972342 0.0 100.097
0.02178443 0.9659762882851095 0.0 100.278
0.02180316 0.9663796478586116 0.0 100.461
0.02181098 0.9668514248719919 0.0 100.641
0.02183336 0.9672910847956175 0.0 100.824
0.02183826 0.9678057145837391 0.0 101.004
0.02186163 0.9682442584581105 0.0 101.188
0.02186921 0.9686971279401209 0.0 101.367
0.02188665 0.9691609818698864 0.0 101.548
0.02189926 0.9695887522772353 0.0 101.732
0.02191393 0.9699359699523571 0.0 101.913
0.02192972 0.9702413255168233 0.0 102.093
0.02194018 0.9705712600622397 0.0 102.274
0.02195953 0.9709338131996894 0.0 102.454
0.02196644 0.9713470424239905 0.0 102.636
0.02198884 0.9717664627640346 0.0 102.817
0.02199509 0.9722404614931884 0.0 103.002
0.02201827 0.9726990909529839 0.0 103.184
0.02202575 0.9732314997851149 0.0 103.367
0.02204473 0.9737340625277061 0.0 103.547
0.02205645 0.9742224511058801 0.0 103.73
0.02206998 0.9744904861139416 0.0 103.913
0.02208619 0.9745753236925432 0.0 104.094
0.02209637 0.9748268744895774 0.0 104.276
0.02211934 0.9754454210975902 0.0 104.581
0.02214088 0.9757256815213329 0.0 104.765
0.0221501 0.9759770234175437 0.0 104.945
0.02216431 0.9762444370317749 0.0 105.122
0.02218009 0.9766098634417126 0.0 105.304
0.02219144 0.976979053300577 0.0 105.485
0.02221031 0.9774010386089811 0.0 105.668
0.02221792 0.9778336130423082 0.0 105.849
0.02223952 0.978114756909019 0.0 106.031
0.02224512 0.9783290041538525 0.0 106.212
0.02226797 0.978449254922771 0.0 106.395
0.02227571 0.9785813882432917 0.0 106.575
0.022295 0.9787054209166779 0.0 106.757
0.0223054 0.9789348756507582 0.0 106.938
0.02232067 0.9792010606783622 0.0 107.118
0.02233572 0.9793480145896973 0.0 107.3
0.02234562 0.9795395002738246 0.0 107.481
0.02236542 0.9798025512194257 0.0 107.662
0.02237262 0.98007911752841 0.0 107.842
0.02239565 0.9801372057766496 0.0 108.022
0.02240093 0.9803928270292618 0.0 108.206
0.0224227 0.9807730676569638 0.0 108.384
0.02243106 0.9810651777897159 0.0 108.564
0.02244782 0.9814288620070288 0.0 108.747
0.02246085 0.981757098712052 0.0 108.929
0.02247439 0.9820841388700462 0.0 109.111
0.02249117 0.9821701070839982 0.0 109.293
0.02249783 0.9823625609892697 0.0 109.47
0.02251963 0.982683260882577 0.0 109.656
0.02252668 0.9830760317545074 0.0 109.836
0.02254961 0.9832362208769997 0.0 110.017
0.02255586 0.9831706685499005 0.0 110.199
0.0225773 0.9832719337320405 0.0 110.381
0.02258619 0.9833829483675609 0.0 110.562
0.02260293 0.9834889880458715 0.0 110.749
0.02261629 0.9837366167571737 0.0 110.933
0.02262972 0.9840436195112836 0.0 111.114
0.02264566 0.984249898325858 0.0 111.296
0.02265693 0.9845386770371234 0.0 111.477
0.02267633 0.9846825372213589 0.0 111.658
0.02268234 0.984836129446628 0.0 111.84
0.02270484 0.9849364424814333 0.0 112.02
0.02271086 0.9850709614463518 0.0 112.202
0.02273138 0.9851117772830951 0.0 112.383
0.02274129 0.9851032696540238 0.0 112.565
0.022758 0.9851089864687587 0.0 112.746
0.02277111 0.9853184096987635 0.0 112.928
0.02278074 0.9854480634022514 0.0 113.109
0.02279998 0.985471663483317 0.0 113.291
0.02280891 0.9856244824115402 0.0 113.475
0.02283098 0.9859039280404567 0.0 113.656
0.022837 0.9862372764270039 0.0 113.838
0.02285913 0.9862984985875588 0.0 114.024
0.0228659 0.9862325003890033 0.0 114.209
0.02288832 0.9862132336303938 0.0 114.388
0.02289539 0.9863869408414543 0.0 114.57
0.02291502 0.9866090233884414 0.0 114.751
0.02292634 0.986819187732514 0.0 114.932
0.02294009 0.9869460205487597 0.0 115.115
0.02295557 0.9872318295393959 0.0 115.3
0.02296685 0.9873417237909771 0.0 115.481
0.02298537 0.9873859655596038 0.0 115.665
0.02299167 0.9874991372438724 0.0 115.849
0.02301372 0.9874601088149599 0.0 116.028
0.02301883 0.9871774177899991 0.0 116.21
0.02304112 0.9870196036967993 0.0 116.391
0.023049 0.9869927707647167 0.0 116.573
0.0230633 0.9869804743773687 0.0 116.754
0.02307828 0.9868472561524619 0.0 116.937
0.02309379 0.9868138656525968 0.0 117.117
0.02310899 0.986961243887143 0.0 117.297
0.0231201 0.9870502140096651 0.0 117.48
0.02313939 0.9871732610594758 0.0 117.662
0.02314569 0.987268118481561 0.0 117.843
0.0231677 0.9872491888055055 0.0 118.023
0.02317429 0.9872635757875464 0.0 118.205
0.02319674 0.9873427843813887 0.0 118.389
0.0232033 0.9875770388564346 0.0 118.569
0.02322144 0.9876416483757463 0.0 118.754
0.02323288 0.987631806252756 0.0 118.934
0.02324748 0.987579139217404 0.0 119.114
0.02326336 0.9873657003940226 0.0 119.297
0.02327071 0.9866818423388983 0.0 119.481
0.02329197 0.9862249219378586 0.0 119.66
0.02329935 0.9867366855383933 0.0 119.843
0.02332111 0.9872558783038465 0.0 120.023
0.02332604 0.9877905340420416 0.0 120.206
0.02334906 0.9882086032234862 0.0 120.386
0.02335598 0.9884006544624112 0.0 120.566
0.02337359 0.9886253554126282 0.0 120.745
0.02338625 0.9888332593181163 0.0 120.925
0.02339915 0.9890810531688426 0.0 121.106
0.02341563 0.9892465578428152 0.0 121.284
0.02342376 0.9894776493880203 0.0 121.464
0.02344401 0.9896205974374604 0.0 121.647
0.02345055 0.9896751099174943 0.0 121.827
0.02347261 0.989794687183625 0.0 122.009
0.02347834 0.9899694392548166 0.0 122.19
0.02349933 0.9901693742986856 0.0 122.374
0.02350827 0.9902418600738442 0.0 122.557
0.02352574 0.9902468428869022 0.0 122.741
0.02353891 0.9902755819311464 0.0 122.922
0.02354835 0.9902874890673086 0.0 123.104
0.02356699 0.9904109964633763 0.0 123.286
0.02357625 0.9906017311716173 0.0 123.465
0.02359743 0.9907237908818255 0.0 123.646
0.0236031 0.9908567228276871 0.0 123.826
0.02362562 0.9909575719640646 0.0 124.01
0.02363134 0.9910528690008402 0.0 124.193
0.02365201 0.9911134620042457 0.0 124.373
0.02366101 0.9911249890897819 0.0 124.552
0.02367632 0.9911318219522451 0.0 124.732
0.02369039 0.9911998614389121 0.0 124.914
0.02370163 0.9913304779848906 0.0 125.095
0.02371981 0.9914533468261933 0.0 125.278
0.02372831 0.991545481764668 0.0 125.462
0.02374921 0.9914673044340422 0.0 125.645
0.02375471 0.9914625564736683 0.0 125.827
0.02377681 0.9914434787640831 0.0 126.009
0.02378377 0.9914374707324486 0.0 126.192
0.02380404 0.9915602785885286 0.0 126.375
0.02381264 0.9917715779722988 0.0 126.557
0.02382609 0.991780007391895 0.0 126.739
0.02384149 0.9916882920150178 0.0 126.922
0.02385404 0.9916173284710982 0.0 127.102
0.02387143 0.9916624427114367 0.0 127.284
0.02388026 0.9916548194099506 0.0 127.468
0.02390019 0.9916959854564386 0.0 127.651
0.02390629 0.991810218148085 0.0 127.831
0.02392812 0.9918114107918661 0.0 128.012
0.02393428 0.9917259268838482 0.0 128.194
0.02395518 0.99172792400761 0.0 128.376
0.02396392 0.991880704677946 0.0 128.557
0.02397895 0.9919854649481631 0.0 128.738
0.02399343 0.9918953049118234 0.0 128.92
0.02400501 0.9919053462214079 0.0 129.101
0.02402265 0.9918700752901132 0.0 129.283
0.0240303 0.9919418752221482 0.0 129.468
0.02405173 0.9921430516026606 0.0 129.65
0.02405703 0.9923163218664386 0.0 129.833
0.02407961 0.9923769731936904 0.0 130.011
0.02408552 0.9924319840526373 0.0 130.194
0.0241062 0.9924141198188192 0.0 130.374
0.02412203 0.992639649505842 0.0 130.656
0.02414135 0.9928621569488624 0.0 130.834
0.024146 0.9928581384858668 0.0 131.003
0.0241651 0.9927214092727441 0.0 131.17
0.02417453 0.9924946064649848 0.0 131.346
0.02418947 0.992282083749205 0.0 131.529
0.02420391 0.9921501446521502 0.0 131.714
0.02421542 0.9920618132310404 0.0 131.9
0.02423291 0.9921251031366216 0.0 132.08
0.02424039 0.9923182525621437 0.0 132.26
0.02426167 0.9925585840983755 0.0 132.443
0.02426708 0.992693407874565 0.0 132.623
0.02428993 0.9926736670630651 0.0 132.806
0.02429532 0.9927090805871425 0.0 132.99
0.02431442 0.9926925796061193 0.0 133.17
0.024325 0.9925431981484146 0.0 133.349
0.02433935 0.9925107689252496 0.0 133.527
0.02435442 0.9926379903880692 0.0 133.709
0.02436155 0.9927320005051754 0.0 133.89
0.02438186 0.9927527688457548 0.0 134.072
0.0243907 0.9928245140014833 0.0 134.25
0.02441207 0.9927659854073051 0.0 134.432
0.02441671 0.9927036311528329 0.0 134.614
0.02443848 0.9926455118393503 0.0 134.794
0.02444585 0.9926391458427463 0.0 134.975
0.02446473 0.9926428702517041 0.0 135.157
0.02447489 0.9925139033758348 0.0 135.338
0.02448804 0.9923623252382364 0.0 135.521
0.02450382 0.9922510466053504 0.0 135.699
0.02451361 0.9924404021617866 0.0 135.88
0.02453257 0.9926225855874499 0.0 136.061
0.02454 0.9925778596633871 0.0 136.244
0.02456038 0.9925201981984708 0.0 136.425
0.02456512 0.9925561654514247 0.0 136.606
0.0245861 0.9925573261721252 0.0 136.789
0.02459359 0.9926492543125494 0.0 136.972
0.02461083 0.992634364971754 0.0 137.153
0.02462244 0.9927044554184522 0.0 137.335
0.02463274 0.9926955594895098 0.0 137.514
0.02465098 0.992659777515268 0.0 137.696
0.02466212 0.9926501567720359 0.0 137.878
0.02468078 0.9925939854555618 0.0 138.059
0.02468652 0.9926090568808317 0.0 138.241
0.02470822 0.9927305126085615 0.0 138.423
0.02471316 0.9928839644562818 0.0 138.605
0.02473588 0.9929244217605069 0.0 138.785
0.02474261 0.992958662848491 0.0 138.969
0.02476121 0.9930427304246668 0.0 139.151
0.0247722 0.9930933165302046 0.0 139.332
0.02478507 0.993042145133318 0.0 139.511
0.02480034 0.9929488493569981 0.0 139.694
0.02480975 0.9929607473880997 0.0 139.874
0.02482963 0.9931420804974627 0.0 140.055
0.02483358 0.9934175247563477 0.0 140.237
0.02485544 0.9935771096716662 0.0 140.415
0.02486148 0.9936119397442674 0.0 140.597
0.02488322 0.9935931502185664 0.0 140.779
0.0248907 0.9935866855414708 0.0 140.959
0.02490769 0.9936120507002175 0.0 141.139
0.02491944 0.9937020162921629 0.0 141.321
0.0249322 0.993789354906602 0.0 141.501
0.02494785 0.9939552889641686 0.0 141.685
0.02495676 0.9939475860288859 0.0 141.866
0.02497671 0.9937508819028482 0.0 142.044
0.02498237 0.9935675345842102 0.0 142.228
0.02500403 0.9935488170047684 0.0 142.414
0.02500884 0.9936640450575247 0.0 142.592
0.02502987 0.9937642517835773 0.0 142.778
0.02503853 0.9939369653753182 0.0 142.958
0.02505434 0.9938031679850536 0.0 143.139
0.02506697 0.9936921439675872 0.0 143.32
0.02507874 0.9937620576459973 0.0 143.498
0.02509583 0.9940458514375924 0.0 143.68
0.02510121 0.9943800551180104 0.0 143.861
0.0251225 0.994640180515992 0.0 144.041
0.02512842 0.994792721049445 0.0 144.224
0.0251506 0.9947735329208097 0.0 144.402
0.02515581 0.9948090658177863 0.0 144.583
0.02517639 0.994791261971125 0.0 144.767
0.02518544 0.9947233745112672 0.0 144.946
0.02519961 0.9948312327417475 0.0 145.13
0.02521311 0.994839572953783 0.0 145.309
0.02522348 0.994711239658513 0.0 145.488
0.02524092 0.9944977209564876 0.0 145.665
0.02524844 0.9943510890682262 0.0 145.845
0.02526883 0.9943334591292345 0.0 146.028
0.02527454 0.9943885759811425 0.0 146.211
0.02529578 0.9944903162498496 0.0 146.394
0.02530288 0.994544228987283 0.0 146.578
0.02532076 0.9945287669813482 0.0 146.762
0.02533021 0.9945981608978196 0.0 146.942
0.02534513 0.9947053584283966 0.0 147.124
0.02535918 0.9948525880140071 0.0 147.305
0.02537008 0.994882191289411 0.0 147.488
0.02538765 0.994748648661845 0.0 147.671
0.02539402 0.994623044172839 0.0 147.851
0.02541448 0.9945052735987893 0.0 148.031
0.02541942 0.9945610484411934 0.0 148.213
0.0254415 0.9947613708945934 0.0 148.392
0.02544813 0.9950140794991384 0.0 148.574
0.02546645 0.9953760070613895 0.0 148.757
0.02547626 0.9955276331856914 0.0 148.939
0.02548989 0.9954157655610457 0.0 149.119
0.02550472 0.9953829179718375 0.0 149.299
0.02551347 0.9952552634815662 0.0 149.476
0.0255327 0.9951785848829506 0.0 149.658
0.02553901 0.99517312576859 0.0 149.839
0.02555985 0.9951168215979946 0.0 150.021
0.02556456 0.9950534588813605 0.0 150.202
0.02558508 0.9950749834866858 0.0 150.384
0.02559306 0.9953064782701944 0.0 150.564
0.02560936 0.9954124480002023 0.0 150.744
0.02562093 0.9953624127215742 0.0 150.927
0.02563364 0.9952713687448315 0.0 151.106
0.02564953 0.9953376671576162 0.0 151.29
0.02565718 0.9953710709203629 0.0 151.471
0.02567709 0.9952537897955084 0.0 151.657
0.02568322 0.9951684433646933 0.0 151.838
0.02570412 0.995110343522845 0.0 152.02
0.02570917 0.9952260377006491 0.0 152.201
0.0257299 0.9952481252333512 0.0 152.381
0.02573798 0.9953011651426983 0.0 152.562
0.02575247 0.9951485625024731 0.0 152.742
0.02576564 0.9949188185213357 0.0 152.922
0.02577693 0.9947497322825708 0.0 153.102
0.02579306 0.994755795377662 0.0 153.281
0.02579872 0.9948309370705897 0.0 153.462
0.02581931 0.9946530664538219 0.0 153.644
0.02582526 0.9945678893661639 0.0 153.825
0.02584703 0.994729143388529 0.0 154.006
0.02585319 0.9948038493923436 0.0 154.189
0.02587185 0.9947677088411041 0.0 154.369
0.02588117 0.9948196734958072 0.0 154.552
0.02589728 0.9948440088354067 0.0 154.736
0.02590952 0.9948526829666036 0.0 154.916
0.02591955 0.9948247547290116 0.0 155.097
0.02593693 0.9946114153288885 0.0 155.275
0.02594435 0.9944049389542963 0.0 155.457
0.02596428 0.9945277578058249 0.0 155.637
0.02596965 0.9946831634793502 0.0 155.821
0.02599115 0.994942155185939 0.0 156.001
0.02599635 0.995077696920636 0.0 156.177
0.02601237 0.9950830991898828 0.0 156.357
0.02602393 0.9951313674749702 0.0 156.54
0.02603673 0.9951002941535445 0.0 156.724
0.02605201 0.9951270903793222 0.0 156.905
0.02605826 0.9952817203386994 0.0 157.087
0.02607769 0.9954824596972339 0.0 157.268
0.02608573 0.9955755241907485 0.0 157.447
0.02610594 0.9955380376178435 0.0 157.63
0.0261115 0.9955132246441346 0.0 157.811
0.02613305 0.9954945839578935 0.0 157.993
0.02613887 0.995489549794836 0.0 158.175
0.026157 0.9954938706871805 0.0 158.36
0.02616664 0.9956655543180553 0.0 158.541
0.02618121 0.9958104669883368 0.0 158.721
0.02619429 0.9958991597577379 0.0 158.903
0.02620376 0.9957909566797134 0.0 159.084
0.02622137 0.9956182094192848 0.0 159.267
0.02622971 0.9955709925374628 0.0 159.454
0.02624891 0.9954343793493984 0.0 159.637
0.02625344 0.9952712043596303 0.0 159.821
0.02627453 0.9949554601125677 0.0 160.005
0.02628087 0.9946917241674996 0.0 160.187
0.02630081 0.9947737433196725 0.0 160.368
0.02630799 0.9951250375823154 0.0 160.548
0.02632444 0.9953290627998814 0.0 160.73
0.0263363 0.9954788034334927 0.0 160.915
0.02634792 0.995488753663375 0.0 161.099
0.02636383 0.9954749946577441 0.0 161.278
0.02637166 0.9955082211136002 0.0 161.46
0.02639071 0.9954517496342562 0.0 161.641
0.02639596 0.9952472253453162 0.0 161.825
0.02641632 0.9951496307097574 0.0 162.002
0.02642223 0.995324503555581 0.0 162.182
0.02644128 0.9955462549014166 0.0 162.365
0.0264498 0.9957181145207598 0.0 162.549
0.02646386 0.9959834156049946 0.0 162.73
0.02647695 0.9961903084229219 0.0 162.912
0.0264875 0.996300410509477 0.0 163.092
0.02650422 0.9965841396399169 0.0 163.274
0.02650975 0.9969567858206448 0.0 163.455
0.02653041 0.9971780986117689 0.0 163.638
0.02653516 0.9972922109056146 0.0 163.818
0.02655733 0.9975721914079858 0.0 163.999
0.02656307 0.99762720451773 0.0 164.181
0.02658055 0.9974920867656143 0.0 164.359
0.0265896 0.9973242855020343 0.0 164.54
0.02660341 0.9974122972196787 0.0 164.722
0.02661711 0.9975996253081496 0.0 164.902
0.0266266 0.997749608745104 0.0 165.084
0.02664378 0.9978746802486106 0.0 165.264
0.02665011 0.9979866591784875 0.0 165.445
0.02667128 0.9980882722065811 0.0 165.626
0.0266756 0.9980845275189073 0.0 165.808
0.02669586 0.9980469727735533 0.0 165.987
0.02670251 0.9980612018679339 0.0 166.167
0.02671889 0.9981469683226158 0.0 166.351
0.02672938 0.9981778605024344 0.0 166.531
0.02674178 0.9982845670483104 0.0 166.711
0.02675658 0.9981735248489518 0.0 166.891
0.02675969 0.9979116811282185 0.0 167.073
0.02676148 0.9978126684653751 0.0 167.257
0.02676193 0.9978315209090144 0.0 167.437
0.02676223 0.9979294720218888 0.0 167.617
0.02676249 0.9980092149866452 0.0 167.797
0.02676241 0.9981092446872077 0.0 167.978
0.02676287 0.998048869773988 0.0 168.16
0.02676289 0.9978106969686188 0.0 168.34
0.026763 0.9977113910398846 0.0 168.522
0.02676262 0.997751704423239 0.0 168.704
0.02676317 0.9977112437463361 0.0 168.885
0.02676269 0.9976516834295696 0.0 169.067
0.02676307 0.9976913383280104 0.0 169.249
0.0267626 0.9975917851946463 0.0 169.43
0.02676311 0.9976113354278402 0.0 169.611
0.02676281 0.9976515794638426 0.0 169.792
0.02676281 0.9977715318604325 0.0 169.975
0.02676297 0.997928830721479 0.0 170.153
0.02676263 0.998029085719033 0.0 170.331
0.02676323 0.9980085736351346 0.0 170.514
0.02676304 0.9979087779958639 0.0 170.694
0.02676304 0.9978687938716536 0.0 170.876
0.02676319 0.9978494215289865 0.0 171.057
0.02676294 0.9979088646562867 0.0 171.237
0.02676253 0.9981291327447324 0.0 171.417
0.02676294 0.9981687614862241 0.0 171.597
0.02676284 0.9981488561036542 0.0 171.776
0.02676277 0.9980089723130038 0.0 171.957
0.02676334 0.9979884862422731 0.0 172.137
0.02676257 0.997989153581042 0.0 172.319
0.02676308 0.998068679822985 0.0 172.5
0.0267629 0.9980288517076747 0.0 172.682
0.02676304 0.9979687541821795 0.0 172.868
0.02676285 0.997849716156921 0.0 173.053
0.02676375 0.9978107014646254 0.0 173.229
0.02676372 0.9978107274601792 0.0 173.413
0.02676369 0.9977307852524537 0.0 173.593
0.02676325 0.997631206197903 0.0 173.777
0.02676287 0.9975315750906473 0.0 173.959
0.0267625 0.9975119035416523 0.0 174.142
0.02676311 0.9975513592451705 0.0 174.322
0.0267632 0.9976712336347069 0.0 174.505
0.0267626 0.9978109482592179 0.0 174.685
0.02676315 0.9978686985490254 0.0 174.868
0.02676275 0.9978690451768512 0.0 175.051
0.02676063 0.997870882308348 0.0 175.232
0.02676058 0.9978709256370026 0.0 175.414
0.02676076 0.9978707696538633 0.0 175.595
0.02676028 0.9979511540491021 0.0 175.777
0.02676049 0.9980909167987391 0.0 175.958
0.0267602 0.998011199714785 0.0 176.139
0.02676085 0.99795066006282 0.0 176.318
0.02676097 0.9981304849481623 0.0 176.499
0.02676071 0.998288148123398 0.0 176.682
0.02676066 0.9983481677804448 0.0 176.866
0.02676117 0.9984077019007198 0.0 177.048
0.02676014 0.9984485791764265 0.0 177.229
0.02676044 0.9985282874829423 0.0 177.411
0.02676095 0.9984278847476908 0.0 177.595
0.02676042 0.9984083521802698 0.0 177.778
0.02676109 0.9983078107840304 0.0 177.959
0.02676029 0.9982885122363812 0.0 178.139
0.0267606 0.9983882040086333 0.0 178.322
0.02676043 0.9984683198321269 0.0 178.502
0.0267609 0.9984079360012603 0.0 178.685
0.02676096 0.9984078839789083 0.0 178.865
0.02676042 0.9984283442878622 0.0 179.047
0.0267605 0.9985482275605021 0.0 179.231
0.02676051 0.9985282267828586 0.0 179.414
0.02676059 0.9985281574113435 0.0 179.598
0.02676077 0.9984280408178903 0.0 179.781
0.02676061 0.9983482111298225 0.0 179.961
0.0267605 0.998428274923281 0.0 180.142
0.02676052 0.9984682417938499 0.0 180.323
0.02676079 0.9983880392744174 0.0 180.503
0.02676049 0.9983083309555905 0.0 180.687
0.02676095 0.9982479558621735 0.0 180.864
0.02676036 0.9982484673335974 0.0 181.048
0.02676043 0.9983683592950329 0.0 181.231
0.02676091 0.9985871065189197 0.0 181.411
0.02676069 0.998745484816053 0.0 181.594
0.02676022 0.9989640563745051 0.0 181.778
0.02676083 0.9990027616831183 0.0 181.959
0.02676009 0.9989841612657908 0.0 182.141
0.02675891 0.9988669814732027 0.0 182.322
0.02675816 0.9987676713190177 0.0 182.504
0.02675795 0.9987678534633295 0.0 182.688
0.02675812 0.998767706013167 0.0 182.871
0.02675843 0.9987274528492872 0.0 183.054
0.02675845 0.9987074433611212 0.0 183.235
0.02675808 0.9987877328555377 0.0 183.416
0.02675802 0.9988277691963323 0.0 183.597
0.02675826 0.9988075688738415 0.0 183.777
0.02675793 0.9987278865087644 0.0 183.959
0.02675855 0.9986091452429717 0.0 184.139
0.02675821 0.9985901976559247 0.0 184.321
0.02675834 0.9985501006325869 0.0 184.503
0.02675832 0.9984701493996723 0.0 184.685
0.02675803 0.998410424410087 0.0 184.866
0.02675871 0.9985497797817774 0.0 185.046
0.02675811 0.9987277303913092 0.0 185.229
0.02675744 0.9987882879734079 0.0 185.409
0.02675792 0.9986296837401875 0.0 185.595
0.0267583 0.9985301431747742 0.0 185.776
0.02675799 0.9984904276909555 0.0 185.958
0.02675796 0.9984904537043484 0.0 186.142
0.02675854 0.998469958638762 0.0 186.319
0.02675773 0.9985106452947001 0.0 186.498
0.02675814 0.9986095008015544 0.0 186.678
0.02675765 0.9987081372025519 0.0 186.859
0.02675791 0.9987079117039813 0.0 187.041
0.0267578 0.9986287882006313 0.0 187.22
0.02675832 0.9985901022639834 0.0 187.4
0.02675804 0.9986095875231984 0.0 187.584
0.0267579 0.9986679360743138 0.0 187.766
0.02675792 0.9987278951819578 0.0 187.947
0.02675768 0.9987480954938076 0.0 188.129
0.02675801 0.9986096135396945 0.0 188.309
0.02675756 0.9984708083924685 0.0 188.492
0.02675802 0.9985303859760847 0.0 188.675
0.02675797 0.998530429333474 0.0 188.856
0.02675759 0.9985899856140564 0.0 189.042
0.02675806 0.9987077816086982 0.0 189.221
0.02675821 0.9987076515134493 0.0 189.403
0.02675779 0.9987679922399925 0.0 189.58
0.02675831 0.9987075647833019 0.0 189.759
0.02675797 0.998707859665864 0.0 189.942
0.02675848 0.9987474016246343 0.0 190.123
0.02675791 0.9986486849561397 0.0 190.303
0.02675754 0.9985507943647719 0.0 190.484
0.02675779 0.998570569726614 0.0 190.665
0.02675836 0.9987275135615914 0.0 190.845
0.02675786 0.9989271190358021 0.0 191.031
0.02675815 0.9991050474732359 0.0 191.216
0.02675789 0.9990652887583945 0.0 191.399
0.02675835 0.9990049132262709 0.0 191.583
0.02675819 0.9990650284747514 0.0 191.766
0.02675821 0.9991649718523217 0.0 191.949
0.02675744 0.9990656791841133 0.0 192.132
0.02675833 0.9987082971426696 0.0 192.313
0.02675812 0.9984303385236966 0.0 192.497
0.02675819 0.998410285683136 0.0 192.679
0.0267579 0.998330568520388 0.0 192.86
0.02675784 0.9983506126912352 0.0 193.044
0.02675826 0.9984702014253877 0.0 193.226
0.02675797 0.9986296403784864 0.0 193.409
0.02675795 0.9987478613128538 0.0 193.59
0.02675818 0.9987876461184262 0.0 193.773
0.02675799 0.9988477873682945 0.0 193.954
0.02675829 0.998847527141339 0.0 194.134
0.02675789 0.9988878584136779 0.0 194.315
0.02675803 0.9990651672926775 0.0 194.492
0.02675814 0.9991650325912339 0.0 194.674
0.02675832 0.999164876405474 0.0 194.855
0.02675795 0.999065236701655 0.0 195.037
0.02675848 0.9990647768673588 0.0 195.218
0.02675818 0.9992449664692131 0.0 195.401
0.02675868 0.9994019706704957 0.0 195.582
0.02675831 0.9995422368047152 0.0 195.765
0.02675811 0.9997215900337361 0.0 195.946
0.02675819 0.9998597162905289 0.0 196.128
0.0267578 1.0 0.0 196.309
0.0267586 0.9998993445651991 0.0 196.491
0.02675839 0.9997213469427929 0.0 196.672
0.02675818 0.9994823732086925 0.0 196.854
0.02675846 0.9992247313525583 0.0 197.038
0.02675843 0.999124796674361 0.0 197.222
0.0267582 0.9991249962370381 0.0 197.404
0.02675866 0.9991845735262102 0.0 197.588
0.02675828 0.999064950389685 0.0 197.771
0.02675825 0.9987675932571901 0.0 197.954
0.0267585 0.9985899461681189 0.0 198.135
0.02675859 0.9986291026937073 0.0 198.314
0.02675868 0.9988664312791338 0.0 198.494
0.02675799 0.9992251391954146 0.0 198.676
0.02675882 0.9994218412992997 0.0 198.857
0.02675828 0.9995222707007569 0.0 199.04
0.02675844 0.9994821475354108 0.0 199.219
0.02675822 0.9993823777607793 0.0 199.398
0.02675823 0.9993431344961363 0.0 199.577
0.02675816 0.9992249916777474 0.0 199.758
0.02675817 0.9991250222669584 0.0 199.938
0.02675846 0.9991247706444524 0.0 200.119
0.0267588 0.9990245149603258 0.0 200.3
0.02675813 0.9990051040894176 0.0 200.481
0.02675828 0.9991049346791776 0.0 200.666
0.02675856 0.9991446760179853 0.0 200.846
0.02675827 0.9992448883700823 0.0 201.028
0.02675791 0.9992651929178488 0.0 201.214
0.02675862 0.9992645767901999 0.0 201.397
0.02675794 0.9992451747336215 0.0 201.579
0.02675838 0.9991048479145345 0.0 201.76
0.02675837 0.9989066844716892 0.0 201.942
0.02675825 0.9985894132624965 0.0 202.122
0.02675827 0.9983702320298352 0.0 202.303
0.02675799 0.9984904276909555 0.0 202.485
0.02675786 0.9987079550690832 0.0 202.662
0.02675787 0.99882789930725 0.0 202.842
0.02675796 0.9989270322865693 0.0 203.025
0.02675856 0.99900473103879 0.0 203.206
0.02675872 0.9990045922293254 0.0 203.384
0.02675854 0.998947270986808 0.0 203.566
0.02675829 0.9989667303033537 0.0 203.747
0.02675834 0.9990049219018671 0.0 203.931
0.02675855 0.9989465126064618 0.0 204.113
0.02675818 0.9989275911438037 0.0 204.294
0.02675833 0.9990249227213412 0.0 204.476
0.02675832 0.9991848685495259 0.0 204.657
0.02675802 0.9993833010439044 0.0 204.837
0.02675781 0.9995226786651205 0.0 205.019
0.02675794 0.9994825815225817 0.0 205.2
0.02675814 0.9994024393389601 0.0 205.382
