X_channel Y_channel II_channel timestamp
0.01510896 0.987256245107233 0.0 57.895
0.01510863 0.9871962694553665 0.0 58.08
0.01510858 0.9871566081317033 0.0 58.262
0.01510887 0.9869533804246291 0.0 58.443
0.0151086 0.9868722076972327 0.0 58.624
0.01510858 0.986752571749466 0.0 58.806
0.01511693 0.9867434046392056 0.0 58.988
0.01512529 0.9868742493289854 0.0 59.165
0.01513489 0.9870673758804649 0.0 59.345
0.01515318 0.9871473398840294 0.0 59.524
0.01516013 0.9872407740352922 0.0 59.707
0.01518202 0.9873796569003694 0.0 59.888
0.01518633 0.9875167175772591 0.0 60.071
0.01521035 0.9875903724113454 0.0 60.254
0.01521619 0.987665415649233 0.0 60.437
0.01523493 0.9876040965884149 0.0 60.617
0.01524749 0.9875495692908174 0.0 60.795
0.01526206 0.9875131993455121 0.0 60.976
0.01527732 0.9873971641502132 0.0 61.156
0.0152851 0.9873886188380181 0.0 61.341
0.015307 0.9873645653471969 0.0 61.52
0.01531462 0.9873757953618699 0.0 61.702
0.01533777 0.9874096748040794 0.0 61.883
0.01534275 0.9874245672053895 0.0 62.066
0.01536611 0.9875414411863623 0.0 62.246
0.01537276 0.9878573726103987 0.0 62.426
0.01539212 0.9879379052056976 0.0 62.609
0.01540354 0.9879457172353164 0.0 62.792
0.0154184 0.9880286452127885 0.0 62.972
0.01543465 0.9879718499279574 0.0 63.155
0.01544381 0.9879811265117414 0.0 63.334
0.01546454 0.9880593811293368 0.0 63.514
0.01547107 0.9881743600074744 0.0 63.693
0.01549507 0.9881479845586505 0.0 63.877
0.01550006 0.9879999917876052 0.0 64.06
0.01552223 0.9878560296387643 0.0 64.241
0.01553148 0.9878654620974314 0.0 64.421
0.01554915 0.9879867704177896 0.0 64.6
0.01556215 0.9880335585851107 0.0 64.784
0.01557601 0.9879776168712879 0.0 64.967
0.01559409 0.9878763282805056 0.0 65.147
0.01560219 0.9881516526925544 0.0 65.333
0.01562322 0.9884931655741703 0.0 65.512
0.01563018 0.9885262263567074 0.0 65.696
0.01565342 0.988500681534723 0.0 65.877
0.01565898 0.9885742086245761 0.0 66.057
0.01568243 0.9887105037324634 0.0 66.239
0.01568958 0.9887840600678595 0.0 66.416
0.01570596 0.9888856303709888 0.0 66.595
0.01572109 0.9889097019276442 0.0 66.777
0.01573402 0.988854779077787 0.0 66.959
0.01575183 0.9887759210635666 0.0 67.143
0.01576063 0.9887662470354448 0.0 67.322
0.01578298 0.9887806013156448 0.0 67.507
0.01578784 0.9887752587500849 0.0 67.689
0.01581201 0.9887097676820359 0.0 67.871
0.01581827 0.9888842672045766 0.0 68.052
0.01584086 0.9890425895348671 0.0 68.235
0.01584979 0.989032770920682 0.0 68.419
0.01586763 0.9889317557970877 0.0 68.602
0.01588086 0.9887951125192896 0.0 68.786
0.01589394 0.9888214342917019 0.0 68.97
0.01591155 0.989004805744421 0.0 69.153
0.01592095 0.9891554823326586 0.0 69.333
0.01594177 0.9892546809269901 0.0 69.513
0.01594794 0.9894691840121365 0.0 69.693
0.01597146 0.9896857087024212 0.0 69.875
0.0159773 0.9897192165427683 0.0 70.052
0.01599872 0.9896567389235791 0.0 70.235
0.0160081 0.9895454492524574 0.0 70.415
0.01602498 0.9895472302804604 0.0 70.595
0.01603911 0.9894299583704331 0.0 70.778
0.01605202 0.9891937361991553 0.0 70.958
0.01607111 0.9889700563369852 0.0 71.139
0.01607786 0.9888812556277089 0.0 71.317
0.01610054 0.9889580540306896 0.0 71.497
0.01610573 0.9889726944227178 0.0 71.679
0.01613029 0.9890270775185772 0.0 71.861
0.01613667 0.9890607530639218 0.0 72.043
0.01615759 0.9890581023438945 0.0 72.223
0.01616852 0.9891663686163021 0.0 72.405
0.0161833 0.9892510738960102 0.0 72.59
0.01619961 0.989294171928398 0.0 72.772
0.01621055 0.989443104008424 0.0 72.953
0.01623052 0.9897051711516112 0.0 73.136
0.01623555 0.9898598309437407 0.0 73.316
0.01625982 0.9896322661501037 0.0 73.499
0.01626574 0.9894223450371303 0.0 73.683
0.01628981 0.9892967223580935 0.0 73.863
0.01629713 0.9892073142645973 0.0 74.046
0.016318 0.9891233558308609 0.0 74.23
0.01632883 0.9892530686012942 0.0 74.413
0.01634618 0.9893745939767683 0.0 74.593
0.01636003 0.9893186913349417 0.0 74.779
0.01637202 0.9892462756928304 0.0 74.96
0.01639073 0.9892646089916196 0.0 75.142
0.01640033 0.9892540577946995 0.0 75.326
0.01642234 0.9892502054031806 0.0 75.51
0.01642793 0.9895076859993104 0.0 75.693
0.01645158 0.9897036143687624 0.0 75.874
0.01645761 0.9897986682748791 0.0 76.057
0.01647867 0.9898365200164121 0.0 76.239
0.01648898 0.9897641748248313 0.0 76.419
0.01650607 0.9898063912714089 0.0 76.6
0.01651995 0.9900936183136632 0.0 76.781
0.01652834 0.9904478819576652 0.0 76.963
0.0165501 0.9906247463500135 0.0 77.145
0.01656031 0.9906135112807697 0.0 77.326
0.01658166 0.9904705564809447 0.0 77.506
0.01658673 0.9903429753180347 0.0 77.685
0.01661034 0.9902763370830437 0.0 77.865
0.01661779 0.9902884756811836 0.0 78.045
0.0166393 0.9901842479939146 0.0 78.228
0.0166494 0.9899512621820432 0.0 78.408
0.01666652 0.9899527704477029 0.0 78.59
0.01668023 0.9902604627687073 0.0 78.771
0.0166916 0.9903292836378257 0.0 78.953
0.01671121 0.9903280459248465 0.0 79.132
0.01671977 0.9904584056503289 0.0 79.313
0.01674202 0.9905965736781503 0.0 79.497
0.01674736 0.9907126803474432 0.0 79.68
0.01677048 0.9907863501639079 0.0 79.863
0.01677803 0.9906382772038199 0.0 80.044
0.01679954 0.9904519811407814 0.0 80.223
0.01680947 0.9902791907811291 0.0 80.403
0.01682546 0.9901007576922976 0.0 80.586
0.01684105 0.9900429606587466 0.0 80.767
0.01685272 0.9902519584495865 0.0 80.949
0.01687195 0.9904943072802435 0.0 81.134
0.01688086 0.9906860010896998 0.0 81.323
0.01690324 0.9909045403662847 0.0 81.503
0.01690882 0.9909390539651382 0.0 81.686
0.01693265 0.9910119234970972 0.0 81.868
0.01693927 0.9910656167865528 0.0 82.05
0.01696145 0.9911225115692384 0.0 82.234
0.01697071 0.9911123214040134 0.0 82.416
0.01698619 0.991074962064903 0.0 82.593
0.01700201 0.9908957206613009 0.0 82.773
0.0170148 0.990720834597859 0.0 82.956
0.01703333 0.9907004529440885 0.0 83.14
0.01703939 0.9907954057840298 0.0 83.322
0.01706278 0.9907696773880825 0.0 83.503
0.01706906 0.9907424468037077 0.0 83.685
0.01709306 0.9906550824241199 0.0 83.865
0.01709909 0.9907289778867377 0.0 84.042
0.01712042 0.990845993060535 0.0 84.224
0.01713046 0.9909162359412091 0.0 84.405
0.01714587 0.9908586423532039 0.0 84.587
0.01716182 0.9908614194557857 0.0 84.768
0.01717242 0.9910115634863763 0.0 84.947
0.017193 0.99119034811761 0.0 85.13
0.01719997 0.9912233194513284 0.0 85.313
0.0172234 0.991116262552749 0.0 85.494
0.01722882 0.9909891456164475 0.0 85.674
0.01725258 0.9909437077339786 0.0 85.86
0.01726004 0.9910962739405713 0.0 86.041
0.01728014 0.9912570269963424 0.0 86.222
0.01729148 0.9912445506453393 0.0 86.404
0.01730723 0.991064682086176 0.0 86.587
0.01732322 0.9909251903566592 0.0 86.771
0.01733088 0.990777086111896 0.0 86.95
0.01735309 0.9906307646019065 0.0 87.131
0.01736136 0.9906623051035857 0.0 87.311
0.01738441 0.9907182266000827 0.0 87.494
0.01739023 0.9907118275753202 0.0 87.678
0.01741346 0.9906862872741187 0.0 87.861
0.01742154 0.9906367739508464 0.0 88.041
0.01744066 0.9905954400364912 0.0 88.224
0.01745193 0.9907234740526283 0.0 88.404
0.01746728 0.9908886624184674 0.0 88.584
0.01748346 0.9910130668703148 0.0 88.765
0.01749603 0.9911193464600053 0.0 88.945
0.01751525 0.9912396373122335 0.0 89.13
0.01752199 0.9913541005022921 0.0 89.313
0.01754495 0.9913288443737441 0.0 89.493
0.01755044 0.9913829801858075 0.0 89.673
0.01757366 0.9914978420296447 0.0 89.853
0.01758153 0.9913081585671946 0.0 90.032
0.01760053 0.991166156440318 0.0 90.213
0.01761314 0.9911725997545232 0.0 90.395
0.01762351 0.9910393329461419 0.0 90.575
0.01764384 0.9909375164558332 0.0 90.755
0.01765309 0.9910271188200184 0.0 90.938
0.01767568 0.9912053744583096 0.0 91.12
0.01768162 0.9912590082905238 0.0 91.301
0.01770529 0.9911728139718954 0.0 91.485
0.01771059 0.9911466775694507 0.0 91.668
0.01773482 0.9911200356233933 0.0 91.849
0.01774215 0.9912719001667012 0.0 92.03
0.01776001 0.991272567779003 0.0 92.214
0.01777318 0.991197925780635 0.0 92.397
0.01778851 0.9911219264838756 0.0 92.577
0.01780482 0.9911428307305601 0.0 92.758
0.01781527 0.9912727231501326 0.0 92.941
0.01783634 0.9914736793381207 0.0 93.123
0.01784209 0.9916112711975783 0.0 93.307
0.01786644 0.9915235736688973 0.0 93.493
0.01787168 0.9913325287017021 0.0 93.674
0.01789486 0.9912461279448771 0.0 93.855
0.01790332 0.9912774349471524 0.0 94.038
0.01791844 0.9913420263509222 0.0 94.218
0.01793374 0.991325203727539 0.0 94.4
0.01795017 0.9915119469439931 0.0 94.58
0.01796627 0.9916548878293028 0.0 94.761
0.01797665 0.9916434717752765 0.0 94.943
0.01799657 0.9915015282636186 0.0 95.12
0.01800371 0.9914335326493798 0.0 95.302
0.01802677 0.9915079086162242 0.0 95.483
0.0180327 0.9916021330799863 0.0 95.666
0.01805616 0.9916169365801613 0.0 95.846
0.01806335 0.9915887294255982 0.0 96.028
0.01808254 0.9915067275092421 0.0 96.21
0.01809575 0.9914516034029331 0.0 96.391
0.01810953 0.9914973519032716 0.0 96.571
0.01812674 0.9916611225321064 0.0 96.756
0.01813421 0.9916529083162707 0.0 96.939
0.01815673 0.9915063547529084 0.0 97.119
0.01816436 0.9915588610615768 0.0 97.302
0.0181882 0.9916341389950488 0.0 97.485
0.01819252 0.9917088036279562 0.0 97.66
0.01821609 0.9919053937789827 0.0 97.839
0.01822489 0.9920555539671899 0.0 98.021
0.01824283 0.9921373038121281 0.0 98.204
0.018256 0.992061928035301 0.0 98.387
0.01826945 0.9921080220689253 0.0 98.57
0.0182871 0.9922509724278112 0.0 98.751
0.0182964 0.9922204463309802 0.0 98.937
0.01831762 0.9920753347697783 0.0 99.118
0.0183242 0.992068097724638 0.0 99.298
0.01834759 0.992164137984307 0.0 99.48
0.01835325 0.9922789156690305 0.0 99.657
0.01837596 0.9921938146893287 0.0 99.839
0.01838495 0.9920418731834311 0.0 100.024
0.01840379 0.9919399828279905 0.0 100.207
0.01841646 0.9918245878972941 0.0 100.39
0.01843014 0.991870424385976 0.0 100.571
0.0184475 0.9919730889832938 0.0 100.753
0.01845681 0.992044018740565 0.0 100.934
0.01847885 0.9920603652908573 0.0 101.117
0.01848537 0.9920531956262869 0.0 101.297
0.01850908 0.9920872347051266 0.0 101.483
0.01851381 0.9923237431634195 0.0 101.664
0.01853776 0.992418379754064 0.0 101.843
0.01854551 0.992449419970121 0.0 102.023
0.01856282 0.9923104186926901 0.0 102.206
0.01857673 0.9921328082530979 0.0 102.387
0.01859045 0.9920771444110882 0.0 102.567
0.01860822 0.9921387593318638 0.0 102.751
0.01861703 0.9921493602440389 0.0 102.932
0.01863875 0.9922269160414439 0.0 103.113
0.01864489 0.9924813656304171 0.0 103.298
0.0186689 0.9925563921089633 0.0 103.479
0.01867464 0.9925297915206208 0.0 103.663
0.01869798 0.9923418294798118 0.0 103.845
0.01870598 0.9922341372219882 0.0 104.022
0.01872302 0.9921342580773561 0.0 104.2
0.01873722 0.9921389317650431 0.0 104.382
0.01874931 0.9923259556339479 0.0 104.565
0.0187679 0.992406937804492 0.0 104.748
0.01877719 0.9924778598988421 0.0 104.929
0.01879901 0.9925737932116796 0.0 105.109
0.01880364 0.9927910634306935 0.0 105.291
0.01882693 0.9929454586938762 0.0 105.472
0.01883496 0.9930583233716251 0.0 105.656
0.01885656 0.992912860650161 0.0 105.835
0.01886621 0.9927425197264915 0.0 106.017
0.01888178 0.9927651977890729 0.0 106.194
0.01889759 0.9928271605959783 0.0 106.38
0.01890644 0.9928579889935577 0.0 106.557
0.01892921 0.99277209906631 0.0 106.737
0.01893408 0.9927667426328233 0.0 106.92
0.01895559 0.9927836458237749 0.0 107.103
0.01896627 0.9928327401245574 0.0 107.287
0.01897917 0.9928388314361788 0.0 107.47
0.0189962 0.9927389821021698 0.0 107.65
0.01900899 0.9926252941705779 0.0 107.833
0.01901982 0.9925735876763653 0.0 108.015
0.01903023 0.9927015582958668 0.0 108.197
0.01903675 0.9928363391066573 0.0 108.377
0.01904299 0.9927686406110777 0.0 108.56
0.01904821 0.9926412294568678 0.0 108.74
0.01905255 0.9925773966092003 0.0 108.925
0.01906405 0.9924235662411518 0.0 109.107
0.01911854 0.9923231131852243 0.0 109.289
0.01912777 0.9924744207003503 0.0 109.47
0.01915388 0.9927075327620114 0.0 109.653
0.01916046 0.9928422290894191 0.0 109.837
0.01917993 0.9928410941326539 0.0 110.017
0.01919206 0.9927872050548164 0.0 110.196
0.01920656 0.992750986450538 0.0 110.376
0.0192238 0.9925901096235086 0.0 110.558
0.01923321 0.9924378452026731 0.0 110.74
0.01925433 0.9925970958157792 0.0 110.922
0.01926235 0.9928095152650321 0.0 111.109
0.01928568 0.9928236499330007 0.0 111.29
0.01928987 0.9927397249204669 0.0 111.473
0.01931213 0.9925538328481676 0.0 111.653
0.0193217 0.992361623517301 0.0 111.832
0.01934168 0.9921184505232309 0.0 112.014
0.01935371 0.9920038759908347 0.0 112.198
0.01936877 0.991946790088441 0.0 112.381
0.01938546 0.9919689991481038 0.0 112.565
0.01939621 0.9919166498018169 0.0 112.746
0.01941605 0.9920164794986697 0.0 112.933
0.0194243 0.9919668773403408 0.0 113.115
0.01944709 0.9917416846158787 0.0 113.298
0.01945166 0.9918169835774566 0.0 113.48
0.01947609 0.9919302635348101 0.0 113.664
0.01948316 0.9919224986746932 0.0 113.845
0.01950401 0.9918996001840656 0.0 114.028
0.01951361 0.9919903971935081 0.0 114.21
0.01952957 0.99207344645431 0.0 114.394
0.01954467 0.9920956222755022 0.0 114.575
0.01955705 0.9921022913730446 0.0 114.755
0.01957606 0.9921219446768798 0.0 114.934
0.01958108 0.9920563914566136 0.0 115.114
0.01960536 0.9918491054412707 0.0 115.296
0.0196112 0.9918224271239255 0.0 115.477
0.01963532 0.9917959438819643 0.0 115.659
0.01964229 0.9916869658271661 0.0 115.839
0.01966247 0.9916040184260027 0.0 116.02
0.01967418 0.9917330150450784 0.0 116.202
0.0196887 0.9919179420773108 0.0 116.385
0.01970461 0.9917806638674758 0.0 116.568
0.01971668 0.991545275354779 0.0 116.752
0.019736 0.9916448887161441 0.0 116.935
0.01974531 0.9919368381782644 0.0 117.115
0.01976742 0.9920131141615383 0.0 117.302
0.01977235 0.9918658657581808 0.0 117.482
0.0197955 0.9918201893037518 0.0 117.661
0.01980257 0.9917136533033848 0.0 117.843
0.019822 0.9916923263278231 0.0 118.023
0.01983385 0.991778091174704 0.0 118.205
0.01984997 0.9918616988746105 0.0 118.388
0.01986511 0.991845079049398 0.0 118.569
0.01987639 0.9916318712968782 0.0 118.751
0.0198962 0.9915298529790714 0.0 118.937
0.0199037 0.9916026598897898 0.0 119.12
0.01992614 0.9917578307411369 0.0 119.304
0.01993166 0.9919138410176092 0.0 119.485
0.01995604 0.9919478534718309 0.0 119.669
0.01996262 0.9917785672936582 0.0 119.853
0.01998057 0.9915183092214547 0.0 120.035
0.01999379 0.9914430325549157 0.0 120.215
0.02001062 0.9914853387819216 0.0 120.399
0.02002444 0.9916499529521394 0.0 120.582
0.02003688 0.9917983524086694 0.0 120.764
0.0200558 0.9917168213968658 0.0 120.945
0.02006528 0.9917064186202743 0.0 121.125
0.02008693 0.9916826620426819 0.0 121.307
0.02009455 0.9916743008760068 0.0 121.492
0.02011735 0.9917708106323491 0.0 121.674
0.02012259 0.9918840547107491 0.0 121.854
0.02014528 0.9918591540875201 0.0 122.038
0.02015351 0.9917108789372268 0.0 122.215
0.0201711 0.9914087934569019 0.0 122.397
0.0201842 0.9912746792089661 0.0 122.578
0.02019526 0.991181539056124 0.0 122.758
0.02021483 0.9912410882498637 0.0 122.938
0.02022453 0.9914506918444037 0.0 123.121
0.02024611 0.9915080285313359 0.0 123.301
0.02025287 0.9914398594391157 0.0 123.484
0.02027641 0.9911735622865294 0.0 123.666
0.02028217 0.9911469958535609 0.0 123.851
0.02030454 0.9912421984892946 0.0 124.031
0.02031307 0.9912328452292464 0.0 124.213
0.02033075 0.9910937333861458 0.0 124.399
0.02034393 0.990978037229888 0.0 124.58
0.0203574 0.990963271853418 0.0 124.765
0.0203747 0.9910455521211469 0.0 124.946
0.02038429 0.991154758427515 0.0 125.128
0.02040498 0.9911320758708837 0.0 125.308
0.02041138 0.990985096515503 0.0 125.488
0.02043467 0.990657630599971 0.0 125.668
0.02044033 0.9903502518526245 0.0 125.846
0.02046202 0.9902867596251558 0.0 126.026
0.02047184 0.9903949522510985 0.0 126.212
0.02048929 0.9904973147584666 0.0 126.393
0.02050329 0.990481978332637 0.0 126.574
0.02051536 0.9903877744674056 0.0 126.757
0.02053339 0.9901073703868627 0.0 126.934
0.02054237 0.9898958475533537 0.0 127.116
0.0205644 0.9896305692689378 0.0 127.297
0.02056872 0.9895246197722303 0.0 127.479
0.02059217 0.9895596903915168 0.0 127.663
0.0206 0.989530878364527 0.0 127.844
0.02062076 0.9894069460044106 0.0 128.023
0.0206309 0.989395851843987 0.0 128.206
0.02064737 0.9894183176868059 0.0 128.387
0.02066214 0.9894831271347228 0.0 128.566
0.02067305 0.9894509481716723 0.0 128.748
0.02069235 0.9891894641334915 0.0 128.93
0.02070032 0.9890390571379025 0.0 129.115
0.02072341 0.9889935655194987 0.0 129.296
0.02072873 0.9889472665003345 0.0 129.475
0.02075109 0.988863867378508 0.0 129.655
0.02075855 0.9886338292619904 0.0 129.835
0.02077867 0.9885511179311707 0.0 130.022
0.02078933 0.9886001851139569 0.0 130.202
0.02080355 0.9884042620315879 0.0 130.38
0.02081993 0.9881829636949687 0.0 130.56
0.02083106 0.9881498067429948 0.0 130.741
0.02085073 0.9880473663593461 0.0 130.923
0.02085581 0.9877602576539589 0.0 131.104
0.02087941 0.9875126348555354 0.0 131.289
0.02088647 0.987305085055664 0.0 131.471
0.02090885 0.9871390017000766 0.0 131.652
0.02091695 0.9869892657969106 0.0 131.834
0.02093585 0.9867275822325698 0.0 132.016
0.02094847 0.9864330449142574 0.0 132.197
0.02096173 0.9860164050115755 0.0 132.38
0.02097813 0.985755708252916 0.0 132.558
0.02098834 0.9856856488949393 0.0 132.74
0.02100906 0.9854217778689902 0.0 132.919
0.02101503 0.9848724892048653 0.0 133.099
0.02103763 0.9843048616324992 0.0 133.281
0.02104433 0.983935895327145 0.0 133.461
0.02106594 0.9834300851433078 0.0 133.642
0.02107452 0.9827776025107998 0.0 133.82
0.0210911 0.9821569135642572 0.0 134.001
0.02110574 0.9816175108156452 0.0 134.18
0.02111758 0.9811830804730454 0.0 134.36
0.02113577 0.9811228919870933 0.0 134.54
0.02114137 0.9810965882546161 0.0 134.722
0.02116435 0.9809325836661172 0.0 134.903
0.02117044 0.9806435082717365 0.0 135.082
0.02119425 0.9802763178628944 0.0 135.265
0.02120134 0.9797664232571658 0.0 135.446
0.02122114 0.9791623691365564 0.0 135.628
0.02123165 0.9784270339529269 0.0 135.809
0.02124737 0.9776066875643655 0.0 135.991
0.0212626 0.9768865254012363 0.0 136.172
0.02127355 0.976110318617395 0.0 136.355
0.02129298 0.9754471185776531 0.0 136.535
0.02129961 0.9745557572180261 0.0 136.714
0.02132312 0.9735451110665867 0.0 136.894
0.02132767 0.9725356761084052 0.0 137.074
0.02135136 0.9717871106042556 0.0 137.256
0.02135875 0.9708747916048317 0.0 137.436
0.0213771 0.9698101691848342 0.0 137.619
0.02138958 0.9686717275455149 0.0 137.8
0.02140348 0.9674104454370247 0.0 137.98
0.02142059 0.9659265842437171 0.0 138.159
0.02142787 0.9641905800197694 0.0 138.341
0.02144947 0.9627012856431811 0.0 138.524
0.02145647 0.9610657711172013 0.0 138.704
0.02147975 0.9595553518230822 0.0 138.886
0.02148542 0.9578007393399829 0.0 139.065
0.02150803 0.9559491333830271 0.0 139.243
0.02151699 0.9538913225936553 0.0 139.427
0.0215359 0.9517202072122313 0.0 139.607
0.02154718 0.949358247879843 0.0 139.789
0.02155988 0.946894762251855 0.0 139.97
0.02157701 0.9445867288109604 0.0 140.153
0.02158706 0.9419044704796775 0.0 140.333
0.0216074 0.9393119431674369 0.0 140.513
0.02161425 0.9362716949047298 0.0 140.695
0.02163706 0.9333151316952348 0.0 140.874
0.02164305 0.9300949404631564 0.0 141.055
0.0216629 0.9271820978875924 0.0 141.235
0.02167319 0.9242187366446315 0.0 141.415
0.02168864 0.9211700733386469 0.0 141.597
0.02170373 0.9182828724605246 0.0 141.774
0.02171553 0.9153381853905126 0.0 141.956
0.02173442 0.9127480844786334 0.0 142.14
0.02174154 0.910270002771469 0.0 142.321
0.02176433 0.9082187618806284 0.0 142.503
0.0217696 0.9064459634721754 0.0 142.682
0.02179319 0.9050569463718021 0.0 142.864
0.02179937 0.9042875848713783 0.0 143.043
0.02182013 0.9039054855978259 0.0 143.229
0.02183085 0.9039951070280426 0.0 143.41
0.0218455 0.9045834173072062 0.0 143.592
0.02186122 0.905471596118215 0.0 143.773
0.02187254 0.9067244834410596 0.0 143.959
0.02189156 0.908392612577734 0.0 144.14
0.02189741 0.9106356204766097 0.0 144.326
0.02192018 0.9127604728949451 0.0 144.507
0.02192838 0.9154035171006634 0.0 144.693
0.02195051 0.918292893082594 0.0 144.874
0.02195665 0.9214995703869878 0.0 145.054
0.02197914 0.9243883397748622 0.0 145.238
0.02198719 0.9273723480101692 0.0 145.417
0.02200379 0.9302262468434962 0.0 145.596
0.02201683 0.9330240834354818 0.0 145.776
0.02203037 0.9360216708107668 0.0 145.958
0.02204704 0.9390159235168515 0.0 146.137
0.02205577 0.9420797151478157 0.0 146.318
0.02207755 0.9445869231381538 0.0 146.497
0.022082 0.947271794257213 0.0 146.677
0.02210555 0.949575606993658 0.0 146.861
0.022113 0.9519980259631358 0.0 147.039
0.02213117 0.9541868064311154 0.0 147.227
0.02214296 0.9563223655693364 0.0 147.407
0.02216066 0.9584324175299832 0.0 147.591
0.0221739 0.9603053727449551 0.0 147.778
0.02218745 0.9621973942793517 0.0 147.959
0.02220394 0.9639672570324063 0.0 148.142
0.02221307 0.965703981212358 0.0 148.324
0.02223327 0.9670673936626075 0.0 148.505
0.02224013 0.9683457390447967 0.0 148.688
0.02226321 0.9694652597739462 0.0 148.871
0.02226904 0.9706226527350269 0.0 149.051
0.02228993 0.9718234841421561 0.0 149.233
0.0222991 0.9728383269194709 0.0 149.416
0.02231598 0.9737233774744627 0.0 149.595
0.02232978 0.9746321657793793 0.0 149.778
0.02234217 0.9755616390450115 0.0 149.962
0.02235976 0.9763652669693581 0.0 150.141
0.02236873 0.9772597343586895 0.0 150.321
0.02238976 0.9780797960658881 0.0 150.504
0.02239426 0.9787972147160992 0.0 150.686
0.02241695 0.9791338333189614 0.0 150.869
0.02242405 0.979547895945966 0.0 151.052
0.02244698 0.9799842268124055 0.0 151.236
0.02245502 0.9804578585475567 0.0 151.418
0.02247289 0.981080939787264 0.0 151.601
0.02248571 0.9816082074309208 0.0 151.781
0.02249816 0.9820762675843457 0.0 151.961
0.02251489 0.9825404318138368 0.0 152.144
0.02252438 0.9831520693369011 0.0 152.324
0.02254479 0.9835112051325968 0.0 152.503
0.02255044 0.9838459491664091 0.0 152.682
0.02257309 0.9841218281569509 0.0 152.859
0.02258023 0.9844354974604689 0.0 153.041
0.02260005 0.984835621221703 0.0 153.222
0.02261039 0.9854263067700454 0.0 153.404
0.02262442 0.9859326756550453 0.0 153.581
0.02264041 0.9861778556813021 0.0 153.761
0.02265051 0.9864698331848362 0.0 153.94
0.02266949 0.9868707960575964 0.0 154.12
0.02267559 0.9872655747341526 0.0 154.303
0.022698 0.9877420445228517 0.0 154.487
0.02270489 0.9882167300957305 0.0 154.668
0.02272715 0.9883522627477457 0.0 154.848
0.02273502 0.9883234854005333 0.0 155.03
0.02275288 0.9884049895832226 0.0 155.209
0.0227644 0.9887332233451667 0.0 155.389
0.02277779 0.9891401882916815 0.0 155.571
0.02279413 0.9894833370122476 0.0 155.752
0.02280493 0.9896515305761221 0.0 155.936
0.02282391 0.9897714101175539 0.0 156.119
0.02283013 0.9899665570066356 0.0 156.299
0.02285274 0.9900403085126134 0.0 156.478
0.02285888 0.9900941824979501 0.0 156.657
0.02288 0.9902722862896566 0.0 156.841
0.02288925 0.9905633029218125 0.0 157.022
0.02290578 0.9906462024297411 0.0 157.206
0.02291894 0.9906512570857443 0.0 157.389
0.02293325 0.9906356206535537 0.0 157.575
0.02294898 0.9907983869713084 0.0 157.756
0.02295591 0.9910515301675595 0.0 157.937
0.02297751 0.9913090728190276 0.0 158.115
0.02298454 0.9914409525132162 0.0 158.295
0.02300731 0.9914968135861807 0.0 158.477
0.02301386 0.9914896509771306 0.0 158.662
0.0230355 0.9915063662517667 0.0 158.848
0.02304314 0.9915989572532866 0.0 159.029
0.02306039 0.9916204702969625 0.0 159.21
0.02307313 0.9916259692626589 0.0 159.391
0.0230874 0.9917297259196236 0.0 159.572
0.02310342 0.9918131438712735 0.0 159.753
0.02311286 0.9918028187999353 0.0 159.931
0.02313303 0.9918211325745534 0.0 160.114
0.02314054 0.9919736568702242 0.0 160.298
0.02316157 0.9920498185325911 0.0 160.48
0.02316722 0.9921647555642668 0.0 160.661
0.02319687 0.9922728597563129 0.0 161.023
0.02321311 0.9921549213654667 0.0 161.204
0.02322658 0.9919988902940716 0.0 161.388
0.02323651 0.9918686862834205 0.0 161.567
0.02325565 0.9917879577721738 0.0 161.751
0.02326578 0.991817248392206 0.0 161.932
0.02328552 0.9917956616389484 0.0 162.109
0.02329115 0.9919282670278337 0.0 162.289
0.0233137 0.9921844020899286 0.0 162.469
0.02332005 0.9925987739547298 0.0 162.652
0.0233423 0.9929150029776903 0.0 162.836
0.02335049 0.9930869207576186 0.0 163.017
0.02336739 0.9932886522152028 0.0 163.199
0.02338031 0.9932939287773391 0.0 163.382
0.02339373 0.9932002739684302 0.0 163.566
0.02341002 0.9932613953855434 0.0 163.746
0.02341931 0.9932116183525643 0.0 163.929
0.0234393 0.9931897311892978 0.0 164.111
0.02344435 0.9932439857452082 0.0 164.29
0.02346624 0.9931007059696562 0.0 164.472
0.02347368 0.9929924203634082 0.0 164.651
0.02350641 0.9931364378917084 0.0 165.081
0.02352861 0.9933527610860416 0.0 165.264
0.0235345 0.9935261495136404 0.0 165.444
0.02355454 0.9935647365235192 0.0 165.624
0.02356425 0.993594457628968 0.0 165.803
0.02357869 0.9935786435276714 0.0 165.983
0.02359322 0.9936434387011737 0.0 166.165
0.02360404 0.9937122951922945 0.0 166.346
0.02362237 0.9936720433223252 0.0 166.529
0.02362982 0.9937428228814817 0.0 166.707
0.0236517 0.993778629159318 0.0 166.887
0.02365639 0.9937137226442269 0.0 167.067
0.02367897 0.9935293596091029 0.0 167.248
0.02368647 0.9932992250764577 0.0 167.43
0.02370436 0.9932400490253208 0.0 167.61
0.02371581 0.9932469333953948 0.0 167.789
0.02372972 0.9932922289841752 0.0 167.97
0.02374576 0.9934562321734062 0.0 168.15
0.02375411 0.9935673736675056 0.0 168.333
0.02377451 0.9936037911316817 0.0 168.513
0.02378139 0.9935962580474818 0.0 168.695
0.02380325 0.9935143287757587 0.0 168.876
0.0238088 0.9935864193260767 0.0 169.06
0.02383115 0.9937434934068206 0.0 169.243
0.02383856 0.9938362362734389 0.0 169.423
0.0238549 0.9937981714475562 0.0 169.605
0.02386781 0.993723522362332 0.0 169.786
0.023882 0.9937281556391674 0.0 169.967
0.02389745 0.993650728885825 0.0 170.152
0.02390696 0.9937411663872534 0.0 170.335
0.02392664 0.9938784529194208 0.0 170.516
0.02393285 0.993791731908207 0.0 170.698
0.02395407 0.9936694183413624 0.0 170.879
0.02395991 0.9935823500895894 0.0 171.059
0.02398191 0.993618772157427 0.0 171.241
0.02398936 0.9936711207926195 0.0 171.422
0.02400635 0.9936525213665909 0.0 171.603
0.02401881 0.993697618972716 0.0 171.785
0.02403135 0.9938646386767976 0.0 171.965
0.02404832 0.993946891970913 0.0 172.144
0.02405662 0.9940159490248851 0.0 172.324
0.02407711 0.9940741763255893 0.0 172.506
0.02408131 0.9941502409194439 0.0 172.683
0.0241034 0.994347113527832 0.0 172.867
0.02411036 0.9944990481543953 0.0 173.05
0.02413097 0.9945974593995535 0.0 173.232
0.02414059 0.9947860459470429 0.0 173.412
0.02415589 0.9949305951985548 0.0 173.594
0.02416912 0.9950950519888531 0.0 173.778
0.0241815 0.995242792523598 0.0 173.96
0.02419833 0.9952445063995614 0.0 174.142
0.02420712 0.9950937283100558 0.0 174.32
0.02422734 0.9947716458539696 0.0 174.501
0.02423289 0.9945657029600861 0.0 174.684
0.02425432 0.9945228221738872 0.0 174.865
0.02426124 0.9945152422925755 0.0 175.042
0.02428103 0.994552286293209 0.0 175.224
0.0242911 0.9946211453169886 0.0 175.407
0.02430414 0.9947076662791497 0.0 175.586
0.02431934 0.99469101479991 0.0 175.771
0.02433116 0.9947183873393135 0.0 175.956
0.02434908 0.9947390766275132 0.0 176.142
0.0243549 0.9949317800036904 0.0 176.323
0.02437693 0.9951092365963468 0.0 176.509
0.02438276 0.9952212835712831 0.0 176.689
0.02440522 0.9952168272340753 0.0 176.869
0.02441125 0.9951313479589938 0.0 177.052
0.02443181 0.9950087827689612 0.0 177.233
0.02444075 0.9949586714106501 0.0 177.414
0.02445547 0.9947417232747707 0.0 177.596
0.02446923 0.9945469987157887 0.0 177.778
0.02448134 0.9946730727781246 0.0 177.959
0.02449888 0.9948949869805808 0.0 178.149
0.02450805 0.9950454377125333 0.0 178.33
0.02452776 0.9950825477455301 0.0 178.513
0.02453435 0.9952365748395069 0.0 178.7
0.02455691 0.99527232013775 0.0 178.879
0.02456193 0.9952063531776332 0.0 179.063
0.0245825 0.9950628850039971 0.0 179.251
0.0245907 0.9948347193638871 0.0 179.431
0.02460825 0.9948558057083655 0.0 179.614
0.02461954 0.9949618448008274 0.0 179.796
0.02462948 0.9949114046868777 0.0 179.974
0.02464779 0.9946714253145726 0.0 180.157
0.02465667 0.9945407820494525 0.0 180.337
0.02467684 0.9944783928507521 0.0 180.518
0.02468322 0.9944915606429682 0.0 180.703
0.02470427 0.994629732549973 0.0 180.886
0.02471067 0.9948033373815653 0.0 181.067
0.02473232 0.9947803841632443 0.0 181.249
0.02473886 0.9948916118293524 0.0 181.429
0.0247557 0.9949134712216849 0.0 181.612
0.02476751 0.9947410943460697 0.0 181.791
0.02478184 0.9945649555814586 0.0 181.973
0.02479665 0.9946293426155113 0.0 182.155
0.0248068 0.9948575100382245 0.0 182.336
0.02482537 0.9947968760825467 0.0 182.518
0.02483044 0.9948114739203324 0.0 182.699
0.02485185 0.9947081907956189 0.0 182.879
0.02485893 0.9945813099840272 0.0 183.06
0.02488071 0.9947362835763489 0.0 183.242
0.02488781 0.9949896797575425 0.0 183.425
0.02490032 0.9951353995475721 0.0 183.605
0.02491486 0.9952202121063238 0.0 183.786
0.0249289 0.9953048141389769 0.0 183.968
0.02494493 0.9953660793780382 0.0 184.149
0.02495436 0.9953960424900773 0.0 184.33
0.02497358 0.9955563033669702 0.0 184.509
0.02497912 0.9957693219632586 0.0 184.689
0.02500108 0.9956855760927489 0.0 184.869
0.02500615 0.9955609106602197 0.0 185.05
0.02502697 0.995417230739703 0.0 185.231
0.02503527 0.9953074147683261 0.0 185.409
0.02504997 0.995251025304705 0.0 185.591
0.0250636 0.9954576838728578 0.0 185.772
0.02507515 0.9956245647061462 0.0 185.955
0.02509167 0.9957064283252035 0.0 186.139
0.0250978 0.9955201836733155 0.0 186.321
0.02511896 0.9951956155168287 0.0 186.502
0.02512548 0.9951683329293141 0.0 186.685
0.02514682 0.9951054362523306 0.0 186.865
0.02515238 0.9949198309465863 0.0 187.045
0.02517241 0.994837478837995 0.0 187.224
0.02518174 0.9947668415604607 0.0 187.407
0.02519607 0.9948518636190881 0.0 187.59
0.02521005 0.995116772260346 0.0 187.77
0.02522086 0.9954850925951098 0.0 187.953
0.02523812 0.9955459947631015 0.0 188.133
0.02524544 0.9954574165566512 0.0 188.314
0.02526604 0.9954549956322094 0.0 188.497
0.02527148 0.9956101545568593 0.0 188.677
0.02529328 0.9958657067302038 0.0 188.859
0.02529948 0.9960200257729385 0.0 189.042
0.02531783 0.9959193648743513 0.0 189.226
0.02532739 0.9956287161825821 0.0 189.407
0.02534366 0.9955512373608172 0.0 189.593
0.02535671 0.995675392017176 0.0 189.778
0.02536896 0.9958432114675674 0.0 189.96
0.02538464 0.9961054365688151 0.0 190.142
0.02539266 0.9961570594473598 0.0 190.324
0.02541218 0.9961356700273128 0.0 190.507
0.02541802 0.9961292709121236 0.0 190.682
0.02543956 0.9961862128289725 0.0 190.862
0.02544578 0.9962800757839606 0.0 191.043
0.02546468 0.9962593643795632 0.0 191.224
0.02547357 0.9961892173396543 0.0 191.405
0.02548729 0.9960533753489087 0.0 191.586
0.0255017 0.9958571332384645 0.0 191.769
0.0255125 0.9956859916219355 0.0 191.95
0.02552985 0.9955663221918251 0.0 192.132
0.02553689 0.995578747306874 0.0 192.314
0.02555797 0.995795502738478 0.0 192.496
0.02556232 0.9959510487605882 0.0 192.68
0.02558412 0.9959473030966464 0.0 192.863
0.02559029 0.9959405449466905 0.0 193.043
0.02560944 0.9958793058863021 0.0 193.226
0.02561899 0.9959493741135929 0.0 193.409
0.02563407 0.9961726744552138 0.0 193.59
0.0256471 0.9963984653170062 0.0 193.772
0.02565678 0.9964666212674299 0.0 193.951
0.02567485 0.9963889446754568 0.0 194.135
0.0256823 0.996419281262139 0.0 194.316
0.02570258 0.9964768255562279 0.0 194.498
0.02570829 0.9964705687420813 0.0 194.685
0.02572966 0.9963281376883929 0.0 194.863
0.02573553 0.9962016857395418 0.0 195.045
0.02575301 0.9961221512637284 0.0 195.222
0.0257634 0.9961107710145587 0.0 195.403
0.02577711 0.996176268268955 0.0 195.585
0.02579147 0.9962996745218596 0.0 195.767
0.02580225 0.9963273663605228 0.0 195.948
0.02581988 0.9963483081741628 0.0 196.132
0.02582597 0.996321509392915 0.0 196.313
0.02584573 0.9962998637366128 0.0 196.493
0.02585093 0.9963746746607955 0.0 196.672
0.02587197 0.996351626291799 0.0 196.852
0.02587889 0.9963440459776086 0.0 197.034
0.0258965 0.996244253172024 0.0 197.211
0.02590659 0.99613433529978 0.0 197.393
0.02591868 0.9959809730783189 0.0 197.574
0.0259335 0.9959446210294791 0.0 197.754
0.0259431 0.9959944841511723 0.0 197.936
0.0259622 0.996112680152222 0.0 198.12
0.02596638 0.9960494911156669 0.0 198.3
0.0259872 0.9960065703451378 0.0 198.479
0.02599449 0.9960388356491733 0.0 198.66
0.02601353 0.9960179884646018 0.0 198.839
0.0260222 0.9960084958393577 0.0 199.019
0.02603742 0.9959717095535374 0.0 199.202
0.02605021 0.9957967283813399 0.0 199.385
0.02606332 0.9957220121697042 0.0 199.567
0.02607823 0.9957056933381387 0.0 199.749
0.02608517 0.9957785840314984 0.0 199.932
0.02610509 0.9958372657174631 0.0 200.111
0.02611174 0.9958501077695836 0.0 200.292
0.02613249 0.9959456036081211 0.0 200.475
0.02613781 0.9960001412064124 0.0 200.659
0.0261585 0.996138451457195 0.0 200.838
0.02616573 0.9961707753224739 0.0 201.018
0.02617893 0.9960758451847551 0.0 201.197
0.02619279 0.9958803538801306 0.0 201.38
0.02620405 0.9957088385871822 0.0 201.561
0.02622036 0.9956507533422624 0.0 201.74
0.02622548 0.9955646770125444 0.0 201.924
0.02624647 0.9956221835619361 0.0 202.106
0.02625388 0.9957933759855506 0.0 202.287
0.02627472 0.995731341244081 0.0 202.469
0.02628009 0.9956055159475725 0.0 202.649
0.02629813 0.9955455447317217 0.0 202.83
0.02630765 0.9954948963755873 0.0 203.013
0.02632258 0.9954986800848751 0.0 203.193
0.02633544 0.9955047281225626 0.0 203.376
0.02634541 0.9955742848993199 0.0 203.556
0.02636244 0.9956160006434154 0.0 203.74
0.02636971 0.9956274080556294 0.0 203.921
0.02638967 0.9956842708924073 0.0 204.101
0.02639488 0.9957791443976297 0.0 204.281
0.02641574 0.995756320513681 0.0 204.462
0.02642178 0.9958301685639185 0.0 204.643
0.02643777 0.9958327864683325 0.0 204.824
0.02644836 0.9957206315709168 0.0 205.006
0.02646495 0.99548299677024 0.0 205.194
0.02647641 0.9952700874893474 0.0 205.377
0.02648456 0.9953818518526562 0.0 205.558
0.02650248 0.995661425515952 0.0 205.74
0.02651121 0.9958321308774905 0.0 205.92
0.02653053 0.9959902392318344 0.0 206.1
0.0265355 0.9961054705558506 0.0 206.279
0.02655613 0.996143227876635 0.0 206.455
0.02656124 0.9959767473019928 0.0 206.636
0.02657947 0.9958167803240858 0.0 206.817
0.02658936 0.995707168432409 0.0 206.998
0.02660289 0.9956521485071409 0.0 207.179
0.02661691 0.995536264865058 0.0 207.361
0.02662608 0.9956267843612636 0.0 207.542
0.02664378 0.9956476442299336 0.0 207.724
0.02665085 0.9957185883451588 0.0 207.907
0.02667068 0.9957765792519009 0.0 208.087
0.02667447 0.9958729763327728 0.0 208.265
0.02669352 0.995972785970319 0.0 208.449
0.02670159 0.996162523195015 0.0 208.632
0.02671986 0.9963234999784615 0.0 208.812
0.02672974 0.9963730095981955 0.0 208.992
0.02674284 0.9963780259084509 0.0 209.173
0.02675701 0.9964411858851353 0.0 209.356
0.02675945 0.996340495415584 0.0 209.537
0.02676148 0.9963181672720061 0.0 209.718
0.02676175 0.9961972321256859 0.0 209.896
0.02676234 0.9961161601536356 0.0 210.077
0.02676279 0.9961156678090791 0.0 210.259
0.02676291 0.9961557496924912 0.0 210.442
0.02676276 0.9962162335866263 0.0 210.621
0.02676296 0.9961959081583793 0.0 210.802
0.02676358 0.9961751231904626 0.0 210.981
0.02676317 0.9962962112886072 0.0 211.163
0.02676342 0.9964148178472287 0.0 211.348
0.02676311 0.9965149360385698 0.0 211.528
0.026763 0.99635596307891 0.0 211.709
0.02676355 0.9962153691622921 0.0 211.887
0.02676321 0.9963162740977368 0.0 212.067
0.02676342 0.996394711270886 0.0 212.248
0.02676345 0.996514563896254 0.0 212.431
0.02676333 0.9963948097672745 0.0 212.614
0.0267634 0.9962557464469485 0.0 212.795
0.02676349 0.9959960218172503 0.0 212.977
0.02676341 0.9957354778358499 0.0 213.157
0.02676331 0.9956752674675604 0.0 213.34
0.02676353 0.9958157728899043 0.0 213.522
0.02676335 0.9961954814258653 0.0 213.701
0.02676361 0.9964138559098211 0.0 213.882
0.02676335 0.9962356945816426 0.0 214.066
0.02676342 0.9959960983948914 0.0 214.249
0.02676375 0.9958155322609604 0.0 214.429
0.02676408 0.9957548516324616 0.0 214.609
0.02676334 0.9957355543934658 0.0 214.788
0.02676381 0.9958556797703647 0.0 214.972
0.02676341 0.9959760027579917 0.0 215.153
0.02676075 0.9960181205972496 0.0 215.335
0.0267605 0.9959799401451844 0.0 215.517
0.02675945 0.9960388954553147 0.0 215.698
0.02676017 0.9960187551140477 0.0 215.878
0.02675971 0.9958601644184741 0.0 216.06
0.02675956 0.9958000085069662 0.0 216.241
0.02675965 0.9958200167285688 0.0 216.424
0.02675965 0.9959205500265741 0.0 216.604
0.02675924 0.9959612118581409 0.0 216.786
0.02675957 0.995860317553513 0.0 216.971
0.02675971 0.9957596311270943 0.0 217.153
0.02675967 0.9957998881938597 0.0 217.333
0.02675945 0.9960798627832511 0.0 217.512
0.02675963 0.9963988590800996 0.0 217.692
0.02675983 0.9965185261316529 0.0 217.873
0.02675999 0.9965384576566535 0.0 218.057
0.02675944 0.9966395929896305 0.0 218.24
0.02675956 0.9966997816130583 0.0 218.422
0.02675951 0.9966998363502576 0.0 218.603
0.02676011 0.9966388595559353 0.0 218.779
0.02675982 0.9965587503887917 0.0 218.958
0.02675933 0.9963599794042011 0.0 219.136
0.02675938 0.9962199320266667 0.0 219.317
0.02675954 0.9962197569519627 0.0 219.501
0.02675931 0.9961999019547592 0.0 219.683
0.02675951 0.9960395838140802 0.0 219.862
0.02675923 0.9959009027908423 0.0 220.042
0.02675929 0.9958204104886291 0.0 220.222
0.02675902 0.9958810258294217 0.0 220.4
0.02675755 0.9959228471965375 0.0 220.585
0.0267563 0.9958236808967198 0.0 220.766
0.02675665 0.9959431844248295 0.0 220.948
0.02675608 0.9962436496946014 0.0 221.128
0.02675576 0.9963445335813503 0.0 221.309
0.0267559 0.9962840601439568 0.0 221.491
0.02675586 0.9963042106589287 0.0 221.671
0.02675615 0.9963441067817955 0.0 221.851
0.0267557 0.9963043857491822 0.0 222.032
0.02675596 0.9962638877453651 0.0 222.214
0.02675538 0.9965032901246602 0.0 222.396
0.02675589 0.9966233723689105 0.0 222.58
0.02675579 0.9967031548118227 0.0 222.761
0.02675585 0.9968219702477744 0.0 222.945
0.02675595 0.9969425012074116 0.0 223.127
0.02675561 0.9967827735251023 0.0 223.308
0.02675592 0.9965831260450259 0.0 223.49
0.02675597 0.9964028646489511 0.0 223.671
0.02675523 0.9962847933199426 0.0 223.854
0.02675591 0.9963637221669974 0.0 224.034
0.0267554 0.9965635884943802 0.0 224.214
0.02675562 0.9967425490794997 0.0 224.396
0.02675536 0.9967036255554763 0.0 224.577
0.02675546 0.9966439498269666 0.0 224.759
0.02675595 0.9967230863928213 0.0 224.943
0.02675577 0.996742384860181 0.0 225.122
0.02675601 0.9965830275292201 0.0 225.303
0.02675618 0.996421987553985 0.0 225.486
0.02675576 0.9963445335813503 0.0 225.666
0.02675552 0.9964026031359923 0.0 225.846
0.02675574 0.9964023623631287 0.0 226.028
0.02675601 0.9963636127290897 0.0 226.212
0.02675557 0.9962442077609397 0.0 226.393
0.0267561 0.9961229873816513 0.0 226.572
0.02675585 0.9961031541668419 0.0 226.753
0.02675599 0.9962839616577125 0.0 226.936
0.02675556 0.9964025593590994 0.0 227.114
0.02675605 0.9964020230924726 0.0 227.296
0.02675566 0.9964627701600399 0.0 227.477
0.02675574 0.9964425758550327 0.0 227.663
0.02675592 0.9963828126280833 0.0 227.844
0.02675607 0.9965427483746991 0.0 228.026
0.02675556 0.9966036268583709 0.0 228.207
0.02675646 0.9964224351124525 0.0 228.387
0.02675606 0.9963039917961986 0.0 228.57
0.02675572 0.9965230247299276 0.0 228.75
0.02675598 0.9966433805897744 0.0 228.932
0.02675552 0.9966036706440978 0.0 229.112
0.02675635 0.9965223351611329 0.0 229.292
0.02675585 0.9965228824378758 0.0 229.471
0.02675567 0.9966236131951399 0.0 229.652
0.02675574 0.9966436433145516 0.0 229.834
0.02675582 0.9967038759721659 0.0 230.015
0.02675564 0.9966437527832498 0.0 230.194
0.02675608 0.9965427374289426 0.0 230.374
0.02675594 0.996562997411088 0.0 230.554
0.02675546 0.9964235295566797 0.0 230.733
0.02675593 0.9963041340569622 0.0 230.916
0.0267557 0.9963639519866818 0.0 231.095
0.02675576 0.9965028742022434 0.0 231.276
0.02675592 0.9964624855931657 0.0 231.459
0.02675582 0.9962841476873012 0.0 231.639
0.02675597 0.9962236633209256 0.0 231.819
0.02675562 0.9962441530485259 0.0 231.998
0.02675582 0.9963839274053199 0.0 232.178
0.0267559 0.9965831479374299 0.0 232.36
0.026756 0.9967622397975402 0.0 232.541
0.0267554 0.9969632102194118 0.0 232.723
0.02675601 0.9970630759464585 0.0 232.907
0.0267558 0.9969426654596684 0.0 233.088
0.02675589 0.9968822466803903 0.0 233.271
0.0267558 0.997042445179879 0.0 233.454
0.02675591 0.9972818462825911 0.0 233.635
0.02675603 0.997362141794281 0.0 233.818
0.02675585 0.9972819120058537 0.0 234.0
0.02675585 0.9970624971671636 0.0 234.182
0.02675598 0.9969223616163151 0.0 234.362
0.02675578 0.9967423739122284 0.0 234.546
0.02675618 0.9966431616525658 0.0 234.732
0.02675566 0.9968623917709488 0.0 234.917
0.02675568 0.9970433305978978 0.0 235.101
0.02675592 0.9971217353957256 0.0 235.285
0.02675595 0.9972013755018309 0.0 235.468
0.02675549 0.997221986091193 0.0 235.653
0.0267557 0.9971815425798722 0.0 235.834
0.02675576 0.9971814768632132 0.0 236.015
0.02675624 0.997101278193174 0.0 236.196
0.0267557 0.9968020277333559 0.0 236.378
0.02675593 0.9966635420658475 0.0 236.559
0.02675583 0.9967031110217383 0.0 236.742
0.02675624 0.9968617567135639 0.0 236.922
0.02675582 0.9969426435593643 0.0 237.105
0.0267559 0.9969425559581578 0.0 237.285
0.02675601 0.9970228624664804 0.0 237.467
0.02675596 0.9972616847721189 0.0 237.647
0.02675642 0.9974622482136163 0.0 237.825
0.02675618 0.9974826178903622 0.0 238.006
0.02675585 0.9972618052623311 0.0 238.187
0.02675609 0.9970026681200209 0.0 238.37
0.02675623 0.9969824080736046 0.0 238.548
0.02675636 0.9970023724482975 0.0 238.726
0.02675628 0.9970024600547156 0.0 238.908
0.02675639 0.9969420194011039 0.0 239.095
0.02675581 0.9968823342762985 0.0 239.276
0.02675582 0.9967616828616982 0.0 239.456
0.02675609 0.9967613872613538 0.0 239.637
0.02675603 0.9968619866480408 0.0 239.815
0.02675598 0.9968620413943605 0.0 239.995
0.02675594 0.9969022986744905 0.0 240.178
0.02675599 0.997082450587068 0.0 240.358
0.02675563 0.9972218327460811 0.0 240.54
0.02675591 0.9972818462825911 0.0 240.721
0.02675616 0.9974223195924906 0.0 240.903
0.02675595 0.9974828698802286 0.0 241.082
0.02675581 0.9974227030322093 0.0 241.26
0.02675583 0.9971821541966873 0.0 241.443
0.02675561 0.9968825532661361 0.0 241.627
0.0267562 0.9968215870390129 0.0 241.809
0.02675627 0.9970024710055193 0.0 241.99
0.02675568 0.9972016712327042 0.0 242.173
0.02675606 0.997301788713357 0.0 242.357
0.02675623 0.997361922699191 0.0 242.539
0.02675553 0.9974431165347859 0.0 242.722
0.02675548 0.9976216187343344 0.0 242.905
0.0267559 0.997601051772359 0.0 243.088
0.02675562 0.9975025841766583 0.0 243.265
0.02675573 0.9973825771832691 0.0 243.448
0.026756 0.9973822813987627 0.0 243.629
0.02675593 0.997482891792397 0.0 243.811
0.02675542 0.9974231302939571 0.0 243.987
0.02675558 0.9973224212596146 0.0 244.168
0.02675604 0.9973420241001978 0.0 244.347
0.02675544 0.9973627881253572 0.0 244.531
0.02675606 0.9973621089300113 0.0 244.716
0.02675564 0.9973625690299834 0.0 244.897
0.02675576 0.9972417970997437 0.0 245.076
0.02675597 0.9971611401141025 0.0 245.26
0.02675523 0.997063176158633 0.0 245.443
0.02675562 0.9970031828082542 0.0 245.624
0.02675516 0.9970439000637106 0.0 245.805
0.02675561 0.9973022816478146 0.0 245.986
0.02675588 0.9976412871728448 0.0 246.167
0.02675589 0.9978616963812024 0.0 246.349
0.02675597 0.9978807101030744 0.0 246.53
0.02675553 0.9978620909501988 0.0 246.713
0.02675565 0.9977420729425761 0.0 246.893
0.02675567 0.9975811970447245 0.0 247.073
0.02675599 0.9974828260558949 0.0 247.255
0.0267559 0.9974829246606512 0.0 247.436
0.02675581 0.9974830232654271 0.0 247.618
0.02675649 0.9975408391013919 0.0 247.797
0.02675555 0.9977220757817853 0.0 247.979
0.02675584 0.99778207821035 0.0 248.161
0.02675574 0.9976816540743191 0.0 248.342
0.02675578 0.9976212900060362 0.0 248.524
0.02675588 0.9977619276300053 0.0 248.704
0.02675618 0.9976610651744446 0.0 248.884
0.02675606 0.9975606629764987 0.0 249.068
0.02675612 0.9976008107100002 0.0 249.25
0.02675523 0.9976017859175329 0.0 249.431
0.02675607 0.9976611857128816 0.0 249.611
0.02675601 0.9978806662612627 0.0 249.792
0.02675637 0.9981409051991791 0.0 249.974
0.02675615 0.9982007126000391 0.0 250.155
0.02675615 0.9980406127074952 0.0 250.336
0.02675612 0.9978413375580585 0.0 250.517
0.02675585 0.9977820672509783 0.0 250.698
0.02675598 0.9978020315198217 0.0 250.882
0.02675557 0.9979005012679971 0.0 251.065
0.02675602 0.9977416674621625 0.0 251.243
0.02675615 0.9976007778378693 0.0 251.423
0.02675566 0.9975611012541732 0.0 251.604
0.02675554 0.9975217732399517 0.0 251.786
0.02675596 0.9974627521830516 0.0 251.967
0.02675586 0.9973422212818813 0.0 252.149
0.02675634 0.997241161800726 0.0 252.333
0.02675614 0.9973419145548517 0.0 252.516
0.02675587 0.997422637299665 0.0 252.696
0.02675557 0.9975217403704043 0.0 252.877
0.0267558 0.9975023869632178 0.0 253.061
0.02675646 0.9973616707399564 0.0 253.24
0.02675649 0.9973214244169413 0.0 253.421
0.02675615 0.9974424372848041 0.0 253.603
0.02675602 0.9976009202837851 0.0 253.785
0.02675601 0.997560717761187 0.0 253.97
0.02675608 0.997482727451158 0.0 254.156
0.02675606 0.9974827493633202 0.0 254.341
0.02675592 0.9974829027484814 0.0 254.523
0.02675573 0.997483110914133 0.0 254.708
0.02675576 0.9975225375339302 0.0 254.894
0.02675622 0.9976409146069417 0.0 255.079
0.02675573 0.9976012380478979 0.0 255.26
0.02675585 0.9976011065592749 0.0 255.439
0.02675566 0.9976013147496104 0.0 255.624
0.02675691 0.9975999450779448 0.0 255.805
0.02675604 0.9976008983690263 0.0 255.985
0.02675567 0.9976817307822138 0.0 256.168
0.02675626 0.9979004989844937 0.0 256.348
0.02675669 0.9980400207486358 0.0 256.53
0.02675594 0.9982009428433802 0.0 256.711
0.02675639 0.9982791170522949 0.0 256.894
0.02675623 0.9982013788908854 0.0 257.074
0.02675607 0.9981613408371475 0.0 257.254
0.02675602 0.998000541736678 0.0 257.435
0.02675595 0.9977819576572761 0.0 257.613
0.02675515 0.9976621938536763 0.0 257.802
0.02675543 0.9977222072863957 0.0 257.984
0.02675596 0.9977819466979073 0.0 258.166
0.02675619 0.9977816946324892 0.0 258.347
0.02675602 0.997860548561042 0.0 258.53
0.02675576 0.9979405065062238 0.0 258.713
0.02675557 0.9978620471091838 0.0 258.89
0.02675582 0.9977619933849086 0.0 259.069
0.02675583 0.9975810217300788 0.0 259.249
0.0267558 0.9975408411123166 0.0 259.432
0.02675611 0.9975020473180308 0.0 259.612
0.02675538 0.9974231741156955 0.0 259.792
0.026756 0.9973621746585528 0.0 259.974
0.02675553 0.9974632232853755 0.0 260.153
0.02675605 0.9976008874116472 0.0 260.334
0.02675603 0.9977818699823319 0.0 260.513
0.02675578 0.9979002710938618 0.0 260.696
0.02675589 0.9978021301561337 0.0 260.877
0.02675566 0.9976415282450479 0.0 261.057
0.0267558 0.9976212680908239 0.0 261.24
0.02675575 0.9976414296245871 0.0 261.42
0.02675586 0.9976212023451931 0.0 261.602
0.02675639 0.9977211552504821 0.0 261.78
0.02675546 0.9977623879145111 0.0 261.962
0.02675591 0.9977618947525567 0.0 262.146
0.02675588 0.9978423546014454 0.0 262.323
0.02675557 0.9978024808631789 0.0 262.505
0.02675614 0.9976812157437183 0.0 262.687
0.02675604 0.9976008983690263 0.0 262.868
0.02675558 0.9976818294066673 0.0 263.049
0.0267555 0.9978025575803777 0.0 263.229
0.02675591 0.9978021082369517 0.0 263.411
0.02675547 0.9977221634515218 0.0 263.592
0.02675598 0.9976612843352607 0.0 263.774
0.02675553 0.9978218774490195 0.0 263.955
0.02675586 0.9979806103817117 0.0 264.136
0.02675624 0.9979600871079984 0.0 264.319
0.02675553 0.9979005451107015 0.0 264.502
0.02675561 0.9979205641741193 0.0 264.683
0.0267559 0.9981213137324341 0.0 264.863
0.02675536 0.9982601396761394 0.0 265.042
0.0267561 0.9982794350323032 0.0 265.222
0.02675557 0.9981618890141791 0.0 265.404
0.02675558 0.9981015578021764 0.0 265.584
0.02675594 0.9980006294308382 0.0 265.767
0.02675532 0.998001309061101 0.0 265.948
0.02675579 0.9980812208368204 0.0 266.128
0.02675561 0.9980009911694112 0.0 266.31
0.02675542 0.9978813129283781 0.0 266.491
0.02675562 0.9978024260651867 0.0 266.67
0.02675594 0.9977618618751105 0.0 266.851
0.02675522 0.9978229712067276 0.0 267.032
0.02675582 0.9979009812540882 0.0 267.217
0.02675532 0.9981219495924658 0.0 267.397
0.02675555 0.9982599313482445 0.0 267.579
0.02675574 0.9982403702774577 0.0 267.76
0.02675574 0.9982403702774577 0.0 267.94
0.02675517 0.9981221140391575 0.0 268.123
0.02675556 0.9981015797279443 0.0 268.309
0.02675576 0.9981214672158157 0.0 268.49
0.02675547 0.998041358138169 0.0 268.672
0.02675592 0.9980207580963572 0.0 268.853
0.02675589 0.9980207909823351 0.0 269.036
0.02675603 0.9981010644726459 0.0 269.215
0.02675533 0.9981621521393681 0.0 269.396
0.02675525 0.9983205805573862 0.0 269.578
0.02675524 0.9984412320646454 0.0 269.759
0.02675554 0.9983805828150816 0.0 269.945
0.02675569 0.9982213236897904 0.0 270.126
0.02675492 0.9981626016452204 0.0 270.309
0.02675536 0.9981420124943677 0.0 270.491
0.02675602 0.9980206484764462 0.0 270.669
0.02675549 0.9979005889534097 0.0 270.849
0.02675547 0.9978226972110957 0.0 271.031
0.02675583 0.9977217689378288 0.0 271.211
0.02675572 0.997681675990859 0.0 271.39
0.02675554 0.997821866489207 0.0 271.573
0.02675582 0.997880874509903 0.0 271.754
0.02675579 0.9978223464969065 0.0 271.934
0.02675577 0.9979002820545324 0.0 272.116
0.02675554 0.9979407476507628 0.0 272.293
0.02675521 0.9979008958524761 0.0 272.476
0.02675554 0.997900534150025 0.0 272.656
0.02675627 0.9978997340212924 0.0 272.839
0.0267552 0.9979009068131606 0.0 273.02
0.02675629 0.9978612579715725 0.0 273.201
0.02675575 0.9978022835904355 0.0 273.382
0.02675569 0.9977420291068396 0.0 273.562
0.0267555 0.9976215968191077 0.0 273.745
0.02675555 0.9978017487792469 0.0 273.923
0.02675602 0.9981211821752872 0.0 274.103
0.0267554 0.9983003093245495 0.0 274.283
0.02675609 0.9983397662118014 0.0 274.463
0.02675545 0.9984410017657026 0.0 274.643
0.02675585 0.9985008833319109 0.0 274.826
0.02675596 0.9984806559508984 0.0 275.009
0.02675579 0.9984607356458202 0.0 275.19
0.02675612 0.9985005872157978 0.0 275.372
0.0267561 0.9984201821983131 0.0 275.549
0.02675543 0.9983203831821414 0.0 275.732
0.02675606 0.9983196923694001 0.0 275.912
0.02675563 0.9983201638764057 0.0 276.091
0.02675596 0.9984404424687121 0.0 276.274
0.02675581 0.9988603352572367 0.0 276.455
0.02675627 0.9989998237187823 0.0 276.635
0.0267562 0.9989604410589876 0.0 276.817
0.02675553 0.9988606424513597 0.0 276.998
0.02675625 0.9989201727280623 0.0 277.181
0.02675617 0.9988800470300973 0.0 277.363
0.02675604 0.9988600829193484 0.0 277.542
0.02675582 0.9988603242860215 0.0 277.73
0.02675581 0.9989802217207574 0.0 277.915
0.02675599 0.9990989053180149 0.0 278.098
0.0267553 0.9990008880758775 0.0 278.279
0.02675653 0.9988595453303591 0.0 278.462
0.02675619 0.9986797117297052 0.0 278.642
0.02675588 0.9985410639158321 0.0 278.821
0.0267558 0.9984808314236208 0.0 279.001
0.02675549 0.9986018119110339 0.0 279.185
0.02675556 0.9986796487883502 0.0 279.371
0.0267561 0.9986991631880828 0.0 279.552
0.02675601 0.9987394753930445 0.0 279.732
0.02675561 0.9987801276862993 0.0 279.911
0.02675545 0.9988004099640746 0.0 280.09
0.02675584 0.9987597686248746 0.0 280.273
0.02675595 0.9988601816602458 0.0 280.454
0.02675579 0.9988804639445154 0.0 280.632
0.02675563 0.99884042599077 0.0 280.812
0.02675632 0.9988195622592837 0.0 280.992
0.02675575 0.999099922693054 0.0 281.177
0.02675578 0.9993203099643261 0.0 281.357
0.026755 0.9993211661139565 0.0 281.534
0.02675562 0.999179738344429 0.0 281.712
0.02675572 0.9990790948652146 0.0 281.894
0.02675529 0.9989815462960988 0.0 282.076
0.02675611 0.9989806465475694 0.0 282.257
0.02675587 0.9990394707776578 0.0 282.438
0.02675605 0.9991390529532296 0.0 282.617
0.0267555 0.9990994430361474 0.0 282.797
0.02675585 0.9991794859257984 0.0 282.978
0.02675535 0.9993793428667398 0.0 283.158
0.02675522 0.9993794855667396 0.0 283.34
0.02675588 0.9992598799730791 0.0 283.522
0.026756 0.9991592145648114 0.0 283.703
0.02675531 0.9991800785610458 0.0 283.887
0.02675568 0.9992802062324634 0.0 284.069
0.02675527 0.999180122459981 0.0 284.251
0.02675587 0.998980155885569 0.0 284.43
0.02675593 0.9988400968609145 0.0 284.615
0.02675545 0.9987601964593616 0.0 284.8
0.02675508 0.9990403376598008 0.0 284.982
0.02675537 0.9992805464832666 0.0 285.163
0.02675564 0.9995190177701841 0.0 285.343
0.02675559 0.9996598199073004 0.0 285.525
0.02675568 0.9996999345818707 0.0 285.706
0.02675572 0.9996998906601171 0.0 285.888
0.02675619 0.9996792678437909 0.0 286.071
0.02675543 0.9995192483177324 0.0 286.253
0.02675598 0.9993980040590408 0.0 286.436
0.02675578 0.999518864071878 0.0 286.62
0.02675517 0.9996803878260234 0.0 286.799
0.02675553 0.9996598857873005 0.0 286.979
0.02675537 0.9994589939261106 0.0 287.159
0.02675592 0.9993395090357514 0.0 287.342
0.02675578 0.9993396627064547 0.0 287.523
0.02675583 0.9994182754598154 0.0 287.705
0.0267558 0.9993587421608896 0.0 287.888
0.02675577 0.9992197872141474 0.0 288.073
0.0267556 0.999199867042925 0.0 288.256
0.02675575 0.9993789037900725 0.0 288.434
0.02675575 0.9995591104986872 0.0 288.611
0.02675571 0.9996797948939407 0.0 288.793
0.02675503 0.9997006483109029 0.0 288.973
0.02675545 0.999700187132027 0.0 289.152
0.02675533 0.9996198918773501 0.0 289.336
0.02675554 0.9994990208043492 0.0 289.515
0.02675492 0.9993991676349961 0.0 289.697
0.02675533 0.9995193581023168 0.0 289.878
0.02675518 0.9997992580543565 0.0 290.06
0.02675557 0.9999991432685935 0.0 290.241
0.0267554 0.9998987962246764 0.0 290.423
0.02675526 0.9997991702020779 0.0 290.604
0.02675511 0.9997005604672746 0.0 290.786
0.02675592 0.9997984454213689 0.0 290.97
0.02675521 0.9998788981369653 0.0 291.151
0.02675542 0.9998786675064052 0.0 291.332
0.02675505 0.9997802993912114 0.0 291.512
0.02675512 0.9997005494868224 0.0 291.693
0.02675563 0.999659775987305 0.0 291.876
0.0267555 0.9995995984735471 0.0 292.058
0.02675537 0.9995796344508501 0.0 292.24
0.02675528 0.9995194129946181 0.0 292.422
0.02675555 0.9995593300765596 0.0 292.602
0.02675548 0.9995795136805316 0.0 292.783
0.02675518 0.9995798430541966 0.0 292.965
0.0267554 0.9995594947600269 0.0 293.146
0.02675485 0.9994595647718351 0.0 293.328
0.02675574 0.9995189079856748 0.0 293.505
0.02675519 0.999620045591268 0.0 293.685
0.02675521 0.9997004506627613 0.0 293.866
0.02675545 0.999700187132027 0.0 294.048
0.0267552 0.9996803548853337 0.0 294.23
0.02675554 0.9995794478058245 0.0 294.411
0.02675541 0.9995795905343672 0.0 294.593
0.02675487 0.9995399698768805 0.0 294.774
0.02675522 0.9996602261674393 0.0 294.954
0.0267552 0.9998394496070407 0.0 295.136
0.02675541 0.9999993190082496 0.0 295.317
0.02675507 0.9998790518907315 0.0 295.501
0.02675541 0.9997597973102794 0.0 295.683
0.02675516 0.9996602920474926 0.0 295.866
0.02675567 0.9995793050773224 0.0 296.047
0.02675503 0.9996403280260066 0.0 296.23
0.02675506 0.9997993898328033 0.0 296.411
0.02675473 0.9998794252929314 0.0 296.592
0.02675519 0.9998789201017864 0.0 296.773
0.02675518 0.9997992580543565 0.0 296.953
0.02675532 0.9997003298778242 0.0 297.133
0.02675525 0.9995797662003221 0.0 297.313
0.0267549 0.9995801504698131 0.0 297.495
0.02675545 0.9996197601226012 0.0 297.675
0.02675477 0.9997403933337727 0.0 297.853
0.02675486 0.9998390689906963 0.0 298.033
0.02675455 0.9999801568377258 0.0 298.215
0.02675479 1.0 0.0 298.395
0.02675557 0.9997988297746444 0.0 298.577
0.02675532 0.9996400096121416 0.0 298.766
0.02675496 0.9995398710686662 0.0 298.949
0.02675525 0.9994591256596813 0.0 299.131
0.02675512 0.9995195886500223 0.0 299.317
0.02675503 0.9996202212643746 0.0 299.499
0.02675522 0.9996803329248752 0.0 299.682
0.02675523 0.999759994970111 0.0 299.869
0.02675553 0.9997202060390695 0.0 300.05
0.026755 0.999660467727678 0.0 300.228
0.02675532 0.9995394758360041 0.0 300.411
0.02675525 0.999398805389361 0.0 300.594
0.02675539 0.9994187584631554 0.0 300.777
0.02675604 0.9996392190682502 0.0 300.958
0.02675533 0.9997003188973766 0.0 301.141
0.02675492 0.99960023527561 0.0 301.324
0.02675557 0.9993992081242314 0.0 301.507
0.02675551 0.999100186065466 0.0 301.691
0.02675565 0.9989208310405312 0.0 301.871
0.02675561 0.9989208749280598 0.0 302.05
0.02675579 0.9989407841790584 0.0 302.229
0.02675519 0.9990402169546022 0.0 302.413
0.02675535 0.9991599279075497 0.0 302.594
0.02675511 0.9991400845360298 0.0 302.776
0.02675541 0.9990995418007653 0.0 302.957
0.02675506 0.9991401394075149 0.0 303.14
0.02675502 0.9990999697810016 0.0 303.322
0.02675511 0.9991400845360298 0.0 303.502
0.02675553 0.9992401573687404 0.0 303.683
0.0267553 0.9993602963334643 0.0 303.863
0.02675544 0.9994589170815436 0.0 304.044
0.02675499 0.9994795178450528 0.0 304.225
0.02675555 0.9992200286678118 0.0 304.412
0.02675509 0.9988812319456708 0.0 304.595
0.02675514 0.9987605365331895 0.0 304.775
0.02675514 0.9988409635700006 0.0 304.956
0.02675536 0.998740188436105 0.0 305.142
0.02675527 0.9989406007251793 0.0 305.327
0.0267553 0.9992798693107876 0.0 305.51
0.02675496 0.99939912372642 0.0 305.693
0.02675538 0.9994187694405098 0.0 305.876
0.02675543 0.999559461823329 0.0 306.057
0.02675518 0.9995798430541966 0.0 306.238
0.02675467 0.9994999759115951 0.0 306.42
0.02675493 0.9993991566578516 0.0 306.598
0.02675526 0.9994189011687772 0.0 306.779
0.02675483 0.9996204408558448 0.0 306.959
0.02675461 0.9996407891774812 0.0 307.139
0.02675504 0.9993997899128331 0.0 307.323
0.02675597 0.9993987690389428 0.0 307.506
