X_channel Y_channel II_channel timestamp
0.02675216 0.9956960242807943 0.0 0.0
0.02675224 0.9957750963204944 0.0 0.166
0.02675235 0.9958332261939382 0.0 0.333
0.02675286 0.9958732342982143 0.0 0.514
0.02675217 0.9958531395419055 0.0 0.692
0.02675194 0.9958131898268082 0.0 0.872
0.02674993 0.9957935680204247 0.0 1.051
0.02674496 0.9957925317750626 0.0 1.235
0.02673822 0.9958103291534777 0.0 1.417
0.02672428 0.9957882200167122 0.0 1.599
0.02671552 0.9956883856335375 0.0 1.778
0.02669566 0.9956243933717895 0.0 1.96
0.02669104 0.9955835290276267 0.0 2.141
0.02667572 0.9957000388876288 0.0 2.32
0.02666675 0.9958552792145996 0.0 2.499
0.02665379 0.995932378812076 0.0 2.679
0.02664219 0.9960496624468458 0.0 2.867
0.02663712 0.9960885059013721 0.0 3.049
0.02661932 0.9960847935985058 0.0 3.226
0.02661358 0.9961816023427621 0.0 3.406
0.02659501 0.996475486188174 0.0 3.589
0.02659159 0.9964947228612859 0.0 3.769
0.02657268 0.9962521240637121 0.0 3.951
0.02656693 0.9961910743636728 0.0 4.132
0.026551 0.9963074520018623 0.0 4.311
0.02654254 0.9964652872867643 0.0 4.491
0.02653193 0.9965411279242491 0.0 4.671
0.0265185 0.9965974273880132 0.0 4.85
0.02651066 0.9965366900161331 0.0 5.03
0.0264939 0.9964750893363877 0.0 5.213
0.02648801 0.9964738604965822 0.0 5.397
0.02646974 0.9964700488175193 0.0 5.58
0.02646648 0.996469368685186 0.0 5.763
0.02644822 0.9964655591267649 0.0 5.944
0.02644101 0.9964832563930608 0.0 6.131
0.02642657 0.9965782457820609 0.0 6.311
0.02641666 0.9965170777314492 0.0 6.493
0.02640792 0.9964571514968593 0.0 6.674
0.02639203 0.9963341402165764 0.0 6.853
0.02638261 0.9961526312058978 0.0 7.037
0.02636716 0.9962491553298403 0.0 7.219
0.02636211 0.9963677975086963 0.0 7.396
0.02634319 0.9965608488104285 0.0 7.575
0.02633869 0.9966796048316385 0.0 7.758
0.02631939 0.9968533736612278 0.0 7.939
0.02631406 0.9968914112832319 0.0 8.121
0.02629833 0.9966312851009753 0.0 8.302
0.02628867 0.9965494737143639 0.0 8.488
0.02627704 0.9965470472555397 0.0 8.673
0.026264 0.9965642754718116 0.0 8.851
0.02625579 0.996642357761599 0.0 9.032
0.02623871 0.9967385375969867 0.0 9.212
0.02623485 0.9968948282691228 0.0 9.396
0.0262151 0.997109393220988 0.0 9.575
0.02620998 0.9971863733654435 0.0 9.758
0.02619114 0.9971824401859116 0.0 9.938
0.0261847 0.9972209927489833 0.0 10.121
0.02616887 0.9974171722921563 0.0 10.301
0.0261591 0.9976128707140205 0.0 10.485
0.02614737 0.9977493112569589 0.0 10.668
0.02613364 0.9977663915917429 0.0 10.848
0.02612603 0.9977249054401648 0.0 11.03
0.02610887 0.9977213211170458 0.0 11.211
0.02610399 0.9978791391251517 0.0 11.393
0.02608399 0.9980328002202623 0.0 11.575
0.02607954 0.998051818508213 0.0 11.754
0.02606101 0.9981077907729167 0.0 11.935
0.02605389 0.9981063030176479 0.0 12.113
0.02604036 0.9980236842509344 0.0 12.295
0.02602822 0.9980011999162021 0.0 12.476
0.02601714 0.9980587283952074 0.0 12.656
0.02600238 0.9980955399090404 0.0 12.839
0.02599562 0.9981739182905895 0.0 13.021
0.02597683 0.9982871842328394 0.0 13.201
0.02597307 0.9984459794403996 0.0 13.382
0.02595296 0.9985614612817324 0.0 13.564
0.02594741 0.9984406159735415 0.0 13.745
0.02592934 0.9981593202079653 0.0 13.928
0.02592224 0.998018952731425 0.0 14.108
0.02590811 0.9979362111418384 0.0 14.288
0.02588786 0.9976153177838236 0.0 14.636
0.02587029 0.997591701211357 0.0 14.825
0.02586381 0.9975903479408728 0.0 15.006
0.02584514 0.9977061315029188 0.0 15.184
0.02584107 0.9978249638843653 0.0 15.365
0.02581965 0.9978204895689851 0.0 15.545
0.0258147 0.9978194555942479 0.0 15.727
0.02579929 0.9978354355999167 0.0 15.907
0.02578848 0.9979710601777806 0.0 16.088
0.02577588 0.9979883746683919 0.0 16.269
0.02576235 0.9979257077895134 0.0 16.447
0.0257539 0.9977469155040303 0.0 16.628
0.02573595 0.9975636466602922 0.0 16.807
0.02570785 0.9977963888897177 0.0 17.234
0.02570156 0.9978930622142526 0.0 17.414
0.02568217 0.9977518802013289 0.0 17.594
0.0256778 0.9977310210755753 0.0 17.778
0.02565808 0.9977269023917107 0.0 17.959
0.0256524 0.997725716083396 0.0 18.138
0.02563632 0.997682465237888 0.0 18.318
0.02562616 0.9976005586482762 0.0 18.498
0.02561239 0.9976176291937352 0.0 18.681
0.02559884 0.9976746377102748 0.0 18.865
0.02558945 0.9978304995827515 0.0 19.044
0.02557293 0.9978861388533358 0.0 19.228
0.02556746 0.9979448340384693 0.0 19.41
0.02554714 0.9979804809227416 0.0 19.587
0.02554196 0.998197057612228 0.0 19.767
0.02552178 0.9984513876742165 0.0 19.95
0.02551551 0.998370294367177 0.0 20.13
0.02549817 0.9980692311725391 0.0 20.314
0.02548826 0.9979282895116801 0.0 20.497
0.02547628 0.9979457325420038 0.0 20.679
0.02546154 0.9981204176121671 0.0 20.859
0.02545282 0.998237520500685 0.0 21.041
0.02543488 0.9981539903443181 0.0 21.222
0.02542893 0.9982524739380023 0.0 21.404
0.02540891 0.9984277980582713 0.0 21.584
0.02540448 0.9983072007112251 0.0 21.764
0.02538532 0.9981635807060129 0.0 21.945
0.02537788 0.9983016422006045 0.0 22.131
0.02536102 0.998496821815456 0.0 22.313
0.02535048 0.9984155867369526 0.0 22.495
0.02533764 0.9980955289656495 0.0 22.676
0.02532291 0.9979735300454674 0.0 22.853
0.02531624 0.9981299506088187 0.0 23.032
0.02529636 0.9983045524317501 0.0 23.215
0.02529051 0.9983432195540498 0.0 23.396
0.02527011 0.998239233126556 0.0 23.578
0.02526522 0.99815843269383 0.0 23.76
0.02524795 0.9981747690750579 0.0 23.939
0.02523837 0.9982326011730277 0.0 24.121
0.02522304 0.9982293980587896 0.0 24.302
0.02521075 0.9982667190348502 0.0 24.484
0.02519898 0.9983839260508651 0.0 24.665
0.02518335 0.9985576656981463 0.0 24.847
0.02517437 0.9987552316945977 0.0 25.027
0.02515567 0.9988692426051781 0.0 25.207
0.02515047 0.9989272400846669 0.0 25.387
0.0251303 0.9989230228298028 0.0 25.567
0.02512451 0.998901868148679 0.0 25.75
0.02510479 0.9988005181078587 0.0 25.934
0.02509659 0.998798803836219 0.0 26.117
0.02508076 0.998795494472369 0.0 26.297
0.02506913 0.998930177137898 0.0 26.48
0.02505937 0.9991268267010531 0.0 26.663
0.02504198 0.9993009386100256 0.0 26.846
0.02503432 0.9991804221005461 0.0 27.026
0.02501511 0.9989188825774143 0.0 27.207
0.02501091 0.9988781172308342 0.0 27.392
0.02499061 0.9990134777929622 0.0 27.57
0.02498286 0.9991888557752904 0.0 27.752
0.02496215 0.9991845246326294 0.0 27.933
0.02495405 0.999182830666236 0.0 28.116
0.0249403 0.9991799551191509 0.0 28.299
0.02492705 0.9991390426715725 0.0 28.476
0.02491588 0.9990576818197301 0.0 28.658
0.02489899 0.9990940363575577 0.0 28.838
0.02489078 0.9991695991041709 0.0 29.021
0.02487171 0.9993251553102951 0.0 29.205
0.02486678 0.9995028633627719 0.0 29.385
0.02484507 0.9996760630114864 0.0 29.565
0.02483976 0.999635066214796 0.0 29.747
0.02482076 0.9994540985526504 0.0 29.924
0.0248114 0.999392312283999 0.0 30.106
0.02479943 0.999508717040008 0.0 30.283
0.02478389 0.9995834918556141 0.0 30.465
0.02477313 0.9995221607863343 0.0 30.646
0.02475552 0.9993806240626335 0.0 30.827
0.02474852 0.9992993898642604 0.0 31.006
0.02472816 0.999215361943075 0.0 31.187
0.02472346 0.999194436632883 0.0 31.368
0.02470138 0.9992496461534545 0.0 31.552
0.02469547 0.9994470852527748 0.0 31.734
0.0246777 0.9996011610179679 0.0 31.917
0.02466695 0.9997385072590562 0.0 32.098
0.02465411 0.9997757049266366 0.0 32.277
0.02463873 0.999772486791143 0.0 32.458
0.02462914 0.9998303062194576 0.0 32.639
0.02461142 0.9998265982773671 0.0 32.819
0.02460546 0.9998634900571576 0.0 32.999
0.02458344 0.9998199956492896 0.0 33.181
0.02457853 0.9996003562182304 0.0 33.358
0.0245582 0.9994383143047845 0.0 33.538
0.02455003 0.9995545106204246 0.0 33.72
0.02453652 0.9996115093374792 0.0 33.901
0.02452218 0.999528743105358 0.0 34.083
0.02450973 0.9994481175781991 0.0 34.265
0.02449278 0.9993256713334784 0.0 34.451
0.02448458 0.9993438977917235 0.0 34.632
0.02446481 0.9994387218681715 0.0 34.812
0.02445872 0.9994955271112265 0.0 34.995
0.02443799 0.9994911909310221 0.0 35.175
0.02443288 0.999609769231536 0.0 35.357
0.02441216 0.999823042026425 0.0 35.537
0.02440373 1.0 0.0 35.72
0.02438809 0.9998970218549267 0.0 35.9
0.02437536 0.9997173820511099 0.0 36.081
0.02436291 0.9996350136806708 0.0 36.264
0.02434656 0.9996914157780575 0.0 36.444
0.02433935 0.9997696705897982 0.0 36.627
0.02431835 0.9998226064014955 0.0 36.807
0.02431307 0.9998613830210008 0.0 36.991
0.02429069 0.999718860720195 0.0 37.173
0.02428494 0.9995189997262833 0.0 37.354
0.02426777 0.9994555867294143 0.0 37.535
0.02425676 0.999493164822963 0.0 37.717
0.02424074 0.9996692775448515 0.0 37.899
0.02422736 0.999686418769653 0.0 38.08
0.02421559 0.9996440758562534 0.0 38.263
0.02419865 0.9997394854303534 0.0 38.443
0.02419075 0.9996588196522692 0.0 38.626
0.02417051 0.9995150048064964 0.0 38.808
0.02416524 0.9995936628157511 0.0 38.989
0.02414251 0.9995490281463286 0.0 39.169
0.02413656 0.9994480837758776 0.0 39.349
0.02411538 0.9993656392319913 0.0 39.533
0.02410727 0.9992251120522931 0.0 39.711
0.02409324 0.9991822987876475 0.0 39.894
0.024079 0.9991195021477289 0.0 40.074
0.02406871 0.999117350721722 0.0 40.257
0.02404979 0.9992130929513345 0.0 40.44
0.02404275 0.9992116209031732 0.0 40.618
0.02402159 0.9990476805849339 0.0 40.801
0.02401701 0.9989869046997782 0.0 40.983
0.0239966 0.9991222136485199 0.0 41.163
0.02398803 0.9994377066035207 0.0 41.344
0.02396882 0.9995525768286025 0.0 41.529
0.02395838 0.9995105147134743 0.0 41.71
0.02394415 0.999407842646355 0.0 41.892
0.0239289 0.9993074502830118 0.0 42.075
0.02391663 0.9992450673544028 0.0 42.256
0.02390035 0.9991419683674119 0.0 42.44
0.02389196 0.9990405195244169 0.0 42.627
0.02387167 0.9990960943775454 0.0 42.808
0.02386579 0.9992735668310244 0.0 42.986
0.02384288 0.9994066028096987 0.0 43.165
0.02383721 0.9994253557570403 0.0 43.347
0.02381657 0.9993612233947643 0.0 43.53
0.02380848 0.9993403407329458 0.0 43.713
0.02379352 0.9991993873212738 0.0 43.894
0.02377862 0.9991962719797229 0.0 44.076
0.02376712 0.9993316918475151 0.0 44.253
0.02374967 0.9993472335395074 0.0 44.432
0.02374567 0.9992093210813915 0.0 44.612
0.02372291 0.9990251182532718 0.0 44.793
0.02371603 0.9989239890066799 0.0 44.975
0.02369287 0.9988418878899369 0.0 45.157
0.02368708 0.9987011111670041 0.0 45.338
0.02366793 0.9985774812870748 0.0 45.514
0.0236571 0.9985552804228036 0.0 45.696
0.02364272 0.9985522758281593 0.0 45.877
0.02362738 0.9985490706685475 0.0 46.066
0.02361618 0.998508599519309 0.0 46.248
0.02359819 0.9985437193929326 0.0 46.431
0.02359048 0.9986011738611518 0.0 46.615
0.02356911 0.9985967086212667 0.0 46.8
0.02356318 0.9986951573955035 0.0 46.982
0.02354112 0.9986905475739984 0.0 47.164
0.02353501 0.9986493958916988 0.0 47.345
0.02351783 0.998705618146481 0.0 47.525
0.02350636 0.9986832839524912 0.0 47.709
0.02349097 0.9985412548033338 0.0 47.886
0.02347603 0.9983405058251501 0.0 48.066
0.02346367 0.9981592372236774 0.0 48.249
0.02344632 0.9980377356740677 0.0 48.433
0.02343928 0.998115266103983 0.0 48.615
0.02341695 0.9981487321219803 0.0 48.796
0.02341192 0.9980504890566446 0.0 48.978
0.02338907 0.9979260963412574 0.0 49.159
0.02338295 0.9978849448575331 0.0 49.342
0.02336459 0.9977423019278935 0.0 49.52
0.0233534 0.9975024700638453 0.0 49.702
0.02333869 0.9972427158368651 0.0 49.883
0.02332346 0.9970601089338347 0.0 50.063
0.02331354 0.9969010393306045 0.0 50.245
0.02329333 0.9967772052568113 0.0 50.425
0.02328634 0.9965571945398595 0.0 50.608
0.02326488 0.9962162945141317 0.0 50.788
0.02325905 0.9957799696202361 0.0 50.971
0.02323696 0.9951015235303814 0.0 51.151
0.0232301 0.993951273036727 0.0 51.328
0.02321321 0.9931164249192167 0.0 51.507
0.02320025 0.9933312841997923 0.0 51.69
0.02318583 0.9942595473619625 0.0 51.875
0.02316958 0.9951273669109475 0.0 52.055
0.02316005 0.9956006043900316 0.0 52.237
0.0231403 0.9958339756689883 0.0 52.417
0.0231349 0.9960115250052561 0.0 52.596
0.02311198 0.996184425561642 0.0 52.776
0.02310619 0.9963419564898043 0.0 52.958
0.0230842 0.9965150483199959 0.0 53.141
0.02307609 0.9966920296916414 0.0 53.324
0.0230586 0.9967083180123594 0.0 53.503
0.02304569 0.996705625888953 0.0 53.693
0.02303265 0.9967029066713985 0.0 53.874
0.02301584 0.9967193366054006 0.0 54.058
0.02300453 0.9966771076510718 0.0 54.245
0.02298523 0.9964555408058382 0.0 54.425
0.02297893 0.9960978869712807 0.0 54.607
0.02295677 0.9957568651036066 0.0 54.785
0.02295182 0.9955173612467222 0.0 54.968
0.02293021 0.9952561982238843 0.0 55.15
0.02292145 0.9950749601978229 0.0 55.33
0.02290343 0.9950712087552928 0.0 55.513
0.02289127 0.9951882858618606 0.0 55.697
0.02288011 0.9951460928602288 0.0 55.877
0.02286191 0.9950035087632484 0.0 56.06
0.02285152 0.9947838096233181 0.0 56.241
0.02283146 0.9946019684104701 0.0 56.422
0.02282421 0.9945214694370137 0.0 56.602
0.0228023 0.9943973044400964 0.0 56.785
0.022797 0.9940199405956773 0.0 56.967
0.022774 0.9936987009933033 0.0 57.15
0.02276582 0.9934595338204936 0.0 57.334
0.02274837 0.993197510400186 0.0 57.513
0.02273551 0.9927794612079469 0.0 57.697
0.02272033 0.9925189099752316 0.0 57.877
0.02270534 0.9923762595475838 0.0 58.059
0.02269615 0.9922572396655206 0.0 58.24
0.02267646 0.991934957985341 0.0 58.419
0.02266962 0.9915184163661224 0.0 58.599
0.02264642 0.9910775534296719 0.0 58.785
0.02264089 0.9905023157312736 0.0 58.966
0.0226188 0.9899829524498583 0.0 59.148
0.02261048 0.9895651155834839 0.0 59.329
0.02259618 0.9893635674238963 0.0 59.509
0.02258112 0.9892814640276191 0.0 59.691
0.02256847 0.9891011894506531 0.0 59.868
0.02255029 0.988642199993525 0.0 60.052
0.02254133 0.9881445059202237 0.0 60.234
0.02252 0.9875662692205904 0.0 60.414
0.02251214 0.9868712197783848 0.0 60.596
0.02249004 0.986471234584331 0.0 60.778
0.02248498 0.9860740206167976 0.0 60.959
0.02246307 0.9855345497081175 0.0 61.143
0.02245434 0.9848600130730513 0.0 61.327
0.02243651 0.9840052061917081 0.0 61.506
0.02242441 0.9831705203342006 0.0 61.688
0.02240978 0.982493784211188 0.0 61.867
0.02239325 0.9818774566927657 0.0 62.051
0.02238519 0.9811425286750226 0.0 62.231
0.02236482 0.980445691081208 0.0 62.415
0.02235762 0.9795721657984539 0.0 62.603
0.0223349 0.978736078066351 0.0 62.786
0.02232893 0.9779036738898327 0.0 62.968
0.02230981 0.9770085378886902 0.0 63.15
0.02229905 0.9759574017893162 0.0 63.333
0.02227836 0.9747447876706008 0.0 63.517
0.02226729 0.9733746858444619 0.0 63.698
0.02225193 0.9720635143819312 0.0 63.88
0.02223722 0.970832211485049 0.0 64.059
0.02222651 0.9696216594538035 0.0 64.243
0.02220704 0.9682715589612986 0.0 64.424
0.02219816 0.9665082809985162 0.0 64.606
0.02217637 0.9649780976061417 0.0 64.791
0.02217097 0.9630770125073287 0.0 64.973
0.02214789 0.9611913120742008 0.0 65.153
0.0221403 0.9592098274487779 0.0 65.335
0.02212188 0.957265296287403 0.0 65.512
0.02210978 0.9552629959632923 0.0 65.694
0.02209835 0.9530824528253358 0.0 65.871
0.0220802 0.950643966917676 0.0 66.053
0.02206981 0.9478689533227783 0.0 66.232
0.0220489 0.9452321382733531 0.0 66.42
0.02204487 0.9421427474761984 0.0 66.603
0.02202152 0.9392665672072026 0.0 66.783
0.02201386 0.9358991967857436 0.0 66.962
0.02199114 0.9320929086860553 0.0 67.144
0.02198335 0.9278343820297711 0.0 67.324
0.02196442 0.9235547828083366 0.0 67.508
0.02195265 0.9191966217057906 0.0 67.689
0.02193934 0.9145021043424377 0.0 67.869
0.02192207 0.9097261400864487 0.0 68.051
0.02191241 0.9040034485858489 0.0 68.232
0.02189188 0.8983161076966995 0.0 68.413
0.02188541 0.8913656004514485 0.0 68.593
0.0218624 0.8848863975627465 0.0 68.776
0.0218564 0.8774213338086226 0.0 68.956
0.02183371 0.8697357618006716 0.0 69.138
0.02182487 0.8612595334048697 0.0 69.316
0.02181118 0.852249585904367 0.0 69.496
0.02179544 0.843198471533544 0.0 69.68
0.02178189 0.8328804911688509 0.0 69.865
0.02176437 0.8221069825075474 0.0 70.046
0.02175415 0.809432969179164 0.0 70.23
0.02173378 0.7977687628807425 0.0 70.413
0.02172791 0.7840477817835892 0.0 70.593
0.02170386 0.7708179154355596 0.0 70.772
0.02169795 0.7559485928884264 0.0 70.956
0.02167582 0.7417501675668229 0.0 71.138
0.02166674 0.7263456239994881 0.0 71.317
0.02165032 0.7105240173002448 0.0 71.501
0.02163594 0.6948024633419962 0.0 71.685
0.02162299 0.6788029417517099 0.0 71.867
0.02160536 0.6637736690782079 0.0 72.049
0.02159652 0.6484300686116947 0.0 72.229
0.02157527 0.6348446368246957 0.0 72.411
0.02156864 0.6216388847873472 0.0 72.592
0.02154531 0.610489725648047 0.0 72.774
0.02153878 0.6007086736751016 0.0 72.954
0.0215168 0.5930648715387947 0.0 73.137
0.02150823 0.5879552590265507 0.0 73.318
0.02149208 0.5849639334601002 0.0 73.5
0.02147777 0.5843486225864482 0.0 73.677
0.0214654 0.5860293522323741 0.0 73.857
0.02144676 0.5897096499218795 0.0 74.04
0.02143739 0.5962219415850178 0.0 74.22
0.02141649 0.603663420590266 0.0 74.406
0.02141023 0.6138969573106845 0.0 74.587
0.02138668 0.6238920576719514 0.0 74.77
0.02138008 0.6358682031646333 0.0 74.95
0.02135882 0.6479212954480368 0.0 75.132
0.02134908 0.6610061655452684 0.0 75.309
0.02133336 0.6747039299456085 0.0 75.493
0.02131805 0.6878668400999771 0.0 75.672
0.02130796 0.701722934959958 0.0 75.852
0.02128699 0.7138353801478402 0.0 76.035
0.02127986 0.7271377810045887 0.0 76.215
0.02125673 0.7390521737962653 0.0 76.397
0.02125205 0.7519580234587034 0.0 76.581
0.02122996 0.7629024055186094 0.0 76.764
0.02122144 0.773769171434129 0.0 76.946
0.02120064 0.7841000698216924 0.0 77.129
0.02118988 0.7942330206227161 0.0 77.311
0.02117424 0.8040098953192172 0.0 77.492
0.02115827 0.8127770709363941 0.0 77.675
0.02114769 0.8214071161654036 0.0 77.858
0.02112782 0.8288465913158564 0.0 78.039
0.02112042 0.8367041696827247 0.0 78.221
0.02109743 0.8435501512880289 0.0 78.398
0.02109099 0.8506157193558763 0.0 78.582
0.02106684 0.8568080222249722 0.0 78.761
0.02106014 0.8629635576761021 0.0 78.942
0.02103983 0.8685618829933872 0.0 79.12
0.02102875 0.8737864732699829 0.0 79.3
0.02101623 0.878711870412744 0.0 79.479
0.02099902 0.8830445468723974 0.0 79.659
0.0209894 0.8876159790953305 0.0 79.841
0.02096819 0.8917493328546107 0.0 80.022
0.02096311 0.8960831956344946 0.0 80.208
0.02093962 0.8996025688193406 0.0 80.389
0.02093245 0.9031040668013137 0.0 80.569
0.02090973 0.906327122182454 0.0 80.75
0.02090164 0.9095130767635653 0.0 80.932
0.02088433 0.912597379698363 0.0 81.111
0.02087015 0.9155836242929979 0.0 81.291
0.02085584 0.9185299736469236 0.0 81.471
0.02083885 0.9212192389977477 0.0 81.653
0.02082915 0.9236725232622827 0.0 81.832
0.02080825 0.9259642197998342 0.0 82.017
0.02080184 0.9284768993571201 0.0 82.197
0.02077812 0.9304716143365933 0.0 82.378
0.02077187 0.9324495411162989 0.0 82.559
0.02074918 0.9341672069881755 0.0 82.74
0.02074173 0.9360861009297252 0.0 82.923
0.02072486 0.9379234381983668 0.0 83.103
0.02070961 0.9395633185942548 0.0 83.286
0.02069801 0.9412240816180159 0.0 83.465
0.02067851 0.9427637256891939 0.0 83.646
0.02067314 0.9443467456684249 0.0 83.827
0.02065002 0.945687893163582 0.0 84.009
0.02064194 0.9471508112857718 0.0 84.19
0.02061895 0.9484538551378238 0.0 84.37
0.02061232 0.9497177944664383 0.0 84.55
0.02059061 0.9509214465906635 0.0 84.729
0.02058118 0.952107607597016 0.0 84.911
0.02056602 0.9531929963303324 0.0 85.089
0.02055012 0.9541195776630802 0.0 85.271
0.02053749 0.9551275019395098 0.0 85.451
0.02051922 0.9560727751984724 0.0 85.631
0.02051155 0.957062502801451 0.0 85.813
0.02048886 0.9578890730160594 0.0 85.994
0.02048164 0.9587177404802331 0.0 86.18
0.02045743 0.9595845891007616 0.0 86.365
0.02045154 0.960513138631284 0.0 86.551
0.02043211 0.9612813110575098 0.0 86.733
0.02042071 0.9620510926233975 0.0 86.916
0.02040264 0.9627796788745399 0.0 87.098
0.02038848 0.9634891230437008 0.0 87.284
0.02037368 0.9641595816512095 0.0 87.469
0.02035728 0.9646309694023372 0.0 87.655
0.0203472 0.9651636508500749 0.0 87.836
0.02032633 0.9659314967769155 0.0 88.018
0.02031938 0.9668398746924477 0.0 88.199
0.02029688 0.9676083752449872 0.0 88.379
0.02029099 0.9682596921083928 0.0 88.558
0.02026817 0.968651805233738 0.0 88.742
0.02025898 0.9689654869298625 0.0 88.926
0.02024114 0.9695760210239327 0.0 89.105
0.02022759 0.9702456975489022 0.0 89.287
0.02021439 0.9707976430113349 0.0 89.472
0.0201965 0.9713675602268316 0.0 89.655
0.02018632 0.9719791360733488 0.0 89.838
0.02016487 0.9723508308847447 0.0 90.022
0.02015937 0.9726667434115652 0.0 90.205
0.02013589 0.9729426373330269 0.0 90.388
0.02012856 0.9735146866886959 0.0 90.57
0.02010483 0.9741043133789937 0.0 90.755
0.02009757 0.9743202457401979 0.0 90.939
0.0200778 0.97451370531169 0.0 91.12
0.02006589 0.9748285521153219 0.0 91.298
0.02005192 0.9752605226205057 0.0 91.475
0.02003474 0.975672909032107 0.0 91.657
0.02002459 0.9760867272081833 0.0 91.842
0.02000375 0.9765964804656843 0.0 92.025
0.01999737 0.9770509095353415 0.0 92.205
0.01997398 0.9773631497334497 0.0 92.385
0.01996835 0.9774598689177251 0.0 92.565
0.01994444 0.9774741578115221 0.0 92.748
0.01993653 0.9775323085677529 0.0 92.93
0.01991902 0.9777279535561908 0.0 93.109
0.01990492 0.9781202801353551 0.0 93.293
0.01989111 0.9784543911223352 0.0 93.474
0.01987363 0.9785885272636328 0.0 93.657
0.01986591 0.9789440523519652 0.0 93.84
0.01984334 0.9792165984765895 0.0 94.021
0.01983612 0.9794716164486154 0.0 94.203
0.01981138 0.979665022264561 0.0 94.383
0.01980662 0.9799810546523282 0.0 94.562
0.01978382 0.9802727201118476 0.0 94.743
0.01977515 0.980548104902875 0.0 94.923
0.01975843 0.9808011691460308 0.0 95.1
0.01974416 0.9810166339963957 0.0 95.283
0.01973148 0.981231427669723 0.0 95.462
0.01971225 0.9814060292307443 0.0 95.645
0.01970417 0.9815239002212631 0.0 95.825
0.01968153 0.981636292441478 0.0 96.006
0.01967606 0.9818144620978143 0.0 96.186
0.01965185 0.9818685092952568 0.0 96.369
0.01964464 0.982024655988746 0.0 96.549
0.01962404 0.9821200323184118 0.0 96.732
0.01961306 0.982276399560986 0.0 96.912
0.01959725 0.9824706200465769 0.0 97.092
0.0195818 0.982567051435842 0.0 97.274
0.01956997 0.9827613403983513 0.0 97.453
0.0195506 0.9831532873253536 0.0 97.63
0.01954315 0.9834488251114967 0.0 97.81
0.01952037 0.9834832358496698 0.0 97.993
0.01951451 0.9834421895855038 0.0 98.178
0.0194897 0.9834370886098267 0.0 98.36
0.01948298 0.9834954686556384 0.0 98.544
0.01946307 0.9837685185636771 0.0 98.722
0.01945165 0.9840044679689586 0.0 98.903
0.01943697 0.9841003028723226 0.0 99.086
0.01942016 0.9840776711598619 0.0 99.269
0.01940911 0.9840753978324355 0.0 99.451
0.01938895 0.9840712503227623 0.0 99.633
0.01938044 0.9840886727017679 0.0 99.817
0.01935773 0.9842615378894953 0.0 100.001
0.01935194 0.9845574037089556 0.0 100.18
0.01932854 0.9847111996744121 0.0 100.362
0.01932081 0.9848283806905256 0.0 100.543
0.0192998 0.9849019912895531 0.0 100.727
0.01928895 0.9849993560535535 0.0 100.906
0.01927681 0.9852341496501474 0.0 101.086
0.0192578 0.9855872934573169 0.0 101.268
0.019247 0.9858223601916585 0.0 101.449
0.01922666 0.9860347928440893 0.0 101.632
0.0192186 0.9861725676324915 0.0 101.815
0.01919542 0.9862673856612915 0.0 101.996
0.01918909 0.9862859998823528 0.0 102.179
0.01916385 0.986338810606235 0.0 102.363
0.01915778 0.9864563272787056 0.0 102.545
0.01913757 0.9866314317346381 0.0 102.726
0.01912636 0.9868258205049943 0.0 102.907
0.01910964 0.9869817233335713 0.0 103.089
0.01909501 0.9871953233232988 0.0 103.269
0.019082 0.9872125573571564 0.0 103.451
0.01906326 0.9871290147083281 0.0 103.632
0.01905686 0.9870305899661078 0.0 103.81
0.01903308 0.9869460086433873 0.0 103.991
0.0190278 0.9869050819757694 0.0 104.172
0.01900303 0.9869198903727074 0.0 104.355
0.01899578 0.9871158370829777 0.0 104.54
0.01897993 0.9873700126332539 0.0 104.718
0.01896471 0.9874647203716395 0.0 104.898
0.01894811 0.9875011304781178 0.0 105.08
0.01893125 0.9876960858228663 0.0 105.261
0.01892038 0.9878713626431019 0.0 105.444
0.01889956 0.9878670632694022 0.0 105.624
0.01889276 0.987708057080686 0.0 105.806
0.01886797 0.9875841777055976 0.0 105.987
0.01886324 0.9876827911377905 0.0 106.167
0.01883956 0.987814837591672 0.0 106.35
0.0188313 0.9880322283141092 0.0 106.534
0.0188156 0.9881666674199034 0.0 106.714
0.01879725 0.9882218832539964 0.0 106.893
0.01878956 0.9882202947259213 0.0 107.074
0.01876797 0.9882158348935114 0.0 107.258
0.01875923 0.9882140294887803 0.0 107.44
0.01874644 0.988291057466779 0.0 107.621
0.01873167 0.9883875933988844 0.0 107.801
0.01872045 0.9884051927060092 0.0 107.98
0.01871075 0.9885600377184296 0.0 108.16
0.01870304 0.9886779484157849 0.0 108.343
0.0186966 0.9887562866543357 0.0 108.523
0.01868995 0.9887947467608106 0.0 108.706
0.01868567 0.9887938621452457 0.0 108.889
0.01868167 0.9888510443157272 0.0 109.07
0.01867831 0.9889093545449885 0.0 109.253
0.01867561 0.9888689620336645 0.0 109.431
0.01867341 0.9888493369975347 0.0 109.608
0.01867171 0.9890673277179228 0.0 109.792
0.01862313 0.9889576993838087 0.0 109.972
0.0185649 0.9887880712034394 0.0 110.155
0.01855338 0.988765773574909 0.0 110.335
0.01853442 0.9889791950579233 0.0 110.518
0.0185209 0.9891357326709912 0.0 110.698
0.01850733 0.9891329270809811 0.0 110.88
0.01848932 0.9890495378582814 0.0 111.061
0.01847951 0.9891271753610964 0.0 111.242
0.01845752 0.9892794698115407 0.0 111.424
0.018452 0.9893579934702278 0.0 111.604
0.01842788 0.9894525864691441 0.0 111.787
0.0184214 0.989608085927672 0.0 111.967
0.01839821 0.9896232052709476 0.0 112.151
0.01838947 0.9897209774686283 0.0 112.33
0.01837488 0.9899153761080582 0.0 112.511
0.01835794 0.9900704512801178 0.0 112.692
0.0183424 0.9901468987117544 0.0 112.873
0.01832546 0.9901035614484008 0.0 113.056
0.01831544 0.9900815721764882 0.0 113.236
0.01829366 0.9900770650689046 0.0 113.42
0.01828703 0.9900358619180413 0.0 113.603
0.01826326 0.9898335310529561 0.0 113.785
0.01825737 0.9896737356778292 0.0 113.966
0.01823353 0.9897484658029246 0.0 114.149
0.01822488 0.9898263377045939 0.0 114.332
0.01820665 0.989919653090786 0.0 114.513
0.01819386 0.9901559891533709 0.0 114.695
0.01817956 0.9903098614619031 0.0 114.876
0.01816199 0.9904456302437499 0.0 115.059
0.01815373 0.9904040903071517 0.0 115.239
0.0181316 0.9902999347677816 0.0 115.421
0.01812417 0.9903382267394251 0.0 115.599
0.0181005 0.9904926458787269 0.0 115.778
0.01809419 0.990747742375363 0.0 115.958
0.01807151 0.9908824488667302 0.0 116.141
0.01806253 0.9909776730497372 0.0 116.323
0.01804518 0.990916078418286 0.0 116.504
0.01803106 0.9907346703128362 0.0 116.686
0.01801746 0.9906123675135786 0.0 116.867
0.01799874 0.9906881493196293 0.0 117.049
0.01799121 0.9907662476173084 0.0 117.23
0.01796823 0.9907814034727609 0.0 117.41
0.01796199 0.9908398540393786 0.0 117.593
0.01793722 0.9906554975247023 0.0 117.775
0.01793152 0.9905953218611177 0.0 117.959
0.01791006 0.9907693583518633 0.0 118.136
0.01789946 0.9909058144636773 0.0 118.319
0.0178812 0.9909998599482662 0.0 118.503
0.01786804 0.9911166173806227 0.0 118.684
0.01785792 0.9912730847577906 0.0 118.867
0.01783691 0.9913466445537273 0.0 119.046
0.01782791 0.991306695021616 0.0 119.229
0.01780469 0.9912827176554808 0.0 119.409
0.01779818 0.9912415419036631 0.0 119.591
0.0177748 0.9913345233674673 0.0 119.772
0.01776894 0.9915516102204274 0.0 119.954
0.01774624 0.9916646438543384 0.0 120.135
0.01773634 0.9915249415268057 0.0 120.315
0.01771885 0.9910458893208407 0.0 120.501
0.01770441 0.9907865167190122 0.0 120.684
0.01769245 0.990881863422278 0.0 120.864
0.01767388 0.9908971842671473 0.0 121.045
0.01766573 0.9908382466962442 0.0 121.227
0.0176422 0.9908714578040756 0.0 121.408
0.01763678 0.9910288917191741 0.0 121.594
0.0176122 0.9911831032174311 0.0 121.773
0.01760563 0.9911618295740943 0.0 121.955
0.01758282 0.9911371922228055 0.0 122.138
0.01757348 0.9911750828744074 0.0 122.319
0.01755955 0.9911124598304581 0.0 122.503
0.01754269 0.9909297554305452 0.0 122.682
0.01752939 0.9907701908749799 0.0 122.863
0.01751012 0.9907861134083673 0.0 123.041
0.01750259 0.9908617145378196 0.0 123.224
0.0174793 0.9909564530706382 0.0 123.4
0.01747397 0.9910947346815943 0.0 123.582
0.01744972 0.9911693605704739 0.0 123.765
0.0174416 0.9912846620511746 0.0 123.947
0.01742076 0.9913201689626265 0.0 124.133
0.01741003 0.9913179461516411 0.0 124.314
0.01739212 0.9913540596764839 0.0 124.498
0.01737778 0.9912323648565322 0.0 124.681
0.01736599 0.9911321062382272 0.0 124.863
0.0173467 0.9910683759604417 0.0 125.044
0.01733928 0.9911066625294309 0.0 125.224
0.01731584 0.9911807073463524 0.0 125.405
0.01730973 0.9913569031728565 0.0 125.587
0.01728548 0.9914713479963954 0.0 125.769
0.01727879 0.9915097847012447 0.0 125.948
0.01726113 0.991466303073991 0.0 126.133
0.01724719 0.9912252265941054 0.0 126.317
0.01723009 0.9910641374302929 0.0 126.502
0.01721475 0.9909215827435265 0.0 126.683
0.01720245 0.9908393915617176 0.0 126.864
0.01718275 0.9911531418060671 0.0 127.047
0.01717385 0.991328754818517 0.0 127.226
0.01715121 0.9913240649625212 0.0 127.409
0.0171456 0.9913428136930383 0.0 127.592
0.01712159 0.9914174829242223 0.0 127.773
0.01711439 0.9913164378268209 0.0 127.953
0.01709277 0.9913318699836574 0.0 128.134
0.01708286 0.9915670018140036 0.0 128.315
0.01706499 0.9917218365513689 0.0 128.497
0.01705102 0.9917786729014423 0.0 128.675
0.0170409 0.9917964860438879 0.0 128.853
0.01701981 0.9918891780736594 0.0 129.034
0.01701265 0.9917707212127062 0.0 129.217
0.01698834 0.9916064019365951 0.0 129.399
0.01698357 0.9915855034371047 0.0 129.581
0.0169621 0.9915412348359632 0.0 129.763
0.01695146 0.9915788504339561 0.0 129.944
0.01692972 0.9917734454050411 0.0 130.124
0.01691868 0.9917910674502166 0.0 130.306
0.01690336 0.9917281631430129 0.0 130.483
0.01688699 0.9918823068638323 0.0 130.665
0.0168764 0.992078462543979 0.0 130.846
0.0168562 0.9922136426088318 0.0 131.026
0.01684948 0.9922115028021006 0.0 131.205
0.01682491 0.9919682416171629 0.0 131.386
0.01681935 0.9916709357955964 0.0 131.568
0.01679599 0.9915267298511469 0.0 131.752
0.01678782 0.9914279791924357 0.0 131.932
0.01676884 0.991521851676242 0.0 132.111
0.01675609 0.9917175557307061 0.0 132.29
0.01674446 0.9918918396535418 0.0 132.473
0.01672469 0.9919673786709847 0.0 132.652
0.01671541 0.9919256371829075 0.0 132.831
0.01669256 0.9917633718984867 0.0 133.013
0.01668682 0.9917430201196545 0.0 133.192
0.0166621 0.991874770906115 0.0 133.373
0.01665612 0.9919332579819741 0.0 133.556
0.01663379 0.991809924392199 0.0 133.736
0.01662442 0.991710181374416 0.0 133.919
0.01660545 0.9919028479502286 0.0 134.105
0.01659194 0.992059316287518 0.0 134.287
0.01657866 0.9920366551775909 0.0 134.47
0.01655971 0.9920327273841592 0.0 134.651
0.01655093 0.9919711824826247 0.0 134.836
0.01652905 0.9918471981203495 0.0 135.014
0.01652266 0.9917669875231404 0.0 135.194
0.01649842 0.9916243496906101 0.0 135.376
0.01649224 0.991603161191441 0.0 135.559
0.01646896 0.9914987980358206 0.0 135.738
0.01645935 0.9913791013745458 0.0 135.916
0.01644668 0.9915539064094495 0.0 136.095
0.01642889 0.9916497601895327 0.0 136.274
0.0164165 0.9915874697834487 0.0 136.455
0.01639684 0.9916033045264215 0.0 136.638
0.01638777 0.9917589449630316 0.0 136.821
0.01636496 0.9918530099974499 0.0 137.003
0.01635978 0.9919315668201529 0.0 137.185
0.01633563 0.9918867470582567 0.0 137.363
0.01632866 0.9918653952326533 0.0 137.544
0.01630757 0.9918610248632628 0.0 137.724
0.01629639 0.9919184299993428 0.0 137.906
0.01628109 0.9918555376071555 0.0 138.087
0.01626406 0.9919117301267547 0.0 138.27
0.01625363 0.9919692900556215 0.0 138.45
0.01623274 0.9919052396467347 0.0 138.63
0.01622615 0.9917446179602953 0.0 138.813
0.01620193 0.9915629259197182 0.0 138.993
0.01619622 0.991442301768852 0.0 139.176
0.01617182 0.9914173410062633 0.0 139.357
0.01616379 0.9914156777933891 0.0 139.54
0.01614312 0.9913715832272201 0.0 139.723
0.0161318 0.9914090519235269 0.0 139.904
0.01611747 0.9914658035378731 0.0 140.086
0.01610014 0.9916207192941453 0.0 140.263
0.01609009 0.9918955856353985 0.0 140.445
0.01606864 0.9920105788542514 0.0 140.628
0.01606111 0.991969205665823 0.0 140.811
0.01603686 0.9918646491332754 0.0 140.991
0.01603189 0.9918039006937115 0.0 141.175
0.01600909 0.9917593643520132 0.0 141.356
0.01600052 0.9916199880507982 0.0 141.538
0.01598083 0.9914375016911385 0.0 141.717
0.01596849 0.9913354161525925 0.0 141.899
0.0159538 0.9914916208556508 0.0 142.08
0.01593654 0.9917642387718445 0.0 142.258
0.01592734 0.9920004553379622 0.0 142.441
0.01590514 0.9921732639978481 0.0 142.621
0.01589889 0.992311308063507 0.0 142.801
0.01587416 0.9923260870981092 0.0 142.984
0.01586833 0.9922850674928917 0.0 143.164
0.01584513 0.9921608257840704 0.0 143.346
0.01583628 0.9920594645588715 0.0 143.527
0.01581915 0.9920559144670928 0.0 143.707
0.01580446 0.9920148012770632 0.0 143.886
0.01579145 0.9918934204265238 0.0 144.066
0.01577212 0.991809794638087 0.0 144.248
0.01576683 0.9916892680323913 0.0 144.429
0.01574206 0.9914676698017727 0.0 144.61
0.01573543 0.9914264866873262 0.0 144.792
0.01571056 0.9916385477313627 0.0 144.973
0.0157043 0.9918355528869711 0.0 145.154
0.01568263 0.9918310630485662 0.0 145.335
0.01567197 0.9917293308981463 0.0 145.522
0.01565328 0.9919046005376038 0.0 145.702
0.01563966 0.992098336014132 0.0 145.881
0.01562794 0.9922750477755521 0.0 146.061
0.01560808 0.9923488072974355 0.0 146.244
0.0155993 0.9923661452307616 0.0 146.427
0.01557637 0.9923613918951183 0.0 146.608
0.01557029 0.9922431938987829 0.0 146.791
0.01554603 0.9920590279166726 0.0 146.967
0.01554015 0.991940872494917 0.0 147.149
0.01552055 0.9920139395255094 0.0 147.327
0.01550829 0.9921308231163645 0.0 147.506
0.01549346 0.9922670773850435 0.0 147.688
0.01547625 0.992360541672714 0.0 147.869
0.01546875 0.9925381216876221 0.0 148.052
0.01544512 0.9926327413176526 0.0 148.232
0.01543581 0.9927079378257143 0.0 148.414
0.01541233 0.9926839117311748 0.0 148.599
0.01540769 0.9927220104150072 0.0 148.782
0.01538316 0.9927368272850058 0.0 148.962
0.01537492 0.992715215120176 0.0 149.144
0.01535349 0.992593839036788 0.0 149.327
0.015343 0.9924722440923452 0.0 149.513
0.01532495 0.9922901192149725 0.0 149.697
0.01531108 0.9920501475004575 0.0 149.878
0.01529874 0.9918112405138794 0.0 150.059
0.01527915 0.9917474728721016 0.0 150.239
0.01527022 0.9916262047927731 0.0 150.421
0.01524705 0.991601502682916 0.0 150.606
0.0152429 0.9917200606223457 0.0 150.785
0.01521945 0.9918545227555626 0.0 150.965
0.01521131 0.9918727391367371 0.0 151.143
0.01518865 0.9918872008277756 0.0 151.327
0.01517815 0.9920226024867554 0.0 151.508
0.01517659 0.9921018898066871 0.0 151.69
0.01517444 0.9922201137184707 0.0 151.871
0.01517371 0.9924371498691243 0.0 152.053
0.01517278 0.992397151833747 0.0 152.233
0.01517187 0.9922195810868542 0.0 152.413
0.01517249 0.9920612349356426 0.0 152.593
0.01517194 0.9921009262105985 0.0 152.777
0.01517135 0.9922383808056804 0.0 152.959
0.01517115 0.9923769113378585 0.0 153.14
0.01517139 0.9923968637053533 0.0 153.323
0.01517114 0.9924565197397648 0.0 153.507
0.01517071 0.9925360410687809 0.0 153.689
0.0151714 0.9926531120076719 0.0 153.873
0.01517101 0.992535356915283 0.0 154.053
0.01517112 0.9923570025007878 0.0 154.233
0.01517061 0.9925161177207424 0.0 154.413
0.01517043 0.9926728135035677 0.0 154.595
0.01517064 0.9926529544292375 0.0 154.774
0.01517036 0.9925757737392076 0.0 154.954
0.01517048 0.9925757986180738 0.0 155.135
0.01516991 0.9925159726027631 0.0 155.315
0.01517038 0.9925359726546391 0.0 155.498
0.01517056 0.9926138789576041 0.0 155.68
0.01517021 0.9926926705026727 0.0 155.859
0.01517007 0.992672738859679 0.0 156.042
0.01517012 0.9926137877315998 0.0 156.223
0.01516989 0.9927324093781967 0.0 156.403
0.01517026 0.9928718044053053 0.0 156.586
0.01517016 0.9929712967397775 0.0 156.769
0.01517075 0.9929714191096188 0.0 156.948
0.01517044 0.9929116469662792 0.0 157.127
0.01517 0.9927921400292508 0.0 157.307
0.01517021 0.9925160347961777 0.0 157.487
0.01517021 0.9923966191072796 0.0 157.67
0.01517064 0.9923768056238579 0.0 157.85
0.01516976 0.9922579538857511 0.0 158.031
0.01517034 0.9921603024971574 0.0 158.211
0.01517003 0.9922199460958655 0.0 158.393
0.01516979 0.9922390526210584 0.0 158.574
0.01517029 0.992376733075047 0.0 158.756
0.01516998 0.9925557923422796 0.0 158.937
