X_channel Y_channel II_channel timestamp
0.01391409 0.9963069703250254 0.0 0.0
0.01391491 0.9963051872995625 0.0 0.18
0.01391473 0.9964358804646332 0.0 0.361
0.01391507 0.9967890843898568 0.0 0.54
0.01391451 0.9970312557751447 0.0 0.723
0.01391468 0.9973279832795392 0.0 0.907
0.01391482 0.9974773968901481 0.0 1.088
0.01391458 0.9974779193646998 0.0 1.268
0.01391429 0.9974785506888465 0.0 1.446
0.01391472 0.9974776145878114 0.0 1.628
0.01391423 0.9975348257581373 0.0 1.807
0.0139148 0.9974961552231923 0.0 1.988
0.01391426 0.9974411863671359 0.0 2.17
0.01391486 0.9974211654379039 0.0 2.351
0.01391491 0.9973274826501225 0.0 2.537
0.01391477 0.9971984213623402 0.0 2.717
0.01391475 0.9971617371034036 0.0 2.897
0.01391489 0.9973275261830951 0.0 3.075
0.01391495 0.9975325564409779 0.0 3.257
0.01391467 0.997587672879799 0.0 3.436
0.01392653 0.997377047893133 0.0 3.616
0.01393267 0.9971220377779794 0.0 3.799
0.01394309 0.9970252103758446 0.0 3.979
0.01396059 0.997172626220602 0.0 4.161
0.01397241 0.9974074761948547 0.0 4.342
0.01399076 0.9974220359032288 0.0 4.522
0.01399805 0.9974061695099435 0.0 4.701
0.01402054 0.9973946450567378 0.0 4.884
0.01402376 0.9975186098501567 0.0 5.064
0.01404763 0.9975602051891173 0.0 5.244
0.01405416 0.9976208290893105 0.0 5.424
0.01407392 0.9975216958989849 0.0 5.605
0.01408407 0.9974434831221819 0.0 5.786
0.01409887 0.9974673997416229 0.0 5.967
0.01411391 0.9975265690578309 0.0 6.15
0.01412421 0.9975595725891355 0.0 6.332
0.01414462 0.9974597443391876 0.0 6.513
0.01414916 0.9973766818975762 0.0 6.693
0.01417229 0.9973995423038599 0.0 6.875
0.01417814 0.9974235219871131 0.0 7.052
0.01420202 0.9975024926537035 0.0 7.232
0.01420874 0.997600089156355 0.0 7.415
0.01422805 0.9976492475848342 0.0 7.597
0.01423931 0.9975880461718709 0.0 7.779
0.01425256 0.99754145332908 0.0 7.958
0.0142696 0.9977084511419343 0.0 8.139
0.01427839 0.9978552883610778 0.0 8.321
0.01429998 0.9977358502181987 0.0 8.503
0.01430528 0.9976869213653754 0.0 8.686
0.0143296 0.9975966183454623 0.0 8.868
0.014334 0.9975496518874777 0.0 9.05
0.01435668 0.9974068382506983 0.0 9.227
0.0143649 0.9973889623318615 0.0 9.409
0.01438178 0.9973709513805006 0.0 9.589
0.01439509 0.9974167900435711 0.0 9.77
0.01440899 0.9974239537727738 0.0 9.953
0.01442621 0.9975531196798277 0.0 10.133
0.01443551 0.9977378232830961 0.0 10.317
0.01445681 0.9978387012501961 0.0 10.496
0.01446155 0.9978470834363676 0.0 10.679
0.01448535 0.9977034945747295 0.0 10.861
0.01449117 0.9977085943397956 0.0 11.042
0.01451302 0.9976620129400494 0.0 11.222
0.01452185 0.9978467670899589 0.0 11.406
0.01453947 0.9979937046303963 0.0 11.589
0.01455261 0.9979651241401459 0.0 11.775
0.01456462 0.9978471966951665 0.0 11.956
0.01458244 0.9978084450616223 0.0 12.136
0.01459096 0.9978452792874692 0.0 12.318
0.01461312 0.9979262622878954 0.0 12.499
0.01461922 0.9979503692822789 0.0 12.682
0.01464324 0.9979915619970752 0.0 12.863
0.01464811 0.9981288157956613 0.0 13.046
0.01466979 0.9981743852035823 0.0 13.229
0.01467888 0.9983220677249767 0.0 13.412
0.01469698 0.9983931609417367 0.0 13.593
0.01471046 0.9984385686831223 0.0 13.775
0.01472336 0.9985412809302843 0.0 13.956
0.01474097 0.9985216536731207 0.0 14.136
0.01474827 0.9985057739949119 0.0 14.317
0.01477032 0.9984017719866967 0.0 14.497
0.01477568 0.9982967159979113 0.0 14.678
0.01480047 0.9982054512523226 0.0 14.861
0.01480577 0.9981005349016191 0.0 15.044
0.01482761 0.9980717322121108 0.0 15.221
0.01483679 0.9982011935052142 0.0 15.401
0.01485199 0.9983355360078843 0.0 15.581
0.01486752 0.9983017686931324 0.0 15.764
0.01487937 0.9980339235492346 0.0 15.947
0.01489939 0.9978052970613798 0.0 16.127
0.0149062 0.9977904989983669 0.0 16.309
0.01492898 0.9978887552333269 0.0 16.486
0.01493337 0.9980846216818566 0.0 16.666
0.01495677 0.9982181543484804 0.0 16.845
0.01496436 0.9983136887536963 0.0 17.029
0.01498399 0.9983643745741905 0.0 17.211
0.01499475 0.998359655396847 0.0 17.392
0.01501003 0.9981397395119014 0.0 17.57
0.01502626 0.997845429884937 0.0 17.747
0.01503429 0.9976973006802202 0.0 17.929
0.01505548 0.9976886116021862 0.0 18.108
0.01506174 0.997824359392743 0.0 18.29
0.01508585 0.9979003242929494 0.0 18.468
0.01509114 0.9980195007936968 0.0 18.655
0.01511154 0.998160209221828 0.0 18.839
0.01512206 0.9981926488575765 0.0 19.022
0.01514012 0.9980981147054214 0.0 19.202
0.01515318 0.9979967181222438 0.0 19.384
0.01516764 0.9978906534950125 0.0 19.565
0.01518439 0.9980392726239258 0.0 19.748
0.01519599 0.9981440143483077 0.0 19.928
0.01521557 0.9980828195993842 0.0 20.108
0.01522145 0.9979954013297153 0.0 20.291
0.01524527 0.9979809902588632 0.0 20.471
0.01525016 0.9980263516498383 0.0 20.653
0.01527432 0.99791790435427 0.0 20.834
0.01528193 0.997679802508819 0.0 21.016
0.01530137 0.997359358859513 0.0 21.2
0.01531322 0.9972223958021407 0.0 21.379
0.01532509 0.9972526130739314 0.0 21.559
0.0153434 0.9972128854877593 0.0 21.738
0.01535197 0.9971942920687257 0.0 21.922
0.01537446 0.9972194230786441 0.0 22.101
0.01537861 0.997246097787621 0.0 22.282
0.01540188 0.9971412846346338 0.0 22.466
0.01540921 0.9969581985780825 0.0 22.649
0.01543322 0.9968688231811913 0.0 22.832
0.01544069 0.997001846440727 0.0 23.016
0.01545818 0.997073497341705 0.0 23.196
0.0154717 0.9970262241816756 0.0 23.376
0.01548557 0.9968672222550379 0.0 23.558
0.01550312 0.9968105214516951 0.0 23.739
0.01551263 0.9967899041461825 0.0 23.917
0.01553348 0.996726056239996 0.0 24.101
0.01553853 0.9965472712205776 0.0 24.278
0.01556351 0.9963089898796076 0.0 24.457
0.0155692 0.9961661296648204 0.0 24.64
0.01559117 0.9961185384899641 0.0 24.819
0.0156005 0.9960430899713715 0.0 24.998
0.01561444 0.995902656272229 0.0 25.176
0.01563081 0.9958299182605757 0.0 25.359
0.01564067 0.9957712800117295 0.0 25.54
0.01566241 0.9955937072288882 0.0 25.72
0.01566679 0.9954560522237068 0.0 25.902
0.01569046 0.9954048261359292 0.0 26.083
0.01569761 0.9953893533016871 0.0 26.265
0.01572223 0.9953174372351286 0.0 26.445
0.01572853 0.9952292419245156 0.0 26.627
0.01575003 0.995108168195372 0.0 26.809
0.01576066 0.9950292554273237 0.0 26.991
0.01577488 0.9949246421206975 0.0 27.17
0.01579122 0.994723190761369 0.0 27.349
0.01580154 0.9946263260929054 0.0 27.526
0.01582201 0.9944895877654999 0.0 27.711
0.01582809 0.9943848921530427 0.0 27.892
0.01585192 0.9943520293740375 0.0 28.073
0.01585707 0.9943961087992687 0.0 28.255
0.01588113 0.9943618187594765 0.0 28.436
0.01588832 0.9941056637223545 0.0 28.619
0.01590497 0.9938297849066399 0.0 28.803
0.01591901 0.9937808312674649 0.0 28.989
0.01593546 0.9938384724882744 0.0 29.172
0.01595135 0.993785527066942 0.0 29.351
0.01596262 0.9935569440408918 0.0 29.533
0.01598271 0.9933661607193456 0.0 29.716
0.01598918 0.9932590447146692 0.0 29.896
0.01601271 0.993096492600017 0.0 30.079
0.01601769 0.993011929607423 0.0 30.26
0.0160418 0.9928684075075631 0.0 30.436
0.0160492 0.9926847945009522 0.0 30.622
0.0160675 0.9925538261453677 0.0 30.804
0.01608024 0.9925084299221947 0.0 30.983
0.01609358 0.9924610442593137 0.0 31.162
0.0161114 0.9921811967267257 0.0 31.343
0.01612031 0.9918097472917605 0.0 31.525
0.01614252 0.9916152380734579 0.0 31.706
0.01614857 0.9914904643024334 0.0 31.888
0.01617287 0.9912535385184029 0.0 32.068
0.01617789 0.9909098488879835 0.0 32.248
0.01619836 0.9906430336358122 0.0 32.437
0.01620921 0.9905086611954091 0.0 32.619
0.01622782 0.9903585373365872 0.0 32.801
0.01624044 0.9903127774389341 0.0 32.982
0.01625389 0.990209376113188 0.0 33.164
0.0162721 0.9900405888493358 0.0 33.345
0.01628042 0.9898567649178034 0.0 33.527
0.01630264 0.9895872267640695 0.0 33.708
0.01630833 0.9892226646968252 0.0 33.891
0.01633246 0.9889304560484574 0.0 34.07
0.01633787 0.9886419228210367 0.0 34.251
0.01636034 0.9884277867805187 0.0 34.434
0.01636952 0.988259866518649 0.0 34.614
0.01638628 0.9879463244342465 0.0 34.793
0.01640077 0.9875453007272255 0.0 34.977
0.01641251 0.9869840708362472 0.0 35.156
0.01643206 0.9865722645653026 0.0 35.339
0.01644045 0.9861294749946701 0.0 35.52
0.01646248 0.9859155201256339 0.0 35.703
0.01646879 0.9858275736720807 0.0 35.883
0.01649311 0.9854249735127468 0.0 36.066
0.0164985 0.9849700665994315 0.0 36.248
0.01652033 0.9845349421318319 0.0 36.432
0.01653027 0.9840508167630077 0.0 36.609
0.01654627 0.9836289075668869 0.0 36.789
0.01656171 0.9832261319594435 0.0 36.968
0.01657291 0.982833123415282 0.0 37.148
0.01659222 0.9823105117255392 0.0 37.324
0.01659886 0.981631201865965 0.0 37.503
0.01662183 0.9810094825560127 0.0 37.683
0.0166272 0.9804066572804253 0.0 37.862
0.01665144 0.9799488405588401 0.0 38.045
0.01665814 0.9793981205933096 0.0 38.226
0.01667899 0.9788555042924457 0.0 38.41
0.01668989 0.9783703280746361 0.0 38.592
0.01670372 0.977823387187661 0.0 38.772
0.01672128 0.9772132343141784 0.0 38.952
0.01673107 0.9764345132313359 0.0 39.135
0.01675287 0.9757048074913616 0.0 39.315
0.01675871 0.9748982558634798 0.0 39.494
0.01678261 0.9741456310691248 0.0 39.678
0.01678811 0.9733210383315182 0.0 39.858
0.01680974 0.9724438477064205 0.0 40.037
0.01681914 0.9714074695585929 0.0 40.22
0.01683804 0.970351839301943 0.0 40.403
0.01685077 0.969420838761697 0.0 40.584
0.01686357 0.9684874182186831 0.0 40.764
0.01688179 0.967563596567468 0.0 40.946
0.01689021 0.9663256964622128 0.0 41.129
0.01691282 0.9651704037032498 0.0 41.309
0.01691834 0.9639403186444281 0.0 41.486
0.01694232 0.962837432095358 0.0 41.668
0.01694836 0.9614204524560863 0.0 41.847
0.01696685 0.9599232188619494 0.0 42.027
0.01697957 0.958475275383567 0.0 42.211
0.01699904 0.9568649224223429 0.0 42.394
0.01701159 0.9549365220264062 0.0 42.575
0.01702517 0.9530432758966761 0.0 42.756
0.0170429 0.9514740757410899 0.0 42.938
0.01705138 0.949665907831144 0.0 43.116
0.01707371 0.9477914810156605 0.0 43.298
0.01710671 0.9426831196395068 0.0 43.747
0.01711711 0.9401143455937537 0.0 43.929
0.01713792 0.9378200220874089 0.0 44.111
0.01714508 0.9351651796002551 0.0 44.294
0.01716827 0.9325521245619729 0.0 44.475
0.0171735 0.9297355776684088 0.0 44.661
0.01719582 0.9271618677377866 0.0 44.842
0.01720457 0.9242472185290203 0.0 45.026
0.01722513 0.9210852070573371 0.0 45.205
0.01723679 0.9177586294650711 0.0 45.388
0.01725163 0.914462149414903 0.0 45.568
0.0172682 0.91130970320862 0.0 45.749
0.01727771 0.9079684051467201 0.0 45.927
0.01729885 0.9049351326639127 0.0 46.107
0.01730557 0.901543208795812 0.0 46.289
0.01732914 0.898267906193501 0.0 46.472
0.01733464 0.8946961563890659 0.0 46.653
0.01735765 0.8913667653306491 0.0 46.833
0.01736615 0.8881027678776418 0.0 47.018
0.01738541 0.8849290158001161 0.0 47.2
0.01739718 0.8819548734546482 0.0 47.383
0.01741104 0.8789574020153573 0.0 47.564
0.01742871 0.8762486469952505 0.0 47.744
0.01743952 0.8735716498764154 0.0 47.931
0.01745974 0.8714657340070945 0.0 48.111
0.01746457 0.8694277452846353 0.0 48.294
0.01748887 0.8677780139656858 0.0 48.481
0.01749558 0.8666396180240606 0.0 48.662
0.01751915 0.8658951120844375 0.0 48.845
0.01752625 0.8655677607153878 0.0 49.024
0.01754649 0.865585529163399 0.0 49.208
0.0175582 0.8658583355983999 0.0 49.39
0.01757238 0.866624776791494 0.0 49.571
0.01758983 0.8676990253404933 0.0 49.751
0.01759966 0.8692662830980318 0.0 49.931
0.01762065 0.8710159487718213 0.0 50.112
0.01762681 0.873622608866841 0.0 50.292
0.01765024 0.876086683726353 0.0 50.474
0.01765644 0.878803716251858 0.0 50.659
0.01767999 0.8814142472675632 0.0 50.84
0.01768841 0.8846256362149227 0.0 51.02
0.017706 0.8879104672804513 0.0 51.203
0.01771949 0.8912771998010873 0.0 51.383
0.01773412 0.8946795763890997 0.0 51.566
0.01775081 0.8979283300521346 0.0 51.75
0.0177584 0.9014344745040571 0.0 51.932
0.01778108 0.9044135904447944 0.0 52.113
0.0177879 0.9078334574445368 0.0 52.296
0.01781187 0.9110122612529837 0.0 52.476
0.01781749 0.9145587397339712 0.0 52.656
0.01784018 0.9175924782455863 0.0 52.837
0.01784822 0.9207100744936391 0.0 53.017
0.01786545 0.9237913324412844 0.0 53.197
0.01787977 0.9267306905590323 0.0 53.378
0.01789259 0.9296905098514611 0.0 53.558
0.01791065 0.9322710823118879 0.0 53.741
0.01792131 0.9350139133359214 0.0 53.921
0.0179418 0.937460717476262 0.0 54.103
0.01794703 0.9400851239464089 0.0 54.284
0.01797135 0.9422478181941497 0.0 54.464
0.01797786 0.9445927550490609 0.0 54.647
0.01799887 0.9469635721925493 0.0 54.83
0.01800897 0.9492283578263433 0.0 55.014
0.01802632 0.9512376899000958 0.0 55.196
0.01804064 0.9529222726478537 0.0 55.374
0.01804949 0.9548012011944166 0.0 55.556
0.01807072 0.9564705986012494 0.0 55.736
0.01807851 0.9580573440575478 0.0 55.916
0.0181026 0.9593341133764566 0.0 56.098
0.01810808 0.9609076521366692 0.0 56.282
0.01813164 0.9622402311233174 0.0 56.463
0.01813877 0.9636987026899514 0.0 56.644
0.01815844 0.9651868178997142 0.0 56.827
0.01817239 0.9664649485964139 0.0 57.008
0.01818054 0.9677558345938819 0.0 57.185
0.01820071 0.9687813786596784 0.0 57.368
0.01821245 0.9697888190811449 0.0 57.548
0.018226 0.9708102542584116 0.0 57.73
0.01823805 0.9717066245588163 0.0 57.913
0.01824714 0.9724608564757877 0.0 58.095
0.01825545 0.9730505426743669 0.0 58.278
0.01826202 0.9735896440638373 0.0 58.459
0.01826685 0.9741133924286239 0.0 58.64
0.01828137 0.9745615616384283 0.0 58.821
0.01833244 0.9751175665766628 0.0 59.001
0.01834942 0.976481199166083 0.0 59.182
0.01836547 0.9777732533346911 0.0 59.366
0.01838158 0.9786033598572343 0.0 59.549
0.01839219 0.9794103009143771 0.0 59.727
0.01841307 0.9800471850917222 0.0 59.91
0.01842041 0.9807127095932071 0.0 60.092
0.01844374 0.9812708686149019 0.0 60.273
0.01844926 0.9817743357108458 0.0 60.456
0.01847316 0.9822762999770042 0.0 60.636
0.01848038 0.9828863671320678 0.0 60.82
0.01850076 0.9833952568348855 0.0 61.0
0.01851228 0.9837026762425773 0.0 61.183
0.01852347 0.9839545018901666 0.0 61.362
0.01854315 0.9842260111741263 0.0 61.542
0.01855333 0.984793529132457 0.0 61.722
0.0185745 0.9853737521608018 0.0 61.905
0.0185814 0.985764321544031 0.0 62.085
0.01860448 0.9859543764716858 0.0 62.266
0.01861046 0.9861616228160318 0.0 62.448
0.01863189 0.9862819916049824 0.0 62.628
0.01864278 0.9866639947382674 0.0 62.811
0.01865667 0.9871861474727012 0.0 62.993
0.0186699 0.9875994677152691 0.0 63.174
0.0186847 0.9878255831841366 0.0 63.354
0.01870056 0.9881228128498216 0.0 63.537
0.01871368 0.9885548228233573 0.0 63.717
0.01872874 0.9887618109145216 0.0 63.897
0.01874258 0.9889343520199152 0.0 64.08
0.01875781 0.9890122442876735 0.0 64.262
0.01877247 0.9890179695490079 0.0 64.442
0.01878779 0.9892058430226061 0.0 64.623
0.0188024 0.9895975221640148 0.0 64.805
0.01881468 0.9899393016491201 0.0 64.986
0.01883038 0.9901818635292745 0.0 65.167
0.01884411 0.9904464432239913 0.0 65.345
0.01885934 0.9906909036147844 0.0 65.526
0.01887317 0.9908441510853339 0.0 65.708
0.01888792 0.991125712173903 0.0 65.887
0.01891531 0.9915917092781549 0.0 66.176
0.01892481 0.9916900830050761 0.0 66.354
0.01893744 0.9917363970044111 0.0 66.523
0.01895251 0.9918337123938821 0.0 66.689
0.01896649 0.992005084425783 0.0 66.869
0.01898143 0.9920841532638295 0.0 67.05
0.01899547 0.9921466349188997 0.0 67.23
0.01901016 0.992133684850622 0.0 67.412
0.01902541 0.9922282730035643 0.0 67.593
0.01903892 0.9924392479417943 0.0 67.775
0.01905404 0.9926643431453721 0.0 67.957
0.01906835 0.9928349454582408 0.0 68.138
0.0190826 0.9930257911680127 0.0 68.318
0.01909587 0.9931622838127112 0.0 68.501
0.01911136 0.9932401143837042 0.0 68.681
0.01912637 0.9934091772119363 0.0 68.864
0.01914152 0.9934322121516589 0.0 69.044
0.01915652 0.9933630515434377 0.0 69.228
0.01917053 0.9932775146817091 0.0 69.409
0.01918453 0.9932845144228822 0.0 69.591
0.01919941 0.9934006362311933 0.0 69.77
0.0192142 0.9936071349800284 0.0 69.952
0.01922862 0.9935947235181276 0.0 70.134
0.01924194 0.9935476713198058 0.0 70.315
0.01925692 0.9934237612073472 0.0 70.498
0.01927242 0.9933366667550084 0.0 70.682
0.01928667 0.9933061316158515 0.0 70.864
0.01930118 0.9931825545496452 0.0 71.046
0.01931637 0.992874179682498 0.0 71.228
0.01933002 0.9921837076481325 0.0 71.412
0.01934491 0.9917294488780252 0.0 71.593
0.01936035 0.9919715354559823 0.0 71.776
0.01937433 0.9926028014468227 0.0 71.959
0.01938675 0.9932743589605383 0.0 72.14
0.01940178 0.9937754638878366 0.0 72.32
0.01941862 0.9941984534686557 0.0 72.503
0.01943186 0.9945553966504811 0.0 72.687
0.01944734 0.9948527324801186 0.0 72.866
0.01946125 0.9950078012445923 0.0 73.046
0.01947611 0.994994408814183 0.0 73.229
0.0194896 0.9950193182731092 0.0 73.413
0.01950369 0.9951363097882587 0.0 73.596
0.01951581 0.9953305522992241 0.0 73.78
0.01952642 0.9954919734575831 0.0 73.963
0.01954634 0.9955601452863151 0.0 74.143
0.01955542 0.9956122941792965 0.0 74.326
0.01957704 0.9956028621041833 0.0 74.505
0.01958344 0.9955158744555299 0.0 74.687
0.01960703 0.9954837346466194 0.0 74.869
0.01961232 0.9955456291869236 0.0 75.052
0.01963577 0.995386019614635 0.0 75.235
0.0196443 0.9953499272704833 0.0 75.416
0.01966173 0.9953848471493512 0.0 75.598
0.01967508 0.9956865791334781 0.0 75.779
0.0196905 0.9958376127252304 0.0 75.963
0.01970643 0.9958403850483099 0.0 76.149
0.01971595 0.9958199529359639 0.0 76.33
0.01973638 0.9957761082813175 0.0 76.513
0.01974339 0.9958518466769548 0.0 76.693
0.0197666 0.9960230900923018 0.0 76.876
0.01977244 0.9961392123082337 0.0 77.056
0.01979613 0.9961606553183501 0.0 77.239
0.01980411 0.9963282991374016 0.0 77.419
0.01981926 0.9964597557349076 0.0 77.601
0.01983465 0.9965745218256046 0.0 77.782
0.01984853 0.996709381870774 0.0 77.962
0.01986614 0.9968740963351114 0.0 78.144
0.01987491 0.9968737352906885 0.0 78.323
0.01989723 0.9967334324890631 0.0 78.507
0.01990357 0.9968121853909324 0.0 78.686
0.01992678 0.9968900359981676 0.0 78.864
0.01993188 0.9970261687818653 0.0 79.047
0.01995341 0.9971630264085172 0.0 79.227
0.01996355 0.9972513794095039 0.0 79.406
0.0199814 0.9973053880681922 0.0 79.589
0.01999444 0.9973512557623857 0.0 79.773
0.02000772 0.9972488517363407 0.0 79.956
0.02002514 0.9971744994521781 0.0 80.137
0.02003288 0.9972132813145786 0.0 80.319
0.02005536 0.9973843020576226 0.0 80.498
0.02006156 0.997537188209188 0.0 80.679
0.02008472 0.9973766395618491 0.0 80.861
0.02009134 0.9973439552321252 0.0 81.044
0.02010854 0.9975269821204941 0.0 81.226
0.02012195 0.9977559903496267 0.0 81.409
0.02014027 0.9977713311464281 0.0 81.589
0.02015366 0.9976324765598632 0.0 81.773
0.02016732 0.9974738948934369 0.0 81.956
0.02018456 0.9975291814016839 0.0 82.137
0.02019312 0.9976215683630106 0.0 82.318
0.02021516 0.9975557708218405 0.0 82.499
0.02022157 0.9975604654819195 0.0 82.683
0.02024515 0.9977105775569862 0.0 82.866
0.02025064 0.9978995336849308 0.0 83.049
0.0202731 0.9978335211644204 0.0 83.228
0.02028154 0.9978331589468645 0.0 83.408
0.02029717 0.9979103344247333 0.0 83.589
0.02031222 0.9979887506062827 0.0 83.769
0.02032254 0.9978742993022595 0.0 83.952
0.02034212 0.9977030557127283 0.0 84.132
0.02035125 0.9976834508214801 0.0 84.312
0.02037362 0.9976354188733941 0.0 84.495
0.02037979 0.9976221717157265 0.0 84.675
0.02040341 0.9975899156538759 0.0 84.858
0.02040913 0.9976883554444952 0.0 85.038
0.02043144 0.9977511721857408 0.0 85.224
0.02044028 0.9978053088032981 0.0 85.405
0.02045767 0.9979139679255354 0.0 85.588
0.02047068 0.9980336391501027 0.0 85.768
0.02048395 0.9980957800712495 0.0 85.951
0.02050197 0.9980570829634664 0.0 86.131
0.02051026 0.9978748528510885 0.0 86.313
0.02053131 0.9978850069919144 0.0 86.49
0.0205372 0.9981098821478303 0.0 86.672
0.02056042 0.9982797765454957 0.0 86.849
0.02056766 0.9984480060398295 0.0 87.025
0.02058734 0.9984979678472319 0.0 87.205
0.02059839 0.9984373423922769 0.0 87.384
0.02061414 0.9983297361756367 0.0 87.568
0.02062985 0.9981853341734449 0.0 87.752
0.02063949 0.9980186980614048 0.0 87.936
0.02066001 0.9978093527643579 0.0 88.115
0.0206678 0.9979579300361695 0.0 88.299
0.02069039 0.9981106946137777 0.0 88.479
0.02069575 0.9981729563565535 0.0 88.661
0.02071908 0.9979937892010947 0.0 88.841
0.02072603 0.9978336528726489 0.0 89.023
0.02074526 0.9978645359127648 0.0 89.204
0.02075725 0.9979303137055424 0.0 89.386
0.02077254 0.998026575440314 0.0 89.571
0.02078836 0.99815626497987 0.0 89.753
0.02079912 0.998151609514618 0.0 89.933
0.02081895 0.9981459261219624 0.0 90.115
0.02082568 0.9980761729498049 0.0 90.297
0.02084827 0.9979378244304182 0.0 90.478
0.02085447 0.9979597804506606 0.0 90.664
0.02087782 0.9979642974055786 0.0 90.844
0.02088477 0.9980231243437334 0.0 91.026
0.02090124 0.9981714346561185 0.0 91.207
0.02091496 0.9982694148558773 0.0 91.386
0.0209304 0.9981095590670443 0.0 91.567
0.02094637 0.9979094091366477 0.0 91.749
0.02095635 0.9978142763359127 0.0 91.928
0.02097681 0.997661424995332 0.0 92.109
0.02098343 0.9976110599606707 0.0 92.291
0.02100628 0.9977809186531961 0.0 92.472
0.02101232 0.9980059349377783 0.0 92.655
0.02103501 0.9980855773022643 0.0 92.835
0.02104287 0.998179286769896 0.0 93.015
0.02106083 0.9982312862000239 0.0 93.199
0.02107351 0.9982040862435348 0.0 93.382
0.02108678 0.9980482499732569 0.0 93.565
0.02110399 0.9978639363538581 0.0 93.741
0.02111245 0.9978457969450287 0.0 93.923
0.0211342 0.9979281364205954 0.0 94.1
0.02114062 0.9979512194796051 0.0 94.279
0.02116326 0.9978658305592566 0.0 94.458
0.02116917 0.9978531602228875 0.0 94.638
0.02118755 0.9978321801290676 0.0 94.821
0.02119946 0.9978619147603107 0.0 95.002
0.0212155 0.9979364462586524 0.0 95.185
0.02123056 0.9980508360455456 0.0 95.365
0.02124239 0.9982073728091346 0.0 95.545
0.02126088 0.998167726694403 0.0 95.726
0.02126805 0.9981339344872302 0.0 95.906
0.02129099 0.9981215900937127 0.0 96.086
0.0212962 0.9982577653189361 0.0 96.267
0.02129816 0.9982719808313847 0.0 96.45
0.02129957 0.998232121677661 0.0 96.632
0.02130009 0.9981204991927022 0.0 96.81
0.02130087 0.9980458460923639 0.0 96.993
0.02130117 0.9980629302095342 0.0 97.173
0.02130165 0.9983379517129798 0.0 97.356
0.02129932 0.9983362154189876 0.0 97.536
0.02129215 0.9983124513099582 0.0 97.72
0.02128773 0.9983644208899302 0.0 97.903
0.02126826 0.9982209663664235 0.0 98.086
0.0212652 0.9982739486888519 0.0 98.266
0.02124533 0.9984433481673222 0.0 98.447
0.02123798 0.9985477022398271 0.0 98.629
0.02121937 0.9985513312811415 0.0 98.811
0.02121014 0.9985806014161767 0.0 98.994
0.02120099 0.998702720906794 0.0 99.175
0.02118306 0.9988176025973233 0.0 99.357
0.02117051 0.9988441648057318 0.0 99.539
0.02114993 0.9988113245021327 0.0 99.721
0.02113588 0.9989281721024351 0.0 99.898
0.02112244 0.9990470837251223 0.0 100.079
0.02110933 0.999163936717097 0.0 100.258
0.02109466 0.9992450894758828 0.0 100.44
0.02108108 0.999234962242656 0.0 100.626
0.02106762 0.9991144164383529 0.0 100.809
0.02105438 0.9990147571701015 0.0 100.993
0.02104065 0.9988387616855781 0.0 101.176
0.02102788 0.9986842049632678 0.0 101.356
0.0210139 0.9986369511949115 0.0 101.538
0.02100052 0.9987358710144799 0.0 101.715
0.02098883 0.9988553863744394 0.0 101.895
0.02097495 0.9988818738140014 0.0 102.077
0.02096081 0.9987608342869306 0.0 102.26
0.02094718 0.9986954265419506 0.0 102.437
0.02093387 0.9988144206491604 0.0 102.617
0.02091969 0.9990048165158932 0.0 102.799
0.02090152 0.9991563226392652 0.0 102.977
0.02088365 0.9992350768791742 0.0 103.158
0.02087538 0.9992104951648056 0.0 103.335
0.02085513 0.9991401515026443 0.0 103.515
0.02085082 0.9990816930332926 0.0 103.697
0.0208289 0.9989364486833491 0.0 103.878
0.02082189 0.9989134995111687 0.0 104.064
0.0208007 0.9988440738290522 0.0 104.241
0.02079219 0.9987456601496156 0.0 104.422
0.02077626 0.9986969609712422 0.0 104.607
0.02076258 0.9987235948864092 0.0 104.788
0.02074958 0.9985857024417717 0.0 104.969
0.02073296 0.9985364926461584 0.0 105.151
0.02072451 0.9987681895105416 0.0 105.33
0.0207048 0.9988807822569449 0.0 105.51
0.02069923 0.9987493514129014 0.0 105.69
0.02067675 0.9985491641579941 0.0 105.871
0.02067161 0.998437160824773 0.0 106.052
0.02064912 0.9985101678837639 0.0 106.236
0.02064151 0.9985229109776411 0.0 106.419
0.0206279 0.9984223231780854 0.0 106.6
0.02061289 0.9983013623203368 0.0 106.779
0.0206017 0.9980184646747302 0.0 106.961
0.02058327 0.997821319082487 0.0 107.146
0.02057855 0.9977257488743685 0.0 107.326
0.02055589 0.9977457045959238 0.0 107.503
0.0205486 0.997905976632379 0.0 107.683
0.02052618 0.9980901920432689 0.0 107.866
0.02052053 0.9982694000817322 0.0 108.049
0.02049899 0.9982349491308363 0.0 108.231
0.02049068 0.9980814800354433 0.0 108.413
0.02047503 0.9980145982623212 0.0 108.592
0.02046124 0.9980411512606684 0.0 108.774
0.02044951 0.998050827865261 0.0 108.954
0.02043149 0.9979644652162567 0.0 109.136
0.02042479 0.9978138146722306 0.0 109.317
0.02040251 0.9977420049255836 0.0 109.498
0.02039719 0.9977380455445062 0.0 109.682
0.02037402 0.9975742239639852 0.0 109.861
0.02036845 0.9973691972227315 0.0 110.04
0.02035147 0.9974117897187914 0.0 110.221
0.02033857 0.9974021925610618 0.0 110.406
0.02032327 0.9973539944887644 0.0 110.588
0.02030829 0.9973980736171968 0.0 110.771
0.02029662 0.9973893919283435 0.0 110.951
0.02027897 0.9973946690219498 0.0 111.137
0.02027129 0.9975155045932816 0.0 111.319
0.02024978 0.997573128523236 0.0 111.501
0.02024385 0.9974766827658773 0.0 111.685
0.02022038 0.9974056136376158 0.0 111.868
0.02021486 0.9973653849290283 0.0 112.049
0.02019361 0.9974031856880574 0.0 112.232
0.02018384 0.997505663246733 0.0 112.411
0.02016862 0.9977329242797662 0.0 112.594
0.02015466 0.9979233866551444 0.0 112.774
0.02014398 0.9980442756770013 0.0 112.954
0.02012569 0.9980122569713357 0.0 113.137
0.02011679 0.9979136078682399 0.0 113.319
0.02009567 0.9978978902547118 0.0 113.499
0.02009165 0.9978764939674483 0.0 113.68
0.02006946 0.9978047679894875 0.0 113.86
0.02006122 0.9978906576693605 0.0 114.043
0.0200408 0.9979674816737361 0.0 114.223
0.02003084 0.9978496465248873 0.0 114.406
0.02001562 0.997654975308661 0.0 114.586
0.02000013 0.997534641380413 0.0 114.766
0.01998953 0.9974163370034995 0.0 114.952
0.01997016 0.9973651243384865 0.0 115.133
0.01996288 0.9974333215237127 0.0 115.316
0.01994025 0.997434892777506 0.0 115.499
0.01993582 0.997265975423561 0.0 115.679
0.0199121 0.9970114087516778 0.0 115.859
0.01990534 0.996769456384657 0.0 116.041
0.01988608 0.9966447307596664 0.0 116.225
0.01987488 0.9964908044661337 0.0 116.402
0.01986045 0.9963335611064252 0.0 116.588
0.01984548 0.9961752299867819 0.0 116.769
0.01983385 0.9962585971483104 0.0 116.952
0.01981448 0.9963362129934601 0.0 117.135
0.01980864 0.9964415891348165 0.0 117.318
0.01978576 0.996625385578222 0.0 117.501
0.01978043 0.9966766261198591 0.0 117.679
0.01975623 0.9966034431232699 0.0 117.859
0.0197495 0.9965616426019135 0.0 118.041
0.01973023 0.9964192173323592 0.0 118.22
0.0197188 0.9962835394932021 0.0 118.402
0.01970514 0.9962549938760298 0.0 118.586
0.01968886 0.9962980993563916 0.0 118.768
0.01967816 0.996416644610573 0.0 118.951
0.01965872 0.9964206023681322 0.0 119.132
0.01965122 0.9964150310265693 0.0 119.32
0.01962831 0.9963251096319166 0.0 119.504
0.01962291 0.9961387265072076 0.0 119.686
0.01959945 0.9959925197558113 0.0 119.868
0.01959236 0.9959320621103667 0.0 120.052
0.0195725 0.9960277023907762 0.0 120.233
0.01956215 0.9961671964714651 0.0 120.415
0.01954645 0.9962107291484452 0.0 120.599
0.01952204 0.9960638240879933 0.0 120.965
0.01950134 0.9960484544085039 0.0 121.149
0.01949259 0.996097146965409 0.0 121.333
0.0194705 0.9960071605763803 0.0 121.514
0.0194652 0.9958744533646994 0.0 121.696
0.01944085 0.995747613187656 0.0 121.878
0.01943507 0.9956152435503165 0.0 122.06
0.01941204 0.9955613620617614 0.0 122.24
0.01940355 0.9953911146947994 0.0 122.423
0.01938728 0.995087023219384 0.0 122.607
0.0193737 0.9949120876601992 0.0 122.788
0.01935976 0.9947913827257967 0.0 122.968
0.01934236 0.9946513303051939 0.0 123.146
0.01933437 0.9943892669708702 0.0 123.329
0.0193125 0.993880330201196 0.0 123.511
0.01930727 0.9929804441934637 0.0 123.693
0.01928418 0.9924890317964525 0.0 123.875
0.01927736 0.9929950955002981 0.0 124.059
0.01925537 0.9935453308415808 0.0 124.239
0.01924707 0.9939047468068646 0.0 124.422
0.01923352 0.9941689934314479 0.0 124.605
0.01921607 0.9942648106796217 0.0 124.785
0.0192032 0.9944569013846196 0.0 124.967
0.01918502 0.9946073482599955 0.0 125.149
0.01917659 0.9946739783254843 0.0 125.332
0.01915449 0.9945840291444439 0.0 125.514
0.01914814 0.9945257567157689 0.0 125.695
0.0191248 0.9944907567594836 0.0 125.873
0.01911914 0.9943762142604274 0.0 126.053
0.01909618 0.99421207267753 0.0 126.234
0.01908765 0.9940977065524816 0.0 126.414
0.01907139 0.9940856612490917 0.0 126.595
0.01905649 0.9940562332397926 0.0 126.777
0.01904382 0.9939365063627487 0.0 126.961
0.01902554 0.9937229758764804 0.0 127.143
0.01901872 0.9936443660715851 0.0 127.324
0.01899676 0.993701665059519 0.0 127.507
0.01898995 0.9937869611354271 0.0 127.687
0.01896579 0.9938235485660685 0.0 127.868
0.01896009 0.9937112914746328 0.0 128.05
0.01894343 0.9936437891508308 0.0 128.233
0.01892962 0.9934496775135568 0.0 128.416
0.01891155 0.9931811618747934 0.0 128.599
0.01889733 0.9927139204461777 0.0 128.787
0.01888328 0.9923380653890285 0.0 128.967
0.01886641 0.9922720376529314 0.0 129.147
0.01885791 0.9922657534713532 0.0 129.33
0.01883591 0.9922494889004082 0.0 129.509
0.01882939 0.9920791828077256 0.0 129.69
0.01880557 0.9918609282474143 0.0 129.872
0.01880003 0.9916920414751178 0.0 130.053
0.01877795 0.991657341277802 0.0 130.235
0.01876885 0.9915409886121151 0.0 130.416
0.01875122 0.9912905525500971 0.0 130.599
0.01873773 0.990970324940439 0.0 130.783
0.01872665 0.9906702683537041 0.0 130.965
0.01870715 0.9904359381894119 0.0 131.149
0.01869736 0.9901736154418229 0.0 131.332
0.01867572 0.9898283273167424 0.0 131.513
0.0186696 0.9895319503696266 0.0 131.695
0.01864492 0.9893315179775514 0.0 131.876
0.01863943 0.9891626986999457 0.0 132.056
0.01861701 0.9889997922025459 0.0 132.239
0.0186084 0.9886648294552889 0.0 132.42
0.0185914 0.9882869258777507 0.0 132.598
0.01857679 0.9879659423073395 0.0 132.781
0.0185674 0.98755688741667 0.0 132.96
0.01854401 0.9870111576707962 0.0 133.139
0.0185396 0.9864412482543387 0.0 133.32
0.01851653 0.9860044739994638 0.0 133.501
0.01850735 0.9857419793528098 0.0 133.68
0.01849418 0.9853669523349974 0.0 133.862
0.01847697 0.9849705860926863 0.0 134.042
0.01846246 0.9845217525185159 0.0 134.224
0.01845139 0.984093832265608 0.0 134.407
0.01844134 0.9837395051338638 0.0 134.584
0.01843379 0.9834230889653409 0.0 134.762
0.01842809 0.9832183220243502 0.0 134.947
0.01842204 0.9828301723659026 0.0 135.131
0.01841769 0.9823704327310365 0.0 135.314
0.01841399 0.9820575352690933 0.0 135.495
0.0184106 0.9819631476444463 0.0 135.674
0.01840766 0.9819426158060548 0.0 135.858
0.01840577 0.9818693157823692 0.0 136.044
0.01840388 0.9819766142248492 0.0 136.228
0.0183784 0.9820866466515534 0.0 136.405
0.01830876 0.9815785025740977 0.0 136.588
0.01828962 0.9801039946682951 0.0 136.768
0.01826986 0.9784101291334182 0.0 136.951
0.01826011 0.9769602312416888 0.0 137.132
0.01823841 0.9759581671345609 0.0 137.31
0.01823341 0.9749138125972352 0.0 137.492
0.01820976 0.9739110763857556 0.0 137.673
0.01820241 0.972938564147988 0.0 137.856
0.01818096 0.9720093839188848 0.0 138.04
0.01817088 0.9710893745720484 0.0 138.222
0.01815673 0.9702215729420917 0.0 138.405
0.01813999 0.9693142453250488 0.0 138.589
0.01812546 0.9681728401598629 0.0 138.77
0.01810809 0.9668637877904555 0.0 138.951
0.01810023 0.9654155071056312 0.0 139.132
0.01807716 0.964194537757483 0.0 139.314
0.01807086 0.9629488816587791 0.0 139.496
0.01804627 0.9616892208303396 0.0 139.678
0.01804099 0.960115854036398 0.0 139.861
0.01801761 0.9586749827671237 0.0 140.042
0.01800949 0.957117783847147 0.0 140.224
0.01799207 0.955371146906182 0.0 140.405
0.01797838 0.9537183930853833 0.0 140.584
0.01796554 0.9518655231432119 0.0 140.765
0.01794719 0.9499729593938001 0.0 140.949
0.01793978 0.9477029808851489 0.0 141.131
0.017917 0.9456610810251054 0.0 141.313
0.01790986 0.9433562252852064 0.0 141.494
0.01788556 0.9411486987188019 0.0 141.677
0.01788058 0.9385169894174925 0.0 141.86
0.01785686 0.9361269517066527 0.0 142.039
0.01784836 0.933492870858608 0.0 142.216
0.01783182 0.9306341453443681 0.0 142.396
0.01781732 0.9279408825804524 0.0 142.578
0.01780418 0.9248841345331901 0.0 142.762
0.01778556 0.9218597425650766 0.0 142.945
0.01777752 0.9185868286239802 0.0 143.126
0.01775517 0.9157421602485237 0.0 143.307
0.01774961 0.9125812769181011 0.0 143.488
0.01772535 0.909388698423846 0.0 143.669
0.01771898 0.9058624486722615 0.0 143.848
0.01769813 0.9023446479648973 0.0 144.028
0.01768734 0.8987227685661341 0.0 144.21
0.01767111 0.8951501405259119 0.0 144.391
0.01765588 0.8918912629730237 0.0 144.571
0.01764374 0.8885619374923915 0.0 144.752
0.0176246 0.8855748090744995 0.0 144.935
0.01761785 0.8823400931732481 0.0 145.114
0.01759413 0.8794961579147931 0.0 145.297
0.01758814 0.8767359964339403 0.0 145.48
0.01756452 0.8743118133459865 0.0 145.66
0.01755797 0.8719899545570858 0.0 145.84
0.01754102 0.8699711451689893 0.0 146.023
0.01752647 0.8685022667367722 0.0 146.203
0.01751067 0.8673239961537683 0.0 146.386
0.01749446 0.8665473121474333 0.0 146.566
0.01748442 0.8660664591087165 0.0 146.746
0.0174632 0.8659432574452304 0.0 146.929
0.0174569 0.8663586886563714 0.0 147.109
0.017433 0.8670917824981824 0.0 147.291
0.0174277 0.8683472689799275 0.0 147.472
0.01740388 0.8697002772394825 0.0 147.654
0.0173962 0.8716836114009457 0.0 147.835
0.01737727 0.873769812563603 0.0 148.018
0.01736408 0.8761335985955971 0.0 148.203
0.01734971 0.8789527590980478 0.0 148.382
0.01733285 0.8818974157058751 0.0 148.564
0.01732354 0.885340346343288 0.0 148.745
0.01730196 0.8884093918745674 0.0 148.924
0.01729528 0.8919260317087493 0.0 149.107
0.01727119 0.8951025128927668 0.0 149.287
0.01726538 0.8985323825749416 0.0 149.471
0.01724126 0.9017991050884766 0.0 149.653
0.017234 0.9051705004492604 0.0 149.838
0.01721533 0.9083863048301906 0.0 150.02
0.01720258 0.9116069540806838 0.0 150.2
0.01718775 0.9150639512550365 0.0 150.381
0.01717155 0.9183372074977239 0.0 150.564
0.017161 0.9216317058712464 0.0 150.744
0.01713976 0.9245363603468076 0.0 150.926
0.01713356 0.9275054766595157 0.0 151.107
0.01710998 0.9300984697566611 0.0 151.289
0.01710427 0.9328665224678847 0.0 151.47
0.01708075 0.935239734518676 0.0 151.653
0.01707218 0.9377334732817343 0.0 151.833
0.01705345 0.9400196857397726 0.0 152.014
0.01704062 0.9421988759030253 0.0 152.196
0.01702734 0.9444520770929112 0.0 152.379
0.01700917 0.9465739408660677 0.0 152.563
0.01700015 0.9486280681840191 0.0 152.744
0.01697758 0.950381775408632 0.0 152.923
0.01697108 0.9523655441764544 0.0 153.106
0.01694658 0.954025972784971 0.0 153.29
0.0169421 0.955774021955239 0.0 153.47
0.01691992 0.9574536779024688 0.0 153.652
0.01690982 0.9590521588404718 0.0 153.829
0.01689187 0.9603530681826504 0.0 154.013
0.01687865 0.9615469334739717 0.0 154.195
0.0168689 0.9628710957300461 0.0 154.375
0.01684827 0.964006127048267 0.0 154.552
0.01683922 0.9653674644629108 0.0 154.733
0.01681582 0.966482080931498 0.0 154.915
0.01681023 0.9676078723321483 0.0 155.097
0.01678587 0.9686292485703848 0.0 155.278
0.0167796 0.9697010439565116 0.0 155.462
0.01675625 0.9706870588568793 0.0 155.644
0.01674781 0.9717388934889181 0.0 155.826
0.01673018 0.9725844145876863 0.0 156.009
0.01671595 0.9734124107367759 0.0 156.189
0.01670143 0.9743512464419541 0.0 156.373
0.01668358 0.9752309657306384 0.0 156.555
0.01667346 0.9759533485061578 0.0 156.74
0.01665295 0.9764311300403027 0.0 156.926
0.01664701 0.977138168090586 0.0 157.107
0.01662275 0.9776850175531505 0.0 157.288
0.0166173 0.9782645796490468 0.0 157.466
0.01659414 0.9788679562190987 0.0 157.649
0.01658536 0.9793902347341324 0.0 157.832
0.01657102 0.9798180484578728 0.0 158.01
0.01655428 0.9803709905383091 0.0 158.189
0.01654001 0.9810711924167519 0.0 158.367
0.01652131 0.9816600749932605 0.0 158.549
0.01651356 0.9821830594210413 0.0 158.731
0.01649062 0.9826953943482878 0.0 158.914
0.01648409 0.983182542515875 0.0 159.096
0.01646002 0.983584810614429 0.0 159.276
0.01645408 0.9840728340648899 0.0 159.458
0.01643106 0.9844744694489826 0.0 159.641
0.01642168 0.9848874586254277 0.0 159.821
0.0164042 0.9853486512981389 0.0 160.004
0.0163903 0.9857759781398259 0.0 160.186
0.01637755 0.9862224934024807 0.0 160.365
0.01635847 0.9866457724453389 0.0 160.547
0.01635218 0.987023597262709 0.0 160.728
0.01632882 0.9871716287417196 0.0 160.91
0.0163221 0.9873119138673604 0.0 161.088
0.01629824 0.9875499570038276 0.0 161.271
0.01629138 0.9878186025982368 0.0 161.453
0.01626888 0.9881844909782241 0.0 161.636
0.01625993 0.9886335073680989 0.0 161.82
0.01624234 0.9888951668425292 0.0 162.002
0.01622801 0.9889389962457731 0.0 162.183
0.01621481 0.9891479023822967 0.0 162.363
0.01619606 0.9894254384940059 0.0 162.546
0.01618801 0.9896564759222324 0.0 162.726
0.01616486 0.9900041641841542 0.0 162.912
0.0161583 0.9903824082211082 0.0 163.093
0.01613429 0.9905835564375763 0.0 163.276
0.01612833 0.9907610648888132 0.0 163.457
0.01610655 0.990981965718825 0.0 163.637
0.01609667 0.9912302090684387 0.0 163.815
0.01607909 0.9914358435179897 0.0 163.997
0.01606483 0.9916255709310569 0.0 164.181
0.01605498 0.9918194638798028 0.0 164.362
0.01603314 0.9919662067693138 0.0 164.542
0.01602545 0.9920889781333171 0.0 164.721
0.01600153 0.992181426542485 0.0 164.905
0.01599606 0.9923035380573695 0.0 165.088
0.01597102 0.992486207483825 0.0 165.27
0.01596538 0.9927916713079528 0.0 165.454
0.01594279 0.9929935666330102 0.0 165.635
0.01593306 0.9931515131453906 0.0 165.815
0.01591686 0.9931929889691534 0.0 165.994
0.01590198 0.9932913977937061 0.0 166.173
0.01589114 0.9934485175579909 0.0 166.353
0.01587067 0.9934150525898042 0.0 166.536
0.01586235 0.9933355210250336 0.0 166.719
0.01583878 0.9934098480885277 0.0 166.9
0.0158338 0.9935873408913354 0.0 167.08
0.01580986 0.9936797347121191 0.0 167.261
0.01580251 0.9937476892180155 0.0 167.442
0.01578139 0.993822210510924 0.0 167.623
0.01577029 0.9939233952960224 0.0 167.803
0.01575405 0.9939113965794902 0.0 167.987
0.01573808 0.9939179427088134 0.0 168.168
0.01572848 0.9939291949915617 0.0 168.349
0.01570751 0.993950391341397 0.0 168.528
0.01569953 0.9940355303365271 0.0 168.709
0.01567583 0.994163167644547 0.0 168.893
0.01567047 0.9943609924767358 0.0 169.075
0.01564636 0.9945059741562516 0.0 169.256
0.01563865 0.9947371381750304 0.0 169.436
0.01561941 0.9948689725259269 0.0 169.617
0.01560687 0.9949514161482501 0.0 169.799
0.01559174 0.9949952565746478 0.0 169.982
0.01557552 0.9950009163066079 0.0 170.163
0.01556424 0.9950826829127672 0.0 170.345
0.01554334 0.9951772801574308 0.0 170.526
0.01553707 0.9954094879730436 0.0 170.712
0.01551249 0.9955006676499297 0.0 170.896
0.01550654 0.995532949242969 0.0 171.08
0.01548223 0.9955333042472178 0.0 171.26
0.01547546 0.9956734223473989 0.0 171.442
0.01545473 0.9958408070432303 0.0 171.623
0.01544371 0.9957959691036564 0.0 171.803
0.01542883 0.9956932528496587 0.0 171.989
0.0154117 0.9957172585122465 0.0 172.167
0.01540127 0.9957462215267109 0.0 172.346
0.01538044 0.9958041684095733 0.0 172.525
0.01537401 0.9959805186657071 0.0 172.705
0.0153492 0.996017175029016 0.0 172.887
0.01534463 0.9959954527460321 0.0 173.068
0.01532092 0.995941225264982 0.0 173.251
0.01531231 0.9959898708732975 0.0 173.431
0.01529403 0.9959763414749727 0.0 173.611
0.01528061 0.9960397646591517 0.0 173.792
0.01526707 0.9960480817861189 0.0 173.97
0.01524849 0.9959609764001162 0.0 174.149
0.01524122 0.9959372577888251 0.0 174.329
0.01521774 0.9958465297310154 0.0 174.511
0.01521167 0.9959520655320426 0.0 174.692
0.01518698 0.9961348196681213 0.0 174.872
0.01518063 0.9962202024804298 0.0 175.055
0.01515854 0.9962038510893094 0.0 175.235
0.01514853 0.9963798121077704 0.0 175.416
0.01513319 0.996457847632703 0.0 175.598
0.01511735 0.9964644567755729 0.0 175.779
0.01510566 0.9965841570590334 0.0 175.957
0.01508491 0.9965687927877396 0.0 176.137
0.01507819 0.996490472754879 0.0 176.319
0.01505478 0.9964004854475069 0.0 176.496
0.01504925 0.9962879818802561 0.0 176.679
0.01502571 0.9962705577088237 0.0 176.863
0.01501767 0.9961729303945188 0.0 177.043
0.01499793 0.9961399859602805 0.0 177.225
0.01498539 0.9961857100382643 0.0 177.405
0.01497458 0.9963227827529556 0.0 177.583
0.01495446 0.9964355435564051 0.0 177.765
0.01494426 0.996628065510889 0.0 177.947
0.01492174 0.9967023741714407 0.0 178.129
0.0149154 0.9967893491004594 0.0 178.312
0.01489047 0.99682588920555 0.0 178.495
0.01488509 0.9968219052269243 0.0 178.677
0.01486096 0.9967123713359463 0.0 178.857
0.01485395 0.9967071810266873 0.0 179.037
0.01483474 0.9967846217660555 0.0 179.221
0.01482188 0.9967750995655883 0.0 179.401
0.01480661 0.9969097647209879 0.0 179.581
0.01478965 0.9969872620965264 0.0 179.764
0.01477825 0.9971797840367836 0.0 179.95
0.0147582 0.9974559489392785 0.0 180.127
0.01475363 0.997597612249643 0.0 180.307
0.01472793 0.9976335624034689 0.0 180.486
0.01472183 0.9977756919766329 0.0 180.666
0.01469779 0.9977578754773678 0.0 180.846
0.01468997 0.997514467126099 0.0 181.028
0.01467647 0.9973960850558559 0.0 181.208
0.01465862 0.9973095400253853 0.0 181.388
0.01464497 0.9972810986918593 0.0 181.568
0.01462645 0.9972857106305344 0.0 181.75
0.01461737 0.9972423253625474 0.0 181.93
0.01459481 0.9972622749351389 0.0 182.111
0.0145895 0.9973683185015838 0.0 182.293
0.014565 0.9974035537779707 0.0 182.47
0.01455806 0.9975076995256158 0.0 182.649
0.01453657 0.9976384087218225 0.0 182.83
0.01452626 0.9977400538903062 0.0 183.013
0.01450956 0.9978543740235829 0.0 183.196
0.0144936 0.9978975309934303 0.0 183.376
0.01448169 0.9978153927648771 0.0 183.558
0.01446289 0.9978564447181466 0.0 183.739
0.01445655 0.9978700741037078 0.0 183.921
0.0144322 0.9978153751369347 0.0 184.102
0.01442511 0.9977184855080878 0.0 184.288
0.01440013 0.9975556535654464 0.0 184.469
0.01439457 0.9975515347805137 0.0 184.655
0.01437094 0.9976240590238692 0.0 184.836
0.01436229 0.9976719426841764 0.0 185.016
0.01434468 0.997677222454067 0.0 185.198
0.01433003 0.9976663690978528 0.0 185.377
0.01431804 0.997657486560872 0.0 185.558
0.01429814 0.997570129773372 0.0 185.738
0.01429039 0.9974926910637814 0.0 185.921
0.01426673 0.9974751667740686 0.0 186.104
0.01426087 0.997615135554936 0.0 186.288
0.01423678 0.9977622126286791 0.0 186.468
0.01423022 0.9979199829170544 0.0 186.648
0.01420887 0.9979041634844593 0.0 186.83
0.01419844 0.9979330836962733 0.0 187.011
0.01418141 0.997793801511055 0.0 187.194
0.01416589 0.997636401513975 0.0 187.374
0.01415742 0.9976118040834848 0.0 187.554
0.01413494 0.9976317999108535 0.0 187.734
0.01412684 0.9976258002575398 0.0 187.914
0.01410305 0.9975348882391687 0.0 188.093
0.0140976 0.9973858732843072 0.0 188.276
0.01407338 0.9972037241659661 0.0 188.457
0.0140657 0.9971980383048054 0.0 188.64
0.01404624 0.9971653094169952 0.0 188.82
0.01403377 0.9971377560050715 0.0 188.999
0.01401909 0.9972734621398488 0.0 189.179
0.01400159 0.9973688312283451 0.0 189.361
0.01399231 0.9973079122100432 0.0 189.54
0.01396969 0.9971819260900414 0.0 189.726
0.01396244 0.9972681635830972 0.0 189.909
0.01393888 0.9973583549118293 0.0 190.093
0.01393353 0.9975009578493064 0.0 190.272
0.01393156 0.9976261393627913 0.0 190.452
0.01392989 0.9976074981551366 0.0 190.634
0.01392919 0.9975893463288242 0.0 190.815
0.01392848 0.9975338592328509 0.0 190.997
0.01392864 0.9973874142307069 0.0 191.18
