X_channel Y_channel II_channel timestamp
0.01514402 0.9953185730177283 0.0 0.0
0.01514416 0.9953981518417522 0.0 0.184
0.01514404 0.9954770219300099 0.0 0.364
0.01514391 0.9954959454514832 0.0 0.547
0.01514415 0.9954578525475133 0.0 0.727
0.01514432 0.9954769815365233 0.0 0.906
0.01514404 0.9955946792298758 0.0 1.086
0.01514423 0.9956344513251424 0.0 1.265
0.01514373 0.9956942227346662 0.0 1.445
0.01514391 0.9956941967617577 0.0 1.625
0.01514468 0.9956144866438875 0.0 1.804
0.01514397 0.9954578785142558 0.0 1.984
0.01514417 0.9954578496623195 0.0 2.166
0.01514402 0.9955158293371031 0.0 2.347
0.01514414 0.9955946648019252 0.0 2.527
0.01514368 0.9955350319031843 0.0 2.71
0.01514418 0.9953981489567316 0.0 2.89
0.01514418 0.9953384496937401 0.0 3.073
0.0151441 0.9955357175502177 0.0 3.256
0.01514389 0.9957730524274849 0.0 3.436
0.0151441 0.9958707796676416 0.0 3.616
0.01514366 0.9956942328352423 0.0 3.797
0.0151441 0.9955349713094216 0.0 3.978
0.01514377 0.9955947181853445 0.0 4.157
0.01514388 0.995457145256808 0.0 4.335
0.01514423 0.9953384424816214 0.0 4.519
0.01514382 0.9953584013763659 0.0 4.701
0.01514387 0.9954770464546282 0.0 4.882
0.01514389 0.9955151018511353 0.0 5.062
0.01514419 0.995418047268523 0.0 5.243
0.01514413 0.9954578554327067 0.0 5.425
0.01514428 0.9954379340397133 0.0 5.607
0.01514332 0.9953186739853861 0.0 5.791
0.01514385 0.995278798027879 0.0 5.972
0.01514366 0.9953186249439498 0.0 6.155
0.01514392 0.9955357435189917 0.0 6.337
0.01514395 0.9958128432791507 0.0 6.518
0.01514352 0.9960300614228401 0.0 6.7
0.0151438 0.99603002100691 0.0 6.88
0.01514478 0.9957530242431298 0.0 7.061
0.01514359 0.9956146439116906 0.0 7.244
0.01514374 0.9956345220249287 0.0 7.424
0.01514398 0.995574788131739 0.0 7.607
0.01514416 0.9955150628987824 0.0 7.79
0.01514384 0.9954770507825021 0.0 7.973
0.01514465 0.9954378806647047 0.0 8.15
0.01514435 0.9954578236955784 0.0 8.33
0.01514438 0.9955150311598303 0.0 8.513
0.01514421 0.9954769974053923 0.0 8.693
0.0151439 0.9954578886124339 0.0 8.875
0.0151439 0.9955158466492733 0.0 9.055
0.01514408 0.995674272477171 0.0 9.238
0.0151438 0.9956345133678116 0.0 9.42
0.01514382 0.9955350117052627 0.0 9.601
0.01514403 0.9955946806726708 0.0 9.781
0.01514411 0.9957339674120367 0.0 9.962
0.0151444 0.995950335386572 0.0 10.144
0.01514396 0.9959503988922346 0.0 10.328
0.01514404 0.9957929305364154 0.0 10.508
0.01514436 0.9955747333066239 0.0 10.688
0.01514428 0.9955150455866264 0.0 10.872
0.0151442 0.9955548566366094 0.0 11.052
0.01514392 0.9955747967883367 0.0 11.235
0.01514396 0.9955349915073417 0.0 11.417
0.01514378 0.9954959642059602 0.0 11.598
0.01514337 0.9956146756538222 0.0 11.78
0.01514387 0.9956345032678416 0.0 11.957
0.01514425 0.9956344484394372 0.0 12.137
0.01514405 0.9956344772964913 0.0 12.316
0.01514432 0.9955548393237617 0.0 12.496
0.01514381 0.9955151133925737 0.0 12.682
0.01514411 0.9955747693757779 0.0 12.863
0.01514422 0.9956344527679951 0.0 13.046
0.01514422 0.9955357002377027 0.0 13.226
0.01514418 0.995457848219723 0.0 13.407
0.01514456 0.9956145039577715 0.0 13.588
0.01514435 0.9956344340109105 0.0 13.765
0.01514422 0.9955548537511347 0.0 13.946
0.01514381 0.9956146121695613 0.0 14.128
0.0151443 0.9957538397490803 0.0 14.307
0.01514393 0.9958317509326722 0.0 14.491
0.01514399 0.9956344859536078 0.0 14.669
0.01514426 0.9956344469965844 0.0 14.848
0.01514436 0.9957538310909263 0.0 15.033
0.01514418 0.9957339573110583 0.0 15.213
0.01514368 0.995614630926274 0.0 15.397
0.01514445 0.9953981100089563 0.0 15.58
0.01514402 0.9952389739985609 0.0 15.76
0.01514397 0.9952389812099592 0.0 15.942
0.01514451 0.995378201600517 0.0 16.121
0.01514396 0.9953185816720984 0.0 16.307
0.01514396 0.9952588824072038 0.0 16.489
0.01514328 0.9953584792688189 0.0 16.673
0.01514399 0.9954379758741837 0.0 16.857
0.01514361 0.9954579304477452 0.0 17.037
0.01514365 0.9954579246773573 0.0 17.216
0.01514322 0.9954579867090314 0.0 17.396
0.01514403 0.9953782708396225 0.0 17.576
0.01514335 0.9953087197798384 0.0 17.861
0.01514352 0.9951800930847038 0.0 18.04
0.01514334 0.9950425619756491 0.0 18.204
0.01514359 0.9950624256818045 0.0 18.372
0.01514368 0.9952191232802977 0.0 18.548
0.01514359 0.9953385347967476 0.0 18.729
0.0151436 0.9952390345743082 0.0 18.909
0.01514349 0.9950624401020431 0.0 19.089
0.0151438 0.9950026961330257 0.0 19.266
0.0151432 0.9950226824064243 0.0 19.45
0.01514315 0.9948634915578497 0.0 19.631
0.01514342 0.9948037533614221 0.0 19.813
0.01514338 0.994943057424481 0.0 19.997
0.01514343 0.9949828497282133 0.0 20.182
0.01514341 0.9949231533423771 0.0 20.362
0.01514375 0.995042502853853 0.0 20.541
0.01514347 0.9952589530803239 0.0 20.729
0.01514393 0.995437984529592 0.0 20.908
0.0151435 0.9954579463163126 0.0 21.088
0.01514389 0.9954180905446973 0.0 21.267
0.01514365 0.9954181251656395 0.0 21.447
0.01514367 0.9953982225247595 0.0 21.629
0.01514351 0.9954969981453808 0.0 21.811
0.01514403 0.9956344801821968 0.0 21.993
0.01514369 0.9955748299719628 0.0 22.176
0.01514345 0.995318655234248 0.0 22.356
0.01514337 0.9952788672600771 0.0 22.542
0.0151434 0.9954771142579913 0.0 22.721
0.01514319 0.9956744008962148 0.0 22.902
0.01514365 0.9956743345223229 0.0 23.086
0.0151438 0.9955748141015326 0.0 23.269
0.01514339 0.9955151739851302 0.0 23.445
0.01514371 0.9956345263534876 0.0 23.625
0.01514381 0.9957539104573436 0.0 23.806
0.01514389 0.9957538989131368 0.0 23.988
0.01514352 0.9957539523050961 0.0 24.167
0.01514367 0.9957937301713089 0.0 24.351
0.01514356 0.995793746045229 0.0 24.533
0.01514345 0.9957340626498425 0.0 24.712
0.01514382 0.9955748112160001 0.0 24.89
0.0151437 0.9953982181972283 0.0 25.073
0.01514351 0.9953385463361396 0.0 25.257
0.0151439 0.9954379888572961 0.0 25.439
0.0151429 0.9954580328721427 0.0 25.619
0.01514349 0.9954380480025892 0.0 25.801
0.01514387 0.9953981936745513 0.0 25.983
0.01514378 0.995398206657145 0.0 26.163
0.01514346 0.9953385535482597 0.0 26.342
0.01514361 0.9953385319118997 0.0 26.521
0.01514369 0.9953385203725079 0.0 26.704
0.01514386 0.9953384958513017 0.0 26.885
0.01514393 0.9953583855093863 0.0 27.069
0.01514356 0.9954770911759941 0.0 27.252
0.01514319 0.9955749021102875 0.0 27.434
0.01514358 0.9956743446226972 0.0 27.611
0.01515499 0.9957522971570157 0.0 27.791
0.01516171 0.995751327447706 0.0 27.975
0.01517526 0.9955702751793 0.0 28.158
0.01519003 0.9954313343354073 0.0 28.34
0.01519881 0.9953703689888486 0.0 28.522
0.01521909 0.9953276446148563 0.0 28.703
0.01522465 0.9952870436007767 0.0 28.884
0.01524791 0.9952239903812993 0.0 29.066
0.0152525 0.9952233283953329 0.0 29.251
0.01527249 0.995339841683273 0.0 29.431
0.01528216 0.9955349530301841 0.0 29.612
0.01530241 0.9954929792400695 0.0 29.794
0.01531208 0.9953739297989677 0.0 29.98
0.01532571 0.9952127699103197 0.0 30.161
0.01534176 0.995092801250121 0.0 30.343
0.0153534 0.995091122734159 0.0 30.525
0.01537172 0.9951862352773564 0.0 30.707
0.01538013 0.9951651233520675 0.0 30.89
0.01540177 0.9949456008569662 0.0 31.073
0.01540657 0.9947068670335205 0.0 31.257
0.0154302 0.9946057073988983 0.0 31.438
0.01543586 0.9948411912169408 0.0 31.621
0.0154584 0.9951346833400816 0.0 31.805
0.01546621 0.9951527097100609 0.0 31.991
0.01548068 0.9949740213064446 0.0 32.172
0.01549629 0.9948722769274592 0.0 32.355
0.01550952 0.9948703695956195 0.0 32.535
0.01552704 0.9947292994451851 0.0 32.717
0.01553102 0.9944717845703847 0.0 32.898
0.01555489 0.994348953287736 0.0 33.077
0.0155614 0.9945072036697984 0.0 33.255
0.01558551 0.9945634245578215 0.0 33.437
0.01559129 0.9946023884701084 0.0 33.616
0.01561244 0.9945794418027651 0.0 33.796
0.01562196 0.9944586794979771 0.0 33.979
0.01563731 0.9944564674926647 0.0 34.161
0.01565193 0.9945538521437112 0.0 34.344
0.01566345 0.9945521919063562 0.0 34.526
0.01568235 0.9945494680914528 0.0 34.706
0.01568949 0.9947257816445363 0.0 34.886
0.01571154 0.9949606345593739 0.0 35.071
0.0157172 0.9949797166271777 0.0 35.251
0.01574086 0.994797223073809 0.0 35.433
0.01574701 0.9945202515707143 0.0 35.614
0.01576453 0.9944381348866627 0.0 35.795
0.01577677 0.9945358607697544 0.0 35.975
0.01579209 0.994651299216986 0.0 36.154
0.01580773 0.9948074815990201 0.0 36.332
0.01581775 0.9946674986859833 0.0 36.511
0.01583827 0.9944474068967395 0.0 36.693
0.01584412 0.9944067684477083 0.0 36.869
0.01586737 0.9944034183027879 0.0 37.052
0.01587266 0.9943827584041741 0.0 37.232
0.01589498 0.9942221026795562 0.0 37.412
0.01590359 0.9941818133116933 0.0 37.598
0.01592112 0.994199185479576 0.0 37.781
0.0159344 0.9942751212262658 0.0 37.959
0.01594771 0.9942923549180371 0.0 38.142
0.01596518 0.9942119894250672 0.0 38.329
0.01597367 0.9940324362287986 0.0 38.509
0.01599521 0.993812950565553 0.0 38.691
0.01600118 0.9937325017323784 0.0 38.872
0.01602461 0.9937291280169038 0.0 39.053
0.0160293 0.9936886582963529 0.0 39.231
0.01604884 0.993586359112005 0.0 39.412
0.0160606 0.9934471272466416 0.0 39.595
0.0160777 0.9932862353611427 0.0 39.775
0.01609139 0.9933638531174056 0.0 39.961
0.0161042 0.9935186980609316 0.0 40.14
0.01612151 0.9934582563163858 0.0 40.322
0.01613046 0.9933383326412372 0.0 40.502
0.01615173 0.9932556838215281 0.0 40.685
0.01615762 0.9931354551432042 0.0 40.866
0.01618172 0.9932513676936029 0.0 41.048
0.01618702 0.9934289295259814 0.0 41.232
0.01620936 0.9934058171467507 0.0 41.412
0.01621804 0.9932262439512577 0.0 41.595
0.01623512 0.9932237859082583 0.0 41.777
0.01624867 0.993301422167366 0.0 41.956
0.01626078 0.9932996792491504 0.0 42.139
0.01627917 0.9931975500919024 0.0 42.322
0.01628755 0.9929991205046981 0.0 42.502
0.01631003 0.9927976682904561 0.0 42.682
0.01631428 0.9927970569289074 0.0 42.865
0.01633712 0.9929529419304197 0.0 43.047
0.01634434 0.9930695400146526 0.0 43.231
0.01636657 0.9931451801932083 0.0 43.412
0.01637638 0.9930062360527243 0.0 43.589
0.01639266 0.9928852628913245 0.0 43.772
0.01640715 0.992823490013798 0.0 43.953
0.01641811 0.992762225159335 0.0 44.136
0.01643695 0.9927794112013709 0.0 44.316
0.01644514 0.9926993952026745 0.0 44.5
0.01646772 0.9926580964866519 0.0 44.679
0.01647391 0.9927541988140296 0.0 44.862
0.01649792 0.9928502244797187 0.0 45.045
0.01650284 0.9927898292098225 0.0 45.229
0.0165238 0.9929651301310449 0.0 45.409
0.01653441 0.9931807160038418 0.0 45.592
0.01655006 0.9933766748827697 0.0 45.775
0.0165648 0.9936115604075216 0.0 45.955
0.01657846 0.9935896982649947 0.0 46.144
0.01659641 0.9935871142072062 0.0 46.326
0.01660259 0.993388015134842 0.0 46.51
0.01662594 0.9931476494664879 0.0 46.693
0.0166321 0.9930870766872744 0.0 46.877
0.01665646 0.9930437808707566 0.0 47.057
0.01666195 0.9930049410685021 0.0 47.239
0.01668439 0.9930206131266656 0.0 47.42
0.01669365 0.9931776970739765 0.0 47.601
0.0167117 0.9932944711505489 0.0 47.782
0.01672463 0.9933324007480825 0.0 47.965
0.01673839 0.9932508397988998 0.0 48.145
0.01675519 0.9930892612977215 0.0 48.328
0.01676491 0.9930878627585437 0.0 48.509
0.01678649 0.9931245478240636 0.0 48.692
0.01679216 0.9929663127727801 0.0 48.872
0.01681578 0.9928243962266735 0.0 49.052
0.01682075 0.9930009948059968 0.0 49.233
0.01684181 0.9931364829026117 0.0 49.415
0.01685219 0.9929964715953289 0.0 49.598
0.01687044 0.9927369547104768 0.0 49.774
0.01688316 0.9925784541212491 0.0 49.958
0.01689452 0.9925967151938865 0.0 50.137
0.01691356 0.9925143984741033 0.0 50.317
0.01692087 0.9922753577896468 0.0 50.501
0.01694365 0.9920549834594368 0.0 50.684
0.01695052 0.9918948396696663 0.0 50.868
0.01697386 0.9918143944825714 0.0 51.048
0.01697921 0.9918516738846058 0.0 51.23
0.01700047 0.9919473448288041 0.0 51.408
0.01701049 0.9920453767021511 0.0 51.59
0.01702495 0.9920432984245606 0.0 51.771
0.01704101 0.9918825819457572 0.0 51.949
0.01705322 0.9917433083401614 0.0 52.129
0.01707283 0.9916410197816233 0.0 52.311
0.01708045 0.9913638934081007 0.0 52.492
0.01710349 0.9912611137460159 0.0 52.671
0.0171087 0.9913399418971397 0.0 52.853
0.01713215 0.9914360440870513 0.0 53.033
0.01713902 0.9914922525716263 0.0 53.217
0.01715992 0.9915091443752772 0.0 53.399
0.01716985 0.9916071875495173 0.0 53.577
0.01718435 0.9915454228738212 0.0 53.757
0.01720107 0.9914062510053064 0.0 53.94
0.01721185 0.991384808886101 0.0 54.12
0.01723245 0.9915981945479756 0.0 54.303
0.01723877 0.991716648931717 0.0 54.487
0.01726192 0.9918110504428425 0.0 54.668
0.01726797 0.9918293287570743 0.0 54.849
0.01729148 0.9917090759383747 0.0 55.03
0.01729811 0.991548975038302 0.0 55.213
0.01731941 0.9914091476396587 0.0 55.393
0.01732931 0.9914656654147986 0.0 55.579
0.01734401 0.991562275034301 0.0 55.76
0.01736048 0.9913634621563997 0.0 55.943
0.01737228 0.9912821941171945 0.0 56.125
0.01739175 0.9912992913486596 0.0 56.306
0.01739876 0.9913778576603279 0.0 56.49
0.01742251 0.9914323855664937 0.0 56.672
0.01742686 0.9913340355656777 0.0 56.853
0.01745148 0.9910726354443292 0.0 57.037
0.01745812 0.9908744919087126 0.0 57.217
0.01747811 0.9908517293799511 0.0 57.397
0.01748898 0.9907507040901922 0.0 57.579
0.01750489 0.9906308034933567 0.0 57.758
0.01752039 0.990490074732199 0.0 57.938
0.01752908 0.9904689349236105 0.0 58.115
0.0175505 0.9905454327087393 0.0 58.296
0.01755691 0.9906041912856587 0.0 58.474
0.01758002 0.9906008748703788 0.0 58.654
0.01758585 0.9905403600896477 0.0 58.834
0.01760568 0.9903385879836855 0.0 59.016
0.01761694 0.9902392500275475 0.0 59.193
0.01763382 0.9901580042264401 0.0 59.375
0.01764861 0.9899967424783495 0.0 59.558
0.0176611 0.9899750587144827 0.0 59.736
0.01767941 0.9899326479411698 0.0 59.919
0.01768753 0.9899314834834788 0.0 60.099
0.01771024 0.9899282267450489 0.0 60.28
0.01771595 0.9899274079031345 0.0 60.462
0.01773919 0.9898651443270365 0.0 60.645
0.0177448 0.9896273733638721 0.0 60.825
0.01776654 0.9893880368991428 0.0 61.008
0.01777668 0.9893269070832311 0.0 61.192
0.01779321 0.989264861713134 0.0 61.375
0.01780786 0.9891434098131476 0.0 61.56
0.01781979 0.9891225542851168 0.0 61.742
0.01783881 0.989002217622298 0.0 61.925
0.01784685 0.9890010657473641 0.0 62.108
0.01787035 0.9888584556947682 0.0 62.287
0.01787372 0.9886995838120127 0.0 62.469
0.01789708 0.9885985195604914 0.0 62.651
0.01790493 0.9883992233575768 0.0 62.832
0.0179271 0.9882386557486855 0.0 63.015
0.0179369 0.9881775777127392 0.0 63.198
0.01795348 0.9881553126900557 0.0 63.378
0.0179681 0.9880935451000373 0.0 63.557
0.01797855 0.9881517241047715 0.0 63.734
0.01799883 0.9881289296662623 0.0 63.917
0.0180062 0.9880483087209213 0.0 64.097
0.01802913 0.9880450268402977 0.0 64.279
0.01803529 0.9881436022892142 0.0 64.46
0.01805979 0.9881400953780496 0.0 64.643
0.01806537 0.9879421238195447 0.0 64.822
0.01808483 0.987681498222196 0.0 65.003
0.01809659 0.987463498425546 0.0 65.184
0.01811148 0.9873420213603654 0.0 65.366
0.01812753 0.9871813425435892 0.0 65.548
0.01813835 0.9871797953029127 0.0 65.728
0.01815828 0.9870593394336477 0.0 65.909
0.01816382 0.9868215951911473 0.0 66.092
0.01818711 0.9867593389630759 0.0 66.274
0.01819375 0.986658935049594 0.0 66.458
0.01821771 0.986715183349091 0.0 66.639
0.01822499 0.9869503469526393 0.0 66.822
0.0182452 0.9869872393107563 0.0 67.004
0.01825611 0.9868272991652384 0.0 67.185
0.01827317 0.9866078028931957 0.0 67.367
0.01828813 0.9863488263708027 0.0 67.548
0.01830004 0.9862484173502404 0.0 67.728
0.0183187 0.9862258609911383 0.0 67.912
0.0183261 0.9861651321099895 0.0 68.093
0.0183497 0.9860821988715613 0.0 68.278
0.01835511 0.9861212071345634 0.0 68.46
0.01837905 0.986097897123033 0.0 68.642
0.01838536 0.9857422006080941 0.0 68.823
0.01840187 0.9854233378200343 0.0 69.005
0.01841793 0.9851251769730713 0.0 69.187
0.01842837 0.9848668539027594 0.0 69.372
0.01845025 0.9846655762143988 0.0 69.551
0.01845313 0.9845458241490951 0.0 69.734
0.01846899 0.9844863781196609 0.0 69.917
0.01848321 0.9843848996885975 0.0 70.097
0.01849538 0.9843036040409759 0.0 70.278
0.01850455 0.9842227363660314 0.0 70.459
0.01851195 0.9841247174286794 0.0 70.639
0.01851848 0.9840641165083415 0.0 70.821
0.01852379 0.9841230296664257 0.0 71.004
0.01856757 0.9840372294407018 0.0 71.186
0.01859412 0.9838154031349484 0.0 71.366
0.0186096 0.9834967013247237 0.0 71.546
0.0186274 0.9832977547071854 0.0 71.726
0.01863391 0.9832172687351132 0.0 71.906
0.01865685 0.9830556305987753 0.0 72.088
0.01866386 0.9827381390379927 0.0 72.269
0.0186881 0.9824388317371947 0.0 72.449
0.0186941 0.9819837509746833 0.0 72.632
0.01871717 0.9817236470527984 0.0 72.816
0.01872544 0.9815633556401132 0.0 72.999
0.01874363 0.9813245831502506 0.0 73.183
0.0187574 0.9810658048215142 0.0 73.366
0.01877061 0.980905559123639 0.0 73.551
0.01878766 0.9808044363152257 0.0 73.733
0.01879981 0.980446444663654 0.0 73.916
0.01881896 0.9802870980435008 0.0 74.1
0.01882758 0.9803430554004637 0.0 74.281
0.01884992 0.9802819563503476 0.0 74.463
0.01885469 0.979925762146023 0.0 74.644
0.01887685 0.9796456626664147 0.0 74.826
0.01888643 0.9794471539512496 0.0 75.007
0.01890221 0.9791284328834714 0.0 75.191
0.01891622 0.9786722336944758 0.0 75.374
0.0189299 0.978334670338427 0.0 75.554
0.01894497 0.9780747263529412 0.0 75.734
0.01895837 0.9778359032142707 0.0 75.917
0.01897285 0.9776168168016532 0.0 76.101
0.01898732 0.9773189238388993 0.0 76.28
0.01900261 0.9771583962666256 0.0 76.46
0.01901635 0.9769782001443246 0.0 76.643
0.01903099 0.976660397797078 0.0 76.827
0.01904719 0.9762230451682348 0.0 77.007
0.01906172 0.9759045155724323 0.0 77.186
0.01907551 0.9756663913887005 0.0 77.368
0.01909037 0.9754661535186623 0.0 77.553
0.01910488 0.9751874070102662 0.0 77.736
0.01911901 0.9748895728426092 0.0 77.916
0.01913317 0.9745313250775015 0.0 78.099
0.01914837 0.9742532307073205 0.0 78.287
0.01916245 0.9738957428613382 0.0 78.466
0.01917666 0.9736359385923731 0.0 78.648
0.01919186 0.9732981836799608 0.0 78.828
0.01920574 0.9729407282160063 0.0 79.007
0.01922035 0.9725242531416801 0.0 79.187
0.01923512 0.9721261536695553 0.0 79.369
0.01924841 0.9718483375415042 0.0 79.55
0.01926434 0.9715694052026101 0.0 79.734
0.01927913 0.9712118289641141 0.0 79.918
0.01929279 0.9708700747870339 0.0 80.1
0.01930813 0.970532311965439 0.0 80.28
0.01932212 0.9699170581430427 0.0 80.461
0.01933622 0.969382336445404 0.0 80.641
0.01935155 0.9689061128444741 0.0 80.821
0.01936557 0.9685287672503604 0.0 81.005
0.0193801 0.9681513516782788 0.0 81.188
0.01939363 0.9676358596812199 0.0 81.371
0.01940847 0.9671788542373548 0.0 81.554
0.01942347 0.9666437702282409 0.0 81.734
0.01943741 0.9661868948292823 0.0 81.917
0.01945121 0.9655933153844334 0.0 82.098
0.01946617 0.9649185354523862 0.0 82.281
0.01948113 0.9643049117539131 0.0 82.463
0.0194959 0.9637293515264697 0.0 82.648
0.01951073 0.9632333340715786 0.0 82.828
0.0195259 0.9628160740789764 0.0 83.011
0.01954067 0.962399866026013 0.0 83.194
0.01955332 0.9617656947678858 0.0 83.374
0.01956843 0.9609730817318718 0.0 83.554
0.01958271 0.9604774004995054 0.0 83.734
0.01959822 0.9600998774735422 0.0 83.915
0.0196123 0.9595052907654381 0.0 84.097
0.01962582 0.9588123444009496 0.0 84.283
0.01963984 0.9582172738513145 0.0 84.464
0.01965486 0.957524124764872 0.0 84.644
0.01966924 0.9566926061375847 0.0 84.827
0.01968398 0.955840408717656 0.0 85.01
0.01969614 0.9551866923696961 0.0 85.194
0.01971068 0.9547106343355763 0.0 85.375
0.01972476 0.9540574029677062 0.0 85.557
0.01973367 0.953245795881374 0.0 85.737
0.0197545 0.9525511197971147 0.0 85.92
0.01976277 0.951640919883998 0.0 86.1
0.01978563 0.9507495940196211 0.0 86.284
0.01979128 0.9499185604735721 0.0 86.465
0.01981489 0.949244150095035 0.0 86.651
0.01982066 0.9482547603374628 0.0 86.831
0.01984507 0.9471253517500885 0.0 87.015
0.01985279 0.9459385790947005 0.0 87.195
0.01986907 0.9448699547599584 0.0 87.377
0.0198831 0.9439209595785572 0.0 87.558
0.01989711 0.9428906867262085 0.0 87.738
0.01991428 0.941782183031298 0.0 87.92
0.01992351 0.9406747664843867 0.0 88.097
0.01994517 0.9397438891505814 0.0 88.281
0.0199495 0.9386371463419471 0.0 88.46
0.01997346 0.9376463090620658 0.0 88.641
0.01998097 0.9364397117331936 0.0 88.823
0.02000068 0.9350532385871836 0.0 89.003
0.02001116 0.9338288471720217 0.0 89.186
0.0200237 0.9325818098546429 0.0 89.366
0.02004191 0.9313936692661806 0.0 89.548
0.02005489 0.9299502123294787 0.0 89.73
0.02007346 0.9284073271428677 0.0 89.91
0.02008236 0.9267466836201568 0.0 90.088
0.02010456 0.9251429247465143 0.0 90.27
0.02011013 0.9236415732219682 0.0 90.459
0.020134 0.9224129442482627 0.0 90.639
0.02014005 0.9208121105260859 0.0 90.822
0.02016285 0.919169527942447 0.0 91.01
0.02017146 0.9173702566159563 0.0 91.192
0.02018771 0.9155321949027464 0.0 91.371
0.02020193 0.9137321922776092 0.0 91.555
0.02021408 0.9118141538175608 0.0 91.733
0.02023243 0.909954214759305 0.0 91.919
0.02023959 0.9079391621603685 0.0 92.1
0.02026229 0.9061977309777202 0.0 92.28
0.02026797 0.9041821390836043 0.0 92.462
0.0202924 0.9022433920696897 0.0 92.639
0.02029813 0.8999707933361663 0.0 92.82
0.02031997 0.8977557586721 0.0 93.002
0.02032911 0.895600299504001 0.0 93.182
0.02034557 0.8934456389069703 0.0 93.364
0.0203605 0.8913302098214152 0.0 93.545
0.02037198 0.888937594144967 0.0 93.728
0.02039157 0.8865655698114532 0.0 93.908
0.0203985 0.8839573102102727 0.0 94.091
0.02042102 0.8817223870116194 0.0 94.271
0.02042682 0.8793312771975692 0.0 94.452
0.02045 0.8770764099587113 0.0 94.634
0.02045705 0.8744475366417628 0.0 94.816
0.02047705 0.8719768545864783 0.0 95.001
0.02048799 0.8694665646531667 0.0 95.187
0.02050464 0.8668365085478947 0.0 95.367
0.02051913 0.8643069024201798 0.0 95.548
0.02052808 0.8616785770413492 0.0 95.731
0.02054883 0.8592458925604297 0.0 95.909
0.02055693 0.8565789163735507 0.0 96.087
0.02057927 0.8539688437442505 0.0 96.27
0.02058496 0.8511237230015198 0.0 96.45
0.02060808 0.848592373165389 0.0 96.632
0.02061476 0.8460034024083909 0.0 96.813
0.02063406 0.8437101602244597 0.0 96.995
0.02064601 0.8415562680348359 0.0 97.175
0.02066031 0.8393615842996045 0.0 97.358
0.0206768 0.8371266280026919 0.0 97.539
0.02068761 0.834814822309518 0.0 97.723
0.02070728 0.8327775939304864 0.0 97.906
0.02071468 0.8305049885290848 0.0 98.088
0.02073739 0.8285469502746969 0.0 98.268
0.0207429 0.8265514648753663 0.0 98.449
0.02076595 0.824889174911439 0.0 98.628
0.02077359 0.823229727139842 0.0 98.808
0.02079296 0.8216864486662743 0.0 98.988
0.02080431 0.8203809928098861 0.0 99.17
0.02081939 0.8191347490663548 0.0 99.351
0.02083521 0.8180268609932042 0.0 99.532
0.02084436 0.8171369923551809 0.0 99.714
0.02086579 0.8166604893671238 0.0 99.898
0.02087246 0.8161459671990343 0.0 100.079
0.02089507 0.815906436822828 0.0 100.259
0.02090108 0.8159653762947633 0.0 100.44
0.02092392 0.8161398859037496 0.0 100.618
0.0209322 0.8165142004933796 0.0 100.8
0.02094906 0.8170067974921764 0.0 100.981
0.02096229 0.8177153036751303 0.0 101.163
0.02097625 0.8186232957444993 0.0 101.344
0.02099235 0.8196478422596971 0.0 101.53
0.02100237 0.8208520523515769 0.0 101.71
0.02102305 0.8222321956867091 0.0 101.887
0.0210283 0.8238704104381592 0.0 102.066
0.02105237 0.8253885679904994 0.0 102.247
0.02105814 0.827244426837733 0.0 102.428
0.02107932 0.8290586673345509 0.0 102.609
0.02108916 0.8310720930758686 0.0 102.793
0.02110582 0.8332042344117923 0.0 102.972
0.02111906 0.8353748044671159 0.0 103.152
0.02113143 0.8379406364540076 0.0 103.334
0.02114994 0.8403881570363381 0.0 103.515
0.02115855 0.8431721400438809 0.0 103.698
0.02118028 0.8457765619360135 0.0 103.881
0.02118488 0.8486589392509294 0.0 104.061
0.02120804 0.8513426868264979 0.0 104.245
0.02121583 0.8539289056786674 0.0 104.428
0.02123654 0.8564747461333696 0.0 104.608
0.02124657 0.8591392044842036 0.0 104.786
0.02126161 0.8617841419256196 0.0 104.967
0.02127704 0.8647066226317459 0.0 105.147
0.02128845 0.8677652902831886 0.0 105.334
0.02130745 0.8706666686441464 0.0 105.517
0.02131586 0.8737473141426629 0.0 105.702
0.02133763 0.8765486548703815 0.0 105.883
0.02134468 0.879530043508233 0.0 106.065
0.02136818 0.8821937002197252 0.0 106.246
0.02137387 0.8850368171398854 0.0 106.429
0.02139566 0.8877197998158792 0.0 106.609
0.02140405 0.8905039016603059 0.0 106.789
0.02141937 0.893149419849761 0.0 106.97
0.02143387 0.8955763346989374 0.0 107.152
0.02144631 0.8981220512150749 0.0 107.334
0.02146429 0.9006481486580841 0.0 107.518
0.02147176 0.9035108594899405 0.0 107.701
0.02149338 0.9058590140596147 0.0 107.886
0.0215002 0.9081874789777372 0.0 108.066
0.02152366 0.9104948583709954 0.0 108.247
0.02153024 0.9127853171308383 0.0 108.425
0.02155003 0.9148180496489036 0.0 108.607
0.02156113 0.9169488452418088 0.0 108.788
0.02157712 0.9191187457282511 0.0 108.967
0.02159142 0.9211720596648446 0.0 109.151
0.02160456 0.9232237805527134 0.0 109.331
0.02162219 0.9251367185610784 0.0 109.511
0.02162983 0.9272299172765792 0.0 109.691
0.02165174 0.9290436028150735 0.0 109.873
0.02165773 0.9308211514942303 0.0 110.057
0.02168072 0.9323580791589897 0.0 110.237
0.02168713 0.9340950533620156 0.0 110.418
0.02170612 0.935751790524389 0.0 110.6
0.0217178 0.9374095106753684 0.0 110.781
0.02173381 0.9391643008005532 0.0 110.96
0.02174813 0.9407826330081215 0.0 111.141
0.02175561 0.9424597943125103 0.0 111.323
0.02177724 0.9438392932265508 0.0 111.504
0.02178586 0.9452396989816207 0.0 111.686
0.02180744 0.9463634763347933 0.0 111.866
0.02181393 0.9476257468362858 0.0 112.048
0.0218363 0.948887572950208 0.0 112.229
0.0218437 0.9504066654784431 0.0 112.413
0.02186342 0.9517466243129729 0.0 112.592
0.02187376 0.9529106860289697 0.0 112.774
0.02188826 0.9539946483511494 0.0 112.951
0.02190408 0.9550187827655451 0.0 113.131
0.02191416 0.9560660722545198 0.0 113.313
0.0219344 0.9569703044848457 0.0 113.494
0.02194201 0.9579376629253111 0.0 113.676
0.02196325 0.9589617733656596 0.0 113.857
0.02196939 0.9600071107187857 0.0 114.041
0.02199002 0.9609130094186409 0.0 114.222
0.02200012 0.9618193749721368 0.0 114.4
0.02201791 0.9627852999147701 0.0 114.582
0.02203019 0.9637509946720583 0.0 114.763
0.02204432 0.9645782624814777 0.0 114.945
0.02206065 0.9652285374498213 0.0 115.126
0.02207023 0.9659769157412519 0.0 115.307
0.02209052 0.9666457650505746 0.0 115.489
0.02209679 0.9673357080276731 0.0 115.667
0.02211951 0.96796469941255 0.0 115.851
0.02212511 0.9687342508246831 0.0 116.032
0.02214694 0.9695601677717034 0.0 116.213
0.02215585 0.9704495211648144 0.0 116.395
0.02217323 0.971258660172456 0.0 116.577
0.0221858 0.97198845714302 0.0 116.757
0.02219832 0.9726775056625692 0.0 116.938
0.02221611 0.9732679031171523 0.0 117.121
0.02222496 0.9737994228848245 0.0 117.301
0.02224595 0.9743687390080088 0.0 117.483
0.02225218 0.9750792898466383 0.0 117.664
0.02227523 0.975589665204773 0.0 117.847
0.02228085 0.9760031041861188 0.0 118.031
0.02230205 0.9763753274055128 0.0 118.213
0.02231116 0.9768685325270406 0.0 118.394
0.02232926 0.9774176166375298 0.0 118.577
0.02234167 0.9779501093027531 0.0 118.76
0.02235557 0.9784615160651597 0.0 118.941
0.02237219 0.9788932680443624 0.0 119.124
0.02238059 0.9793070498719848 0.0 119.304
0.02240129 0.9795202977046077 0.0 119.487
0.02240872 0.9796981535648974 0.0 119.667
0.02243041 0.9800106527399609 0.0 119.85
0.02243656 0.9804048703197471 0.0 120.031
0.02245856 0.9807960912869756 0.0 120.212
0.02246685 0.9812893958894446 0.0 120.393
0.02248269 0.9817011178650503 0.0 120.574
0.0224972 0.9819169746274999 0.0 120.755
0.02251017 0.9822307027372864 0.0 120.937
0.02252692 0.9824859959245036 0.0 121.115
0.02253575 0.9829185874694524 0.0 121.295
0.02255648 0.9832312074275962 0.0 121.475
0.02256184 0.9835470078104125 0.0 121.654
0.022584 0.9839180620844388 0.0 121.834
0.0225916 0.9841348954568134 0.0 122.016
0.02261163 0.9843879742660955 0.0 122.201
0.02262119 0.9845853941084639 0.0 122.384
0.02263777 0.984740316973513 0.0 122.568
0.02265152 0.9849754035673324 0.0 122.752
0.02266237 0.9853490555934895 0.0 122.931
0.02268137 0.9856427767561028 0.0 123.114
0.02268955 0.9859969292043891 0.0 123.298
0.02271084 0.9862696970948578 0.0 123.48
0.02271572 0.9864869123225425 0.0 123.665
0.02273769 0.9866410586775358 0.0 123.845
0.02274551 0.9869164924813766 0.0 124.023
0.0227659 0.9873682841309189 0.0 124.204
0.0227762 0.987781014974945 0.0 124.386
0.02279129 0.9880149052689091 0.0 124.567
0.0228052 0.9880129158290719 0.0 124.749
0.02281674 0.9882100418835008 0.0 124.929
0.0228355 0.9885825479402851 0.0 125.11
0.02284334 0.9888969825266359 0.0 125.291
0.02286479 0.9890720642081844 0.0 125.472
0.02287098 0.9891489486664155 0.0 125.655
0.02289409 0.9893642914001746 0.0 125.836
0.02290027 0.9895596957729235 0.0 126.019
0.02291976 0.9895569039567476 0.0 126.203
0.02293007 0.989595181775334 0.0 126.383
0.02294475 0.9897719744505421 0.0 126.565
0.02296004 0.9899660715471799 0.0 126.746
0.02297107 0.9901235086018795 0.0 126.93
0.02298991 0.990218454904131 0.0 127.11
0.02299504 0.9901988363011727 0.0 127.291
0.02301742 0.9902145117073671 0.0 127.473
0.02302398 0.9904513507075241 0.0 127.654
0.02304595 0.9907239941474978 0.0 127.836
0.02305352 0.9908819243092144 0.0 128.016
0.02307229 0.9908991090124963 0.0 128.197
0.02308411 0.9910539440781493 0.0 128.378
0.02309934 0.9913481726096378 0.0 128.558
0.02311363 0.9915640214190837 0.0 128.738
0.0231237 0.9917596045537705 0.0 128.924
0.02314346 0.9918156526218755 0.0 129.109
0.02315172 0.9917168225395753 0.0 129.291
0.02317245 0.9915754557074057 0.0 129.472
0.02317826 0.991574621798462 0.0 129.65
0.02320129 0.991630945956031 0.0 129.831
0.02320776 0.9915306346319696 0.0 130.011
0.02322459 0.9913692073160938 0.0 130.19
0.0232373 0.9911122196152479 0.0 130.373
0.02325242 0.9905957486560825 0.0 130.554
0.02326752 0.9897846158529912 0.0 130.736
0.02327383 0.9888544930546385 0.0 130.917
0.02329522 0.9890501941841274 0.0 131.1
0.02330345 0.9902125220735003 0.0 131.28
0.02332593 0.9913355344979236 0.0 131.461
0.02333087 0.9922235390449038 0.0 131.643
0.02335368 0.99291170316537 0.0 131.822
0.02336071 0.9934433719599037 0.0 132.005
0.0233789 0.9938556685407038 0.0 132.186
0.02338942 0.9940909280873217 0.0 132.369
0.02340429 0.9942868027247005 0.0 132.549
0.02341974 0.9945802334755952 0.0 132.732
0.02342945 0.9946764759354382 0.0 132.915
0.02344894 0.9946736698983845 0.0 133.098
0.02345662 0.9946924400003 0.0 133.279
0.02347823 0.9948682104473693 0.0 133.461
0.02348329 0.9951830090958789 0.0 133.643
0.02350397 0.9952794086146813 0.0 133.824
0.02351287 0.9953775047370217 0.0 134.006
0.02353178 0.9954517982499789 0.0 134.187
0.02354235 0.9955496531123209 0.0 134.369
0.02355764 0.9956858331789207 0.0 134.546
0.02357285 0.995781279445567 0.0 134.732
0.02358236 0.9957028913985824 0.0 134.913
0.0236014 0.9956802719862964 0.0 135.093
0.02360789 0.9957382174813546 0.0 135.273
0.02362995 0.9957730496622144 0.0 135.452
0.02363559 0.9958716132634944 0.0 135.634
0.02365675 0.99602756510867 0.0 135.815
0.02366529 0.9961637213436707 0.0 135.998
0.02368191 0.9962202051841714 0.0 136.179
0.02369426 0.9962979249306627 0.0 136.358
0.02370658 0.996395523818133 0.0 136.538
0.02372367 0.9967085754740201 0.0 136.717
0.02373337 0.99680655121556 0.0 136.899
0.02375307 0.9965460798435374 0.0 137.084
0.02375787 0.9962887522786567 0.0 137.266
0.02377916 0.9963453069191485 0.0 137.447
0.0237869 0.9964825694740629 0.0 137.627
0.0238076 0.9966169685406333 0.0 137.809
0.02381628 0.9966355912589664 0.0 137.995
0.02383356 0.9966529733684422 0.0 138.176
0.02384634 0.9967505032931201 0.0 138.357
0.02385817 0.9969053095589956 0.0 138.539
0.02387532 0.9968449502461779 0.0 138.72
0.02388385 0.9967053427746629 0.0 138.903
0.02390411 0.99674216916956 0.0 139.083
0.02390967 0.9968787496078098 0.0 139.263
0.02393173 0.9970735659060255 0.0 139.445
0.02393839 0.9971322280788214 0.0 139.626
0.02395837 0.997029972764931 0.0 139.805
0.023968 0.99698883444638 0.0 139.985
0.02398247 0.9971457408631814 0.0 140.167
0.02399717 0.9973597519116361 0.0 140.344
0.02400795 0.9973581958199726 0.0 140.524
0.02402592 0.9972182216369683 0.0 140.707
0.02403395 0.9971979338062419 0.0 140.887
0.02405485 0.9972719295048853 0.0 141.07
0.02405927 0.9973706619288094 0.0 141.25
0.02408192 0.99744688845432 0.0 141.43
0.02408857 0.9975445531482852 0.0 141.612
0.0241082 0.9976592237297038 0.0 141.794
0.02411803 0.9978167956379785 0.0 141.976
0.02413316 0.9977947367977615 0.0 142.16
0.02414804 0.9977528403332723 0.0 142.342
0.02415769 0.9976520778641538 0.0 142.523
0.02417564 0.9976494860873372 0.0 142.704
0.02418311 0.9977477761162857 0.0 142.885
0.02420458 0.9978830461642046 0.0 143.069
0.02420982 0.9979997923213326 0.0 143.253
0.02423218 0.9980164362721599 0.0 143.433
0.02423849 0.9980552719799247 0.0 143.615
0.02425666 0.9979930268776794 0.0 143.794
0.02426737 0.9979318595289665 0.0 143.974
0.02428222 0.9980489554085501 0.0 144.155
0.02429727 0.9981660218927082 0.0 144.338
0.02430751 0.998085049163653 0.0 144.523
0.02432604 0.997963132675002 0.0 144.703
0.02433235 0.9979224747341575 0.0 144.884
0.02435471 0.9979987383244161 0.0 145.066
0.02435931 0.9981173132127297 0.0 145.249
0.02438124 0.998271391700408 0.0 145.429
0.02438871 0.9985080448023489 0.0 145.61
0.02440318 0.9985258268631374 0.0 145.792
0.0244175 0.9984243922411424 0.0 145.973
0.02443041 0.9984225268090322 0.0 146.151
0.0244465 0.9983605829997877 0.0 146.331
0.02445406 0.9982601259782458 0.0 146.51
0.02447505 0.9982968393081175 0.0 146.689
0.02448207 0.9983753165367908 0.0 146.872
0.02450357 0.9983722100771185 0.0 147.055
0.02450884 0.9983714486362325 0.0 147.236
0.02452932 0.9983883623012116 0.0 147.42
0.02453811 0.9986248194362374 0.0 147.604
0.0245559 0.9989575993587186 0.0 147.786
0.02456659 0.9989948055178877 0.0 147.966
0.02457882 0.9989741584164361 0.0 148.146
0.02459536 0.9989327673561961 0.0 148.326
0.02460296 0.998772688548314 0.0 148.508
0.02462363 0.9986504661474352 0.0 148.689
0.02462931 0.9987092625679965 0.0 148.869
0.02465139 0.9987656884319174 0.0 149.052
0.0246576 0.998764790839948 0.0 149.235
0.02467461 0.9988616937671713 0.0 149.415
0.02468569 0.998860092119092 0.0 149.595
0.02470388 0.9986984849184866 0.0 149.777
0.0247155 0.9984210788503352 0.0 149.96
0.02472697 0.9980642067523727 0.0 150.141
0.02474392 0.9979822701195254 0.0 150.323
0.0247528 0.9981590911767237 0.0 150.501
0.0247721 0.9983135407189885 0.0 150.685
0.02477783 0.9982530968617156 0.0 150.866
0.02479984 0.9982499172395709 0.0 151.047
0.02480529 0.9983882334473796 0.0 151.226
0.0248256 0.9985045302686416 0.0 151.409
0.02483448 0.9985819893229629 0.0 151.584
0.02485047 0.9985796786216308 0.0 151.769
0.0248635 0.9986356721905024 0.0 151.951
0.02487263 0.9986343527552527 0.0 152.131
0.02489172 0.9985925957680487 0.0 152.313
0.02489839 0.9985916318884548 0.0 152.493
0.0249196 0.9987269228901444 0.0 152.676
0.02492443 0.9988255827654193 0.0 152.853
0.02494313 0.9988824944289897 0.0 153.037
0.0249521 0.9987818402604268 0.0 153.219
0.02497248 0.9986795373690797 0.0 153.4
0.02498134 0.9986981283431832 0.0 153.581
0.02499735 0.9987554286716798 0.0 153.763
0.02501032 0.9987138114204654 0.0 153.945
0.02502103 0.9987520061850997 0.0 154.126
0.02503803 0.9986899353889759 0.0 154.306
0.02504644 0.9987085912089122 0.0 154.488
0.0250664 0.9988838019940955 0.0 154.667
0.0250714 0.9988632080860291 0.0 154.852
0.02509338 0.9987018073278194 0.0 155.036
0.02509998 0.9985816269783193 0.0 155.218
0.02511896 0.9985987553324573 0.0 155.398
0.02512867 0.9985973521815272 0.0 155.582
0.02514114 0.9985376760105689 0.0 155.766
0.02515649 0.9985933320531163 0.0 155.944
0.02516921 0.9986908483895113 0.0 156.128
0.02518567 0.9987480821403136 0.0 156.317
0.02519498 0.9988850871297347 0.0 156.5
0.02521388 0.9989998410741726 0.0 156.68
0.02521941 0.9990189123882846 0.0 156.867
0.02524109 0.9990356489153361 0.0 157.047
0.02524672 0.9990348350058699 0.0 157.23
0.02526752 0.9990516986370029 0.0 157.41
0.02527494 0.9992088454478961 0.0 157.591
0.02529005 0.9993241452406728 0.0 157.773
0.02530338 0.999224603797197 0.0 157.959
0.02531606 0.9991440336537843 0.0 158.14
0.02533165 0.9990821683889438 0.0 158.323
0.02533942 0.999081045069904 0.0 158.503
0.02535895 0.9989788699024575 0.0 158.683
0.02536519 0.9987221374750433 0.0 158.865
0.02538677 0.9986991485117122 0.0 159.046
0.02539227 0.9989939235658665 0.0 159.229
0.02541287 0.9991101668026866 0.0 159.409
0.02542106 0.9990692424212674 0.0 159.591
0.02543568 0.9989677782476621 0.0 159.772
0.02544925 0.9989658166708488 0.0 159.952
0.02546042 0.998984072074157 0.0 160.134
0.02547718 0.9990809993465904 0.0 160.311
0.02548515 0.9991593270483157 0.0 160.49
0.02550543 0.9990570453910756 0.0 160.678
0.02550949 0.9988982443234055 0.0 160.86
0.02553202 0.9987576375354201 0.0 161.041
0.02553765 0.99859786527552 0.0 161.223
0.02555708 0.9986347972462262 0.0 161.402
0.02556573 0.9987726355249866 0.0 161.584
0.02558052 0.9989468416677828 0.0 161.763
0.02559403 0.9992024493694134 0.0 161.944
0.0256037 0.9993384001123261 0.0 162.127
0.0256219 0.9992172959517324 0.0 162.306
0.02562873 0.9990193513790929 0.0 162.483
0.0256496 0.9989368564829598 0.0 162.665
0.02565404 0.998857481847833 0.0 162.846
0.0256755 0.998736902190942 0.0 163.028
0.02568173 0.9989123429004255 0.0 163.209
0.02569785 0.9991278308506392 0.0 163.39
0.02570938 0.9992237720532285 0.0 163.571
0.02572291 0.99920194654103 0.0 163.75
0.02573715 0.9992992339814221 0.0 163.931
0.0257459 0.9994370533757233 0.0 164.111
0.02576521 0.9993945225399523 0.0 164.291
0.02577086 0.9989590677223215 0.0 164.473
0.02579191 0.9987200795628377 0.0 164.652
0.02579762 0.999014806964251 0.0 164.829
0.0258176 0.9992081254117694 0.0 165.012
0.02582515 0.9990903034635714 0.0 165.191
0.02584061 0.9990284616689539 0.0 165.372
0.02585368 0.9991450407865577 0.0 165.552
0.02586349 0.9992014907013131 0.0 165.734
0.02588098 0.999238699723994 0.0 165.915
0.02588905 0.9991588027597065 0.0 166.098
0.02590847 0.9990782586761718 0.0 166.282
0.02591378 0.9992148337693052 0.0 166.465
0.02593554 0.9992705487231582 0.0 166.645
0.02594073 0.9991513313916682 0.0 166.831
0.0259607 0.9991104456455112 0.0 167.015
0.02596892 0.9990893887574898 0.0 167.195
0.02598383 0.9989878906665383 0.0 167.375
0.02599582 0.9990258946031216 0.0 167.551
0.02600797 0.9992012161073005 0.0 167.732
0.02602446 0.9993769028542746 0.0 167.914
0.0260313 0.9993759137938498 0.0 168.098
0.02605087 0.9992737422383121 0.0 168.282
0.02605635 0.9992729499178443 0.0 168.464
0.02607824 0.9992697849860274 0.0 168.648
0.02608354 0.9992292821827361 0.0 168.83
0.02610318 0.9991668380964085 0.0 169.011
0.02611126 0.9992650108782928 0.0 169.191
0.02612478 0.9994021331078088 0.0 169.369
0.02613961 0.9994993291561054 0.0 169.548
0.02614932 0.999614649846085 0.0 169.733
0.02616607 0.9998109074734082 0.0 169.913
0.02617061 0.9999071072525937 0.0 170.093
0.02619247 0.9999039447047781 0.0 170.274
0.02619781 0.9998055709561549 0.0 170.456
0.02621968 0.9995654829975545 0.0 170.643
0.02622574 0.9993279308420632 0.0 170.821
0.02624398 0.9992458223748323 0.0 171.005
0.02625304 0.9992643802871722 0.0 171.186
0.0262693 0.999143568146921 0.0 171.368
0.02628057 0.9990443389199322 0.0 171.548
0.02629066 0.9991404803390989 0.0 171.729
0.02630824 0.9993954728920269 0.0 171.912
0.02631589 0.9993347639637714 0.0 172.095
0.02633573 0.9992325576972012 0.0 172.274
0.026341 0.9992516633190658 0.0 172.456
0.0263623 0.999367788617719 0.0 172.638
0.02636751 0.9995242364225085 0.0 172.818
0.02638375 0.9995608776613278 0.0 172.998
0.02639457 0.9995394455262917 0.0 173.181
0.02640914 0.9996565424106643 0.0 173.363
0.0264219 0.9997540333311523 0.0 173.544
0.02642864 0.9996537220940117 0.0 173.726
0.02644813 0.9995316999857924 0.0 173.91
0.0264562 0.9995106657732422 0.0 174.091
0.02647633 0.999469758901488 0.0 174.273
0.02648128 0.9994499210172587 0.0 174.454
0.02650249 0.9995039718239057 0.0 174.633
0.02650825 0.9994651431758481 0.0 174.816
0.02652611 0.9993242367042422 0.0 174.997
0.02653488 0.999164033049145 0.0 175.176
0.02654852 0.9989857423613387 0.0 175.356
0.02656267 0.9989638303570826 0.0 175.534
0.02657137 0.9990221735240478 0.0 175.716
0.0265894 0.9990195675313109 0.0 175.897
0.02659577 0.9989590464833954 0.0 176.077
0.02661577 0.9989561559474825 0.0 176.256
0.0266205 0.9988362720570948 0.0 176.436
0.02663838 0.9988535549061611 0.0 176.617
0.02664742 0.9989515817085821 0.0 176.797
0.02666365 0.9990666972828335 0.0 176.978
0.02667544 0.9991834474807905 0.0 177.16
0.02668791 0.9992015113653778 0.0 177.346
0.02670212 0.9992789230824815 0.0 177.525
0.02671018 0.9992976242951712 0.0 177.706
0.02672904 0.9992948976406401 0.0 177.886
0.02673384 0.9992942036906426 0.0 178.067
0.02675447 0.9993110874908141 0.0 178.245
0.02676016 0.9993499974849336 0.0 178.425
0.02676183 0.999605534742366 0.0 178.607
0.02676274 0.9998611818135287 0.0 178.788
0.02676359 0.9997634656476609 0.0 178.967
0.02676283 0.9996053901251151 0.0 179.15
0.02676436 0.999525703660673 0.0 179.328
0.02676407 0.9994860129945873 0.0 179.511
0.02676426 0.9994281249209197 0.0 179.691
0.02676463 0.999466065719375 0.0 179.874
0.02676418 0.9995257296896941 0.0 180.054
0.02676403 0.9998021412929405 0.0 180.236
0.02676444 1.0 0.0 180.417
0.02676457 0.9998219294837135 0.0 180.597
0.02676425 0.9995654521679935 0.0 180.779
0.0267647 0.9994089399877993 0.0 180.96
0.02676431 0.9993493974768948 0.0 181.142
0.0267646 0.9993890881473341 0.0 181.323
0.02676451 0.9991315842514852 0.0 181.505
0.02676485 0.9989942093157097 0.0 181.685
0.02676444 0.999032262870879 0.0 181.863
0.02676499 0.9991109035837347 0.0 182.045
0.02676413 0.9991507604943918 0.0 182.228
0.02676502 0.9991704981417714 0.0 182.407
0.02676522 0.9991108703382372 0.0 182.588
0.02676482 0.9992301259487558 0.0 182.774
0.02676461 0.9994866798968537 0.0 182.958
0.02676487 0.9996845603003185 0.0 183.139
0.02676472 0.9997044482936126 0.0 183.321
0.02676482 0.9996647012330406 0.0 183.502
0.02676469 0.9995852548380556 0.0 183.684
0.02676467 0.9996051240294824 0.0 183.866
0.02676507 0.9997242639705743 0.0 184.048
0.02676457 0.9998020631842849 0.0 184.228
0.02676477 0.9997243073608906 0.0 184.407
0.02676461 0.9996448653051391 0.0 184.587
0.02676485 0.9995256328039 0.0 184.767
0.02676474 0.9994280555169784 0.0 184.949
0.02676466 0.9994280670843014 0.0 185.128
0.026765 0.9994088966111703 0.0 185.309
0.02676523 0.9994088633557572 0.0 185.489
0.02676498 0.9994088995029452 0.0 185.672
0.0267648 0.9995057737354147 0.0 185.855
0.02676444 0.9995256920922195 0.0 186.032
0.02676446 0.9994660903008716 0.0 186.214
0.02676413 0.9994082774171288 0.0 186.398
0.02676277 0.9992900212165897 0.0 186.578
0.0267621 0.9992702517730468 0.0 186.76
0.02676224 0.9994671562928896 0.0 186.941
0.02676166 0.9995658267117179 0.0 187.125
0.02676198 0.9997048445841393 0.0 187.309
0.02676252 0.999625301261779 0.0 187.494
0.0267625 0.9995259726272905 0.0 187.681
0.02676256 0.9995259639509457 0.0 187.862
0.02676175 0.9994672271455438 0.0 188.043
0.02676212 0.9994473073380887 0.0 188.222
0.02676185 0.9994664676992959 0.0 188.409
0.02676229 0.9994092884468556 0.0 188.591
0.02676149 0.9994285254396859 0.0 188.773
0.02676182 0.9995062046518756 0.0 188.952
0.02676206 0.9994284430224406 0.0 189.132
0.02676243 0.9993496692876761 0.0 189.312
0.02676201 0.999290131091022 0.0 189.494
0.02676177 0.999349764710645 0.0 189.673
0.02676154 0.9994473912028331 0.0 189.853
0.02676178 0.9994664778210965 0.0 190.033
0.02676229 0.9994671490630272 0.0 190.215
0.0267622 0.9995856149277378 0.0 190.398
