X_channel Y_channel II_channel timestamp
0.02675175 0.996446290396506 0.0 0.0
0.02675167 0.996385816130781 0.0 0.181
0.02675208 0.9963858469375217 0.0 0.366
0.02675186 0.9964059864921271 0.0 0.545
0.02675178 0.9965060050524002 0.0 0.721
0.02675185 0.9966453392505373 0.0 0.901
0.02675099 0.996665430698424 0.0 1.083
0.0267522 0.9965453409811906 0.0 1.264
0.02675203 0.9965067796924632 0.0 1.447
0.02675183 0.9965647134073533 0.0 1.628
0.02675124 0.9966452934041828 0.0 1.809
0.02673892 0.9966645235244234 0.0 1.988
0.02673509 0.9966440796046915 0.0 2.166
0.02672135 0.9967438271313633 0.0 2.349
0.02671215 0.9968640717600161 0.0 2.531
0.02670252 0.9969616083817147 0.0 2.708
0.02668904 0.9970412188939574 0.0 2.886
0.0266819 0.9970406820557876 0.0 3.067
0.02666484 0.9970595553135481 0.0 3.247
0.02666122 0.9970995950250728 0.0 3.431
0.02664179 0.9970779781346637 0.0 3.613
0.02663772 0.9969171806657967 0.0 3.797
0.02662046 0.9968370231970652 0.0 3.977
0.02661338 0.9968364909819122 0.0 4.158
0.02660067 0.9970345746224639 0.0 4.34
0.02658964 0.9972151478628707 0.0 4.519
0.02657945 0.9971942257523475 0.0 4.703
0.02656476 0.997213276890092 0.0 4.889
0.02655761 0.9972926065293919 0.0 5.068
0.02654079 0.997310489547629 0.0 5.25
0.02653753 0.9972910964018022 0.0 5.43
0.02651768 0.9974490857825449 0.0 5.609
0.02651286 0.9975696575662424 0.0 5.788
0.02649599 0.997467610019315 0.0 5.968
0.0264883 0.9973460974825344 0.0 6.148
0.02647817 0.9972470767261474 0.0 6.332
0.02646411 0.9970847742086653 0.0 6.513
0.02645536 0.996983338129326 0.0 6.694
0.02643874 0.9971433334828739 0.0 6.874
0.0264328 0.9973225236181082 0.0 7.057
0.02641382 0.9973808070669496 0.0 7.239
0.02641054 0.9973805603732686 0.0 7.422
0.02639201 0.9974194777828815 0.0 7.604
0.02638643 0.9975997020214645 0.0 7.788
0.02636983 0.997838555686594 0.0 7.971
0.02636141 0.9978379221175662 0.0 8.154
0.02634878 0.9977765053483537 0.0 8.337
0.0263364 0.9978158847730819 0.0 8.518
0.0263271 0.9979159622027323 0.0 8.701
0.02631154 0.9979147912927858 0.0 8.881
0.02630553 0.9978941836266595 0.0 9.063
0.02628754 0.9977718976122024 0.0 9.242
0.02628268 0.9977110658287803 0.0 9.426
0.02626227 0.9977296856120828 0.0 9.611
0.02625781 0.9977696607236319 0.0 9.793
0.02624374 0.9978492233497109 0.0 9.973
0.02623277 0.99784839790326 0.0 10.158
0.02621972 0.9979675917818827 0.0 10.337
0.02620747 0.9980858378738919 0.0 10.519
0.02619766 0.9982261862384525 0.0 10.703
0.02618226 0.9983056478969641 0.0 10.887
0.02617602 0.9985243660571829 0.0 11.067
0.02615753 0.9988033827944884 0.0 11.251
0.02615272 0.9988425750480537 0.0 11.435
0.02613335 0.9987428597651451 0.0 11.616
0.02612875 0.9987223581892147 0.0 11.799
0.0261117 0.9986807639132892 0.0 11.98
0.02610278 0.9986800921679907 0.0 12.161
0.02608965 0.9986186381429794 0.0 12.344
0.02607701 0.9986176863138453 0.0 12.528
0.02606711 0.9985161655945639 0.0 12.71
0.02605166 0.998395835725235 0.0 12.893
0.02604497 0.9983154678325197 0.0 13.075
0.02602658 0.9982737734717865 0.0 13.254
0.02602298 0.9982735024759334 0.0 13.436
0.02600392 0.9983123776024059 0.0 13.617
0.0259969 0.9982715392659242 0.0 13.798
0.02597866 0.9981290818588778 0.0 13.983
0.0259713 0.9980882181080157 0.0 14.166
0.02595631 0.9982886386857757 0.0 14.347
0.02594498 0.9984666601646826 0.0 14.53
0.02593347 0.9985464129338935 0.0 14.713
0.02591908 0.9985654842352085 0.0 14.892
0.0259126 0.9984843770663286 0.0 15.071
0.02589413 0.9985636055528219 0.0 15.253
0.02588882 0.9986035152685826 0.0 15.435
0.02586838 0.9986624403508401 0.0 15.618
0.02586344 0.9986822230787546 0.0 15.799
0.02584687 0.9984995828651463 0.0 15.979
0.02583828 0.9984787814051557 0.0 16.161
0.02582523 0.9984777988580993 0.0 16.343
0.02581163 0.9985372388711123 0.0 16.522
0.02580215 0.998697762205094 0.0 16.705
0.02578577 0.9988350916622282 0.0 16.885
0.02578188 0.9989960355632302 0.0 17.065
0.02576174 0.9988735909438232 0.0 17.24
0.02575586 0.9985733488127949 0.0 17.42
0.02573516 0.9984113096297198 0.0 17.601
0.02572931 0.9984108692105402 0.0 17.781
0.02571448 0.9985299239869869 0.0 17.962
0.02570293 0.9986096723031138 0.0 18.142
0.02569071 0.9987095244975006 0.0 18.322
0.02567618 0.998708430279306 0.0 18.501
0.02566794 0.9987665095460727 0.0 18.681
0.02565116 0.9988652620864873 0.0 18.86
0.02564566 0.9989454654466385 0.0 19.043
0.0256256 0.9991034259054483 0.0 19.22
0.02562085 0.9991829297307329 0.0 19.401
0.0256016 0.9991814793820556 0.0 19.579
0.02559395 0.9991607486856986 0.0 19.762
0.02558163 0.9991001133516264 0.0 19.941
0.02556738 0.9990000318844917 0.0 20.123
0.0255561 0.9990596449793391 0.0 20.305
0.02554082 0.999176900075009 0.0 20.485
0.02553439 0.999176415626258 0.0 20.665
0.02551514 0.9989759425179109 0.0 20.845
0.0255105 0.9989151304070703 0.0 21.028
0.02549033 0.9989136111630722 0.0 21.212
0.02548361 0.9987727816788443 0.0 21.392
0.02546465 0.9985917301086913 0.0 21.574
0.02545612 0.9985507795905443 0.0 21.755
0.02544326 0.9988100510738962 0.0 21.939
0.02543006 0.9990886947393941 0.0 22.12
0.02542129 0.9992888189051093 0.0 22.304
0.02540323 0.999287458090505 0.0 22.484
0.02539532 0.9992264000059644 0.0 22.665
0.02537655 0.9992652937739233 0.0 22.847
0.02537223 0.9993455842248654 0.0 23.028
0.02535144 0.9992029399262866 0.0 23.211
0.02534504 0.9989026677715697 0.0 23.391
0.0253294 0.9988813358418975 0.0 23.575
0.02531853 0.9990601388234001 0.0 23.756
0.02530319 0.9991589968790825 0.0 23.935
0.02528996 0.9991378462780651 0.0 24.118
0.02527973 0.999038069798102 0.0 24.297
0.02526297 0.9988763324589376 0.0 24.481
0.02525714 0.9988557395433191 0.0 24.662
0.02523624 0.9988541654380431 0.0 24.844
0.02523177 0.9988336750011837 0.0 25.025
0.02521106 0.9986928024926431 0.0 25.207
0.0252051 0.9985721870427421 0.0 25.388
0.02518729 0.9985506923425692 0.0 25.57
0.02517782 0.9987497528006118 0.0 25.749
0.02516379 0.9989494771866714 0.0 25.931
0.02514999 0.9989685913850346 0.0 26.113
0.02514135 0.9989679405855685 0.0 26.294
0.02512331 0.9989665817431209 0.0 26.476
0.02511684 0.9991651112000766 0.0 26.657
0.0250966 0.9994439728814128 0.0 26.837
0.02509141 0.9995435938141796 0.0 27.019
0.0250701 0.9996226018606607 0.0 27.198
0.02506375 0.9996624302817804 0.0 27.38
0.02504814 0.9995000256995689 0.0 27.559
0.02503584 0.9994587917746036 0.0 27.743
0.02502298 0.9996392037587618 0.0 27.926
0.02500845 0.9997993360606078 0.0 28.109
0.02499884 0.9997986116026677 0.0 28.289
0.02498088 0.9996763373145195 0.0 28.472
0.02497498 0.9996758925935707 0.0 28.655
0.02495395 0.9996743074304244 0.0 28.838
0.02494902 0.9996739358260965 0.0 29.017
0.02492768 0.9996521739899394 0.0 29.199
0.0249211 0.9995509115135185 0.0 29.382
0.02490468 0.9994892141611053 0.0 29.558
0.02489295 0.9995487899463003 0.0 29.741
0.02488136 0.9996083761780206 0.0 29.925
0.0248653 0.9995063996352866 0.0 30.105
0.02485648 0.9993664259079612 0.0 30.288
0.02483802 0.999084401922618 0.0 30.468
0.02483127 0.9991234440271446 0.0 30.647
0.02481066 0.9993435758810043 0.0 30.831
0.02480544 0.999441429045903 0.0 31.014
0.02478524 0.9994802130140498 0.0 31.194
0.02477736 0.9994796191731431 0.0 31.376
0.02476097 0.9995589962539598 0.0 31.557
0.02474905 0.9996185570114428 0.0 31.739
0.0247403 0.9996783566013511 0.0 31.919
0.02472191 0.999777735452525 0.0 32.1
0.02471365 0.9997569598048436 0.0 32.282
0.02469376 0.9995942368205141 0.0 32.466
0.02468756 0.9995937695351431 0.0 32.649
0.0246661 0.9997130696194894 0.0 32.83
0.02466098 0.999851234925747 0.0 33.012
0.02464075 0.9997910145787976 0.0 33.194
0.02463274 0.9997710136277913 0.0 33.373
0.02461757 0.999789267199762 0.0 33.555
0.02460489 0.9998671592621979 0.0 33.734
0.02459185 0.99976793128263 0.0 33.915
0.02457642 0.9998456159003111 0.0 34.095
0.0245692 0.9998846214141274 0.0 34.275
0.02454866 0.9998042253268108 0.0 34.457
0.02454379 0.9997643084771779 0.0 34.638
0.02452171 0.9997820410457089 0.0 34.82
0.02451571 0.9999007415150766 0.0 35.002
0.02449575 1.0 0.0 35.183
0.02448692 0.9999993342351146 0.0 35.363
0.0244754 0.9999783130253248 0.0 35.54
0.02445931 0.9998964894953353 0.0 35.722
0.02444714 0.9998351142511236 0.0 35.902
0.02443005 0.9997751315953041 0.0 36.082
0.024423 0.9995738304232185 0.0 36.266
0.02440182 0.9994513191011812 0.0 36.448
0.02439662 0.999450927249049 0.0 36.629
0.02437459 0.9994492671558285 0.0 36.813
0.02436845 0.999610024174381 0.0 36.995
0.02434866 0.9998082936350573 0.0 37.177
0.02434005 0.9998471937132276 0.0 37.356
0.02432497 0.9998057521043185 0.0 37.536
0.02431149 0.9997460421530545 0.0 37.719
0.02430027 0.9995041238148191 0.0 37.899
0.02428208 0.9993239010813956 0.0 38.085
0.02427632 0.9993033147661163 0.0 38.269
0.02425437 0.9993016609606629 0.0 38.45
0.02424868 0.9992206231291378 0.0 38.632
0.02422717 0.9992391548608497 0.0 38.812
0.02422097 0.9992185355190436 0.0 38.992
0.02420053 0.9991968434124522 0.0 39.174
0.02419141 0.9992364607376049 0.0 39.357
0.02417644 0.9993159416016394 0.0 39.539
0.02416318 0.9993534835205239 0.0 39.721
0.0241516 0.9992939179088076 0.0 39.902
0.02413399 0.9992522869083478 0.0 40.088
0.02412568 0.9992516608359922 0.0 40.269
0.02410531 0.9992098220447194 0.0 40.449
0.02410025 0.9991691367322272 0.0 40.631
0.0240787 0.9989869008005602 0.0 40.81
0.02407225 0.9988874182275864 0.0 40.99
0.02405347 0.9988860038735977 0.0 41.171
0.02404366 0.998885265067276 0.0 41.351
0.02402858 0.9988841293712084 0.0 41.534
0.02401351 0.9989628464282914 0.0 41.717
0.02400542 0.9989813814285138 0.0 41.9
0.02398574 0.9988809030444791 0.0 42.081
0.02397743 0.9989407328182958 0.0 42.263
0.0239571 0.998898897984672 0.0 42.447
0.02395115 0.9988782980493796 0.0 42.627
0.02392871 0.9989169116754588 0.0 42.807
0.02392257 0.99899529311313 0.0 42.989
0.02390335 0.9991744555976815 0.0 43.17
0.02389326 0.9992341507161479 0.0 43.35
0.02387942 0.9991726528941444 0.0 43.532
0.02386404 0.9991311908926731 0.0 43.713
0.02385479 0.9991909491472415 0.0 43.895
0.02383528 0.9992902376576763 0.0 44.076
0.02382782 0.9992896756152857 0.0 44.261
0.02380682 0.9993661809490805 0.0 44.443
0.02380166 0.9994463985688659 0.0 44.626
0.02377965 0.9994245884963399 0.0 44.809
0.02377208 0.9994038665353439 0.0 44.99
0.02375332 0.9993034586061647 0.0 45.171
0.02374251 0.9992832483363339 0.0 45.353
0.02373068 0.9991614481037765 0.0 45.536
0.02371346 0.998979543383613 0.0 45.716
0.0237036 0.9988596552965722 0.0 45.897
0.02368437 0.9988179042857088 0.0 46.079
0.0236774 0.9989173808014306 0.0 46.258
0.02365583 0.9990349013632714 0.0 46.438
0.02365023 0.9990143281965175 0.0 46.618
0.02362873 0.9990933141969836 0.0 46.8
0.02362101 0.999153186671619 0.0 46.979
0.02360364 0.9989906677960533 0.0 47.159
0.02359139 0.9988915076630499 0.0 47.344
0.02357831 0.9987696150424245 0.0 47.524
0.02356179 0.9985686219455625 0.0 47.708
0.02355313 0.9985082719772045 0.0 47.887
0.0235325 0.9984865677544279 0.0 48.069
0.02352694 0.9985264515747491 0.0 48.25
0.0235047 0.9983635681118779 0.0 48.431
0.02349873 0.9981439750912648 0.0 48.613
0.02347671 0.9980214113851248 0.0 48.796
0.02346879 0.9979402110755186 0.0 48.975
0.02345465 0.9979996004494465 0.0 49.159
0.02344016 0.9980589633607296 0.0 49.341
0.02342654 0.9979974854187535 0.0 49.521
0.02340973 0.9978156172238979 0.0 49.705
0.02340059 0.997595031942225 0.0 49.886
0.02337997 0.9972937355560214 0.0 50.069
0.02337453 0.9971522698649135 0.0 50.249
0.02335166 0.997090097814573 0.0 50.431
0.02334601 0.9970511344772078 0.0 50.608
0.02332534 0.9968286767296629 0.0 50.789
0.02331641 0.9964879597800677 0.0 50.967
0.02329859 0.9961465756427544 0.0 51.15
0.02328643 0.995885464967474 0.0 51.331
0.02327261 0.9956635242253599 0.0 51.513
0.02325625 0.9953222518790044 0.0 51.695
0.02324889 0.994861506569904 0.0 51.877
0.0232279 0.9942790874513023 0.0 52.057
0.02322139 0.9934179118278557 0.0 52.241
0.02319867 0.9929351126037842 0.0 52.43
0.02319257 0.9933157556373186 0.0 52.607
0.02317604 0.9939351578207919 0.0 52.787
0.02316312 0.9942742315921085 0.0 52.97
0.02314443 0.9946330226466089 0.0 53.151
0.02313249 0.994892321747559 0.0 53.333
0.02312038 0.994891413434289 0.0 53.516
0.02310293 0.9947105129061213 0.0 53.695
0.02309344 0.994670255831127 0.0 53.876
0.02307265 0.9947676861291441 0.0 54.055
0.0230672 0.9947085891131492 0.0 54.238
0.02304437 0.9946262752647884 0.0 54.416
0.02303808 0.9944847505189283 0.0 54.599
0.02301745 0.9944227525758834 0.0 54.779
0.02300884 0.9943616558992092 0.0 54.959
0.02299189 0.9943016972939187 0.0 55.141
0.02297876 0.9941402658957658 0.0 55.322
0.02296784 0.9939397072713523 0.0 55.504
0.02294956 0.993717439763055 0.0 55.687
0.02294006 0.9935378942157654 0.0 55.868
0.02291869 0.9935161433002012 0.0 56.051
0.02291276 0.9934149478846634 0.0 56.232
0.02288968 0.993072428831802 0.0 56.415
0.02288386 0.9925722679629827 0.0 56.595
0.02286283 0.9920301658542013 0.0 56.776
0.0228538 0.9919294953412279 0.0 56.954
0.02283826 0.9918074324268379 0.0 57.134
0.02282336 0.9915267354860934 0.0 57.315
0.02281337 0.9910053605177512 0.0 57.493
0.02279387 0.9904432279475334 0.0 57.672
0.02278675 0.9900026693781967 0.0 57.855
0.02276498 0.989700557307594 0.0 58.032
0.02275942 0.9894195534596774 0.0 58.214
0.02273729 0.9891383217333953 0.0 58.395
0.02272906 0.9887767716499405 0.0 58.574
0.02271124 0.9884555629333557 0.0 58.754
0.0226986 0.9880339913253505 0.0 58.933
0.02268885 0.9875730914919945 0.0 59.113
0.02266934 0.9870915680265309 0.0 59.293
0.02265999 0.9864299566007844 0.0 59.476
0.02263915 0.9858274379934449 0.0 59.66
0.0226322 0.9852667563364294 0.0 59.842
0.02260944 0.984664853911963 0.0 60.023
0.02260391 0.9838818762474141 0.0 60.206
0.02258278 0.9831977362059678 0.0 60.386
0.02257345 0.982415486779851 0.0 60.566
0.02255695 0.9814747844976119 0.0 60.745
0.02254354 0.9805116445652083 0.0 60.924
0.02253321 0.9794908037082973 0.0 61.104
0.02251347 0.9784894199691299 0.0 61.284
0.02250538 0.9773277006351739 0.0 61.464
0.02248368 0.9761851307591368 0.0 61.643
0.02247892 0.9748229198934503 0.0 61.823
0.02245542 0.9732596022752776 0.0 62.007
0.02244763 0.971658149384607 0.0 62.186
0.02242803 0.9701152757901879 0.0 62.369
0.02241707 0.9683730538514822 0.0 62.549
0.02240242 0.9665905188153002 0.0 62.729
0.02238746 0.9648472566032495 0.0 62.91
0.02237783 0.962885512027301 0.0 63.092
0.02235711 0.960821968034285 0.0 63.275
0.02234966 0.95830023524117 0.0 63.455
0.02232745 0.9559562673812387 0.0 63.638
0.02232226 0.9531735193918031 0.0 63.821
0.02230172 0.9505493572025825 0.0 64.0
0.02229169 0.9476471381351153 0.0 64.181
0.02227266 0.9444427988888129 0.0 64.364
0.02226112 0.9408589348493266 0.0 64.544
0.02224638 0.9368942821902303 0.0 64.728
0.0222308 0.9326895517367224 0.0 64.907
0.02222188 0.9277045157472676 0.0 65.086
0.02220096 0.9229596861981677 0.0 65.263
0.022195 0.917394576963472 0.0 65.442
0.02217162 0.9118889745511972 0.0 65.622
0.02216551 0.9050428922847361 0.0 65.804
0.02214439 0.8983360879912989 0.0 65.985
0.02213433 0.8908097294865442 0.0 66.166
0.02211854 0.882962127319465 0.0 66.347
0.02210383 0.8743333367322149 0.0 66.528
0.02209246 0.8645049099869176 0.0 66.71
0.02207405 0.8546155995761179 0.0 66.891
0.02206556 0.8429452761304407 0.0 67.071
0.02204366 0.8312348368699201 0.0 67.253
0.02203881 0.8172234750642526 0.0 67.437
0.02201678 0.8042714186207048 0.0 67.619
0.0220084 0.7897798377628921 0.0 67.797
0.02198766 0.7741060748793563 0.0 67.979
0.02197725 0.7572114287713516 0.0 68.16
0.02196232 0.7393965119994924 0.0 68.339
0.02194669 0.721801722715407 0.0 68.522
0.02193576 0.703406059036388 0.0 68.703
0.02191651 0.6866916600889004 0.0 68.885
0.02190874 0.6694371480096071 0.0 69.066
0.02188606 0.6543438777431666 0.0 69.248
0.02187997 0.6399128390430786 0.0 69.429
0.02185649 0.6283826506511941 0.0 69.61
0.02184983 0.6195144164116448 0.0 69.792
0.02183175 0.6136493193205861 0.0 69.968
0.02181885 0.6113074564586458 0.0 70.15
0.02180574 0.6121077579723179 0.0 70.331
0.02178916 0.6160291589997294 0.0 70.513
0.02177854 0.623234283331145 0.0 70.696
0.02175876 0.632060159361698 0.0 70.879
0.02175283 0.6444292863443702 0.0 71.061
0.02172971 0.6564776944614766 0.0 71.246
0.02172338 0.6708684078461663 0.0 71.428
0.02169945 0.6856989447784642 0.0 71.61
0.02169176 0.7022522181499613 0.0 71.79
0.02167328 0.7177234239876805 0.0 71.969
0.0216609 0.7328551723170328 0.0 72.147
0.0216464 0.7482459307343461 0.0 72.327
0.0216304 0.7627769921620919 0.0 72.509
0.02161945 0.7771655134586446 0.0 72.688
0.02159946 0.7897756398142274 0.0 72.87
0.02159237 0.8025844649384666 0.0 73.051
0.0215695 0.8133915890927834 0.0 73.233
0.02156343 0.8245004316683253 0.0 73.415
0.02154082 0.8341661171499819 0.0 73.596
0.02153232 0.8437525782941423 0.0 73.781
0.0215167 0.8522180812300528 0.0 73.963
0.02150253 0.8598230821876802 0.0 74.145
0.02148728 0.8673675520217774 0.0 74.325
0.02147113 0.8743117847690175 0.0 74.504
0.02146079 0.881316578852885 0.0 74.687
0.0214402 0.8871598981611278 0.0 74.87
0.02143385 0.8930243059043204 0.0 75.05
0.02141034 0.898025212208538 0.0 75.232
0.02140441 0.9029895200432085 0.0 75.41
0.02138146 0.9074114349118123 0.0 75.593
0.02137352 0.9115142662098031 0.0 75.773
0.02135584 0.9152958171031461 0.0 75.955
0.02134305 0.9187772416296164 0.0 76.136
0.02132854 0.9222391475679458 0.0 76.319
0.0213118 0.9255001676724257 0.0 76.503
0.02130299 0.9288020303386532 0.0 76.686
0.02128123 0.9314625313884735 0.0 76.866
0.02127428 0.9341233110008318 0.0 77.046
0.02125118 0.9365041532215949 0.0 77.229
0.02124523 0.9390053242903613 0.0 77.409
0.02122626 0.9412655597284918 0.0 77.591
0.02121528 0.9433064954892865 0.0 77.772
0.0211965 0.9453267244016134 0.0 77.955
0.02118362 0.9472078466124703 0.0 78.135
0.02116943 0.9491075079842961 0.0 78.318
0.02115258 0.9508876002088398 0.0 78.502
0.02114277 0.952708488588044 0.0 78.685
0.02112092 0.9541283276703802 0.0 78.865
0.021115 0.9555289101196591 0.0 79.045
0.02109156 0.9567285156171227 0.0 79.226
0.02108548 0.9580081973954623 0.0 79.408
0.02106313 0.9592877088928141 0.0 79.594
0.0210546 0.9605883641611991 0.0 79.775
0.02103674 0.961707770189474 0.0 79.956
0.0210234 0.9626670777227353 0.0 80.134
0.02101148 0.9636466338341202 0.0 80.314
0.02099204 0.9645057647553753 0.0 80.495
0.02098462 0.9654874072841596 0.0 80.673
0.02096181 0.9665057037103526 0.0 80.855
0.02095778 0.9674455326560566 0.0 81.038
0.02093486 0.9680241019562026 0.0 81.217
0.02092658 0.9686646835252517 0.0 81.399
0.02090589 0.9693834353427031 0.0 81.581
0.0208955 0.9701230852830965 0.0 81.763
0.02087847 0.970702078207352 0.0 81.946
0.02086353 0.9711618508621455 0.0 82.127
0.02085231 0.9718812891209431 0.0 82.309
0.02083386 0.9726404903044863 0.0 82.491
0.0208244 0.9732600749520148 0.0 82.672
0.02080284 0.9737588955485064 0.0 82.852
0.02079742 0.9743996772232987 0.0 83.03
0.02077405 0.9750577751064634 0.0 83.208
0.02076641 0.9758379095048193 0.0 83.39
0.02074654 0.9763167011428646 0.0 83.573
0.02073517 0.9767961171818089 0.0 83.756
0.02071988 0.9772951387212365 0.0 83.937
0.0207037 0.9777346601714472 0.0 84.117
0.02069398 0.9781545099727726 0.0 84.296
0.02067297 0.9785533795432538 0.0 84.476
0.02066572 0.9788719203384703 0.0 84.656
0.02064276 0.9791119879083703 0.0 84.839
0.0206372 0.9793508207628042 0.0 85.019
0.0206158 0.9796295328581505 0.0 85.196
0.02060723 0.9799487296944706 0.0 85.378
0.02058942 0.9802085660583937 0.0 85.557
0.02057595 0.9804871063320862 0.0 85.737
0.02056166 0.9809066121837182 0.0 85.918
0.02054442 0.9812654589630694 0.0 86.099
0.020536 0.9817249351143941 0.0 86.279
0.02051409 0.982063287831196 0.0 86.459
0.02050726 0.982503489077731 0.0 86.643
0.02048352 0.9828424597017931 0.0 86.823
0.02047706 0.9830207817803636 0.0 87.006
0.02045537 0.983119907247447 0.0 87.186
0.02044542 0.9831594629328103 0.0 87.369
0.02042967 0.9834378281784305 0.0 87.549
0.02041437 0.9837406537083045 0.0 87.732
0.02040163 0.9840199963564256 0.0 87.912
0.02038336 0.9842797891009609 0.0 88.095
0.02037699 0.9845193105016288 0.0 88.275
0.02035331 0.9847567913354995 0.0 88.458
0.02034677 0.9850174530149942 0.0 88.641
0.02032309 0.9852556879057399 0.0 88.822
0.02031662 0.9853559389655114 0.0 89.005
0.02029467 0.9854928143695011 0.0 89.185
0.02028496 0.98557267814466 0.0 89.367
0.02026893 0.9857721942047294 0.0 89.549
0.02025376 0.986131180604128 0.0 89.732
0.02024072 0.9865104707531418 0.0 89.916
0.0202223 0.9868095307826227 0.0 90.098
0.02021255 0.9870077488158739 0.0 90.282
0.02019104 0.9870665869456927 0.0 90.464
0.02018394 0.9871869353553809 0.0 90.645
0.02016014 0.9873639608292799 0.0 90.828
0.02015436 0.9875448452329766 0.0 91.011
0.02013398 0.9877825623747796 0.0 91.189
0.02012368 0.9880227922233791 0.0 91.372
0.02010694 0.9882816806833339 0.0 91.554
0.02009129 0.9883812447481013 0.0 91.738
0.02008288 0.9884191473616859 0.0 91.919
0.02006082 0.9885376239383502 0.0 92.102
0.02005018 0.9885569770674119 0.0 92.286
0.02002971 0.9885755977154367 0.0 92.465
0.02002374 0.9887161739260982 0.0 92.649
0.02000001 0.988853663550162 0.0 92.829
0.01999458 0.9889532324674302 0.0 93.008
0.01997055 0.9889917328422584 0.0 93.188
0.01996191 0.9891313537153683 0.0 93.37
0.01994411 0.9893700128304256 0.0 93.551
0.0199313 0.9895687520575837 0.0 93.733
0.01991657 0.9896071893456994 0.0 93.918
0.01989923 0.9896058959782732 0.0 94.1
0.01988973 0.989726061347896 0.0 94.281
0.01986764 0.9898654328761061 0.0 94.461
0.01986302 0.9899053794265467 0.0 94.644
0.01983911 0.989923741065523 0.0 94.826
0.01983235 0.9899819106686458 0.0 95.007
0.0198084 0.9902009690508244 0.0 95.187
0.01980054 0.9903993194924958 0.0 95.369
0.01978744 0.9905192146357015 0.0 95.549
0.01976964 0.9904775947914028 0.0 95.73
0.01975603 0.9904564333007131 0.0 95.913
0.01973762 0.9904752043908664 0.0 96.093
0.01972924 0.9905148696304165 0.0 96.272
0.01970679 0.9904326120741157 0.0 96.454
0.01970087 0.9904321701475289 0.0 96.638
0.01967626 0.9905713503727879 0.0 96.819
0.01967044 0.9908101416107934 0.0 96.999
0.01964786 0.9909091818475603 0.0 97.181
0.01963869 0.9910487584874599 0.0 97.362
0.01962187 0.9911263204086431 0.0 97.545
0.01960773 0.991165554592914 0.0 97.725
0.01959624 0.9911848414536414 0.0 97.905
0.01957614 0.9912639206036953 0.0 98.089
0.0195693 0.9913641354435632 0.0 98.271
0.01954558 0.9914814712322562 0.0 98.45
0.01953884 0.9916816633969106 0.0 98.631
0.01951471 0.9917000049424901 0.0 98.81
0.01950835 0.9916793844883659 0.0 98.993
0.01948595 0.9915769850209281 0.0 99.177
0.01947642 0.9914956926686682 0.0 99.357
0.0194596 0.9913559388118014 0.0 99.543
0.01944499 0.9912742672438889 0.0 99.724
0.01943196 0.9913337286457167 0.0 99.906
0.0194141 0.9915313254786031 0.0 100.091
0.019405 0.9917514841576603 0.0 100.277
0.01938261 0.9918286274464683 0.0 100.457
0.01937621 0.9919087285478008 0.0 100.636
0.01935205 0.9920680811186465 0.0 100.821
0.01934619 0.9923270077084068 0.0 101.002
0.01932442 0.9925268275383544 0.0 101.184
0.01931451 0.9925260862165857 0.0 101.367
0.01929655 0.9923837293979683 0.0 101.549
0.01928263 0.9923423987824863 0.0 101.73
0.01926877 0.9923615068927653 0.0 101.914
0.01925074 0.9925205604752073 0.0 102.097
0.01924284 0.9926390749272395 0.0 102.276
0.0192199 0.9926373587089401 0.0 102.455
0.01921364 0.9925379298660831 0.0 102.637
0.01918989 0.9925562978315249 0.0 102.819
0.01918323 0.9926950490777727 0.0 103.0
0.01916053 0.9928537517290841 0.0 103.182
0.01915196 0.992931925955644 0.0 103.363
0.0191354 0.9930112647479558 0.0 103.545
0.0191203 0.9931511460940853 0.0 103.726
0.01910656 0.9932709844629726 0.0 103.909
0.01908864 0.9933091764384094 0.0 104.089
0.01907954 0.9932689617407439 0.0 104.272
0.01905712 0.9931867057979772 0.0 104.459
0.01905138 0.993226564912275 0.0 104.642
0.0190266 0.9932247099672226 0.0 104.825
0.01902098 0.993443358983281 0.0 105.005
0.01899802 0.9935826500489834 0.0 105.184
0.01898898 0.9934812516428742 0.0 105.364
0.01897188 0.9933591056740972 0.0 105.544
0.01895693 0.9934184191567738 0.0 105.727
0.0189455 0.9934981402922801 0.0 105.907
0.01892422 0.9935771236984221 0.0 106.09
0.01891737 0.9937158574244841 0.0 106.27
0.01889339 0.9938341709768841 0.0 106.453
0.01888804 0.9938740585320136 0.0 106.636
0.01886456 0.9938320115689919 0.0 106.816
0.01885532 0.9937104549446409 0.0 106.996
0.01884256 0.993749787463434 0.0 107.176
0.01882208 0.9939690826458938 0.0 107.357
0.0188143 0.9941480334789417 0.0 107.54
0.01879848 0.9942677121896629 0.0 107.724
0.01878448 0.9942666631186965 0.0 107.905
0.01877377 0.994205428683707 0.0 108.086
0.01876494 0.9941644791574318 0.0 108.266
0.01875773 0.9941639389430686 0.0 108.448
0.01875142 0.9940426025715211 0.0 108.63
0.01874584 0.9940421845376926 0.0 108.811
0.01874143 0.9940418541563669 0.0 108.992
0.01873728 0.9940221547398095 0.0 109.174
0.01873473 0.9941420717492184 0.0 109.357
0.01873223 0.9941620283421946 0.0 109.54
0.01872969 0.9941618380317646 0.0 109.723
0.018728 0.9941617114079363 0.0 109.904
0.01866165 0.9942977467055871 0.0 110.086
0.01861729 0.9946142042755068 0.0 110.267
0.0186076 0.9948929719494548 0.0 110.449
0.01858365 0.9950120382499643 0.0 110.633
0.01857881 0.9950519626447729 0.0 110.81
0.01855587 0.9950300987058895 0.0 110.993
0.01854644 0.9949891043112923 0.0 111.177
0.01852703 0.9949272180488433 0.0 111.36
0.01851474 0.9947860468988124 0.0 111.54
0.01849963 0.9946658153488356 0.0 111.722
0.01848277 0.9946846950144962 0.0 111.906
0.01847326 0.9947638007699031 0.0 112.087
0.01845155 0.9947621731897128 0.0 112.27
0.01844447 0.9948001667876687 0.0 112.45
0.01842019 0.9947404341162848 0.0 112.632
0.0184147 0.9946795922846164 0.0 112.817
0.01839154 0.9945167090703038 0.0 112.996
0.01838291 0.9944757755058927 0.0 113.179
0.01836644 0.9945148278241766 0.0 113.356
0.01835144 0.9945539902260738 0.0 113.538
0.01833791 0.9945731194201797 0.0 113.719
0.01831943 0.9945918775456875 0.0 113.902
0.01831019 0.9946113282198309 0.0 114.08
0.018288 0.9946700946147775 0.0 114.261
0.01828336 0.9946093171313983 0.0 114.441
0.01825838 0.9945470151702339 0.0 114.624
0.01825201 0.9944861082070768 0.0 114.805
0.01822963 0.9945247171733237 0.0 114.988
0.01822 0.9946247110318156 0.0 115.17
0.01820211 0.9947827523086121 0.0 115.351
0.01818874 0.994821280761659 0.0 115.533
0.01817636 0.9946818690799341 0.0 115.717
0.0181568 0.9946602598076432 0.0 115.901
0.01814882 0.9948182878886465 0.0 116.081
0.01812562 0.9949374064425808 0.0 116.261
0.0181191 0.9948362027112556 0.0 116.444
0.01809446 0.9946757297776863 0.0 116.628
0.01808895 0.9946551738194253 0.0 116.811
0.01806659 0.9948121230168447 0.0 116.992
0.01805717 0.995012845572916 0.0 117.173
0.01803921 0.9951298380791357 0.0 117.355
0.01802472 0.9951287514114247 0.0 117.54
0.01801145 0.9950497028560349 0.0 117.721
0.01799308 0.9949274686410569 0.0 117.902
0.01798505 0.994826152718933 0.0 118.083
0.0179624 0.9948848828259567 0.0 118.262
0.01795676 0.9949046026897216 0.0 118.442
0.01793176 0.9949832990192001 0.0 118.623
0.0179259 0.995063430334905 0.0 118.805
0.01790329 0.9950013069091109 0.0 118.99
0.01789403 0.9949401846675352 0.0 119.172
0.01787719 0.9949389220178945 0.0 119.353
0.01786236 0.9949579526612476 0.0 119.529
0.01784963 0.9950770981919388 0.0 119.711
0.01783059 0.9951141929927786 0.0 119.894
0.01782254 0.9950556795572566 0.0 120.075
0.01779916 0.994933071433151 0.0 120.255
0.01779409 0.9949326912937316 0.0 120.438
0.01777069 0.994951079250877 0.0 120.619
0.01776305 0.995090748087188 0.0 120.796
0.01774416 0.9952487082917283 0.0 120.975
0.01773166 0.9953484826902639 0.0 121.155
0.01771969 0.9953878695628364 0.0 121.337
0.01770049 0.9954065716701598 0.0 121.518
0.0176874 0.9953854474298863 0.0 121.701
0.01766762 0.99534367912801 0.0 121.884
0.01766095 0.9953633210985474 0.0 122.064
0.01763687 0.9954017993441527 0.0 122.245
0.0176308 0.995381201787067 0.0 122.426
0.01760611 0.9953592075748119 0.0 122.609
0.01759997 0.9953788892021604 0.0 122.789
0.01757849 0.9952765672188427 0.0 122.971
0.01756802 0.995135542322013 0.0 123.152
0.0175522 0.995015265713878 0.0 123.332
0.01753542 0.9950535363440131 0.0 123.516
0.01752519 0.9952725695826508 0.0 123.695
0.0175043 0.9954515258094765 0.0 123.876
0.01749859 0.9955299031627882 0.0 124.058
0.01747437 0.995389609942053 0.0 124.241
0.01746786 0.9952279857553215 0.0 124.425
0.01744261 0.9952059501000106 0.0 124.608
0.01743551 0.9951651337547687 0.0 124.789
0.01741504 0.9951233148307613 0.0 124.969
0.01740417 0.9950235526676826 0.0 125.152
0.01738847 0.9948821377190111 0.0 125.332
0.01737178 0.9949010282744264 0.0 125.515
0.01736192 0.9950211399726219 0.0 125.695
0.01734063 0.9949792600197717 0.0 125.878
0.01733316 0.9949384163683725 0.0 126.061
0.01730997 0.9950172446530218 0.0 126.244
0.0173041 0.9950361909297959 0.0 126.425
0.0172791 0.9952541126202625 0.0 126.611
0.01727283 0.9954349175596674 0.0 126.792
0.01725174 0.9954333355367109 0.0 126.974
0.01724058 0.9954324983943074 0.0 127.157
0.01722407 0.9954506462390309 0.0 127.335
0.01720825 0.99556854666615 0.0 127.516
0.01720025 0.9957089375244761 0.0 127.696
0.01717761 0.9956669556878603 0.0 127.878
0.01717048 0.9954859022438871 0.0 128.059
0.01714612 0.99540527125038 0.0 128.241
0.0171404 0.9953242762474618 0.0 128.421
0.01711612 0.9953627380531961 0.0 128.602
0.01710876 0.995422610318802 0.0 128.786
0.0170889 0.995421120598464 0.0 128.969
0.01707656 0.9953597707955388 0.0 129.152
0.0170615 0.9953183584689739 0.0 129.336
0.01704457 0.9954764570280047 0.0 129.518
0.0170344 0.9956964934070908 0.0 129.699
0.01701325 0.9957553303749728 0.0 129.881
0.01700617 0.9956943752744646 0.0 130.058
0.01698284 0.9955314948244274 0.0 130.238
0.01697715 0.99539259695324 0.0 130.421
0.01695334 0.9952699637967547 0.0 130.602
0.01694522 0.9952693548066636 0.0 130.784
0.01692582 0.9953887467971636 0.0 130.965
0.01691407 0.9954465265368065 0.0 131.145
0.01690316 0.9955456584965374 0.0 131.326
0.01688225 0.9957447454991187 0.0 131.507
0.01687293 0.9958228481577728 0.0 131.689
0.01685026 0.9958211470031162 0.0 131.87
0.01684391 0.9957224829487107 0.0 132.052
0.01681906 0.995640054404975 0.0 132.234
0.01681334 0.9955187793171734 0.0 132.419
0.01679058 0.995496930982726 0.0 132.599
0.01678201 0.9954366205627421 0.0 132.783
0.01676333 0.9953564180440458 0.0 132.963
0.01674935 0.995274805914294 0.0 133.143
0.01673717 0.9952738924390342 0.0 133.322
0.016718 0.9953127364218152 0.0 133.502
0.01670908 0.995392630742596 0.0 133.684
0.01668633 0.9953103611547236 0.0 133.869
0.01668085 0.9952293869975525 0.0 134.051
0.01665619 0.9952476783947412 0.0 134.232
0.01665014 0.9952673654146059 0.0 134.417
0.01662584 0.9953259651089382 0.0 134.6
0.01661766 0.995444433446547 0.0 134.785
0.01660229 0.9955029472767507 0.0 134.966
0.01658609 0.9955218726900175 0.0 135.148
0.01657203 0.9956215210883802 0.0 135.332
0.01655337 0.9955999805627848 0.0 135.512
0.01654402 0.9955187167881663 0.0 135.692
0.01652191 0.995496917655982 0.0 135.875
0.01651561 0.9954763045331632 0.0 136.058
0.01649187 0.9954148575165649 0.0 136.239
0.01648626 0.9953759180328552 0.0 136.421
0.01646251 0.9953137153145818 0.0 136.601
0.01645383 0.9952325025434521 0.0 136.785
0.01643309 0.9951302451231973 0.0 136.967
0.01642139 0.9951293677952897 0.0 137.147
0.01640805 0.9951283674933917 0.0 137.328
0.01639021 0.995268012195722 0.0 137.508
0.01638164 0.9955065359598364 0.0 137.687
0.01635872 0.9956256584549681 0.0 137.871
0.01635161 0.9954841430227318 0.0 138.051
0.01632759 0.9953035965053522 0.0 138.234
0.01632168 0.9952427325371636 0.0 138.414
0.01629875 0.9952410129459675 0.0 138.593
0.01628948 0.9952403177618545 0.0 138.775
0.01627253 0.9953591323934539 0.0 138.956
0.01625749 0.9955375034234202 0.0 139.136
0.01624568 0.9955768977532622 0.0 139.316
0.01622582 0.9954545673092794 0.0 139.495
0.01621777 0.9953557805706931 0.0 139.674
0.01619435 0.9953338839966936 0.0 139.854
0.01618936 0.9953921676251342 0.0 140.038
0.016165 0.9953903405379578 0.0 140.218
0.01615794 0.9952908732872284 0.0 140.404
0.01613643 0.995348924767157 0.0 140.581
0.01612537 0.9956081523166697 0.0 140.762
0.0161104 0.9957857710917402 0.0 140.94
0.01609389 0.9958449519938187 0.0 141.123
0.01608404 0.9957636533445655 0.0 141.303
0.01606313 0.9957034271293229 0.0 141.483
0.01605559 0.9955022182747686 0.0 141.666
0.01603196 0.9953217050008162 0.0 141.842
0.01602622 0.9952205755384065 0.0 142.025
0.01600204 0.9952187622867774 0.0 142.206
0.01599402 0.995218160870616 0.0 142.386
0.01597637 0.9952571167471245 0.0 142.568
0.01596205 0.9953366016499815 0.0 142.749
0.0159478 0.9953355329261405 0.0 142.931
0.01593021 0.9953727307915928 0.0 143.112
0.01592315 0.9954520046056888 0.0 143.294
0.01589953 0.9954502329501029 0.0 143.478
0.01589051 0.9952305383573354 0.0 143.661
0.01586643 0.9950877557348561 0.0 143.842
0.01586186 0.995147831719005 0.0 144.023
0.01583776 0.9951863036397787 0.0 144.204
0.01582978 0.9950245892719674 0.0 144.391
0.01580879 0.9950230155704572 0.0 144.568
0.01579737 0.9952034144037525 0.0 144.749
0.01578369 0.9953818812249022 0.0 144.93
0.01576545 0.9955811519839612 0.0 145.111
0.01575513 0.995560238439991 0.0 145.293
0.01573345 0.9953187021208602 0.0 145.474
0.01572709 0.995037029594195 0.0 145.65
0.0157028 0.9949161348323609 0.0 145.833
0.01569788 0.9950751181926322 0.0 146.015
0.0156754 0.9951741290264202 0.0 146.199
0.01566554 0.9952539466731135 0.0 146.38
0.01564532 0.995312848022793 0.0 146.563
0.01563333 0.9952515312400803 0.0 146.746
0.01561773 0.9950489696428987 0.0 146.927
0.0156016 0.9948891644893993 0.0 147.106
0.01559175 0.9948280087011715 0.0 147.287
0.01556961 0.9946652363177841 0.0 147.465
0.01556288 0.9946647319352183 0.0 147.652
0.0155383 0.9948038631662754 0.0 147.832
0.01553332 0.9950225020275063 0.0 148.013
0.01551067 0.9951617770023266 0.0 148.191
0.01550061 0.9951811616765012 0.0 148.371
0.01548246 0.9951395227796597 0.0 148.554
0.01546901 0.9949187480005539 0.0 148.737
0.01545616 0.9948379842030134 0.0 148.918
0.01543701 0.994876826565417 0.0 149.1
0.01542729 0.9950145527933575 0.0 149.285
0.01540497 0.9951135737076244 0.0 149.465
0.01540065 0.9951736663397778 0.0 149.644
0.01537656 0.9951718600075049 0.0 149.823
0.01536857 0.9950907057078507 0.0 150.003
0.01534639 0.9950084876798516 0.0 150.183
0.01533652 0.9949876089772899 0.0 150.363
0.01531901 0.9949266353175266 0.0 150.546
0.01530427 0.9946453506918945 0.0 150.726
0.01529118 0.9946040923362921 0.0 150.913
0.01527225 0.9947839215994141 0.0 151.093
0.01526466 0.9950023604159115 0.0 151.272
0.01524204 0.9950812190389787 0.0 151.452
0.01523619 0.995121057628894 0.0 151.634
0.01521186 0.995318856892158 0.0 151.817
0.01520419 0.9955189119830558 0.0 152.001
0.01518236 0.9955776901122838 0.0 152.185
0.01517239 0.9954963882442197 0.0 152.365
0.0151699 0.995276440142609 0.0 152.541
0.01516868 0.9952763486557498 0.0 152.723
0.01516767 0.9953953417539914 0.0 152.903
0.01516698 0.9953952900052487 0.0 153.086
0.01516624 0.9953952345066032 0.0 153.274
0.01516611 0.9953549477764257 0.0 153.451
0.01516601 0.9952769036279449 0.0 153.631
0.01516538 0.9953750315190846 0.0 153.813
0.01516519 0.9954555712249717 0.0 153.994
0.01516514 0.9956360586801347 0.0 154.175
0.01516522 0.9958759644299551 0.0 154.357
0.01516511 0.9959162331535547 0.0 154.539
0.01516524 0.9958558274417548 0.0 154.72
0.01516507 0.9958155377089081 0.0 154.903
0.01516455 0.9958557756690818 0.0 155.086
0.01516505 0.995855813185511 0.0 155.267
0.01516489 0.995734970250112 0.0 155.446
0.01516446 0.9955763473992261 0.0 155.622
0.01516514 0.9955763984072538 0.0 155.804
0.01516434 0.9955763383978099 0.0 155.984
0.01516427 0.9955763331469839 0.0 156.167
0.01516453 0.9956166296256734 0.0 156.351
0.01516428 0.9956954027040397 0.0 156.53
0.01516446 0.9958759074038293 0.0 156.71
0.01516447 0.9959766005927708 0.0 156.894
0.01516471 0.9959967570909251 0.0 157.076
0.01516504 0.9960363036391207 0.0 157.254
0.0151645 0.9961754704107101 0.0 157.437
0.01516435 0.996296290077394 0.0 157.617
0.01516433 0.9964556343584733 0.0 157.797
0.01516447 0.9964365133060669 0.0 157.976
0.01516419 0.9963365550414163 0.0 158.156
0.0151646 0.9962560318680717 0.0 158.339
0.0151645 0.9961351934351798 0.0 158.519
0.01516419 0.99605461621929 0.0 158.699
0.01516436 0.9961150444400801 0.0 158.881
0.01516389 0.9960948706786191 0.0 159.062
0.0151636 0.9959765353062712 0.0 159.244
0.01516418 0.9959363018560441 0.0 159.425
0.01516437 0.9960949067030362 0.0 159.606
0.01516382 0.9961150039117918 0.0 159.785
0.01516468 0.9960546529927307 0.0 159.964
0.01516378 0.9960747239363511 0.0 160.143
0.01516421 0.9959765810818619 0.0 160.324
0.0151641 0.995875880391456 0.0 160.506
0.01516455 0.9959363296204456 0.0 160.687
0.01516433 0.995996728574404 0.0 160.867
0.01516445 0.9958759066534856 0.0 161.048
0.0151642 0.9956752582150681 0.0 161.227
0.01516442 0.9955360674234667 0.0 161.406
0.01516372 0.9955762918904961 0.0 161.594
0.01516427 0.9957349237353859 0.0 161.775
0.01516481 0.9958557951776247 0.0 161.952
0.01516432 0.9957550659740653 0.0 162.134
0.01516432 0.9956946505115893 0.0 162.317
0.01516426 0.9957550614725494 0.0 162.493
0.01516382 0.9958557208951002 0.0 162.676
0.01516372 0.9957751594454892 0.0 162.856
0.01516368 0.9954755964574198 0.0 163.042
0.01516446 0.9953346855467731 0.0 163.227
0.0151635 0.995475582956663 0.0 163.411
0.01516371 0.995755020208655 0.0 163.595
0.0151638 0.9958557193944434 0.0 163.778
0.01516418 0.9957953324450873 0.0 163.956
0.0151641 0.9956752507131428 0.0 164.137
0.01516359 0.9955762821389631 0.0 164.319
0.01516385 0.9954554707213563 0.0 164.5
0.01516379 0.9953749122744436 0.0 164.682
0.01516403 0.9953950687606847 0.0 164.863
0.01516426 0.9954957784472622 0.0 165.044
0.01516341 0.9954957146923958 0.0 165.226
0.0151639 0.9953950590109266 0.0 165.412
0.01516389 0.9954554737214639 0.0 165.593
0.01516407 0.9955561796575116 0.0 165.775
0.01516408 0.9954152109977198 0.0 165.955
0.01516369 0.9953152445084186 0.0 166.138
0.01516436 0.9952961631899693 0.0 166.319
0.01516391 0.9953950597609079 0.0 166.502
0.01516384 0.9955763008919113 0.0 166.791
0.0151638 0.9956752282073679 0.0 166.972
0.015164 0.9957349034789743 0.0 167.14
0.0151643 0.9958154799359449 0.0 167.307
0.01516373 0.9958154371689504 0.0 167.483
0.01516418 0.995855747906926 0.0 167.664
0.01516368 0.995956402823106 0.0 167.844
0.01516363 0.9960553293857457 0.0 168.022
0.01516397 0.9961955691174929 0.0 168.206
0.01516379 0.9962358325803471 0.0 168.385
0.01516409 0.9961955781245075 0.0 168.566
0.01516399 0.9961754321316708 0.0 168.748
0.01516402 0.9962962653055997 0.0 168.931
0.0151641 0.9963768252595155 0.0 169.111
0.01516396 0.9961351529060711 0.0 169.291
0.01516375 0.9960545831982436 0.0 169.472
0.01516371 0.9960948571694631 0.0 169.65
0.01516378 0.9962156933430596 0.0 169.83
0.0151643 0.9961150399369368 0.0 170.016
0.01516412 0.995896020379332 0.0 170.199
0.01516417 0.9958154701820686 0.0 170.381
0.01516384 0.9957751684487024 0.0 170.561
0.01516364 0.9956550777178281 0.0 170.742
0.01516428 0.9953950875102203 0.0 170.923
0.01516345 0.9953547482894214 0.0 171.104
0.01516386 0.9954957484449711 0.0 171.286
0.01516424 0.9956752612158379 0.0 171.468
0.01516384 0.9958154454222298 0.0 171.652
0.01516332 0.9959765142945259 0.0 171.834
0.01516412 0.995936297353709 0.0 172.014
0.01516427 0.9958154776850504 0.0 172.195
0.0151637 0.9957348809718511 0.0 172.375
0.01516386 0.995755031462444 0.0 172.555
0.015164 0.9957953189399936 0.0 172.734
0.01516395 0.9957751767016482 0.0 172.914
0.01516374 0.9958154379192485 0.0 173.094
0.01516398 0.9958355944133797 0.0 173.276
0.01516403 0.9959362906002062 0.0 173.457
0.01516418 0.995996717317883 0.0 173.639
0.01516415 0.9959967150665788 0.0 173.82
0.01516392 0.9959362823459252 0.0 174.002
0.01516419 0.9959967180683176 0.0 174.183
0.01516397 0.9960160848524537 0.0 174.366
0.01516368 0.9959966797961479 0.0 174.546
0.01516414 0.9961150279285548 0.0 174.726
0.01516351 0.9962358115631311 0.0 174.908
0.01516391 0.9962358415877254 0.0 175.089
0.01516364 0.9962156828346638 0.0 175.271
0.01516417 0.996094891692862 0.0 175.452
0.01516448 0.9959363243677211 0.0 175.632
0.01516388 0.9958154484234223 0.0 175.815
0.01516396 0.9958758698866448 0.0 175.998
0.01516385 0.9959564155799798 0.0 176.178
0.01516355 0.9960553233819148 0.0 176.359
0.01516411 0.9961955796256765 0.0 176.541
0.01516399 0.9962358475926445 0.0 176.721
0.01516359 0.9962358175680499 0.0 176.907
0.01516394 0.9962157053526547 0.0 177.089
0.01516374 0.996114997907601 0.0 177.269
0.01516381 0.9961351416479859 0.0 177.449
0.01516384 0.9962962517937124 0.0 177.63
0.01516336 0.99649583850484 0.0 177.812
0.01516414 0.9966159727981242 0.0 177.993
0.01516393 0.9965756800553964 0.0 178.179
0.01516411 0.9964757563284757 0.0 178.359
0.01516381 0.9962559725682948 0.0 178.541
0.01516397 0.9959758078785319 0.0 178.723
0.01516422 0.9958557509082401 0.0 178.907
0.01516408 0.9959967098135357 0.0 179.09
0.01516372 0.9959966827978867 0.0 179.277
0.01516452 0.9959967428326644 0.0 179.457
0.01516381 0.9959966895517988 0.0 179.64
0.01516366 0.9960545764439389 0.0 179.828
0.01516386 0.9960160765975115 0.0 180.009
0.01516373 0.9960747201838838 0.0 180.187
0.01516414 0.9961150279285548 0.0 180.371
0.01516395 0.9959959448646245 0.0 180.554
0.01516373 0.9957550217091602 0.0 180.734
0.01516365 0.9956946002477133 0.0 180.915
0.01516443 0.9958557666651391 0.0 181.096
0.01516389 0.9961150091654585 0.0 181.277
0.01516375 0.996336522011023 0.0 181.46
0.01516421 0.9964171104920981 0.0 181.64
0.01516423 0.9962962810694685 0.0 181.821
0.01516372 0.9961552733797167 0.0 181.999
0.01516324 0.9962156528106778 0.0 182.181
0.01516409 0.9962559935859364 0.0 182.362
0.01516392 0.9962962577989956 0.0 182.538
0.01516378 0.99629624728975 0.0 182.717
0.01516434 0.9962962893267334 0.0 182.897
0.01516369 0.9962962405338066 0.0 183.079
0.01516374 0.9963969367201679 0.0 183.26
0.01516377 0.9964555923147667 0.0 183.44
0.01516437 0.9963969840165539 0.0 183.619
0.01516397 0.9962559845783756 0.0 183.799
0.01516427 0.9962157301224458 0.0 183.98
0.01516446 0.996115051945319 0.0 184.162
0.01516416 0.9960160991109908 0.0 184.342
0.01516372 0.9959161288515603 0.0 184.526
0.01516403 0.9958960136261024 0.0 184.711
0.01516451 0.9959967420822297 0.0 184.891
0.01516449 0.99593632511811 0.0 185.07
0.01516434 0.9957349289870483 0.0 185.254
0.01516393 0.9957147597404118 0.0 185.435
0.01516416 0.9958154694317705 0.0 185.617
0.01516349 0.9958758346204939 0.0 185.798
0.01516377 0.995815440170143 0.0 185.982
0.01516366 0.9956946009979204 0.0 186.162
0.01516375 0.995694607749784 0.0 186.346
0.01516368 0.9957147409848554 0.0 186.529
0.01516395 0.9957953151885788 0.0 186.71
0.01516386 0.9958758623832081 0.0 186.892
0.01516411 0.996016095358744 0.0 187.073
0.01516371 0.9960948571694631 0.0 187.255
0.01516366 0.9961955458493728 0.0 187.436
0.0151641 0.9961754403879339 0.0 187.618
0.01516388 0.9961351469017591 0.0 187.799
0.01516391 0.9960545952058966 0.0 187.979
0.01516346 0.9960948384067475 0.0 188.16
0.01516389 0.9961955631128167 0.0 188.341
0.01516412 0.9962358573506382 0.0 188.524
0.01516419 0.996095648387153 0.0 188.705
0.015164 0.9958960113750257 0.0 188.888
