X_channel Y_channel II_channel timestamp
0.0267585 0.9964849957796436 0.0 0.0
0.02675852 0.9962477683682345 0.0 0.186
0.02675892 0.9961286872277253 0.0 0.369
0.02675875 0.9961683899282909 0.0 0.551
0.02675835 0.996327132104453 0.0 0.728
0.02675805 0.9963866972125501 0.0 0.912
0.0267581 0.9964850938799323 0.0 1.095
0.02675777 0.9965429311911517 0.0 1.275
0.0267503 0.9965447633240706 0.0 1.457
0.02674754 0.99654544025842 0.0 1.638
0.02673518 0.9965683023847735 0.0 1.819
0.02672516 0.9966500827238448 0.0 2.002
0.02671457 0.9968304132783312 0.0 2.18
0.0267017 0.997049974287526 0.0 2.36
0.02669457 0.9970715547686247 0.0 2.542
0.02667824 0.9969764076272218 0.0 2.72
0.02667521 0.996937489280211 0.0 2.9
0.02665478 0.9969234147994526 0.0 3.082
0.02664075 0.997064931226081 0.0 3.263
0.02662907 0.9971074598013613 0.0 3.442
0.02661642 0.9971105642691961 0.0 3.627
0.02660613 0.9970932583215089 0.0 3.812
0.02659417 0.9971160247437146 0.0 3.992
0.02658314 0.9971385630573091 0.0 4.182
0.0265712 0.9971216619794753 0.0 4.364
0.02656044 0.9972227164079892 0.0 4.546
0.02654873 0.9974420022102819 0.0 4.725
0.02653751 0.9975439146719753 0.0 4.903
0.02652682 0.9974870444072252 0.0 5.082
0.0265074 0.9974124853068014 0.0 5.262
0.02649779 0.9973751809407477 0.0 5.442
0.02648382 0.9973786103854971 0.0 5.624
0.02647285 0.9974209672014149 0.0 5.805
0.02646083 0.997523077927699 0.0 5.988
0.02644747 0.997625518295332 0.0 6.168
0.02644158 0.9976666287071347 0.0 6.354
0.02642369 0.997512364631987 0.0 6.538
0.0264177 0.997316257267227 0.0 6.721
0.02639877 0.9973209041471618 0.0 6.902
0.02639447 0.9973608805725026 0.0 7.088
0.02637559 0.9974845097023378 0.0 7.268
0.02636988 0.9975255764416046 0.0 7.448
0.02635511 0.9975490354187201 0.0 7.628
0.02634492 0.9976903651661466 0.0 7.812
0.0263326 0.9976933906267239 0.0 7.995
0.02632026 0.9975972577583829 0.0 8.177
0.02631108 0.9976788427072607 0.0 8.358
0.02629453 0.9978390900549072 0.0 8.54
0.02628946 0.9978800009135622 0.0 8.724
0.02627026 0.9977285328308815 0.0 8.905
0.02626667 0.9979252645058321 0.0 9.088
0.02624768 0.9982051120936989 0.0 9.27
0.02624162 0.9983255992817613 0.0 9.451
0.02622565 0.9984286892525838 0.0 9.631
0.0262162 0.9983913453827719 0.0 9.811
0.02620327 0.998216023969155 0.0 9.997
0.02619067 0.998003432960899 0.0 10.178
0.02618266 0.9979062340738181 0.0 10.357
0.02616603 0.9978118957348261 0.0 10.537
0.02616008 0.9978331905685374 0.0 10.721
0.02614107 0.9979957842566244 0.0 10.904
0.02613679 0.9981537686259782 0.0 11.087
0.02611781 0.9981775218934461 0.0 11.266
0.02611166 0.9982385339979859 0.0 11.446
0.02609732 0.9983610600959258 0.0 11.626
0.02608615 0.9982058785679485 0.0 11.81
0.02607438 0.9980518352856546 0.0 11.992
0.02606031 0.9979362884577426 0.0 12.173
0.0260525 0.9979382069886706 0.0 12.353
0.02603542 0.9981201653305606 0.0 12.536
0.02603032 0.998337857644924 0.0 12.716
0.0260104 0.9983625871885359 0.0 12.898
0.02600546 0.9982249619144501 0.0 13.079
0.02598679 0.9981906248373649 0.0 13.261
0.02598039 0.998094761376698 0.0 13.442
0.02596816 0.9981753681981005 0.0 13.622
0.02595375 0.9983566751351756 0.0 13.803
0.025942 0.9983992318207184 0.0 13.981
0.02592782 0.9984225514363315 0.0 14.163
0.02592011 0.9984046117814853 0.0 14.343
0.02590282 0.9984088612295813 0.0 14.528
0.0258978 0.9982514173121892 0.0 14.709
0.02587742 0.9982365906537103 0.0 14.89
0.02587351 0.9982375514787957 0.0 15.068
0.02585409 0.9982423236860397 0.0 15.248
0.02584649 0.9982838612272026 0.0 15.427
0.02583266 0.9982475898770625 0.0 15.607
0.02582117 0.9983892590624119 0.0 15.787
0.02581065 0.998647965876074 0.0 15.969
0.02579526 0.9990856447011265 0.0 16.15
0.02578969 0.9995598372241192 0.0 16.329
0.02576991 0.9998002490835044 0.0 16.512
0.02576431 0.9997041861580236 0.0 16.693
0.02574414 0.9995313747331569 0.0 16.876
0.02573876 0.9995128630570269 0.0 17.056
0.02572023 0.9994777513635604 0.0 17.238
0.02569907 0.9990309521475034 0.0 17.596
0.02568582 0.9989952832238987 0.0 17.778
0.02567632 0.9990167115505044 0.0 17.96
0.02566007 0.9991776594417764 0.0 18.141
0.02565287 0.9992786100515056 0.0 18.325
0.02563402 0.9993030832731841 0.0 18.512
0.02562953 0.9993041878698902 0.0 18.692
0.02560912 0.9993092090184374 0.0 18.874
0.02560341 0.9993304499199828 0.0 19.053
0.02558608 0.9993743859540468 0.0 19.234
0.0255535 0.9994592678000842 0.0 19.678
0.02554839 0.9996985621919079 0.0 19.86
0.02553327 0.999798986372921 0.0 20.041
0.02552172 0.999763891901062 0.0 20.221
0.02550739 0.9995697966600222 0.0 20.403
0.0254949 0.9993571463662856 0.0 20.589
0.0254835 0.9993988807599121 0.0 20.772
0.02546743 0.9994606094458149 0.0 20.956
0.02545979 0.9994624893571433 0.0 21.137
0.02544107 0.9994670956619145 0.0 21.319
0.02543631 0.9995674517691073 0.0 21.5
0.02541486 0.9995925674876059 0.0 21.682
0.02541022 0.9995341980927787 0.0 21.87
0.02538431 0.9995008996955362 0.0 22.167
0.02537608 0.999602111216574 0.0 22.351
0.02535754 0.99952732455094 0.0 22.535
0.0253526 0.9993326461143727 0.0 22.717
0.02533118 0.9991990538789267 0.0 22.895
0.02532658 0.9992398605111026 0.0 23.077
0.02530541 0.9992252310774057 0.0 23.259
0.02529936 0.9992663947322185 0.0 23.44
0.02527045 0.9995289187153046 0.0 23.87
0.02525207 0.9995334418696218 0.0 24.053
0.02524323 0.9993793937816247 0.0 24.235
0.02522754 0.9992443884842938 0.0 24.417
0.02521607 0.9993067245011338 0.0 24.6
0.02520368 0.9993891253443575 0.0 24.782
0.02518858 0.999412679036017 0.0 24.963
0.02518099 0.9993153556086987 0.0 25.147
0.02516175 0.9992605745685295 0.0 25.33
0.025156 0.9993016659196927 0.0 25.509
0.02513533 0.9994845536116195 0.0 25.692
0.02513013 0.9995245182702907 0.0 25.873
0.02511003 0.9994915236037462 0.0 26.056
0.02510308 0.9994138795540485 0.0 26.241
0.02508767 0.999258962169552 0.0 26.42
0.02507545 0.999125577450101 0.0 26.602
0.02506285 0.9989302891720716 0.0 26.783
0.02504799 0.9986785186989788 0.0 26.962
0.02503982 0.9986996226030924 0.0 27.142
0.02502042 0.999039920154577 0.0 27.321
0.0250156 0.9993758893104626 0.0 27.505
0.024994 0.9995193343321822 0.0 27.688
0.02498907 0.9995783291592698 0.0 27.868
0.02496928 0.9995831998819036 0.0 28.048
0.02496069 0.9994885975275991 0.0 28.231
0.02494532 0.999472540714802 0.0 28.414
0.02493283 0.9995730756460514 0.0 28.596
0.0249218 0.999694083276385 0.0 28.778
0.02490514 0.9998569006801 0.0 28.96
0.02489719 0.9999952551750314 0.0 29.144
0.02487792 1.0 0.0 29.324
0.02487323 0.9998052376019462 0.0 29.503
0.02485141 0.9997312500249042 0.0 29.684
0.02484543 0.9996144269655625 0.0 29.867
0.02482777 0.999501470113421 0.0 30.047
0.02481802 0.9994641897163644 0.0 30.229
0.02480317 0.9994678443363749 0.0 30.41
0.02478945 0.9995307412668506 0.0 30.59
0.02477914 0.9995729591217778 0.0 30.771
0.02476193 0.9995176742615861 0.0 30.953
0.02475532 0.9994002593392112 0.0 31.134
0.02473418 0.999169112963726 0.0 31.315
0.02472952 0.9988156119711089 0.0 31.495
0.0247078 0.9987026548326474 0.0 31.674
0.02470123 0.9988225698634846 0.0 31.854
0.02467401 0.9990358558817192 0.0 32.137
0.0246706 0.999185500069221 0.0 32.315
0.02465036 0.9993077887506783 0.0 32.479
0.0246435 0.9994674595075058 0.0 32.646
0.02462746 0.9996482393624262 0.0 32.823
0.02461541 0.9996512055790703 0.0 33.005
0.02460693 0.999555824011758 0.0 33.186
0.02458794 0.9994811337239203 0.0 33.365
0.02457828 0.9993255260149337 0.0 33.547
0.02455909 0.9991732544341355 0.0 33.725
0.02455407 0.9990951244743644 0.0 33.906
0.02453241 0.9990607706717992 0.0 34.091
0.02452688 0.9990224483404995 0.0 34.272
0.02450532 0.9991071184137134 0.0 34.454
0.02449773 0.9991685104618504 0.0 34.639
0.02448043 0.9991330838368812 0.0 34.821
0.02446861 0.9991756754326339 0.0 35.001
0.02445631 0.9991787018762995 0.0 35.181
0.0244406 0.9991825673850748 0.0 35.365
0.02443128 0.9990658093583853 0.0 35.548
0.02441232 0.9988539485501154 0.0 35.731
0.02440723 0.9988361026482463 0.0 35.914
0.02438514 0.9990771611635453 0.0 36.095
0.02437956 0.9991975868067952 0.0 36.277
0.02436004 0.9990833366145255 0.0 36.46
0.02435127 0.9989671848248434 0.0 36.642
0.02433804 0.9988928063848778 0.0 36.826
0.02432311 0.9990130531615895 0.0 37.006
0.02430875 0.9990761134547155 0.0 37.189
0.02429334 0.9989814362340546 0.0 37.369
0.02428437 0.99892585142917 0.0 37.55
0.0242652 0.9988710392281559 0.0 37.732
0.02425886 0.9987138570408842 0.0 37.912
0.02423715 0.9986596681781903 0.0 38.095
0.0242322 0.9987204141259756 0.0 38.279
0.02421026 0.9988250251683682 0.0 38.461
0.02420284 0.9987077923879145 0.0 38.641
0.02418599 0.9986524074761216 0.0 38.824
0.02417375 0.9985388393659747 0.0 39.005
0.02416053 0.9984627175396794 0.0 39.184
0.02414487 0.9984268817111843 0.0 39.363
0.02413901 0.9984878525266339 0.0 39.544
0.02411753 0.9986114508685145 0.0 39.723
0.0241112 0.9986517023434659 0.0 39.903
0.02408913 0.9986191795733576 0.0 40.085
0.02408349 0.9986776169465598 0.0 40.265
0.02406309 0.9986255838276614 0.0 40.444
0.02405438 0.998684776668224 0.0 40.627
0.02403954 0.9986693270159512 0.0 40.809
0.02402542 0.9985951607777181 0.0 40.988
0.02401395 0.9985781377487865 0.0 41.171
0.02399721 0.9986410425127742 0.0 41.354
0.02398855 0.998662024270007 0.0 41.535
0.02396785 0.9984116222182673 0.0 41.718
0.02396234 0.9980575184176292 0.0 41.9
0.02393974 0.9977678900272522 0.0 42.082
0.02393458 0.9977096251173525 0.0 42.264
0.02391424 0.9977940007620301 0.0 42.445
0.02390475 0.9978948109718785 0.0 42.627
0.02388886 0.9980358915777351 0.0 42.81
0.02387476 0.9981187358425193 0.0 42.991
0.02386707 0.9982000047961918 0.0 43.169
0.02384654 0.9980462941961248 0.0 43.355
0.02383902 0.9978720203502341 0.0 43.536
0.02381753 0.9977979224396455 0.0 43.714
0.02381217 0.9977000151557989 0.0 43.896
0.02379004 0.997685608133181 0.0 44.077
0.02378349 0.9975110928814102 0.0 44.263
0.02376433 0.9973173488244976 0.0 44.444
0.02375391 0.9972231630739888 0.0 44.626
0.02373899 0.9971672918663921 0.0 44.809
0.02372431 0.9971708973041532 0.0 44.99
0.023714 0.9971535840938557 0.0 45.17
0.02369572 0.9969993098917181 0.0 45.354
0.02368776 0.9968829357125096 0.0 45.536
0.02366635 0.9967113185775678 0.0 45.717
0.02366103 0.9966729333198366 0.0 45.899
0.02363956 0.9967774326244302 0.0 46.08
0.0236326 0.9968957353462607 0.0 46.261
0.02361216 0.9968238514359561 0.0 46.443
0.02360211 0.9969230678678126 0.0 46.624
0.02359073 0.997064784123652 0.0 46.802
0.02357374 0.9971880330382127 0.0 46.982
0.02356342 0.997051644972448 0.0 47.162
0.02354392 0.996780323414842 0.0 47.345
0.02353707 0.9964081515234331 0.0 47.525
0.02351543 0.9963737698715255 0.0 47.707
0.02351041 0.9966114218550183 0.0 47.89
0.02348809 0.9967749286085579 0.0 48.071
0.02348038 0.996677588944992 0.0 48.252
0.02346296 0.9965833767047461 0.0 48.43
0.02345068 0.9964492010286353 0.0 48.611
0.02343609 0.996234467881862 0.0 48.792
0.02342028 0.9962978879637258 0.0 48.973
0.02341186 0.9962411579668474 0.0 49.156
0.02339161 0.9961287820524608 0.0 49.339
0.02338623 0.9959911732299606 0.0 49.52
0.02336307 0.995701629583009 0.0 49.7
0.02335763 0.9955052368334433 0.0 49.885
0.02333537 0.995333806874931 0.0 50.069
0.0233275 0.9951777024930007 0.0 50.25
0.02331286 0.9948265200272411 0.0 50.432
0.02329821 0.9942580082802447 0.0 50.613
0.02328474 0.9934922173483084 0.0 50.795
0.02326852 0.992787380772709 0.0 50.979
0.02325739 0.9919019218622861 0.0 51.166
0.02323894 0.9908619443499079 0.0 51.351
0.02322989 0.9901545962229099 0.0 51.533
0.02320826 0.9902980625966578 0.0 51.715
0.02320382 0.9911260578645306 0.0 51.894
0.02318165 0.9919799719648383 0.0 52.077
0.02317413 0.9924946328011799 0.0 52.259
0.02315374 0.9927757548534983 0.0 52.44
0.0231442 0.9928177842480279 0.0 52.62
0.02312807 0.9927621843667187 0.0 52.802
0.02311373 0.9927061463167314 0.0 52.987
0.02310373 0.9927482884553676 0.0 53.168
0.0230845 0.9927926881139373 0.0 53.35
0.02307748 0.9926753139826816 0.0 53.53
0.02305527 0.9927601395386548 0.0 53.711
0.02305014 0.9926621509757936 0.0 53.889
0.0230275 0.9924319834595751 0.0 54.071
0.0230205 0.9922352070748892 0.0 54.252
0.02300201 0.9920834167988422 0.0 54.435
0.02298986 0.9920665372639552 0.0 54.618
0.02297455 0.9919114869052137 0.0 54.799
0.02295993 0.9918175508008163 0.0 54.982
0.02294836 0.9917417255501434 0.0 55.161
0.02293005 0.991627103637955 0.0 55.345
0.02292184 0.9915298629462745 0.0 55.526
0.02290024 0.9914383733936503 0.0 55.709
0.02289499 0.9912213124029255 0.0 55.889
0.02287155 0.990911925353055 0.0 56.073
0.02286478 0.9906572708829187 0.0 56.258
0.0228452 0.9905039967289434 0.0 56.442
0.02283465 0.9903693601538892 0.0 56.619
0.0228203 0.9901552583886862 0.0 56.799
0.02280446 0.9900598730958077 0.0 56.978
0.02279422 0.9898862030254163 0.0 57.158
0.02277465 0.9896336701728197 0.0 57.341
0.02276697 0.9893204236330158 0.0 57.523
0.02274468 0.9890099912691405 0.0 57.706
0.0227404 0.9886562127966814 0.0 57.888
0.02271907 0.988405836128975 0.0 58.071
0.02270993 0.9881706026480828 0.0 58.251
0.02269052 0.9880579625647379 0.0 58.431
0.02267996 0.9879612808987505 0.0 58.614
0.02266525 0.9877482425906166 0.0 58.79
0.02264983 0.9873177634310497 0.0 58.973
0.02263994 0.9868668302288651 0.0 59.153
0.02261948 0.9866343402855772 0.0 59.333
0.02261286 0.9863803708183484 0.0 59.516
0.02259047 0.9860111265959676 0.0 59.694
0.02258459 0.9855584655329007 0.0 59.878
0.0225625 0.9853273540653811 0.0 60.055
0.02255429 0.9851127224749404 0.0 60.24
0.0225366 0.9848217302084886 0.0 60.418
0.02252342 0.9844690952816064 0.0 60.598
0.02251131 0.9840586299690824 0.0 60.78
0.02249344 0.9839247474661768 0.0 60.961
0.02248451 0.9835720685545183 0.0 61.141
0.02246369 0.9832421198429765 0.0 61.32
0.0224577 0.9829475350351917 0.0 61.502
0.02243467 0.9826171233894027 0.0 61.679
0.0224286 0.9822051819294781 0.0 61.859
0.02240873 0.9818739992547237 0.0 62.042
0.02239761 0.9814037197477002 0.0 62.222
0.02238218 0.9807175973695508 0.0 62.402
0.02236812 0.9798921752267605 0.0 62.585
0.02235931 0.9791250369539817 0.0 62.769
0.02233794 0.9785385993535287 0.0 62.951
0.02233034 0.9778307173850816 0.0 63.132
0.02230797 0.9770469795983563 0.0 63.313
0.02230193 0.9764570836046981 0.0 63.494
0.02227925 0.9760091609676977 0.0 63.674
0.02227222 0.9753797923182524 0.0 63.853
0.02225326 0.974753286690101 0.0 64.034
0.02224161 0.9741644777075865 0.0 64.213
0.02222754 0.9735757495377358 0.0 64.396
0.02221158 0.9729681139755524 0.0 64.576
0.02220189 0.9723981806893941 0.0 64.757
0.02218076 0.9718513332153079 0.0 64.939
0.02217426 0.9709860619328615 0.0 65.119
0.02215155 0.9701626315112194 0.0 65.302
0.02214619 0.9692151852024181 0.0 65.482
0.02212391 0.9684494588975388 0.0 65.662
0.02211535 0.9676821900159843 0.0 65.844
0.02209702 0.9669172455648253 0.0 66.025
0.02208494 0.9659150478182776 0.0 66.205
0.02207468 0.9647932909993107 0.0 66.384
0.02205484 0.9639492705326996 0.0 66.566
0.02204516 0.9628472163671568 0.0 66.751
0.02202348 0.9616487324196838 0.0 66.931
0.02201721 0.9603100947154601 0.0 67.114
0.02199411 0.9591516321347349 0.0 67.294
0.02198859 0.9579095912502226 0.0 67.475
0.02196747 0.9567704939754722 0.0 67.656
0.02195725 0.9554923221087248 0.0 67.837
0.02194085 0.954193261072522 0.0 68.019
0.02192741 0.9529935096508237 0.0 68.2
0.02191292 0.9514592052574671 0.0 68.381
0.02189607 0.949806068502312 0.0 68.561
0.02188803 0.9480327265344829 0.0 68.745
0.02186598 0.9464991600307151 0.0 68.924
0.02186082 0.9448241519653321 0.0 69.106
0.02183763 0.9431138689740293 0.0 69.285
0.02183003 0.9410450490363793 0.0 69.468
0.02180988 0.9390766613383997 0.0 69.651
0.02179989 0.9371463619958642 0.0 69.835
0.02178609 0.9352750064987996 0.0 70.018
0.02176975 0.9333858567202685 0.0 70.203
0.02175623 0.9313570597316335 0.0 70.386
0.02173831 0.9291912642887333 0.0 70.57
0.02172873 0.9266693793493699 0.0 70.754
0.02170823 0.9242077975642966 0.0 70.934
0.0217004 0.9214291040424734 0.0 71.113
0.02167725 0.9188697947586247 0.0 71.296
0.02167176 0.9158736215571013 0.0 71.48
0.02164996 0.912978897510662 0.0 71.663
0.02164103 0.9099636120676334 0.0 71.848
0.02162177 0.9068498548316137 0.0 72.03
0.02160926 0.9037559096248906 0.0 72.211
0.02159434 0.9003862371325506 0.0 72.393
0.02157876 0.8969975745238528 0.0 72.574
0.02157064 0.8933302537942264 0.0 72.755
0.02154894 0.8900215657653078 0.0 72.936
0.02154238 0.8860585053346192 0.0 73.117
0.02151918 0.8820392327076573 0.0 73.299
0.021513 0.877701263307193 0.0 73.48
0.02149452 0.8736620341295964 0.0 73.662
0.0214828 0.8698174003622657 0.0 73.843
0.02146285 0.8653837730598575 0.0 74.029
0.02145053 0.8606523739506713 0.0 74.208
0.02143555 0.8556450050668083 0.0 74.392
0.02141966 0.8507760415790914 0.0 74.573
0.02140972 0.8456096872605897 0.0 74.757
0.02138912 0.8408002067837752 0.0 74.939
0.02138188 0.835456259491319 0.0 75.122
0.02135874 0.8306670713289619 0.0 75.303
0.02135405 0.8252835780729422 0.0 75.485
0.02133056 0.8202379657986868 0.0 75.666
0.02132232 0.81489485016217 0.0 75.846
0.02130282 0.8099071688311997 0.0 76.029
0.0212911 0.804741663299035 0.0 76.209
0.02127912 0.7993783508951796 0.0 76.392
0.02126043 0.794588957143376 0.0 76.576
0.02124959 0.7896004098109985 0.0 76.757
0.02122949 0.7850271595690432 0.0 76.938
0.02122286 0.7801367789297997 0.0 77.117
0.02120028 0.7759188816888682 0.0 77.298
0.02119504 0.7716983843036257 0.0 77.478
0.02117187 0.7680531725598592 0.0 77.658
0.02116298 0.7644648025222688 0.0 77.841
0.02114564 0.7612327138646265 0.0 78.02
0.02113197 0.758336008818299 0.0 78.203
0.0211193 0.7559117202210967 0.0 78.384
0.02110091 0.7540797555300607 0.0 78.566
0.02109195 0.7524647144331769 0.0 78.747
0.02107039 0.7514427827075887 0.0 78.93
0.02106419 0.7506744201533536 0.0 79.11
0.02104083 0.7501855076195201 0.0 79.288
0.02103494 0.7502652858916761 0.0 79.469
0.0210131 0.7508218897654456 0.0 79.649
0.02100382 0.7518108296215685 0.0 79.831
0.02099012 0.7530942546979695 0.0 80.008
0.02097267 0.7546166911704533 0.0 80.192
0.0209603 0.7567495984105064 0.0 80.374
0.0209417 0.759061669695242 0.0 80.551
0.02093286 0.7619438694640512 0.0 80.733
0.02091089 0.764907000310092 0.0 80.915
0.02090546 0.7684784455897214 0.0 81.097
0.02088185 0.7720543528428928 0.0 81.277
0.0208747 0.7760804428835754 0.0 81.457
0.02085524 0.7802067214085034 0.0 81.639
0.02084336 0.7844125013177551 0.0 81.82
0.02082854 0.7886561138762898 0.0 82.003
0.02081226 0.7929010357451101 0.0 82.186
0.02080232 0.7974600175567067 0.0 82.366
0.02078186 0.8017842740809632 0.0 82.545
0.02077446 0.8066786852160248 0.0 82.728
0.02075112 0.8108854273649085 0.0 82.909
0.02074586 0.8154450707954972 0.0 83.085
0.02072212 0.8197892562151634 0.0 83.271
0.02071435 0.8245257117767986 0.0 83.451
0.02069495 0.8290488317610208 0.0 83.634
0.02068298 0.8334701743598149 0.0 83.815
0.02066954 0.837951427469362 0.0 83.995
0.02065187 0.8420785846584384 0.0 84.178
0.02064197 0.8463620474024663 0.0 84.358
0.02062142 0.8503319819611859 0.0 84.539
0.02061348 0.8546937815428374 0.0 84.721
0.02059063 0.858288409967526 0.0 84.908
0.02058517 0.8621971554607017 0.0 85.088
0.02056267 0.8657329389224945 0.0 85.268
0.02055448 0.8694049695582743 0.0 85.446
0.02053619 0.8728810758616844 0.0 85.625
0.0205235 0.8761991019932495 0.0 85.806
0.02050973 0.8795551190317443 0.0 85.986
0.02049202 0.8826962746529694 0.0 86.168
0.02048267 0.8860133898936872 0.0 86.353
0.02046146 0.8888591802295378 0.0 86.538
0.02045456 0.8918001685023137 0.0 86.72
0.02043041 0.8942913855595641 0.0 86.902
0.02042517 0.896917482390134 0.0 87.083
0.02040484 0.899408149313932 0.0 87.265
0.02039404 0.9020347607788276 0.0 87.444
0.02037558 0.9047614099077093 0.0 87.626
0.02036247 0.9072505318981249 0.0 87.808
0.02034796 0.909541861986141 0.0 87.989
0.02033096 0.9115782940396704 0.0 88.172
0.02032 0.913969160710429 0.0 88.354
0.02030054 0.9162427878732614 0.0 88.534
0.02029392 0.9184340811396977 0.0 88.718
0.02027026 0.9201947623868328 0.0 88.897
0.02026421 0.9222096713014584 0.0 89.076
0.02024079 0.9240291750832413 0.0 89.257
0.02023316 0.9257082937235978 0.0 89.437
0.02021383 0.9273704792269096 0.0 89.619
0.02020138 0.9289913797849182 0.0 89.803
0.02018905 0.9306517397352859 0.0 89.983
0.02017037 0.932077202840663 0.0 90.167
0.02016242 0.9335190794709063 0.0 90.345
0.02013917 0.9349255072745223 0.0 90.524
0.02013433 0.936406408482849 0.0 90.702
0.02011212 0.9375561410973253 0.0 90.885
0.02010341 0.9386233100881514 0.0 91.065
0.02008029 0.9399115716790372 0.0 91.248
0.02007111 0.9413339179163525 0.0 91.43
0.02005402 0.9427787171220489 0.0 91.61
0.0200401 0.9440251502106636 0.0 91.791
0.0200276 0.9451726887361127 0.0 91.97
0.02000926 0.9461634335775765 0.0 92.153
0.02000062 0.9470337343244492 0.0 92.334
0.01997885 0.947768806340736 0.0 92.512
0.01997293 0.9488559882757035 0.0 92.693
0.0199488 0.9500261482797521 0.0 92.875
0.01994238 0.9511914243555918 0.0 93.056
0.01992135 0.9522225765577 0.0 93.239
0.01991011 0.9533500138013514 0.0 93.421
0.01989686 0.9543587459157009 0.0 93.605
0.01987952 0.9550339854267166 0.0 93.786
0.01986631 0.9556091848851304 0.0 93.968
0.01984743 0.9563642550954232 0.0 94.148
0.01983852 0.9574315813202721 0.0 94.332
0.01981679 0.9582454419547076 0.0 94.515
0.01981104 0.9591538621038599 0.0 94.696
0.01978668 0.9600286986350284 0.0 94.879
0.01978021 0.9608588333433175 0.0 95.059
0.01975838 0.9615741689932197 0.0 95.242
0.01974849 0.9623668837189611 0.0 95.426
0.01973231 0.9630602817449392 0.0 95.606
0.01971705 0.963656376816183 0.0 95.789
0.019705 0.9642313516351916 0.0 95.969
0.01968541 0.9647887549300085 0.0 96.151
0.01967749 0.9653627546334006 0.0 96.334
0.01965538 0.9658224343552493 0.0 96.515
0.01964967 0.9662970840547508 0.0 96.691
0.01962552 0.9666191938215117 0.0 96.869
0.01961762 0.9670745048863318 0.0 97.049
0.01960181 0.967512832384018 0.0 97.23
0.01958698 0.9680289018078795 0.0 97.413
0.01957096 0.9684672864803406 0.0 97.597
0.01955487 0.9689245637843907 0.0 97.778
0.01954345 0.9693419902763689 0.0 97.96
0.01952402 0.9697216025321379 0.0 98.14
0.01951691 0.9702398163574426 0.0 98.319
0.01949327 0.9707587601725176 0.0 98.499
0.01948751 0.9713131603443421 0.0 98.679
0.0194645 0.9719494219851782 0.0 98.862
0.01945637 0.97248428151465 0.0 99.044
0.01943843 0.9728635595692333 0.0 99.223
0.01942532 0.9731830761706135 0.0 99.405
0.01941128 0.9736200300391948 0.0 99.588
0.0193938 0.974038939908508 0.0 99.769
0.01938486 0.9743564686920224 0.0 99.95
0.01936253 0.974579621719459 0.0 100.131
0.01935488 0.974857110632989 0.0 100.313
0.01933232 0.9751786641385785 0.0 100.496
0.0193262 0.9754567816035286 0.0 100.674
0.01930297 0.9756394331488806 0.0 100.858
0.01929463 0.9759575732002351 0.0 101.037
0.01927705 0.9763367950798107 0.0 101.219
0.01926292 0.9765771126009009 0.0 101.4
0.01924939 0.9768766406314436 0.0 101.583
0.01923099 0.9772553232915665 0.0 101.762
0.01922159 0.9777706630805346 0.0 101.943
0.01920039 0.9780333063317616 0.0 102.126
0.01919392 0.9781714556976581 0.0 102.308
0.01916976 0.9783163562799394 0.0 102.493
0.01916348 0.9785744122395522 0.0 102.673
0.01914039 0.978896377874923 0.0 102.855
0.01913193 0.9791939535047287 0.0 103.036
0.01911361 0.9793555815740371 0.0 103.219
0.01910017 0.9794780349632423 0.0 103.399
0.01908661 0.9796593771800025 0.0 103.582
0.01906872 0.979840773381722 0.0 103.766
0.0190589 0.9801585530955529 0.0 103.946
0.01903758 0.980400386696392 0.0 104.129
0.0190309 0.9806396761355105 0.0 104.311
0.0190067 0.9808623421080482 0.0 104.494
0.0190008 0.9811404372553861 0.0 104.677
0.0189786 0.9814420981086048 0.0 104.857
0.01896952 0.9815816372821263 0.0 105.037
0.0189515 0.981644859974645 0.0 105.216
0.01893723 0.9817675267843705 0.0 105.399
0.0189231 0.982007635005408 0.0 105.582
0.01890544 0.9821701177056216 0.0 105.761
0.01889725 0.9824875209475453 0.0 105.944
0.01887395 0.9829079327861867 0.0 106.128
0.01886786 0.9832057068133723 0.0 106.306
0.01884414 0.9834483982267588 0.0 106.489
0.01883785 0.9835872698066376 0.0 106.673
0.01881921 0.9836513989553669 0.0 106.854
0.01880618 0.9838326391073454 0.0 107.036
0.01879025 0.9840334601350084 0.0 107.219
0.01877237 0.9841172772180041 0.0 107.4
0.01876436 0.9841986995422488 0.0 107.583
0.0187398 0.9843810042168499 0.0 107.766
0.01873522 0.9846396776325067 0.0 107.945
0.01871759 0.9849196524369397 0.0 108.126
0.01870027 0.9851605596421275 0.0 108.307
0.01868609 0.9852633545664299 0.0 108.489
0.01867516 0.9853256203817277 0.0 108.669
0.01866504 0.9853472043864336 0.0 108.849
0.01865778 0.9854863207826341 0.0 109.031
0.01865085 0.9855674856194122 0.0 109.212
0.01864591 0.9855885564676905 0.0 109.394
0.0186408 0.9856096686874581 0.0 109.575
0.01863723 0.9858472405110571 0.0 109.757
0.01863376 0.9862621303783409 0.0 109.938
0.01863084 0.9864019324045289 0.0 110.118
0.0186285 0.9863428908086732 0.0 110.3
0.01862649 0.9860868047159381 0.0 110.481
0.01860877 0.9859726367828786 0.0 110.663
0.01853617 0.9860499020440233 0.0 110.844
0.01851224 0.986193078435351 0.0 111.024
0.01849585 0.9864148996619645 0.0 111.207
0.01848421 0.9865352184586518 0.0 111.391
0.01846387 0.9866785195340831 0.0 111.574
0.01845128 0.9869391627692604 0.0 111.76
0.01843066 0.9872397663911493 0.0 111.944
0.01842347 0.9875179761053359 0.0 112.128
0.01839984 0.9875436024608114 0.0 112.308
0.01839395 0.9874655512953155 0.0 112.488
0.01837034 0.987610401880733 0.0 112.671
0.0183628 0.9877091123182504 0.0 112.854
0.01834181 0.9877142253860489 0.0 113.034
0.01833004 0.9876790878357653 0.0 113.218
0.01831505 0.9877214892689532 0.0 113.401
0.01829854 0.98794335670028 0.0 113.581
0.0182876 0.9880652539544925 0.0 113.761
0.01826681 0.9881093191093566 0.0 113.944
0.01826112 0.988228199381574 0.0 114.128
0.01823714 0.988373149346458 0.0 114.311
0.01823011 0.9885519742160774 0.0 114.493
0.01820611 0.9888146757048465 0.0 114.674
0.01819889 0.9890730385610986 0.0 114.857
0.01817764 0.9892553358090107 0.0 115.04
0.01816701 0.989436036972084 0.0 115.222
0.01815177 0.9896367432566028 0.0 115.403
0.01813574 0.9895430313387258 0.0 115.584
0.01812381 0.9893670882804707 0.0 115.766
0.01810385 0.9894117045779376 0.0 115.947
0.01809601 0.9894334906551846 0.0 116.131
0.01807358 0.9894985833747283 0.0 116.315
0.01806752 0.989619300462216 0.0 116.494
0.0180433 0.989525846491022 0.0 116.676
0.01803606 0.9893487549240468 0.0 116.857
0.01801623 0.9893337205563628 0.0 117.038
0.01800468 0.9893961589319488 0.0 117.216
0.01798893 0.9895192428834442 0.0 117.396
0.0179722 0.9896425670037947 0.0 117.582
0.01796447 0.9895848332802203 0.0 117.763
0.01794221 0.989630013817243 0.0 117.944
0.01793412 0.9897686200487384 0.0 118.126
0.0179098 0.9899335476258518 0.0 118.307
0.01790449 0.9900143394501373 0.0 118.489
0.01788031 0.9900202440064292 0.0 118.671
0.01787288 0.9901189439927218 0.0 118.854
0.01785315 0.9902430068666545 0.0 119.035
0.01784083 0.9902062677691045 0.0 119.218
0.01782551 0.9902100095623991 0.0 119.399
0.01780917 0.9902140005140895 0.0 119.582
0.01779848 0.9903159832009084 0.0 119.766
0.01777781 0.9903806556324894 0.0 119.948
0.01777124 0.9903425116627718 0.0 120.127
0.01774716 0.9903483939422372 0.0 120.307
0.01774218 0.9903496104688863 0.0 120.487
0.01771895 0.9902559115425579 0.0 120.666
0.01771023 0.9903574153645709 0.0 120.843
0.01769136 0.9905202786847631 0.0 121.023
0.0176786 0.9907601563901104 0.0 121.206
0.01766733 0.9909989260665472 0.0 121.389
0.01764673 0.9910834620434112 0.0 121.57
0.01763751 0.990966465285224 0.0 121.753
0.01761512 0.9908743012453781 0.0 121.933
0.017609 0.990816916614128 0.0 122.114
0.01758472 0.9907632246660839 0.0 122.296
0.01757875 0.9907646837020564 0.0 122.478
0.0175562 0.9908298214219535 0.0 122.658
0.01754682 0.9909290074358876 0.0 122.839
0.01752898 0.9909731195409122 0.0 123.022
0.01751485 0.9910560765435369 0.0 123.202
0.01750285 0.9909993828341467 0.0 123.384
0.01748347 0.9908873496242617 0.0 123.565
0.01747477 0.9909274888881509 0.0 123.748
0.0174518 0.9909522344272467 0.0 123.931
0.017446 0.9910729086389874 0.0 124.114
0.01742152 0.9912180268356956 0.0 124.296
0.0174154 0.9913561722744576 0.0 124.476
0.01739314 0.9914212449846632 0.0 124.655
0.01738354 0.991542851087959 0.0 124.835
0.01736929 0.9915065837444832 0.0 125.018
0.01735218 0.9913716330142027 0.0 125.198
0.01734038 0.9912577438714396 0.0 125.377
0.01732065 0.9912625684915145 0.0 125.559
0.01731205 0.9913416937902908 0.0 125.743
0.01728895 0.99136721984413 0.0 125.922
0.01728391 0.9914280830209514 0.0 126.1
0.01725942 0.9916129655765038 0.0 126.282
0.01725235 0.9918308576296953 0.0 126.461
0.01723253 0.9918754613940105 0.0 126.642
0.01722067 0.9917797229559094 0.0 126.825
0.01720437 0.9917258185460684 0.0 127.004
0.0171881 0.9919062104172924 0.0 127.181
0.01717936 0.992204025055972 0.0 127.361
0.01715713 0.9924472508190345 0.0 127.544
0.01715144 0.9924685214470166 0.0 127.724
0.01712639 0.9922567461822024 0.0 127.904
0.01712122 0.9921983787693585 0.0 128.087
0.01709789 0.9923034783057979 0.0 128.267
0.01708889 0.9924838364937589 0.0 128.45
0.01707358 0.9925064691398923 0.0 128.634
0.01705712 0.9924724828458418 0.0 128.816
0.01704083 0.9923572031053967 0.0 128.998
0.01702423 0.9923016327316896 0.0 129.183
0.01701524 0.9923038335569412 0.0 129.364
0.01699329 0.9922098156989239 0.0 129.542
0.01698675 0.9921724054050076 0.0 129.719
0.01696225 0.9921403849858207 0.0 129.902
0.01695636 0.9921989772899263 0.0 130.085
0.01693279 0.9922842612755378 0.0 130.266
0.01692538 0.9924252256567381 0.0 130.445
0.01690682 0.9925671815777027 0.0 130.628
0.01689386 0.9926491248821491 0.0 130.809
0.01687991 0.9927519354839206 0.0 130.988
0.01686173 0.9928160250827244 0.0 131.168
0.0168544 0.9929370943403284 0.0 131.351
0.01683101 0.9930206012442825 0.0 131.531
0.01682358 0.9931210717052686 0.0 131.711
0.01679919 0.9930674101067052 0.0 131.894
0.0167939 0.9931283440083758 0.0 132.074
0.01677676 0.9932518198601017 0.0 132.253
0.01676219 0.993411940793494 0.0 132.439
0.01674361 0.9935158922841156 0.0 132.619
0.01672962 0.9936378535828405 0.0 132.803
0.01671489 0.993739123525561 0.0 132.991
0.01669734 0.9937434264699582 0.0 133.171
0.01668804 0.9937854662471827 0.0 133.354
0.01666611 0.9938107232732395 0.0 133.542
0.01665836 0.9938921433100906 0.0 133.724
0.0166344 0.9938980188670453 0.0 133.906
0.01662926 0.993780744390064 0.0 134.093
0.01660429 0.9935500441534277 0.0 134.275
0.01659649 0.9935320760231271 0.0 134.458
0.01657631 0.9935171425803524 0.0 134.639
0.01656522 0.99348010035592 0.0 134.821
0.01655173 0.9935430484778736 0.0 135.001
0.01653363 0.9935474855759789 0.0 135.182
0.01652198 0.9935901027176427 0.0 135.365
0.01650184 0.993674562973177 0.0 135.546
0.01649425 0.9937161853475197 0.0 135.727
0.01647059 0.9937418673959926 0.0 135.908
0.01646478 0.9936836493497679 0.0 136.09
0.01644143 0.9937870397764872 0.0 136.271
0.01643376 0.9940068663485518 0.0 136.453
0.01641384 0.994051514291353 0.0 136.634
0.01640139 0.9939949244177295 0.0 136.814
0.01638726 0.9940977962969578 0.0 136.997
0.01636959 0.9942395603868883 0.0 137.177
0.01635918 0.9943606570646706 0.0 137.36
0.01633826 0.9942273649883178 0.0 137.54
0.01633166 0.9940319084365106 0.0 137.724
0.0163068 0.9939187161160582 0.0 137.906
0.01630132 0.9940393501777245 0.0 138.087
0.01627689 0.9942036512503122 0.0 138.27
0.01626964 0.9943229812003884 0.0 138.451
0.01624838 0.9943083154690471 0.0 138.633
0.01623721 0.9941544853119129 0.0 138.813
0.01622351 0.9939391434049369 0.0 138.996
0.01620525 0.9937075213066522 0.0 139.176
0.01619497 0.9935708665860787 0.0 139.359
0.01617365 0.9933996381732696 0.0 139.539
0.01616651 0.9933019766887755 0.0 139.72
0.01614211 0.9933676047058914 0.0 139.902
0.01613752 0.9934872791445313 0.0 140.082
0.01611433 0.9935309897630329 0.0 140.265
0.01610479 0.9935532112973827 0.0 140.445
0.01608689 0.9935973653627878 0.0 140.627
0.01607353 0.9936006410314211 0.0 140.807
0.0160594 0.9935842226472685 0.0 140.988
0.01604162 0.9936283479208895 0.0 141.17
0.01603311 0.9937298495170086 0.0 141.353
0.01601067 0.994011230401164 0.0 141.53
0.01600389 0.9942117248842103 0.0 141.711
0.01597937 0.9943942046154843 0.0 141.891
0.01597351 0.9944354091660104 0.0 142.074
0.0159512 0.9943613504195582 0.0 142.254
0.0159416 0.9942468908314234 0.0 142.436
0.0159262 0.9940916011057123 0.0 142.613
0.01590985 0.9939961940211457 0.0 142.793
0.01589825 0.9939393884514809 0.0 142.975
0.0158782 0.9938274892593499 0.0 143.152
0.01587048 0.9938882883633475 0.0 143.331
0.01584791 0.9940113877081405 0.0 143.514
0.01584191 0.9938952957439917 0.0 143.696
0.01581756 0.9937429413712058 0.0 143.878
0.0158098 0.9937249603144124 0.0 144.058
0.01578916 0.9936703693495975 0.0 144.24
0.01577728 0.9935557169267171 0.0 144.419
0.015762 0.9934409031763596 0.0 144.603
0.01574543 0.9934648499864303 0.0 144.784
0.01573539 0.9935659881435877 0.0 144.968
0.01571405 0.9936490190389615 0.0 145.147
0.01570687 0.9937700873067268 0.0 145.327
0.01568277 0.9938555367235417 0.0 145.509
0.01567743 0.9937773075070997 0.0 145.69
0.01565316 0.9937633749748348 0.0 145.869
0.01564564 0.9936856796717635 0.0 146.053
0.01562751 0.9936123257413881 0.0 146.236
0.01561245 0.9936349095085605 0.0 146.414
0.0155998 0.9937565766265303 0.0 146.594
0.0155815 0.9939194007852746 0.0 146.775
0.01557502 0.9941379880337207 0.0 146.955
0.01555103 0.9942631861547689 0.0 147.137
0.01554444 0.9943642301937812 0.0 147.318
0.01551969 0.9943305329967932 0.0 147.501
0.01551349 0.9942723978322323 0.0 147.683
0.01549115 0.9941983371411582 0.0 147.862
0.01548163 0.9941211302382473 0.0 148.043
0.01546228 0.9942451925729937 0.0 148.222
0.01544877 0.9944068488903556 0.0 148.405
0.01543669 0.9946467046746658 0.0 148.589
0.01541709 0.994750946253433 0.0 148.767
0.01540711 0.9947136243024205 0.0 148.951
0.01538556 0.9946990286933164 0.0 149.133
0.01537866 0.9947802674709821 0.0 149.316
0.01535433 0.9948434141731797 0.0 149.497
0.01534882 0.994787593805197 0.0 149.68
0.01532698 0.9947730695803709 0.0 149.862
0.01531638 0.9946961260413869 0.0 150.042
0.01529923 0.9946009034199254 0.0 150.224
0.01528448 0.9944670576372439 0.0 150.408
0.0152754 0.9943308250429232 0.0 150.59
0.01525326 0.9942765980670689 0.0 150.771
0.01524268 0.994239420674587 0.0 150.953
0.01522064 0.9942647161620433 0.0 151.135
0.01521301 0.994286475598165 0.0 151.314
0.01518911 0.9942525665796008 0.0 151.496
0.01518375 0.9941154175336048 0.0 151.679
0.01516099 0.9940822219151262 0.0 151.859
0.01515269 0.994181954855502 0.0 152.041
0.01514995 0.9941826272102895 0.0 152.222
0.01514891 0.9942425444213013 0.0 152.402
0.01514822 0.9943023757678915 0.0 152.585
0.01514717 0.9942429714174441 0.0 152.765
0.01514662 0.9942828810836581 0.0 152.946
0.01514648 0.9943425774872697 0.0 153.127
0.01514619 0.9943625360106281 0.0 153.309
0.0151462 0.994422195606654 0.0 153.49
0.01514558 0.9944223477822565 0.0 153.673
0.01514513 0.9943826835215996 0.0 153.853
0.01514569 0.9941048689172985 0.0 154.03
0.01514517 0.9938290594548368 0.0 154.212
0.01514525 0.993532469652962 0.0 154.393
0.01514533 0.9934727879718324 0.0 154.576
0.01514534 0.993670913287236 0.0 154.755
0.01514494 0.9939476942353092 0.0 154.936
0.01514501 0.994027226486185 0.0 155.119
0.01514494 0.9941050529419755 0.0 155.299
0.01514501 0.9940471138421341 0.0 155.481
0.01514504 0.9940073317699714 0.0 155.662
0.01514478 0.9939676208447794 0.0 155.844
0.01514532 0.9938481642387524 0.0 156.025
0.01514489 0.9938681570755287 0.0 156.207
0.01514473 0.9940464367647927 0.0 156.388
0.01514475 0.9942833400007035 0.0 156.57
0.01514466 0.9941846710752075 0.0 156.751
0.01514445 0.9938682650109784 0.0 156.931
0.01514446 0.9937109038325903 0.0 157.111
0.01514458 0.9939676699112558 0.0 157.294
0.01514475 0.9941839032145768 0.0 157.476
0.0151448 0.9941640035883091 0.0 157.657
0.01514455 0.9941051486348345 0.0 157.837
0.01514436 0.994007498602665 0.0 158.019
0.01514459 0.993967667457932 0.0 158.202
0.01514424 0.9939677533242769 0.0 158.386
0.01514407 0.9940075697519192 0.0 158.571
0.01514453 0.9940464858351604 0.0 158.749
0.01514472 0.9942634600056398 0.0 158.927
0.01514425 0.9943630121445864 0.0 159.109
0.01514453 0.9944027181408036 0.0 159.291
0.01514481 0.9944821988453943 0.0 159.471
0.01514536 0.9944820638427554 0.0 159.653
0.0151444 0.994422637406919 0.0 159.835
0.01514484 0.9944424167680461 0.0 160.017
0.0151444 0.9947184618712019 0.0 160.199
0.01514452 0.9949744821478893 0.0 160.383
0.0151444 0.995014286335485 0.0 160.563
0.01514506 0.9950340116013318 0.0 160.743
0.01514472 0.9950340951038295 0.0 160.923
0.01514503 0.994856772910177 0.0 161.102
0.01514453 0.9947383173122052 0.0 161.287
0.01514474 0.9946786036806365 0.0 161.469
0.01514473 0.9947780429223329 0.0 161.651
0.01514482 0.9948376828950624 0.0 161.832
0.01514474 0.9948377025388322 0.0 162.014
0.01514431 0.9947582586865673 0.0 162.195
0.01514472 0.9946189465186758 0.0 162.378
0.01514448 0.9946786675126836 0.0 162.557
0.01514358 0.9949356840441637 0.0 162.738
0.01514463 0.9951136666386919 0.0 162.918
0.01514382 0.9951337529488724 0.0 163.101
0.01514433 0.9952512116943428 0.0 163.285
0.01514436 0.995310120626318 0.0 163.467
0.01514437 0.9952703434514992 0.0 163.65
0.01514478 0.9950141930110156 0.0 163.83
0.01514404 0.9947384376182984 0.0 164.01
0.01514401 0.9947384449839782 0.0 164.191
0.0151447 0.9948377123607175 0.0 164.374
0.01514381 0.9948570724834832 0.0 164.556
0.01514494 0.9948376534294092 0.0 164.737
0.01514425 0.9948179354972593 0.0 164.919
0.01514479 0.9947183661193018 0.0 165.1
0.01514404 0.9945793387326143 0.0 165.28
0.0151444 0.9945792503585983 0.0 165.46
0.01514462 0.9945990837101262 0.0 165.643
0.01514433 0.9945991549017205 0.0 165.825
0.01514457 0.9944417372635014 0.0 166.006
0.01514482 0.9942037733944558 0.0 166.19
0.0151448 0.9940073906520921 0.0 166.373
0.01514464 0.9942038175647758 0.0 166.556
0.01514425 0.9944815905266765 0.0 166.736
0.01514452 0.9947184324090769 0.0 166.917
0.01514447 0.9948569104192131 0.0 167.099
0.01514463 0.9949346804183622 0.0 167.279
0.01514475 0.9949545383070602 0.0 167.462
0.01514427 0.9950143182622813 0.0 167.642
0.0151444 0.9949546242586549 0.0 167.823
0.01514452 0.9946985450507224 0.0 168.005
0.01514431 0.9945792724521006 0.0 168.187
0.0151447 0.9945394019986553 0.0 168.366
0.01514411 0.9945594341884096 0.0 168.544
0.01514413 0.9945992039993774 0.0 168.725
0.01514467 0.9945990714357145 0.0 168.907
0.01514422 0.9946389566250851 0.0 169.089
0.0151445 0.9946388878856209 0.0 169.27
0.01514483 0.9944225318657088 0.0 169.454
0.01514429 0.9943630023273868 0.0 169.636
0.01514455 0.9943032764409727 0.0 169.817
0.01514475 0.9943231147151543 0.0 169.998
0.01514413 0.9944816199817885 0.0 170.18
0.01514396 0.9946390204545962 0.0 170.362
0.01514441 0.9947582341338135 0.0 170.543
0.01514421 0.9948179453189503 0.0 170.725
0.01514398 0.9947583397106636 0.0 170.906
0.01514447 0.9946190078919631 0.0 171.089
0.01514455 0.9945991008943033 0.0 171.271
0.01514451 0.9945991107138331 0.0 171.451
0.01514391 0.9945403416988106 0.0 171.631
0.01514435 0.9944226496791543 0.0 171.809
0.01514495 0.9944225024123521 0.0 171.988
0.01514456 0.9944225981357684 0.0 172.171
0.01514512 0.9944224606867658 0.0 172.353
0.01514417 0.9944425812192758 0.0 172.534
0.01514411 0.9945793215487765 0.0 172.714
0.01514424 0.9945991769956656 0.0 172.896
0.01514406 0.9945992211835586 0.0 173.078
0.01514439 0.9945991401724242 0.0 173.26
0.01514437 0.9945991450821896 0.0 173.447
0.01514439 0.9947184643263792 0.0 173.63
0.01514459 0.9948568809529881 0.0 173.811
0.01514486 0.9950141733637609 0.0 173.997
0.01514452 0.9949354532071187 0.0 174.176
0.01514443 0.9947184545056705 0.0 174.358
0.01514419 0.99459918927008 0.0 174.54
0.01514477 0.9945592721726376 0.0 174.721
0.01514451 0.9945792233554296 0.0 174.903
0.01514467 0.9946587335085688 0.0 175.083
0.01514407 0.994718542892055 0.0 175.266
0.01514399 0.9947185625334759 0.0 175.445
0.01514419 0.9946389639900285 0.0 175.626
0.01514432 0.9945014607038646 0.0 175.81
0.01514429 0.9944425517653203 0.0 175.991
0.0151445 0.9943828381455445 0.0 176.172
0.01514412 0.9943033819695329 0.0 176.352
0.01514418 0.9943829166847095 0.0 176.529
0.01514426 0.9944226717691781 0.0 176.709
0.0151443 0.9945014656131479 0.0 176.889
0.01514393 0.9947384646257924 0.0 177.071
0.01514392 0.9950541789416496 0.0 177.256
0.01514389 0.9951735104783487 0.0 177.438
0.01514414 0.995153561710617 0.0 177.62
0.01514418 0.9949944530054258 0.0 177.809
0.01514459 0.9948949155251836 0.0 177.989
0.01514377 0.9949547789715629 0.0 178.171
0.01514419 0.9949149011096704 0.0 178.353
0.01514389 0.9948950874180935 0.0 178.535
0.01514412 0.9949149182993056 0.0 178.715
0.01514358 0.9950144877199263 0.0 178.892
0.01514363 0.9950144754403849 0.0 179.074
0.0151442 0.9948957570700804 0.0 179.255
0.01514355 0.9946590084719577 0.0 179.437
0.01514397 0.994540326970384 0.0 179.618
0.01514376 0.9944227944915521 0.0 179.801
0.01514407 0.9944816347093454 0.0 179.985
0.0151439 0.9945395983774962 0.0 180.166
0.01514366 0.9945595446537391 0.0 180.346
0.01514382 0.9946987169097073 0.0 180.526
0.01514413 0.9947781902417961 0.0 180.709
0.01514387 0.9947782540802437 0.0 180.891
0.01514402 0.9947981046111777 0.0 181.072
0.01514426 0.9948957423363911 0.0 181.254
0.01514388 0.9950740761271698 0.0 181.435
0.01514438 0.9951925317027097 0.0 181.617
0.01514391 0.9951528724283482 0.0 181.795
0.01514413 0.9947973318260547 0.0 181.976
0.01514388 0.9945015687081071 0.0 182.156
0.01514373 0.9943233650437349 0.0 182.338
0.01514462 0.9943231466197703 0.0 182.519
0.01514396 0.9945602167862247 0.0 182.699
0.01514414 0.9948569914513417 0.0 182.882
0.01514472 0.9950142077464569 0.0 183.064
0.01514404 0.9949944873874461 0.0 183.241
0.01514402 0.994876908278382 0.0 183.421
0.01514362 0.9947783154633741 0.0 183.602
0.01514387 0.9948180288033335 0.0 183.783
0.01514367 0.9948759998551597 0.0 183.964
0.01514426 0.9948758549767606 0.0 184.146
0.01514351 0.9948181171985779 0.0 184.326
0.01514376 0.9946589569163106 0.0 184.507
0.01514406 0.9945992211835586 0.0 184.69
0.01514371 0.994658969191464 0.0 184.873
0.01514406 0.9946588832653955 0.0 185.053
0.01514415 0.9945991990896117 0.0 185.236
0.01514414 0.9945992015444945 0.0 185.417
0.01514389 0.9945602339697331 0.0 185.596
0.01514388 0.9944625397611715 0.0 185.779
0.01514377 0.9945794050131366 0.0 185.959
0.01514392 0.9945992555519225 0.0 186.138
0.01514408 0.9946389909948209 0.0 186.321
0.01514421 0.9945991843603139 0.0 186.502
0.01514423 0.9945594047309926 0.0 186.684
0.01514412 0.9947185306161673 0.0 186.864
0.01514368 0.9950542378857988 0.0 187.047
0.01514387 0.995113853306315 0.0 187.228
0.01514403 0.995192617674872 0.0 187.41
0.01514417 0.9952505052222161 0.0 187.591
0.01514386 0.9951138557624682 0.0 187.777
0.01514415 0.9950342350933424 0.0 187.958
0.01514416 0.9947973244599387 0.0 188.141
0.01514441 0.9945792479037646 0.0 188.32
0.01514414 0.9945395394638357 0.0 188.501
0.01514441 0.9946190226215532 0.0 188.683
0.01514436 0.9947582464101902 0.0 188.865
0.01514452 0.99477809448414 0.0 189.047
0.01514414 0.9948569914513417 0.0 189.227
0.01514435 0.9949347491782667 0.0 189.407
0.01514458 0.9949943547710953 0.0 189.589
0.0151442 0.9949944480937088 0.0 189.77
0.01514475 0.9947780380116849 0.0 189.95
0.01514424 0.9946190643553945 0.0 190.133
0.01514486 0.9946189121496382 0.0 190.315
0.0151444 0.9946985745122586 0.0 190.496
0.01514423 0.9948179404081048 0.0 190.68
0.01514394 0.9947782368929686 0.0 190.863
0.01514488 0.9946586819529503 0.0 191.046
0.01514417 0.9946986309802076 0.0 191.23
0.0151438 0.9948180459912966 0.0 191.413
0.01514428 0.994817928130991 0.0 191.594
0.01514371 0.9946191944668035 0.0 191.774
0.01514468 0.9943430192521315 0.0 191.955
0.01514415 0.9941840504460515 0.0 192.133
0.01514424 0.9943033525197 0.0 192.314
0.01514459 0.994422590772428 0.0 192.497
0.01514384 0.994462549579355 0.0 192.681
0.01514382 0.994579392738965 0.0 192.863
0.01514427 0.9945402533282569 0.0 193.046
0.01514423 0.9944226791325198 0.0 193.229
0.01514407 0.9944227184036767 0.0 193.413
0.01514446 0.9943828479629392 0.0 193.597
0.01514388 0.9944028776766838 0.0 193.776
0.01514377 0.9944426793991402 0.0 193.957
0.0151441 0.9945402950587942 0.0 194.139
0.01514418 0.9945991917249627 0.0 194.318
0.01514352 0.9944228533983023 0.0 194.497
0.01514416 0.9943630342332862 0.0 194.679
0.01514404 0.9943630636848877 0.0 194.856
0.01514448 0.9944027304127926 0.0 195.036
0.01514404 0.9944426131277296 0.0 195.219
0.01514416 0.99461908399485 0.0 195.403
0.01514417 0.994856984084784 0.0 195.586
0.01514383 0.9951138631309286 0.0 195.769
0.01514381 0.9953301431032399 0.0 195.952
0.0151441 0.995310184498898 0.0 196.132
0.01514391 0.9951926471510454 0.0 196.313
0.01514415 0.9950740098136837 0.0 196.496
0.01514471 0.9948568514867644 0.0 196.676
0.0151439 0.9946986972686778 0.0 196.858
0.01514441 0.9946190226215532 0.0 197.039
0.01514394 0.9945793632809549 0.0 197.222
0.01514397 0.994658905360669 0.0 197.406
0.01514444 0.9947184520504934 0.0 197.589
0.01514351 0.9947385677453295 0.0 197.769
0.01514377 0.9948759752994959 0.0 197.949
0.0151442 0.9948758697101554 0.0 198.128
0.01514419 0.9947384007898994 0.0 198.309
0.01514395 0.9946191355484255 0.0 198.49
0.01514386 0.9945992702812221 0.0 198.674
0.01514408 0.9945992162737924 0.0 198.854
0.01514415 0.9946986358904644 0.0 199.034
0.01514427 0.9948569595295924 0.0 199.214
0.01514346 0.9950741792814993 0.0 199.396
0.01514436 0.9951733950322321 0.0 199.577
0.0151446 0.9952123650210343 0.0 199.759
0.0151441 0.9953499592197299 0.0 199.94
0.01514381 0.9953699178269189 0.0 200.12
0.01514412 0.9952313759203628 0.0 200.299
0.01514393 0.9949547396793913 0.0 200.48
0.01514433 0.9948378032131644 0.0 200.659
0.01514409 0.9948378621444903 0.0 200.84
0.01514429 0.9948378130350516 0.0 201.022
0.01514431 0.9948949842823402 0.0 201.203
0.01514415 0.9948569889958224 0.0 201.385
0.01514387 0.9947782540802437 0.0 201.564
0.01514453 0.9946388805206788 0.0 201.742
0.01514442 0.9945394707312407 0.0 201.924
