X_channel Y_channel II_channel timestamp
0.01516478 0.9966480608660857 0.0 0.0
0.01516476 0.9965867238545754 0.0 0.186
0.01516466 0.9964436584077939 0.0 0.365
0.01516496 0.996241385273586 0.0 0.546
0.0151645 0.9961191383845631 0.0 0.73
0.01516479 0.9961597483676943 0.0 0.909
0.01516452 0.9962819707495219 0.0 1.091
0.01516437 0.996587120662215 0.0 1.274
0.01516499 0.9968498151227962 0.0 1.454
0.01516496 0.9970134652527295 0.0 1.637
0.01516411 0.9970143304604487 0.0 1.82
0.01516451 0.997034375762863 0.0 2.0
0.01516498 0.997094487725512 0.0 2.178
0.01516497 0.9971139277323361 0.0 2.36
0.01516441 0.996952667709058 0.0 2.544
0.01516419 0.9968301768363589 0.0 2.726
0.01517881 0.9967743939015065 0.0 2.904
0.01518295 0.9967497288483435 0.0 3.09
0.01519787 0.9967549982113999 0.0 3.275
0.01521101 0.9969256906199628 0.0 3.455
0.01522169 0.9971576799107291 0.0 3.638
0.01524004 0.9972208038778946 0.0 3.824
0.01524822 0.9970700884313903 0.0 4.005
0.01526916 0.9969278626136746 0.0 4.185
0.01527417 0.9968205131400955 0.0 4.364
0.01529752 0.9966339226165128 0.0 4.544
0.01530269 0.9965691034801869 0.0 4.73
0.01532395 0.9966062675326997 0.0 4.914
0.01533316 0.9966173471367128 0.0 5.096
0.01534967 0.9967027945759771 0.0 5.279
0.0153627 0.9967917798793887 0.0 5.461
0.01537565 0.9967990520132236 0.0 5.641
0.01539323 0.9967402701452033 0.0 5.823
0.01540008 0.9966924060953906 0.0 6.005
0.01542217 0.9965268044716791 0.0 6.185
0.01543006 0.9964983324915828 0.0 6.368
0.01545267 0.9965366759637989 0.0 6.55
0.01545699 0.9967162992736952 0.0 6.734
0.01547903 0.9967552165232917 0.0 6.914
0.01548654 0.9967672556756061 0.0 7.095
0.0155029 0.9967897146600114 0.0 7.278
0.01551705 0.9968366552170428 0.0 7.458
0.01553221 0.9967606648422261 0.0 7.639
0.01554785 0.996582988516747 0.0 7.821
0.01555516 0.9966164425219609 0.0 8.0
0.01557756 0.9967750995123162 0.0 8.18
0.01558276 0.9969333598394203 0.0 8.362
0.01560591 0.9969908145335404 0.0 8.543
0.01561193 0.9970442303564073 0.0 8.727
0.01563547 0.9970611652381419 0.0 8.909
0.01564312 0.996992820984197 0.0 9.094
0.01565971 0.996814194746621 0.0 9.275
0.01567324 0.9967391070554615 0.0 9.455
0.01568338 0.9967696772050464 0.0 9.636
0.01570231 0.9967708650465863 0.0 9.814
0.01571152 0.9968023798698824 0.0 9.994
0.01573353 0.9968814302373451 0.0 10.176
0.01573675 0.9968781549758031 0.0 10.355
0.01575789 0.9967347787502937 0.0 10.539
0.01576707 0.9967458827508993 0.0 10.72
0.01578962 0.9967025106896367 0.0 10.903
0.01579814 0.9965712111453671 0.0 11.083
0.01581479 0.9964732929157626 0.0 11.262
0.01582902 0.9964189707323107 0.0 11.442
0.01584031 0.9966100887345558 0.0 11.622
0.01585867 0.9967735744972578 0.0 11.801
0.01586689 0.9969075136471408 0.0 11.981
0.01588973 0.9968842846857516 0.0 12.167
0.01589412 0.9967776338702066 0.0 12.347
0.01591799 0.9967533612306873 0.0 12.528
0.01592385 0.9967882757966043 0.0 12.71
0.01594507 0.9967666982230496 0.0 12.891
0.01595501 0.9967974629801087 0.0 13.073
0.01597103 0.9969242227379577 0.0 13.254
0.01599146 0.9969034466264246 0.0 13.575
0.01601377 0.9967172817233985 0.0 13.757
0.01601876 0.9966509044687263 0.0 13.935
0.01604249 0.9966676486080723 0.0 14.113
0.01604979 0.9965189773286692 0.0 14.292
0.01606384 0.9963011254516922 0.0 14.472
0.01607998 0.9963664572035983 0.0 14.652
0.0160929 0.9963124608470755 0.0 14.831
0.01611046 0.996132942536265 0.0 15.011
0.01611899 0.9961641195084773 0.0 15.193
0.01614929 0.9966203804548843 0.0 15.585
0.0161724 0.9968012047922136 0.0 15.768
0.0161772 0.9968167563360083 0.0 15.948
0.01620094 0.9967517602270587 0.0 16.128
0.01620729 0.9968058311612457 0.0 16.311
0.01622699 0.9968453078500854 0.0 16.491
0.01623792 0.9968341963546468 0.0 16.673
0.01625308 0.9967191899769878 0.0 16.854
0.01626918 0.9966823958059922 0.0 17.037
0.01627924 0.9966517416501247 0.0 17.222
0.01629935 0.9965904453880502 0.0 17.4
0.01630681 0.9966032926193397 0.0 17.58
0.01633013 0.9967208029497505 0.0 17.762
0.01633468 0.9968584087581112 0.0 17.943
0.01635501 0.9968377433693283 0.0 18.121
0.01636478 0.9967665302141732 0.0 18.302
0.01638337 0.996606433903873 0.0 18.482
0.01639624 0.9965933554411137 0.0 18.662
0.01641048 0.9967813626256607 0.0 18.845
0.01642739 0.9968867329939972 0.0 19.025
0.0164364 0.9968571489181308 0.0 19.208
0.01645794 0.9967535539451198 0.0 19.388
0.01646394 0.9967270309184697 0.0 19.571
0.01648758 0.9967030073383468 0.0 19.754
0.0164929 0.9967588754531679 0.0 19.933
0.01651438 0.9967983197550874 0.0 20.113
0.01652291 0.9967896510404831 0.0 20.294
0.01654031 0.9968528977452419 0.0 20.476
0.01655437 0.996818951179366 0.0 20.657
0.01656587 0.9968072644366821 0.0 20.836
0.0165847 0.9969285363340673 0.0 21.021
0.01659341 0.9971443334999401 0.0 21.206
0.01661549 0.9971645201209723 0.0 21.387
0.01662002 0.9972219473845408 0.0 21.569
0.01664362 0.9972592212242399 0.0 21.754
0.01665049 0.9971902069458249 0.0 21.937
0.01667426 0.9968987850151002 0.0 22.121
0.0166825 0.9966274935871571 0.0 22.303
0.0167007 0.9965069019773374 0.0 22.484
0.01671277 0.9967174768840489 0.0 22.664
0.01672776 0.9969465202206975 0.0 22.843
0.01674399 0.9969912861487642 0.0 23.023
0.0167518 0.9970259748912045 0.0 23.202
0.01677437 0.9970446420075059 0.0 23.386
0.01678096 0.9969537175543388 0.0 23.566
0.01680465 0.9968683906622199 0.0 23.746
0.01681001 0.9969658011778672 0.0 23.926
0.01683302 0.9970667130722336 0.0 24.109
0.01684131 0.9969135796516124 0.0 24.294
0.01685707 0.9967742982526384 0.0 24.476
0.01687162 0.9966778497503186 0.0 24.657
0.01688514 0.9965423826780623 0.0 24.842
0.01690326 0.9965239798754784 0.0 25.027
0.01690969 0.9968441070180396 0.0 25.21
0.01693271 0.9972282678660822 0.0 25.388
0.01694016 0.9974843111597548 0.0 25.571
0.01696392 0.9976022981419151 0.0 25.752
0.01696914 0.9976174062364594 0.0 25.933
0.0169928 0.997593353243204 0.0 26.115
0.01700001 0.9975656095112078 0.0 26.296
0.01701872 0.9972829968405451 0.0 26.478
0.01703098 0.9970066926008321 0.0 26.659
0.01704497 0.9970733672672049 0.0 26.839
0.0170621 0.9973399581114238 0.0 27.021
0.01707073 0.9974120733586705 0.0 27.202
0.01709239 0.9973091766814657 0.0 27.384
0.01709912 0.9972020630996773 0.0 27.565
0.01712305 0.9970552791071282 0.0 27.747
0.01712819 0.9969888227819609 0.0 27.931
0.01714885 0.997029069515271 0.0 28.112
0.01715915 0.9971818935350423 0.0 28.293
0.01717768 0.9972217477348948 0.0 28.475
0.01719076 0.9972084584303063 0.0 28.658
0.01720502 0.9972347905278641 0.0 28.84
0.01722189 0.9972380604851933 0.0 29.021
0.01723088 0.997128665661541 0.0 29.201
0.01725238 0.9970463635001425 0.0 29.384
0.01725933 0.9970393040221378 0.0 29.568
0.01728286 0.9970758637679882 0.0 29.754
0.01728768 0.9971099985628081 0.0 29.935
0.01731161 0.9970466615826379 0.0 30.118
0.01731871 0.9968565472705663 0.0 30.298
0.01733796 0.9968165921521076 0.0 30.484
0.01734975 0.9968250272272671 0.0 30.665
0.01736401 0.9969730351904916 0.0 30.848
0.01738107 0.9970967682930282 0.0 31.031
0.01739052 0.9971279823996625 0.0 31.208
0.01741178 0.997045172167305 0.0 31.39
0.01741605 0.9970408356028386 0.0 31.571
0.01744034 0.9970569777635145 0.0 31.753
0.01744606 0.9969499092416066 0.0 31.934
0.01747007 0.9969255286242243 0.0 32.114
0.01747758 0.997121180528313 0.0 32.297
0.01749605 0.9972434645936625 0.0 32.479
0.01750943 0.9973923383689646 0.0 32.66
0.01752258 0.997542206888264 0.0 32.84
0.01754015 0.9974835504048148 0.0 33.022
0.01754918 0.9973927657033675 0.0 33.203
0.01757059 0.9972690060809115 0.0 33.385
0.01757694 0.9972625567007587 0.0 33.565
0.01760067 0.9972792594877947 0.0 33.744
0.0176071 0.9972523274060827 0.0 33.925
0.01762923 0.9971482481423588 0.0 34.107
0.01763782 0.9971191243578127 0.0 34.291
0.01765401 0.9968808281231971 0.0 34.472
0.01766832 0.9966240474807533 0.0 34.653
0.01768128 0.9965700944780361 0.0 34.835
0.01769961 0.9965514929769622 0.0 35.015
0.01770571 0.9965045037100029 0.0 35.198
0.01772938 0.9966021147147226 0.0 35.38
0.01773604 0.9966955657189803 0.0 35.563
0.01776021 0.9966914345446004 0.0 35.745
0.01776595 0.9966652109258286 0.0 35.924
0.01778808 0.9964821201598798 0.0 36.107
0.01779722 0.9962892678176677 0.0 36.291
0.01781344 0.9962320195216768 0.0 36.471
0.01782828 0.9964209366806192 0.0 36.651
0.01784057 0.9965894893077272 0.0 36.834
0.01785939 0.9965703932841712 0.0 37.014
0.01786903 0.9965198198979076 0.0 37.197
0.01789028 0.9965594475232599 0.0 37.379
0.01789624 0.9966349828292144 0.0 37.563
0.01792009 0.9966923637522261 0.0 37.746
0.01792586 0.996604929069392 0.0 37.93
0.01794802 0.9963802852377414 0.0 38.111
0.01795708 0.9962290997916066 0.0 38.294
0.01797409 0.9961914546095706 0.0 38.473
0.01798856 0.9963391647006319 0.0 38.654
0.01800083 0.9964269022676544 0.0 38.837
0.01801954 0.9964487100837088 0.0 39.016
0.01802753 0.996501783985356 0.0 39.199
0.01805028 0.9963767449431283 0.0 39.381
0.01805624 0.9962712877878737 0.0 39.566
0.01808077 0.9962464115726499 0.0 39.752
0.01808587 0.9961188899049482 0.0 39.933
0.01810572 0.9960171984198014 0.0 40.117
0.01811719 0.9960259609208186 0.0 40.298
0.01813429 0.9960494060577838 0.0 40.48
0.01814757 0.9960767232589692 0.0 40.661
0.01816117 0.9961444954413626 0.0 40.845
0.01817888 0.9961469292722179 0.0 41.025
0.01818968 0.9960544214789991 0.0 41.208
0.01821088 0.9960329297895021 0.0 41.391
0.0182176 0.9959037840839875 0.0 41.571
0.01824107 0.9955137685059123 0.0 41.755
0.01824585 0.9953450544163885 0.0 41.937
0.01826939 0.9954231481055772 0.0 42.121
0.01827692 0.9954359075270944 0.0 42.301
0.01829705 0.9954155150201103 0.0 42.484
0.01830821 0.9954042098471794 0.0 42.665
0.01833784 0.9953436160388427 0.0 42.957
0.01834144 0.9953705491010949 0.0 43.137
0.01836301 0.9954116421508932 0.0 43.301
0.01837265 0.9955249560295949 0.0 43.469
0.01838148 0.9955160108496198 0.0 43.641
0.01840214 0.9954339267518247 0.0 43.823
0.01841269 0.995423240452534 0.0 44.003
0.0184344 0.9953400974690676 0.0 44.186
0.01844157 0.9954347570348271 0.0 44.37
0.01846467 0.9955318789195464 0.0 44.553
0.01846989 0.9954468401491425 0.0 44.733
0.01849322 0.9953416776154634 0.0 44.916
0.01850076 0.9952091955227353 0.0 45.097
0.01851999 0.9952534193365492 0.0 45.277
0.01853246 0.9952196453475376 0.0 45.46
0.01854596 0.9951634281103251 0.0 45.64
0.01856285 0.9952296375456059 0.0 45.822
0.0185715 0.995383931529107 0.0 46.003
0.01859397 0.995420536523538 0.0 46.183
0.01859898 0.9954154628275692 0.0 46.365
0.01862161 0.9953925457594747 0.0 46.546
0.0186295 0.9952852016525645 0.0 46.729
0.01864826 0.9953069666250772 0.0 46.905
0.01866184 0.9953518080355512 0.0 47.084
0.01867166 0.9952017556242537 0.0 47.264
0.0186937 0.994932346709914 0.0 47.444
0.0186996 0.9949059963309946 0.0 47.626
0.0187152 0.9950132437419814 0.0 47.805
0.01872876 0.9951439500099619 0.0 47.985
0.01874116 0.9952129098554485 0.0 48.169
0.01874994 0.9952626078125184 0.0 48.352
0.01875797 0.9952748560254951 0.0 48.535
0.01876368 0.9953709631498152 0.0 48.717
0.01876891 0.9953656678360558 0.0 48.899
0.01880105 0.9951912541846432 0.0 49.08
0.01883543 0.9949952276338957 0.0 49.262
0.01884878 0.99492058966362 0.0 49.442
0.01886921 0.9948362428908206 0.0 49.622
0.01887927 0.9948675783131726 0.0 49.802
0.01890091 0.9949085890872597 0.0 49.982
0.01890777 0.9947768532318084 0.0 50.165
0.01893133 0.9947122689706053 0.0 50.345
0.01893704 0.994788752453579 0.0 50.533
0.01896153 0.9948676260568023 0.0 50.712
0.01896858 0.9949216130767201 0.0 50.891
0.01898602 0.9949836764075952 0.0 51.074
0.01900027 0.9949896301346499 0.0 51.258
0.01901568 0.9948535860097211 0.0 51.442
0.01903179 0.9946521568817484 0.0 51.622
0.01904305 0.9944362858119811 0.0 51.805
0.01906297 0.9944161420095453 0.0 51.991
0.01906886 0.9945731560485955 0.0 52.172
0.01909191 0.9947357279228697 0.0 52.354
0.01909838 0.9947291834975527 0.0 52.533
0.01911982 0.9945827300011344 0.0 52.711
0.01912888 0.9945328274485764 0.0 52.894
0.01914306 0.9944166393101709 0.0 53.077
0.01915944 0.994379707850895 0.0 53.254
0.01917435 0.9943442638292226 0.0 53.433
0.0191883 0.9943301602029666 0.0 53.617
0.01920052 0.9943585430176021 0.0 53.799
0.01921636 0.9943628970064963 0.0 53.98
0.01923017 0.9944304069192477 0.0 54.163
0.01924572 0.9943943176345552 0.0 54.343
0.01925953 0.994136711934755 0.0 54.525
0.0192747 0.9941817166411417 0.0 54.706
0.01928931 0.9943706165927813 0.0 54.893
0.019305 0.9943343888995522 0.0 55.073
0.01931837 0.9940568781432167 0.0 55.253
0.01933322 0.9938196295562822 0.0 55.436
0.01934687 0.9936446967219474 0.0 55.619
0.01936048 0.9936502958845388 0.0 55.802
0.01937547 0.99365475548726 0.0 55.983
0.01939047 0.9935199619203237 0.0 56.163
0.01940415 0.9935061457651667 0.0 56.346
0.01941913 0.9934502891044446 0.0 56.526
0.01943433 0.9934145756792357 0.0 56.708
0.01944768 0.9933807314224052 0.0 56.887
0.01946294 0.993263507137614 0.0 57.067
0.01947477 0.9931097869790158 0.0 57.247
0.01949161 0.9931123868153967 0.0 57.428
0.01950496 0.9931192730840248 0.0 57.611
0.01952011 0.9932057898400952 0.0 57.793
0.01953411 0.9931916568382861 0.0 57.97
0.01954901 0.9931766157281864 0.0 58.15
0.01956417 0.9931205906196309 0.0 58.334
0.01957871 0.9931466358140751 0.0 58.518
0.01959336 0.9932132899997064 0.0 58.699
0.0196081 0.9933002114382975 0.0 58.888
0.01962311 0.9932646989893604 0.0 59.072
0.01963763 0.9931889632750617 0.0 59.257
0.01965231 0.993133427488378 0.0 59.439
0.0196664 0.993078488807067 0.0 59.619
0.01967977 0.9929028900870029 0.0 59.799
0.01969381 0.992546194603727 0.0 59.983
0.01970812 0.9924103760893173 0.0 60.162
0.01972272 0.9923956520136612 0.0 60.345
0.01973766 0.9924416577374741 0.0 60.525
0.01975291 0.9923855639314973 0.0 60.704
0.01976665 0.9921689033848403 0.0 60.884
0.01978113 0.9919321643008683 0.0 61.066
0.01979441 0.9918169976803757 0.0 61.247
0.01981007 0.9917401476972723 0.0 61.427
0.01982341 0.9916452822370514 0.0 61.609
0.01983845 0.9915504876796091 0.0 61.786
0.01985094 0.9913554717829102 0.0 61.969
0.01986611 0.9912180628203513 0.0 62.152
0.01988168 0.9912227363329068 0.0 62.333
0.01989685 0.9913092290230127 0.0 62.516
0.01991121 0.991254058180946 0.0 62.696
0.0199261 0.9912390622367778 0.0 62.877
0.01993848 0.9912876542730075 0.0 63.055
0.01995331 0.9913948363744863 0.0 63.237
0.01996769 0.9914599823756267 0.0 63.417
0.01998215 0.9914650064374189 0.0 63.594
0.01999673 0.9914113973242873 0.0 63.773
0.0200101 0.9913172872876669 0.0 63.953
0.02002495 0.9913023321760941 0.0 64.133
0.02003796 0.9912281768539878 0.0 64.316
0.02005557 0.9909273133229597 0.0 64.5
0.02006464 0.9907357903827015 0.0 64.679
0.02007862 0.9907013700937238 0.0 64.859
0.0200946 0.9906852881205206 0.0 65.042
0.02010793 0.9905312057738814 0.0 65.226
0.02012524 0.9904331543604118 0.0 65.408
0.02013517 0.9903417673425725 0.0 65.592
0.02015645 0.9903203606668884 0.0 65.775
0.02016229 0.990314486064343 0.0 65.956
0.02018602 0.9902906161788358 0.0 66.138
0.0201921 0.9903455445696249 0.0 66.321
0.02021368 0.9902627945787302 0.0 66.499
0.02022282 0.9901119328856759 0.0 66.678
0.02023875 0.9899756111744227 0.0 66.861
0.02025379 0.989858755030443 0.0 67.044
0.02026606 0.9897853799219318 0.0 67.225
0.0202846 0.9895447156023953 0.0 67.409
0.02029274 0.9892735636507454 0.0 67.592
0.02031503 0.9891919125594779 0.0 67.776
0.02032143 0.9891651376712192 0.0 67.959
0.02034497 0.9889990762097141 0.0 68.142
0.02035095 0.9888310750186522 0.0 68.322
0.02037314 0.9886274735352705 0.0 68.503
0.02038154 0.9883756737799966 0.0 68.681
0.02039747 0.9883596846798319 0.0 68.861
0.02041283 0.9883249419024954 0.0 69.042
0.0204248 0.9882526616927244 0.0 69.224
0.02044363 0.9881320509806671 0.0 69.406
0.02045217 0.988021768677252 0.0 69.587
0.0204737 0.9880408526051642 0.0 69.769
0.02047859 0.9879349988785633 0.0 69.949
0.02050264 0.9877092368898409 0.0 70.13
0.02050943 0.9873795064065554 0.0 70.316
0.02053176 0.9871740502246596 0.0 70.503
0.02054038 0.9870451449202001 0.0 70.684
0.02055407 0.9869711659688768 0.0 70.864
0.02057052 0.9868122999179054 0.0 71.047
0.02058281 0.986677946490741 0.0 71.227
0.0206015 0.9866396464290644 0.0 71.408
0.02060881 0.9863501145017344 0.0 71.586
0.02063112 0.9859837905023313 0.0 71.766
0.02063717 0.9857565495488317 0.0 71.947
0.02066007 0.9856319398697511 0.0 72.129
0.02066671 0.9853830166149238 0.0 72.307
0.02068633 0.9852828006535804 0.0 72.487
0.0206979 0.9850279394545723 0.0 72.668
0.0207115 0.9846508105807188 0.0 72.85
0.02072805 0.9842707444541234 0.0 73.031
0.02073889 0.9839769785542527 0.0 73.216
0.02075909 0.9837356439518172 0.0 73.398
0.02076553 0.9834656051955469 0.0 73.577
0.02078837 0.9830589670736953 0.0 73.757
0.02079393 0.9826492489583768 0.0 73.937
0.02081716 0.9822821602772913 0.0 74.118
0.02082466 0.9818306176335299 0.0 74.296
0.02083905 0.9813928071716237 0.0 74.474
0.02085483 0.9811135041092743 0.0 74.653
0.020868 0.9807572514546568 0.0 74.835
0.020886 0.9803156296820403 0.0 75.016
0.02089468 0.9798215304570709 0.0 75.198
0.02091626 0.9793766331995327 0.0 75.377
0.02092188 0.9788863601416264 0.0 75.555
0.02094511 0.978620053548076 0.0 75.738
0.02095157 0.9782298644462107 0.0 75.924
0.02097302 0.977683497304881 0.0 76.105
0.02098241 0.9769879852721127 0.0 76.287
0.02099806 0.976407255529045 0.0 76.467
0.02101326 0.9759474514073492 0.0 76.65
0.02102479 0.9755522871996798 0.0 76.831
0.0210436 0.9750289616127061 0.0 77.009
0.02105031 0.9743961490283495 0.0 77.186
0.0210733 0.9739287009200881 0.0 77.37
0.02107919 0.9734181947681666 0.0 77.552
0.0211031 0.9726474779094046 0.0 77.733
0.02110932 0.9718543492631264 0.0 77.912
0.02112576 0.971130950152477 0.0 78.096
0.02114003 0.9704297863585577 0.0 78.276
0.02115444 0.9696685370797993 0.0 78.455
0.02117093 0.9688849372699992 0.0 78.635
0.0211817 0.9679054854950778 0.0 78.819
0.02120177 0.967037115040356 0.0 79.002
0.02120975 0.9660401219654622 0.0 79.182
0.02123206 0.9650687500681036 0.0 79.364
0.02123676 0.9638318569265796 0.0 79.545
0.02125895 0.9626795234869948 0.0 79.726
0.0212671 0.9615409391265564 0.0 79.908
0.02128816 0.9603897938169218 0.0 80.091
0.02129792 0.9590083336267121 0.0 80.271
0.02131479 0.9576182144450526 0.0 80.454
0.02132911 0.9561909838619017 0.0 80.637
0.02133762 0.9545872654734517 0.0 80.817
0.02135817 0.953013344232575 0.0 80.997
0.02136541 0.9511289337437128 0.0 81.177
0.0213878 0.9493707005165117 0.0 81.356
0.02139372 0.9471639950988651 0.0 81.536
0.02141234 0.9449461577269022 0.0 81.718
0.02142403 0.9427749147728973 0.0 81.902
0.02144407 0.9406150619539965 0.0 82.085
0.02145507 0.9382025119351758 0.0 82.266
0.02147007 0.9354227153843331 0.0 82.444
0.02148529 0.9325818313242867 0.0 82.625
0.02149541 0.9294631273638139 0.0 82.805
0.02151549 0.926496932100133 0.0 82.987
0.02152282 0.9231803339238283 0.0 83.168
0.02154559 0.919646178016836 0.0 83.348
0.02155071 0.915381827333353 0.0 83.53
0.02157313 0.9111421721742329 0.0 83.707
0.02158102 0.9064723517101472 0.0 83.886
0.02159887 0.9015100460009533 0.0 84.069
0.02161161 0.8962104502451532 0.0 84.247
0.02162232 0.8903675280690447 0.0 84.429
0.0216421 0.8850001665717256 0.0 84.611
0.0216515 0.8785730515388533 0.0 84.791
0.02167229 0.8721773810764016 0.0 84.976
0.02167903 0.8646225152176624 0.0 85.158
0.02170224 0.8573160320109041 0.0 85.339
0.021708 0.8490761441143962 0.0 85.519
0.02172875 0.8408647105990941 0.0 85.697
0.02173836 0.8318955885732745 0.0 85.878
0.02175387 0.8226794517849753 0.0 86.057
0.02176882 0.8133023048676797 0.0 86.237
0.02178026 0.8030209742199436 0.0 86.421
0.02179897 0.7933797963792636 0.0 86.602
0.02180714 0.7828182180028485 0.0 86.784
0.0218279 0.7735188821733362 0.0 86.963
0.02183404 0.7635644560507234 0.0 87.144
0.02185705 0.7547084196757694 0.0 87.326
0.02186397 0.7460868905976412 0.0 87.51
0.02188474 0.7386645165079642 0.0 87.692
0.02189463 0.7324827527222614 0.0 87.876
0.02190781 0.7275489315993839 0.0 88.059
0.0219242 0.724348574674967 0.0 88.24
0.02193678 0.7227252915328835 0.0 88.422
0.02195485 0.7230558248559267 0.0 88.602
0.02196362 0.7257330481370009 0.0 88.783
0.02198491 0.7296526446908671 0.0 88.966
0.02199092 0.7360232840240287 0.0 89.147
0.02201375 0.7430674245296881 0.0 89.328
0.02202049 0.7520209647614448 0.0 89.513
0.0220409 0.7615891266289408 0.0 89.693
0.02205135 0.7721123788940591 0.0 89.88
0.02206696 0.7829156448289029 0.0 90.063
0.02208153 0.7937171209142034 0.0 90.243
0.02209388 0.8051265596321443 0.0 90.425
0.02211171 0.8156825384951957 0.0 90.611
0.02211971 0.8266923893094906 0.0 90.792
0.02214122 0.8365388822118568 0.0 90.973
0.0221476 0.846742142290416 0.0 91.153
0.02217046 0.8556993223947578 0.0 91.335
0.02217711 0.8647911223103614 0.0 91.514
0.0221968 0.8729437415370974 0.0 91.692
0.02220681 0.8808231824747231 0.0 91.874
0.0222213 0.8882532152251016 0.0 92.055
0.02223685 0.8949774546408286 0.0 92.234
0.0222478 0.9013206411083365 0.0 92.414
0.02226697 0.906831224724825 0.0 92.6
0.0222752 0.9125910565870734 0.0 92.781
0.02229644 0.9175343660092379 0.0 92.963
0.02230212 0.9225519091718352 0.0 93.144
0.02232418 0.9267865024876282 0.0 93.325
0.02233207 0.9309540770891622 0.0 93.508
0.0223516 0.9346072807148538 0.0 93.69
0.02236212 0.9382272858194981 0.0 93.872
0.02237377 0.9416245783440303 0.0 94.053
0.02239149 0.9445931742488424 0.0 94.232
0.02240286 0.9475675077019307 0.0 94.414
0.02242185 0.950190312701799 0.0 94.594
0.02242984 0.953127912668541 0.0 94.778
0.02245221 0.9556076930272013 0.0 94.961
0.02245721 0.9580017042488093 0.0 95.144
0.0224792 0.9599165501499501 0.0 95.324
0.02248724 0.9617647198474926 0.0 95.507
0.02250685 0.9635193454967972 0.0 95.691
0.0225173 0.9653648227515282 0.0 95.87
0.02253174 0.9671251512573193 0.0 96.054
0.02254767 0.9687030465868002 0.0 96.233
0.02255701 0.9702054118812505 0.0 96.416
0.02257754 0.9713752482665233 0.0 96.595
0.02258333 0.9725595614600188 0.0 96.772
0.02260595 0.9735463474977039 0.0 96.952
0.02261198 0.9746694824587367 0.0 97.132
0.02263358 0.9757772098453988 0.0 97.315
0.02264156 0.9769379497783099 0.0 97.495
0.02265592 0.977932761462011 0.0 97.677
0.02267148 0.9787241461387042 0.0 97.858
0.02268462 0.9795973180546542 0.0 98.039
0.02270195 0.9803260065617686 0.0 98.219
0.02271046 0.9810837321373266 0.0 98.403
0.02273115 0.9817288654107288 0.0 98.584
0.02273836 0.9824066683478795 0.0 98.764
0.02276084 0.9830098902229195 0.0 98.945
0.02276647 0.9836496628209228 0.0 99.125
0.02278635 0.9840535010247758 0.0 99.305
0.02279627 0.9845271243713364 0.0 99.483
0.02281315 0.9850541678807431 0.0 99.662
0.02282653 0.9855862098267273 0.0 99.848
0.02283914 0.9860766439510291 0.0 100.025
0.02285617 0.9864426653233159 0.0 100.207
0.02286274 0.9866981332303173 0.0 100.385
0.02288452 0.9870188007898573 0.0 100.565
0.02289038 0.987558300201222 0.0 100.746
0.02291266 0.9879588463010717 0.0 100.927
0.02292022 0.9883538191496376 0.0 101.106
0.02293522 0.9888029700953762 0.0 101.286
0.02294978 0.9890909797620984 0.0 101.471
0.02296593 0.9894172083583149 0.0 101.653
0.02297972 0.98974579211149 0.0 101.836
0.02299122 0.9901984050469425 0.0 102.015
0.02300986 0.9904815239034319 0.0 102.195
0.02301683 0.9907197847073989 0.0 102.378
0.02303871 0.9909402880826541 0.0 102.56
0.02304437 0.9913378561580812 0.0 102.744
0.02306664 0.9914567577639054 0.0 102.922
0.02307361 0.9914497591168684 0.0 103.104
0.02309245 0.9914308421780382 0.0 103.285
0.02310415 0.9915400620007687 0.0 103.465
0.02311851 0.9917064566547074 0.0 103.648
0.023134 0.9919133005744448 0.0 103.826
0.02314148 0.992227846819818 0.0 104.01
0.02316206 0.9924894083562762 0.0 104.191
0.02317008 0.9926824392331977 0.0 104.372
0.02319179 0.9928424307897211 0.0 104.55
0.02319678 0.9928982722146286 0.0 104.73
0.02321955 0.9928145218625869 0.0 104.912
0.02322723 0.9923638168085236 0.0 105.093
0.02324517 0.9917407863304627 0.0 105.277
0.02325668 0.9916082792992092 0.0 105.457
0.02327043 0.9919172519794757 0.0 105.638
0.0232862 0.9923248472915024 0.0 105.815
0.02329474 0.992880164349632 0.0 105.997
0.0233157 0.9933626350394364 0.0 106.178
0.02332202 0.9937391301166573 0.0 106.361
0.02334452 0.9940384855661791 0.0 106.542
0.02335022 0.9942753836570681 0.0 106.725
0.02337203 0.9945956956526595 0.0 106.909
0.02338037 0.9948289107627027 0.0 107.091
0.02339831 0.9951125359250986 0.0 107.275
0.02340939 0.9952831482273877 0.0 107.455
0.02342026 0.9953533213282805 0.0 107.64
0.02343867 0.9953753321416043 0.0 107.818
0.02344802 0.9954858212598496 0.0 107.998
0.0234687 0.9955656222958447 0.0 108.181
0.02347478 0.9955797748901619 0.0 108.361
0.02349687 0.995557511402892 0.0 108.542
0.02350304 0.9955715729380162 0.0 108.724
0.02352361 0.9956522390802643 0.0 108.904
0.02353277 0.9957629075977283 0.0 109.086
0.02354869 0.995908331017205 0.0 109.267
0.0235622 0.9959961043206386 0.0 109.446
0.02357294 0.9960258330384306 0.0 109.626
0.02359127 0.9959870745668156 0.0 109.806
0.02359927 0.9959384535972552 0.0 109.988
0.02361999 0.9960982883983355 0.0 110.169
0.02362514 0.9963762178347985 0.0 110.349
0.02364733 0.996353839079832 0.0 110.528
0.02365474 0.9962652594703555 0.0 110.711
0.02367431 0.9963461468713625 0.0 110.892
0.02368486 0.9965567706027499 0.0 111.076
0.02369701 0.9967059619665568 0.0 111.258
0.02371344 0.9967889912062248 0.0 111.439
0.02372419 0.9969200730418875 0.0 111.621
0.02374333 0.9970021359835285 0.0 111.798
0.02375055 0.9969948507549776 0.0 111.98
0.02377257 0.9969118096271682 0.0 112.164
0.02377767 0.9968458416257127 0.0 112.344
0.02379906 0.9968850840389678 0.0 112.527
0.02380658 0.9969770914055643 0.0 112.708
0.02382478 0.9969394692691916 0.0 112.891
0.02383593 0.9969087074689384 0.0 113.075
0.02385021 0.9969533454688008 0.0 113.258
0.02386557 0.9971195404177805 0.0 113.441
0.02387631 0.9972506085696133 0.0 113.629
0.02389441 0.9973724718525694 0.0 113.809
0.02390262 0.9976261964934289 0.0 113.992
0.02392369 0.9978464070148254 0.0 114.18
0.02392987 0.9978401670339708 0.0 114.362
0.02395198 0.9977773018775935 0.0 114.543
0.02395799 0.9977306931824156 0.0 114.722
0.02397474 0.9975136157583704 0.0 114.905
0.02398692 0.9974202428139772 0.0 115.088
0.02400216 0.9973845930243321 0.0 115.265
0.02401637 0.9972689065964816 0.0 115.442
0.02402753 0.9973589911777061 0.0 115.624
0.02404636 0.9974616019446977 0.0 115.804
0.02405443 0.997473726289687 0.0 115.986
0.0240755 0.9975114936209227 0.0 116.172
0.02408017 0.9976276283833966 0.0 116.356
0.02410223 0.9976053630438604 0.0 116.535
0.02410856 0.9975787069155186 0.0 116.716
0.02412941 0.997618465339257 0.0 116.898
0.02413833 0.997910931079086 0.0 117.079
0.0241546 0.9980971703088443 0.0 117.262
0.02416783 0.9980838117627802 0.0 117.442
0.02417744 0.9980741086137649 0.0 117.625
0.02419657 0.9981148305491103 0.0 117.805
0.0242035 0.9981871218947284 0.0 117.985
0.02422427 0.9982472094693199 0.0 118.168
0.02422929 0.9982624051624743 0.0 118.348
0.02424927 0.9982624938600738 0.0 118.531
0.02425865 0.998394872218904 0.0 118.711
0.02427859 0.9984337533510854 0.0 118.89
0.02428837 0.9984433800160352 0.0 119.07
0.02430333 0.9983700142234221 0.0 119.254
0.02431752 0.998254369067858 0.0 119.433
0.02432818 0.9980815024349949 0.0 119.617
0.02434597 0.9980035153741376 0.0 119.798
0.02435351 0.9979766550066945 0.0 119.98
0.02437472 0.9980953066154958 0.0 120.161
0.02438006 0.99829177433266 0.0 120.342
0.02440247 0.9983889428772568 0.0 120.525
0.02440885 0.9984027618104763 0.0 120.706
0.02442849 0.9985247559710067 0.0 120.888
0.02443781 0.9986351349997491 0.0 121.069
0.02445056 0.9985429891225445 0.0 121.25
0.02446641 0.9983446423035153 0.0 121.431
0.02447841 0.9983122667009586 0.0 121.612
0.02449583 0.9983351983950729 0.0 121.794
0.02450375 0.9983272022525319 0.0 121.975
0.02452403 0.9982459512394696 0.0 122.158
0.02452931 0.998260879859235 0.0 122.341
0.02455197 0.9982380048255449 0.0 122.525
0.0245583 0.9981320966679007 0.0 122.708
0.02457678 0.9980534304586068 0.0 122.889
0.02458708 0.9980227776622035 0.0 123.07
0.02460091 0.9979683058414488 0.0 123.25
0.0246154 0.9979334265590143 0.0 123.433
0.02462653 0.9979019386968709 0.0 123.615
0.02464438 0.9978839274703274 0.0 123.795
0.0246514 0.9980381347610939 0.0 123.978
0.02467263 0.998156729127842 0.0 124.161
0.02467796 0.9982728841282477 0.0 124.341
0.02469985 0.9984508102693127 0.0 124.521
0.02470649 0.9984441070306697 0.0 124.702
0.0247253 0.9982656121976917 0.0 124.884
0.02473584 0.998254974105196 0.0 125.066
0.02474869 0.9982825133682947 0.0 125.247
0.02476369 0.9983263636153795 0.0 125.427
0.02477426 0.9984972192437506 0.0 125.608
0.02479235 0.9985802245912007 0.0 125.79
0.02480016 0.9985925931541333 0.0 125.972
0.02482098 0.9985715743151791 0.0 126.153
0.0248259 0.9986266060586233 0.0 126.336
0.02484714 0.9986641477461122 0.0 126.516
0.02485462 0.9985578670147525 0.0 126.698
0.02487315 0.9985789056941621 0.0 126.883
0.02488326 0.9986276824693786 0.0 127.064
0.02489423 0.9986773620138317 0.0 127.244
0.02491118 0.9988425087633305 0.0 127.426
0.02492142 0.998892921641425 0.0 127.605
0.02494094 0.9988732116815779 0.0 127.785
0.02494731 0.9987452786171069 0.0 127.965
0.02496858 0.9986630560861848 0.0 128.149
0.02497354 0.9985373104764564 0.0 128.331
0.02499449 0.9983356939118492 0.0 128.513
0.02500181 0.9982675599797899 0.0 128.692
0.02501755 0.9983731706017682 0.0 128.871
0.02503089 0.998400206008451 0.0 129.052
0.0250423 0.9982469539938079 0.0 129.234
0.02505868 0.9980287072743159 0.0 129.416
0.02506748 0.9979001156521745 0.0 129.598
0.02508715 0.9979594946425734 0.0 129.779
0.0250923 0.9980547771059638 0.0 129.959
0.02511376 0.9979529022832313 0.0 130.141
0.02512001 0.9978471367617281 0.0 130.318
0.02514023 0.9979262052196044 0.0 130.5
0.02514882 0.9980382591108112 0.0 130.681
0.02516118 0.9982080047544674 0.0 130.865
0.02517652 0.9982727526367818 0.0 131.047
0.02518878 0.9984408200412135 0.0 131.228
0.02520617 0.9985447429195667 0.0 131.415
0.02521294 0.998477176984474 0.0 131.595
0.02523357 0.9982546767215617 0.0 131.775
0.02523906 0.9980282232718551 0.0 131.958
0.02526063 0.9979457378595513 0.0 132.141
0.02526675 0.9979800535354902 0.0 132.324
0.0252863 0.9979805814771383 0.0 132.504
0.02529525 0.9980120420411361 0.0 132.687
0.02531166 0.9980562214151951 0.0 132.87
0.0253231 0.9981643681048481 0.0 133.05
0.02533414 0.9982132010145403 0.0 133.231
0.02535064 0.9982977684454948 0.0 133.414
0.02535914 0.9983904033683989 0.0 133.596
0.02537941 0.9983901968355329 0.0 133.78
0.02538513 0.9984249091667462 0.0 133.961
0.02540693 0.9983219544786397 0.0 134.143
0.02541216 0.9982154756329285 0.0 134.324
0.02542878 0.9980780304171858 0.0 134.51
0.02544051 0.9979465322132084 0.0 134.69
0.02545629 0.9978699026523773 0.0 134.87
0.02546872 0.9977966526101169 0.0 135.054
0.02548191 0.9977833561387054 0.0 135.238
0.02549676 0.9978088646241245 0.0 135.42
0.02550698 0.9976973684753844 0.0 135.601
0.02552528 0.9978003536978799 0.0 135.784
0.02553093 0.9979547936436234 0.0 135.967
0.02555259 0.998175051878563 0.0 136.147
0.02555831 0.9982299970878712 0.0 136.334
0.02557934 0.9979667017748218 0.0 136.517
0.02558599 0.9976582112787513 0.0 136.697
0.02560463 0.9974775316635525 0.0 136.88
0.02561508 0.9975681848317931 0.0 137.065
0.02562666 0.9974755704938287 0.0 137.248
0.02564241 0.9974597010401601 0.0 137.427
0.0256509 0.9977142124537358 0.0 137.607
0.02566952 0.9978345658699719 0.0 137.787
0.02567402 0.9978300302533252 0.0 137.967
0.02569516 0.9977497893096365 0.0 138.148
0.02570185 0.9976831016051071 0.0 138.333
0.0257242 0.9976808135869386 0.0 138.513
0.02573059 0.997794008997769 0.0 138.695
0.02574614 0.9980203853523305 0.0 138.873
0.02575817 0.9981068978200334 0.0 139.056
0.02577134 0.9980936212642633 0.0 139.238
0.02578683 0.9980585320918368 0.0 139.419
0.02579602 0.9980105730933617 0.0 139.599
0.02581438 0.9979718346631126 0.0 139.782
0.0258196 0.9978047144595797 0.0 139.958
0.02584045 0.9976033864204283 0.0 140.137
0.02584669 0.9974764673962992 0.0 140.317
0.02586596 0.997617136722456 0.0 140.498
0.02587433 0.9978507203359821 0.0 140.68
0.02588699 0.9979778093929855 0.0 140.859
0.02590198 0.9980226354612862 0.0 141.039
0.0259141 0.9979110381745172 0.0 141.222
0.02593006 0.9978754832996444 0.0 141.403
0.02593428 0.9979698522105935 0.0 141.585
0.02595541 0.99802947650579 0.0 141.766
0.02596191 0.9982042322178245 0.0 141.948
0.02598349 0.9983223132511999 0.0 142.128
0.02598956 0.9983971097478449 0.0 142.308
0.02600865 0.9984587783318273 0.0 142.491
0.0260177 0.9984496541640744 0.0 142.668
0.02603092 0.9984363261215006 0.0 142.85
0.02604536 0.9984419962700625 0.0 143.031
0.02605498 0.998351387724224 0.0 143.214
0.02607221 0.9981722016885389 0.0 143.394
0.02607852 0.9981456151145439 0.0 143.574
0.02609907 0.9981451315586137 0.0 143.756
0.0261047 0.9981799107869425 0.0 143.937
0.02612504 0.998199864298971 0.0 144.118
0.0261322 0.9982128743082725 0.0 144.3
0.0261496 0.9981548871127544 0.0 144.479
0.02615965 0.998124533864071 0.0 144.659
0.02617119 0.9980529878749812 0.0 144.839
0.02618669 0.9978368908493092 0.0 145.018
0.02619553 0.9977066374216278 0.0 145.198
0.02621444 0.997588997119114 0.0 145.378
0.0262207 0.9975826926065593 0.0 145.558
0.0262412 0.9976209490858781 0.0 145.742
0.02624613 0.9976758965780523 0.0 145.925
0.02626584 0.9975170107385172 0.0 146.109
0.02627376 0.9974685892424449 0.0 146.291
0.02628937 0.9975724383759557 0.0 146.468
0.0263015 0.9977212451787083 0.0 146.648
0.02631301 0.9977298751690002 0.0 146.831
0.02632843 0.9978349185467332 0.0 147.009
0.02633499 0.9979883163547374 0.0 147.188
0.02635557 0.9979878059656062 0.0 147.37
0.02636081 0.9979218633997746 0.0 147.553
0.02638186 0.9978003139566639 0.0 147.735
0.02638774 0.9976546158544929 0.0 147.92
0.02640732 0.9977554629726066 0.0 148.1
0.02641506 0.9978065595181966 0.0 148.283
0.02642941 0.997753436787949 0.0 148.467
0.02644226 0.9976199365026689 0.0 148.646
0.02645394 0.9976081758549038 0.0 148.831
0.02646968 0.9977320920886203 0.0 149.01
0.02647754 0.9978447324979802 0.0 149.192
0.02649686 0.9979061497081656 0.0 149.376
0.02650187 0.997779793298901 0.0 149.559
0.0265226 0.9976982642272891 0.0 149.74
0.02652804 0.9976733269146946 0.0 149.922
0.02654774 0.9975541732403024 0.0 150.106
0.02655574 0.9975663366969623 0.0 150.287
0.02657163 0.9977095487104676 0.0 150.469
0.02658321 0.997798973106416 0.0 150.65
0.02659348 0.997707765529654 0.0 150.829
0.02660987 0.9975110863372433 0.0 151.013
0.02661805 0.9974227459608819 0.0 151.195
0.0266369 0.9974644201027061 0.0 151.376
0.02664284 0.9974180100419314 0.0 151.559
0.02666294 0.9973775644706432 0.0 151.739
0.0266685 0.997371968652041 0.0 151.919
0.0266859 0.997334242282601 0.0 152.098
0.02669582 0.997202972213119 0.0 152.278
0.0267092 0.9971895089267664 0.0 152.46
0.02672289 0.9973576594253728 0.0 152.641
0.02673328 0.9975872412436293 0.0 152.821
0.02674955 0.9977527847706297 0.0 153.004
0.02675326 0.9977086231707033 0.0 153.184
0.02675498 0.9975653987627731 0.0 153.367
0.02675549 0.9974840323793347 0.0 153.549
0.02675634 0.9975236033764636 0.0 153.727
0.02675646 0.9974830561128462 0.0 153.906
0.02675671 0.9974625912613851 0.0 154.089
0.02675688 0.9974237623583337 0.0 154.273
0.02675698 0.9974042064834179 0.0 154.456
0.02675739 0.997482120106564 0.0 154.636
0.02675664 0.9976445808551958 0.0 154.816
0.02675696 0.9977048984310185 0.0 154.997
0.02675708 0.9976239247125149 0.0 155.178
0.02675706 0.9975835183854151 0.0 155.361
0.02675761 0.9975223251226619 0.0 155.545
0.0267573 0.9975832768110572 0.0 155.722
0.02675707 0.9975632950904603 0.0 155.904
0.026757 0.9974825126251137 0.0 156.085
0.02675717 0.9974621282999315 0.0 156.267
0.0267574 0.99748211004199 0.0 156.448
0.0267571 0.9975834781230141 0.0 156.628
0.02675725 0.9975833271390387 0.0 156.811
0.02675688 0.9975836995662606 0.0 156.991
0.02675742 0.9976437956905698 0.0 157.17
0.02675739 0.9977044655576698 0.0 157.346
0.02675736 0.9976640693112446 0.0 157.528
0.0267575 0.9978642919305611 0.0 157.708
0.02675725 0.9980861311279065 0.0 157.885
0.02675745 0.9981667826009611 0.0 158.067
0.02675751 0.9981060825109324 0.0 158.248
0.0267577 0.9979846118654303 0.0 158.431
0.02675748 0.9978248962864851 0.0 158.611
0.02675779 0.9976434232411153 0.0 158.791
0.02675694 0.9975836391726381 0.0 158.973
0.02675804 0.9976431715862357 0.0 159.154
0.02675775 0.9977647427988213 0.0 159.333
0.02675718 0.9978057430964401 0.0 159.512
0.02675723 0.9977652663050521 0.0 159.692
0.0267576 0.997704254154543 0.0 159.872
0.02675719 0.9975833875326234 0.0 160.052
0.02675697 0.9973832453196392 0.0 160.234
0.02675499 0.9972242897361115 0.0 160.415
0.02675458 0.9971640624377485 0.0 160.597
0.02675475 0.9971638913940872 0.0 160.777
0.02675467 0.9971639718852144 0.0 160.956
0.02675438 0.9972249035183122 0.0 161.133
0.02675439 0.9972855333083426 0.0 161.317
0.02675454 0.9973055956500025 0.0 161.499
0.02675453 0.9974453300188291 0.0 161.68
0.02675488 0.9976059259652125 0.0 161.869
0.02675407 0.997828329497184 0.0 162.051
0.0267546 0.9978866670653198 0.0 162.233
0.02675429 0.9978869791946353 0.0 162.418
0.02675449 0.9978286646351866 0.0 162.599
0.02675452 0.997747781305439 0.0 162.781
0.02675479 0.997606016557861 0.0 162.961
0.02675432 0.9976469162239526 0.0 163.141
0.02675455 0.9977073245420878 0.0 163.321
0.02675434 0.9976873226614829 0.0 163.5
0.02675391 0.9976069023535139 0.0 163.684
0.02675444 0.9975053024477942 0.0 163.866
0.02675424 0.9974456218816443 0.0 164.046
0.02675407 0.997366708474482 0.0 164.227
0.02675413 0.9974651878792408 0.0 164.408
0.02675468 0.9975252741698369 0.0 164.586
0.02675415 0.9976673006394498 0.0 164.77
0.02675439 0.9978472099378619 0.0 164.949
0.02675439 0.9979879449278045 0.0 165.133
0.02675479 0.9980077554154831 0.0 165.316
0.02675454 0.9980080071631542 0.0 165.496
0.0267546 0.9981090131423531 0.0 165.678
0.02675437 0.998268424388566 0.0 165.855
0.02675438 0.9983088408844618 0.0 166.038
0.02675434 0.9983695210313486 0.0 166.222
0.02675428 0.9985305297645262 0.0 166.404
0.02675335 0.99873183114558 0.0 166.585
0.02675173 0.9987132503204128 0.0 166.767
0.02675135 0.998553695148263 0.0 166.948
0.02675155 0.9981921801522433 0.0 167.128
0.02675124 0.9980315435925733 0.0 167.31
0.02675133 0.9981924017318501 0.0 167.49
0.02675141 0.9983320459033058 0.0 167.67
0.02675137 0.9982916595049365 0.0 167.847
0.02675093 0.9981127091865875 0.0 168.026
0.02675154 0.998152521540092 0.0 168.208
0.02675198 0.9983314717306233 0.0 168.389
0.0267514 0.9984331227014926 0.0 168.57
0.02675155 0.9985340382977341 0.0 168.752
0.02675188 0.9986120324886005 0.0 168.932
0.02675168 0.9985339073195347 0.0 169.114
0.02675166 0.9983722207524854 0.0 169.295
0.02675157 0.9982123733501757 0.0 169.476
0.02675138 0.9982714360867296 0.0 169.658
0.02675114 0.998312104529772 0.0 169.843
0.02675128 0.9983119635076202 0.0 170.025
0.02675127 0.9983119735806296 0.0 170.208
0.02675129 0.9984332335180428 0.0 170.388
0.02675152 0.9984532151532862 0.0 170.568
0.02675148 0.9984330421076533 0.0 170.754
0.02675116 0.9984333644830884 0.0 170.931
0.02675139 0.998372492740126 0.0 171.11
0.02675124 0.9982329190745981 0.0 171.289
0.02675154 0.9981323081979522 0.0 171.471
0.02675178 0.9981919485009415 0.0 171.652
0.02675129 0.9982715267401334 0.0 171.835
0.02675153 0.998291498340104 0.0 172.015
0.02675119 0.9981925427371058 0.0 172.192
0.02675167 0.9981321772724465 0.0 172.374
0.02675163 0.9981322175572139 0.0 172.559
0.02675134 0.9981325096218742 0.0 172.738
0.02675142 0.9981526423968828 0.0 172.918
0.0267516 0.9982914278305061 0.0 173.096
0.02675116 0.9983727244334182 0.0 173.277
0.02675154 0.9984329816622824 0.0 173.46
0.02675181 0.9984327096582041 0.0 173.643
0.02675126 0.9984939037842943 0.0 173.823
0.02675128 0.9984938836346039 0.0 174.003
0.02675138 0.9982924074325854 0.0 174.185
0.026751 0.9981126386895747 0.0 174.363
0.0267511 0.9981327513306878 0.0 174.542
0.02675115 0.9980720609243934 0.0 174.725
0.02675102 0.9979104850201187 0.0 174.905
0.02675119 0.9978901004985304 0.0 175.088
0.02675197 0.997889315136357 0.0 175.269
0.02675123 0.9979102735719796 0.0 175.448
0.02675104 0.998072171700897 0.0 175.628
0.02675166 0.9982314853748772 0.0 175.811
0.02675187 0.9983922225420547 0.0 175.991
0.0267512 0.9983726841389248 0.0 176.173
0.02675155 0.9983116915364393 0.0 176.354
0.02675191 0.9983517555776162 0.0 176.533
0.02675136 0.9984938030358502 0.0 176.713
0.02675145 0.998633437102498 0.0 176.893
0.02675126 0.9987339372900195 0.0 177.074
0.02675136 0.9987338365173559 0.0 177.255
0.02675096 0.9986137174850911 0.0 177.438
0.02675155 0.9984127582461187 0.0 177.623
0.0267512 0.9982521620450695 0.0 177.803
0.02675133 0.9981325196930724 0.0 177.984
0.02675169 0.9982516684973778 0.0 178.159
0.02675151 0.9984532252277186 0.0 178.343
0.02675121 0.9985932522348493 0.0 178.525
0.02675125 0.9984939138591399 0.0 178.711
0.0267513 0.9983321567086363 0.0 178.895
0.02675115 0.9982716677565718 0.0 179.077
0.0267512 0.9983726841389248 0.0 179.259
0.0267511 0.9984334249285057 0.0 179.442
0.02675116 0.9983727244334182 0.0 179.626
0.02675128 0.9980719300067388 0.0 179.806
0.02675096 0.9979105454338891 0.0 179.988
0.0267513 0.9978705343957306 0.0 180.17
0.02675145 0.9980717588067808 0.0 180.348
0.02675111 0.9982118259949196 0.0 180.528
0.02675137 0.9983118728505433 0.0 180.711
0.0267505 0.9983127492029745 0.0 180.888
0.02675106 0.9980721515597127 0.0 181.068
0.02675086 0.997910646123523 0.0 181.253
0.02675118 0.9978706552184078 0.0 181.435
0.02675077 0.9977919832668756 0.0 181.614
0.02675094 0.9977918121148491 0.0 181.797
0.0267508 0.9978710378237443 0.0 181.98
0.02675053 0.9979514051249371 0.0 182.161
0.02675063 0.9982325228118907 0.0 182.341
0.02675108 0.9983121649678494 0.0 182.52
0.02675071 0.9981930261839986 0.0 182.7
0.0267506 0.9980321880845348 0.0 182.88
0.02675117 0.9979507606850966 0.0 183.063
0.02675099 0.9979509419337175 0.0 183.243
0.02675127 0.9978503512537504 0.0 183.425
0.02675109 0.9977310210444507 0.0 183.606
0.02675102 0.9978314002775022 0.0 183.787
0.02675067 0.9980725443129537 0.0 183.969
0.02675058 0.9983126686187785 0.0 184.15
0.02675101 0.9984537289495946 0.0 184.33
0.02675083 0.9985347637160765 0.0 184.512
0.02675105 0.9984132619475588 0.0 184.695
0.02675114 0.998413171281262 0.0 184.875
0.02675127 0.9983928269712159 0.0 185.06
0.02675108 0.998212866878499 0.0 185.242
0.02675054 0.9980726752307694 0.0 185.424
0.02675102 0.9981126185475728 0.0 185.605
0.02675054 0.9982528268243643 0.0 185.787
0.02675144 0.9983118023394951 0.0 185.968
0.0267509 0.9983325596373184 0.0 186.149
0.02675091 0.998433616339042 0.0 186.329
0.02675099 0.9984133223917656 0.0 186.507
0.02675066 0.9983328013946836 0.0 186.689
0.02675102 0.9985540276381513 0.0 186.87
0.0267511 0.9988351652818925 0.0 187.056
0.02675124 0.998976517623656 0.0 187.237
0.02675094 0.998916179952073 0.0 187.42
0.02675071 0.9987547048991006 0.0 187.6
0.0267512 0.9987744244517758 0.0 187.78
0.02675093 0.9988151232582778 0.0 187.959
0.02675128 0.9986934904406 0.0 188.141
0.02675139 0.9984735594661216 0.0 188.321
0.02675119 0.9984939743082173 0.0 188.502
0.02675074 0.9985550677518996 0.0 188.684
0.02675128 0.9985140969820466 0.0 188.864
0.02675117 0.9985546345069697 0.0 189.045
0.02675154 0.9986325884159135 0.0 189.227
0.02675115 0.9987340481399729 0.0 189.408
0.02675103 0.9985742309152386 0.0 189.59
0.02675103 0.9983526420380026 0.0 189.771
0.02675147 0.998331985464045 0.0 189.951
0.0267511 0.9984536382796194 0.0 190.134
0.02675134 0.9984533964930995 0.0 190.312
0.02675043 0.9984340999028287 0.0 190.496
0.02675055 0.9984339790118381 0.0 190.677
0.02675099 0.9984335357451228 0.0 190.86
0.02675108 0.9984536584285013 0.0 191.04
0.02675143 0.9985543725451015 0.0 191.221
0.02675064 0.9985551685065883 0.0 191.406
0.02675089 0.9984538498429204 0.0 191.587
0.02675135 0.9984331730726488 0.0 191.769
0.02675111 0.9984334148542688 0.0 191.95
0.02675035 0.9984341804968387 0.0 192.133
0.02675081 0.9984741437955158 0.0 192.317
0.0267508 0.9985550072990961 0.0 192.499
0.02675125 0.9985545539033034 0.0 192.68
0.02675096 0.9985548460916559 0.0 192.862
0.02675122 0.9985343707810104 0.0 193.043
0.02675142 0.9984533158976189 0.0 193.226
0.02675117 0.9984737811082252 0.0 193.409
0.02675126 0.9983726236971909 0.0 193.592
0.0267511 0.9983323581729366 0.0 193.773
0.02675087 0.9984538699918111 0.0 193.957
0.02675111 0.9985546949597279 0.0 194.138
0.02675135 0.9984533864186638 0.0 194.319
0.02675094 0.9982322105733392 0.0 194.499
0.02675138 0.998051615955471 0.0 194.68
0.02675128 0.9979910766169683 0.0 194.862
0.02675085 0.9979712962611255 0.0 195.046
0.02675131 0.9980718997949773 0.0 195.232
0.02675113 0.9982118058509186 0.0 195.417
0.02675143 0.9982317170353825 0.0 195.599
0.02675144 0.9981526222540824 0.0 195.781
0.02675155 0.9983116915364393 0.0 195.962
0.02675146 0.9984532755998833 0.0 196.142
0.02675176 0.9984529733669713 0.0 196.321
0.0267512 0.9984333241861476 0.0 196.502
0.02675093 0.9984538095451421 0.0 196.682
0.02675083 0.9985549770726971 0.0 196.864
0.02675114 0.9985741200830097 0.0 197.045
0.02675122 0.9987137642504242 0.0 197.227
0.02675142 0.9987944160875295 0.0 197.408
0.02675131 0.9988349536378391 0.0 197.588
0.02675138 0.9987338163628257 0.0 197.767
0.02675118 0.9987542312576472 0.0 197.952
0.02675126 0.99875415063787 0.0 198.135
0.02675108 0.9986330519232566 0.0 198.315
0.02675061 0.9986133121461831 0.0 198.496
0.0267515 0.9986326287208828 0.0 198.677
0.02675116 0.9987946781123737 0.0 198.858
0.02675081 0.9990156090969157 0.0 199.041
0.02675123 0.9989361010064465 0.0 199.221
0.02675133 0.9987540800955758 0.0 199.402
0.0267513 0.9987541103279862 0.0 199.584
0.02675112 0.9988957851774299 0.0 199.767
0.02675133 0.9989764269062272 0.0 199.951
0.02675125 0.9988754408036685 0.0 200.134
0.02675116 0.9987542514125934 0.0 200.315
0.02675103 0.9988554491824718 0.0 200.497
0.02675093 0.999035701490143 0.0 200.677
0.02675101 0.9990356208476251 0.0 200.857
0.02675104 0.998895865808651 0.0 201.046
0.02675064 0.9988558422439614 0.0 201.228
0.0267509 0.9989364336237057 0.0 201.41
0.02675106 0.9989564857066335 0.0 201.591
0.02675112 0.9988149317746065 0.0 201.774
0.02675139 0.9988348730115566 0.0 201.958
0.02675131 0.9988955936783315 0.0 202.141
0.02675097 0.9988757230072153 0.0 202.321
0.02675072 0.9988557616159384 0.0 202.503
0.02675133 0.9989157868669586 0.0 202.68
0.02675123 0.9990151857323057 0.0 202.859
0.02675129 0.9990151252516765 0.0 203.039
0.02675132 0.9988551569061799 0.0 203.22
0.02675164 0.9988144077144073 0.0 203.399
0.02675106 0.9990557837979877 0.0 203.581
0.02675128 0.9990952307210225 0.0 203.761
0.02675146 0.9989957512133503 0.0 203.941
0.02675098 0.9989962350491233 0.0 204.121
0.02675149 0.9990149236496316 0.0 204.301
0.02675055 0.9989569997621593 0.0 204.48
0.02675116 0.9988755315119339 0.0 204.66
0.02675097 0.99885550965345 0.0 204.839
0.02675132 0.9988955835994335 0.0 205.019
0.02675139 0.9989763664279505 0.0 205.199
0.02675122 0.998976537783087 0.0 205.38
0.02675125 0.998976507543941 0.0 205.56
0.02675115 0.9988755415906311 0.0 205.743
0.02675131 0.99885516698467 0.0 205.923
0.02675157 0.9989357583101085 0.0 206.105
0.02675149 0.998976265630839 0.0 206.286
0.02675092 0.9989162001102924 0.0 206.468
0.02675154 0.9989560018901511 0.0 206.647
0.02675086 0.9989769006529814 0.0 206.829
0.02675093 0.9988959766766016 0.0 207.011
0.02675147 0.9988550057288546 0.0 207.2
0.02675115 0.9988351148904432 0.0 207.382
0.0267517 0.9987132805515754 0.0 207.563
0.02675157 0.9986729848702447 0.0 207.75
0.02675098 0.9986937927464632 0.0 207.93
0.02675125 0.9987541607153414 0.0 208.113
0.02675088 0.9989162404267335 0.0 208.296
0.02675129 0.9990959786406313 0.0 208.479
0.02675096 0.9993179002039915 0.0 208.662
0.02675071 0.9993181522831208 0.0 208.846
0.02675085 0.9991158775566664 0.0 209.027
0.0267511 0.9989766587396891 0.0 209.207
0.02675069 0.9989965273667966 0.0 209.386
0.02675092 0.9990955936340089 0.0 209.566
0.02675134 0.9990547435431123 0.0 209.745
0.02675107 0.9991560824754094 0.0 209.932
0.02675083 0.9992978179285025 0.0 210.112
0.02675085 0.9993180111187927 0.0 210.295
0.02675076 0.9992170350770437 0.0 210.478
0.02675091 0.9990956037149291 0.0 210.663
0.02675163 0.9990948778892047 0.0 210.843
0.02675045 0.9990960674374718 0.0 211.025
0.02675081 0.9992169846663117 0.0 211.204
0.02675107 0.9992773625857636 0.0 211.388
0.02675068 0.9993383958923048 0.0 211.573
0.02675075 0.9992776852339474 0.0 211.756
0.02675086 0.999318001035628 0.0 211.938
0.026751 0.9993961866148118 0.0 212.118
0.02675069 0.9992777457305051 0.0 212.299
0.0267507 0.9991160287735693 0.0 212.479
0.02675069 0.9989965273667966 0.0 212.662
0.02675088 0.9989566671379352 0.0 212.848
0.02675125 0.998855227455614 0.0 213.033
0.0267507 0.9987547149765831 0.0 213.215
0.02675151 0.998713472015647 0.0 213.392
0.02675123 0.9985336027051888 0.0 213.572
0.02675169 0.9984328305488873 0.0 213.755
0.0267518 0.9983720797219153 0.0 213.935
0.02675138 0.9983725028137452 0.0 214.119
0.02675117 0.9985344211572835 0.0 214.302
0.026751 0.998554805789804 0.0 214.482
0.0267513 0.9986126168987431 0.0 214.664
0.02675126 0.9986530838986173 0.0 214.845
0.02675102 0.9987543924972404 0.0 215.028
0.02675147 0.9989156457595572 0.0 215.21
0.02675132 0.9991154037440003 0.0 215.39
0.0267508 0.9991967813912251 0.0 215.57
0.026751 0.9993178598713426 0.0 215.754
0.02675111 0.9993177489565748 0.0 215.937
0.02675097 0.999216823352003 0.0 216.117
0.0267511 0.999075198826369 0.0 216.297
0.02675106 0.9989160590027742 0.0 216.478
0.02675101 0.9986540938107054 0.0 216.659
0.02675104 0.9984132720215927 0.0 216.837
0.02675137 0.9983927262329717 0.0 217.017
0.02675127 0.9985537757518518 0.0 217.199
0.02675128 0.9987945571778132 0.0 217.38
0.02675171 0.9988547638452293 0.0 217.566
0.02675117 0.9987744546848063 0.0 217.747
0.02675154 0.9986528017580533 0.0 217.929
0.02675165 0.9985736062248167 0.0 218.109
0.02675137 0.9986731864032697 0.0 218.294
0.02675133 0.9986732267098842 0.0 218.475
0.02675068 0.9987345217718692 0.0 218.656
0.02675112 0.9988351451253122 0.0 218.836
0.02675061 0.998835659118366 0.0 219.014
0.02675133 0.9987742934419985 0.0 219.198
0.02675101 0.9987139758688179 0.0 219.379
0.02675123 0.9987137541733601 0.0 219.561
0.02675141 0.9988752795445704 0.0 219.742
0.02675119 0.9991963881956354 0.0 219.928
0.02675158 0.9993956017459298 0.0 220.109
0.0267516 0.9993367102226314 0.0 220.289
0.02675151 0.9991758522310923 0.0 220.472
0.02675129 0.9990151252516765 0.0 220.652
0.0267516 0.9991151214728383 0.0 220.836
0.02675131 0.9991558405187777 0.0 221.015
0.02675104 0.9989961745696261 0.0 221.198
0.02675107 0.9989961443298802 0.0 221.378
0.02675097 0.9990154478151171 0.0 221.559
0.02675084 0.9989769208124278 0.0 221.742
0.02675158 0.9988751082068358 0.0 221.921
0.02675146 0.9988550158073415 0.0 222.103
0.02675131 0.998936020371993 0.0 222.284
0.02675084 0.9989769208124278 0.0 222.463
0.02675147 0.9989762857902599 0.0 222.646
0.02675224 0.9989755096531507 0.0 222.829
0.02675089 0.9990754105213729 0.0 223.011
0.0267515 0.9990950089409936 0.0 223.194
0.0267511 0.9991156255285966 0.0 223.376
0.02675126 0.999135677578549 0.0 223.555
0.02675068 0.9990958355761465 0.0 223.739
0.02675158 0.9991353549763827 0.0 223.922
0.02675091 0.9992977372648184 0.0 224.103
0.0267509 0.9994569275199221 0.0 224.286
0.02675067 0.9995177995446461 0.0 224.466
0.02675111 0.9994567157440801 0.0 224.646
0.02675172 0.9992767072072816 0.0 224.825
0.02675087 0.9990754306828067 0.0 225.008
0.02675109 0.9991156356097171 0.0 225.189
0.02675098 0.9994972735505226 0.0 225.372
0.02675131 0.9997579455874995 0.0 225.552
0.02675145 0.9998581130806093 0.0 225.734
0.02675091 0.9998182311557832 0.0 225.914
0.02675142 0.9997772899680863 0.0 226.095
0.02675103 0.9997380146878141 0.0 226.278
0.02675125 0.9995980679966169 0.0 226.454
0.02675109 0.9994163092105685 0.0 226.64
0.02675104 0.9995174263930299 0.0 226.819
0.02675148 0.9997779874417068 0.0 227.0
0.02675109 0.999979756378551 0.0 227.18
0.02675106 1.0 0.0 227.36
0.02675096 0.999939460838543 0.0 227.541
0.02675108 0.9996985482153447 0.0 227.721
0.02675141 0.9995574799312751 0.0 227.901
0.02675119 0.9995981285125402 0.0 228.082
0.02675124 0.9996991448238957 0.0 228.262
0.02675117 0.9997186707820194 0.0 228.443
0.02675098 0.999738065124821 0.0 228.623
0.02675109 0.999818049568009 0.0 228.807
0.02675129 0.9998178478038927 0.0 228.986
0.02675094 0.9997583188288074 0.0 229.164
0.02675076 0.9995581354941077 0.0 229.342
0.0267515 0.9993570243990564 0.0 229.523
0.02675116 0.9994566653212739 0.0 229.706
0.02675053 0.9995785808254398 0.0 229.89
0.02675172 0.9996784473093467 0.0 230.072
0.0267513 0.9998178377156891 0.0 230.252
0.02675106 0.9997978664807039 0.0 230.435
0.0267513 0.9997976243686544 0.0 230.619
0.02675133 0.9998178074510793 0.0 230.797
0.02675091 0.9998586578657609 0.0 230.979
0.02675095 0.9998181908029385 0.0 231.159
0.02675119 0.9998381620352189 0.0 231.343
0.02675119 0.9995577018139837 0.0 231.526
0.02675125 0.9991162323123677 0.0 231.708
0.02675064 0.9988356288834659 0.0 231.889
0.02675146 0.9988348024635699 0.0 232.07
0.02675129 0.9989562538778438 0.0 232.253
0.02675102 0.999075279472074 0.0 232.437
0.02675122 0.9991963579498336 0.0 232.617
0.02675087 0.9992169241734398 0.0 232.799
0.02675091 0.9993179506198072 0.0 232.981
0.02675108 0.999396105943201 0.0 233.159
0.02675071 0.9994571191267134 0.0 233.342
0.02675043 0.9995180415890865 0.0 233.526
0.02675122 0.999517244859912 0.0 233.708
