X_channel Y_channel II_channel timestamp
0.02674896 0.9900470254516482 0.0 0.0
0.02674932 0.9901661857647855 0.0 0.172
0.02674948 0.9904018422983787 0.0 0.34
0.02674941 0.9905195434919716 0.0 0.507
0.02674942 0.9905195601999697 0.0 0.68
0.02674934 0.9904601469778791 0.0 0.86
0.02674933 0.9904601302708856 0.0 1.042
0.02674949 0.9904603975828501 0.0 1.224
0.02674938 0.9903819153842228 0.0 1.405
0.02674954 0.9902455926471813 0.0 1.588
0.02674919 0.9902450080292124 0.0 1.768
0.02674499 0.9903360502169869 0.0 1.947
0.02673334 0.990433416509139 0.0 2.127
0.0267299 0.9906837983387544 0.0 2.308
0.02671225 0.9908501629677701 0.0 2.489
0.02670834 0.9909621793302498 0.0 2.666
0.02669064 0.9909713707632077 0.0 2.847
0.02668434 0.9910974160864692 0.0 3.028
0.02667096 0.9911540796653016 0.0 3.208
0.02666062 0.9911960658052973 0.0 3.388
0.02665046 0.991258107950344 0.0 3.568
0.02663652 0.9913516119727324 0.0 3.751
0.02662911 0.9914372618467779 0.0 3.933
0.02661249 0.9915082503068514 0.0 4.114
0.02660839 0.9916181971797651 0.0 4.298
0.0265894 0.9916054557992602 0.0 4.48
0.0265845 0.9917552970641783 0.0 4.661
0.02656766 0.991746888126747 0.0 4.842
0.0265605 0.9917349141927323 0.0 5.022
0.02654665 0.9918878026404192 0.0 5.202
0.02653595 0.9919876825602755 0.0 5.381
0.02652675 0.9918545202966191 0.0 5.565
0.02651156 0.9917715893371996 0.0 5.748
0.02650506 0.9918372577829586 0.0 5.928
0.02648763 0.9919463678068817 0.0 6.11
0.02648319 0.9922722399883381 0.0 6.295
0.02646406 0.9926130242677255 0.0 6.477
0.02645979 0.9928806531131306 0.0 6.658
0.02644303 0.9928716072942645 0.0 6.839
0.02643493 0.9928192907162889 0.0 7.017
0.02642203 0.9928562055430227 0.0 7.197
0.02640987 0.9928358523465788 0.0 7.38
0.02640067 0.9929586917678827 0.0 7.563
0.02638584 0.9930703742984808 0.0 7.743
0.02638008 0.9930607317152941 0.0 7.923
0.02636177 0.992992314899283 0.0 8.099
0.0263578 0.9931214289803679 0.0 8.282
0.02633771 0.9930877977964431 0.0 8.463
0.02633263 0.9931187860511791 0.0 8.646
0.02631578 0.9932682885409928 0.0 8.828
0.02630746 0.9933135947011202 0.0 9.008
0.02629552 0.9933511109335619 0.0 9.188
0.0262821 0.9934661120437528 0.0 9.372
0.02627396 0.9935512023098972 0.0 9.554
0.02625755 0.9935829537906056 0.0 9.735
0.02625194 0.9935735594981573 0.0 9.916
0.0262327 0.9935413422758744 0.0 10.098
0.02622889 0.9935152201890024 0.0 10.281
0.02621064 0.9934451798165195 0.0 10.464
0.02620354 0.9934332930450482 0.0 10.645
0.02618797 0.9933085210556829 0.0 10.828
0.02617833 0.9934100894907821 0.0 11.007
0.02616963 0.9936504252013686 0.0 11.188
0.02615359 0.9938192407628756 0.0 11.367
0.02614528 0.9938638033236077 0.0 11.548
0.02612783 0.9938345800708175 0.0 11.731
0.02612244 0.99388477080541 0.0 11.911
0.02610332 0.9939711815384974 0.0 12.092
0.02609839 0.9941191032072738 0.0 12.274
0.02607873 0.9941446455885523 0.0 12.456
0.02607256 0.9941540481457981 0.0 12.638
0.02605812 0.9940713910831945 0.0 12.821
0.02604692 0.993896468446299 0.0 13.004
0.02603485 0.9937775771663843 0.0 13.187
0.02602191 0.9937361768529455 0.0 13.367
0.02601295 0.9938395885385471 0.0 13.55
0.02599634 0.99391045279296 0.0 13.729
0.02599205 0.9939032697006441 0.0 13.91
0.02597224 0.9938701015697028 0.0 14.096
0.02596706 0.9938804227910802 0.0 14.274
0.02594817 0.9938298038463308 0.0 14.454
0.02594092 0.9937190018974156 0.0 14.639
0.02592893 0.993679199530877 0.0 14.822
0.02591561 0.9936371727399711 0.0 15.003
0.02590276 0.9935170077225399 0.0 15.185
0.0258895 0.9935342805297934 0.0 15.364
0.0258813 0.9935994822167612 0.0 15.545
0.02586402 0.9935705642115291 0.0 15.727
0.02585758 0.9937168888430213 0.0 15.908
0.0258379 0.9938400618354538 0.0 16.09
0.02583351 0.9939510900351769 0.0 16.272
0.02581277 0.9939558298201255 0.0 16.455
0.02580729 0.9940041159171428 0.0 16.638
0.02579071 0.9941531732600603 0.0 16.821
0.02578136 0.9942558853861896 0.0 17.002
0.02576846 0.9942917420151482 0.0 17.18
0.02575513 0.9943870437376513 0.0 17.36
0.02574831 0.9945918759134921 0.0 17.541
0.02572981 0.9947564255998881 0.0 17.723
0.02572295 0.9949027403942491 0.0 17.907
0.02570306 0.9948102448164854 0.0 18.087
0.02569834 0.994586104456056 0.0 18.267
0.02568423 0.9943866812873948 0.0 18.447
0.0256726 0.9943277613323267 0.0 18.628
0.02565738 0.9944600691174091 0.0 18.81
0.02564572 0.9944405464351388 0.0 18.991
0.02563425 0.9944403257757121 0.0 19.169
0.02561917 0.9945711308588087 0.0 19.349
0.02561261 0.9945601466427909 0.0 19.528
0.02559328 0.9945475028489401 0.0 19.708
0.02558817 0.9947147125259203 0.0 19.888
0.02556751 0.9948371413740573 0.0 20.067
0.02556215 0.9949464869991568 0.0 20.247
0.02554546 0.9950154070454312 0.0 20.429
0.02553587 0.9951957996432775 0.0 20.61
0.02552285 0.9952331454287344 0.0 20.792
0.02550882 0.9952096417415331 0.0 20.973
0.02550223 0.9951394471416494 0.0 21.155
0.02548308 0.9951270883474943 0.0 21.336
0.02547601 0.9952532688000139 0.0 21.519
0.02545607 0.9953159863046652 0.0 21.702
0.02545165 0.9955057487600745 0.0 21.881
0.02543077 0.9955496286650628 0.0 22.062
0.02542523 0.9955403461626067 0.0 22.245
0.02540849 0.995512298641938 0.0 22.424
0.02539814 0.9954555283862913 0.0 22.605
0.0253851 0.9954723725384979 0.0 22.785
0.02537121 0.995644518456515 0.0 22.967
0.02536268 0.9958059249528493 0.0 23.148
0.02534434 0.9957949049200228 0.0 23.329
0.02533732 0.995627163129975 0.0 23.511
0.02531749 0.9954756671110652 0.0 23.694
0.02531338 0.9954884945479827 0.0 23.874
0.02529344 0.9955930738189737 0.0 24.054
0.02528575 0.9955999025534624 0.0 24.236
0.02526978 0.9955731497963578 0.0 24.417
0.02525898 0.9956715957409791 0.0 24.6
0.0252454 0.9957860758242998 0.0 24.78
0.02523168 0.9958419270051486 0.0 24.962
0.02522345 0.9959266835500248 0.0 25.139
0.02520481 0.9959915301728876 0.0 25.323
0.0251986 0.9959424468685342 0.0 25.506
0.02517788 0.9959274380062558 0.0 25.686
0.02517274 0.996232667138993 0.0 25.865
0.02515313 0.9964936798147359 0.0 26.047
0.02514487 0.9965956090460364 0.0 26.227
0.02513085 0.9966903412364682 0.0 26.408
0.02511778 0.9967669562536782 0.0 26.588
0.02510669 0.9965520481554456 0.0 26.769
0.02509056 0.9963690960944124 0.0 26.95
0.025083 0.9963170169323129 0.0 27.129
0.02506315 0.996283752058721 0.0 27.313
0.02505816 0.9962162791705825 0.0 27.493
0.02503747 0.9961816116178579 0.0 27.673
0.0250311 0.9963475245987521 0.0 27.853
0.02501364 0.9966120750584939 0.0 28.033
0.02500359 0.9966937390270217 0.0 28.213
0.02499027 0.9967477544101864 0.0 28.395
0.02497657 0.9967838920241295 0.0 28.576
0.02496747 0.9968868412790979 0.0 28.756
0.02494908 0.9968757114111413 0.0 28.935
0.02494288 0.9969244171262381 0.0 29.115
0.02492197 0.9969090619853663 0.0 29.296
0.02491726 0.9968223702517921 0.0 29.48
0.02489612 0.9968452917090572 0.0 29.661
0.02488871 0.997047825758646 0.0 29.841
0.02487367 0.9970817036878216 0.0 30.021
0.02486148 0.9972368174490163 0.0 30.201
0.02484836 0.9976259869320793 0.0 30.382
0.02483259 0.9978351503662625 0.0 30.566
0.02482446 0.9978412066311285 0.0 30.745
0.02480544 0.9977896024789041 0.0 30.929
0.02479889 0.9978753665311196 0.0 31.114
0.02477819 0.9980565391409463 0.0 31.297
0.02477323 0.9980876050707267 0.0 31.48
0.02475189 0.9979336374309232 0.0 31.663
0.0247449 0.9977267012508422 0.0 31.843
0.02473077 0.9976840474488262 0.0 32.024
0.0247171 0.9978949676403904 0.0 32.206
0.02470247 0.9982224186297691 0.0 32.387
0.02468848 0.998139869771225 0.0 32.57
0.02467821 0.9980438746044553 0.0 32.75
0.0246606 0.9980537133591145 0.0 32.932
0.02465293 0.9980605365760481 0.0 33.117
0.02463218 0.9980651069269603 0.0 33.3
0.02462685 0.9983891620537372 0.0 33.484
0.02460524 0.9985490484945746 0.0 33.664
0.02459914 0.9984994342405955 0.0 33.846
0.0245807 0.9983503626803909 0.0 34.027
0.02457029 0.998177857372404 0.0 34.209
0.0245559 0.9982317277794286 0.0 34.39
0.02454174 0.9983834298374089 0.0 34.576
0.02453308 0.9984476451907275 0.0 34.757
0.0245141 0.9983173715124087 0.0 34.939
0.02450614 0.9982252763073854 0.0 35.12
0.02448627 0.9982116311909117 0.0 35.303
0.02447977 0.9983385198587995 0.0 35.486
0.02445886 0.9984584531286532 0.0 35.667
0.02445309 0.9985471909034455 0.0 35.844
0.02443439 0.998574865229754 0.0 36.026
0.02442448 0.9989100658126293 0.0 36.209
0.02440927 0.9991576284578186 0.0 36.393
0.02439552 0.9991148645545092 0.0 36.575
0.02438533 0.9990977595746804 0.0 36.756
0.0243669 0.9992045897156571 0.0 36.939
0.02435968 0.9991531085784499 0.0 37.122
0.02433837 0.9990582995131907 0.0 37.303
0.02433372 0.9992276121061875 0.0 37.486
0.02431197 0.9992877756603277 0.0 37.666
0.02430562 0.9991017293693777 0.0 37.846
0.02428575 0.9989109568818515 0.0 38.028
0.02427599 0.9989142578106335 0.0 38.21
0.02426418 0.9989337962379143 0.0 38.392
0.02424782 0.9989063455871415 0.0 38.575
0.02423659 0.9990252386819676 0.0 38.759
0.02421858 0.9991893173024478 0.0 38.945
0.02421055 0.9991758410611313 0.0 39.126
0.02419 0.9990454397417418 0.0 39.306
0.02418592 0.9991148335768238 0.0 39.488
0.02416354 0.9991953246448256 0.0 39.667
0.02415673 0.9992822658934175 0.0 39.848
0.02413837 0.9993867076453002 0.0 40.028
0.02412821 0.9994090014955979 0.0 40.212
0.02411329 0.9993839607882835 0.0 40.395
0.02409927 0.9993407598059477 0.0 40.578
0.0240884 0.9992642413594447 0.0 40.758
0.02407004 0.9992147464884783 0.0 40.94
0.02406241 0.9994559423073466 0.0 41.122
0.02404207 0.9996160490443518 0.0 41.305
0.02403567 0.9996053068971295 0.0 41.487
0.02401351 0.9995681139959861 0.0 41.668
0.02400682 0.9995765550409793 0.0 41.85
0.02399139 0.9996883378209047 0.0 42.031
0.02397812 0.9995283897820876 0.0 42.213
0.02396387 0.9994258069199242 0.0 42.394
0.02394935 0.999480111705475 0.0 42.573
0.02393865 0.9995604906071249 0.0 42.757
0.02392045 0.9994906182093808 0.0 42.935
0.02391431 0.9993819868105411 0.0 43.115
0.02389252 0.9993454305067855 0.0 43.296
0.02388689 0.9993359856918839 0.0 43.476
0.02386509 0.9992035530820941 0.0 43.658
0.02385835 0.9991135924465728 0.0 43.839
0.02384077 0.9991430997348857 0.0 44.021
0.02382855 0.999142268757016 0.0 44.202
0.02381537 0.9991774324650087 0.0 44.384
0.02379932 0.9992677504303027 0.0 44.566
0.02379068 0.999253259545512 0.0 44.747
0.02377062 0.9990837097007387 0.0 44.928
0.02376346 0.9989151544534545 0.0 45.108
0.02374163 0.9989571978588168 0.0 45.29
0.0237361 0.9991617284602885 0.0 45.468
0.02371866 0.9994256550610041 0.0 45.65
0.02370689 0.9995034718472976 0.0 45.832
0.02369042 0.9995937972506731 0.0 46.014
0.02367685 0.9994727449012804 0.0 46.194
0.02366456 0.9992383563829335 0.0 46.374
0.02364819 0.9989553668740622 0.0 46.556
0.02364005 0.9988834891527004 0.0 46.739
0.02361958 0.9990843161119656 0.0 46.923
0.02361359 0.9992691135656664 0.0 47.104
0.02359077 0.9993087364376283 0.0 47.285
0.02358475 0.9994165724617801 0.0 47.47
0.02356238 0.9994569423575586 0.0 47.653
0.023555 0.9994445672785311 0.0 47.837
0.02353844 0.9993585767039788 0.0 48.019
0.02352537 0.9993563166284013 0.0 48.2
0.02351293 0.9994123509775922 0.0 48.379
0.02349653 0.9994037698010325 0.0 48.559
0.02348723 0.9993505938788456 0.0 48.744
0.02346627 0.9992965421689356 0.0 48.925
0.02346169 0.9993077786456152 0.0 49.107
0.02343892 0.9993071909984302 0.0 49.293
0.02343172 0.9993933715024912 0.0 49.478
0.02341005 0.999533888101439 0.0 49.66
0.02340261 0.9996761499635548 0.0 49.841
0.02338414 0.9998613123470197 0.0 50.024
0.02337298 0.999958028683226 0.0 50.204
0.0233581 0.9999723679649797 0.0 50.384
0.02334277 0.9999270109480809 0.0 50.567
0.0233342 0.9999519323457775 0.0 50.747
0.02331396 0.9999179900223873 0.0 50.929
0.02330662 0.9998474808843666 0.0 51.11
0.02328398 0.9996344334052311 0.0 51.289
0.0232789 0.9995473380759842 0.0 51.469
0.02325678 0.9994316850723202 0.0 51.649
0.02324915 0.9994974731624396 0.0 51.831
0.02323502 0.9994737911663251 0.0 52.012
0.02321988 0.9993502031003254 0.0 52.194
0.02320732 0.9993291565163915 0.0 52.375
0.02319007 0.999241326639195 0.0 52.554
0.02318147 0.9992662012449304 0.0 52.735
0.02315999 0.9993480590681619 0.0 52.918
0.02315493 0.9994377847246819 0.0 53.099
0.02313187 0.999593090075305 0.0 53.281
0.0231253 0.9996409990576671 0.0 53.462
0.02310519 0.9996858535597586 0.0 53.643
0.02309504 0.9995706488711897 0.0 53.824
0.02307963 0.999485911549085 0.0 54.007
0.0230653 0.9995404527393128 0.0 54.19
0.0230548 0.9997960655644986 0.0 54.373
0.02303632 1.0 0.0 54.554
0.02302781 0.999985734955546 0.0 54.736
0.02300664 0.9998324347880283 0.0 54.916
0.02300101 0.9997444565898089 0.0 55.096
0.02298058 0.9995359609903294 0.0 55.276
0.02297163 0.9994620625533281 0.0 55.46
0.02294992 0.9994845971551505 0.0 55.639
0.02294148 0.9995293600189652 0.0 55.819
0.02292468 0.9995012168281667 0.0 56.0
0.02291008 0.9994767603422877 0.0 56.182
0.02289832 0.999572401917758 0.0 56.364
0.02288021 0.9996009603665287 0.0 56.545
0.02287207 0.9996265874662585 0.0 56.728
0.02285104 0.9995520976064927 0.0 56.907
0.02284527 0.9993478447179676 0.0 57.086
0.02282323 0.9989993125885642 0.0 57.266
0.02281543 0.998849584358624 0.0 57.447
0.02279599 0.9987777899167735 0.0 57.63
0.02278563 0.9987015661890116 0.0 57.814
0.0227725 0.998718851134995 0.0 57.996
0.02275618 0.9986326589719884 0.0 58.175
0.0227444 0.998534439850332 0.0 58.357
0.02272536 0.9985810931621595 0.0 58.54
0.02271743 0.9985678261172408 0.0 58.72
0.0226957 0.9983369338600566 0.0 58.906
0.02269011 0.9981516910700332 0.0 59.087
0.0226663 0.9981315017076663 0.0 59.269
0.02266048 0.998082521043413 0.0 59.45
0.02264063 0.997796675401941 0.0 59.63
0.02262982 0.9976027313583914 0.0 59.813
0.02261538 0.9974625796519808 0.0 59.993
0.02259955 0.9971817740032219 0.0 60.175
0.02258852 0.9970669566923983 0.0 60.356
0.02256989 0.996957357194593 0.0 60.535
0.02256245 0.9968860695572824 0.0 60.716
0.02254085 0.9967715220679599 0.0 60.896
0.02253456 0.9966253953052517 0.0 61.074
0.02251217 0.9964906602139071 0.0 61.254
0.02250459 0.996244293945904 0.0 61.433
0.02248942 0.9959065526458025 0.0 61.613
0.02247417 0.9956474138661922 0.0 61.793
0.02246062 0.9957032925042443 0.0 61.976
0.02244332 0.9956548285602901 0.0 62.156
0.02243404 0.9954046867024631 0.0 62.339
0.0224133 0.9950390898756859 0.0 62.523
0.02240686 0.994794681839359 0.0 62.705
0.02238398 0.9944451748669038 0.0 62.886
0.02237805 0.9941231733654128 0.0 63.07
0.02235708 0.9939124725959811 0.0 63.25
0.02234716 0.9937603808745102 0.0 63.43
0.02233095 0.9936556904307305 0.0 63.611
0.02231693 0.9935146867592821 0.0 63.791
0.02230467 0.9933962296533788 0.0 63.97
0.02228715 0.9933482147706819 0.0 64.152
0.02226085 0.9930512465460741 0.0 64.462
0.02225325 0.9928442165818354 0.0 64.642
0.02223414 0.9926759164996004 0.0 64.826
0.02222249 0.9924425617784914 0.0 65.012
0.02221081 0.99224740530337 0.0 65.192
0.02219225 0.9920025936096615 0.0 65.372
0.02218193 0.9916731873211017 0.0 65.554
0.02216201 0.9913288430586875 0.0 65.737
0.02215484 0.9910441510393216 0.0 65.917
0.0221318 0.9906946698154857 0.0 66.096
0.02212637 0.9902182851214392 0.0 66.282
0.02210405 0.9897328016570959 0.0 66.459
0.02209558 0.9892898912586664 0.0 66.642
0.02207794 0.9890467414912006 0.0 66.821
0.02206547 0.9887337417168993 0.0 67.002
0.0220508 0.9884178510456665 0.0 67.184
0.02203452 0.9878451975091186 0.0 67.365
0.0220258 0.9872664420203863 0.0 67.545
0.02200434 0.9867825706099037 0.0 67.726
0.02199877 0.9860921767624564 0.0 67.904
0.02197553 0.9853912818168659 0.0 68.084
0.0219685 0.9847573339164599 0.0 68.265
0.02194777 0.9841189725155988 0.0 68.445
0.02193759 0.9834014823983832 0.0 68.629
0.02192429 0.9826396861596829 0.0 68.814
0.02190777 0.981872633987698 0.0 68.994
0.02189444 0.9812470760118696 0.0 69.177
0.02187601 0.9805350287925328 0.0 69.366
0.02186808 0.9794710512417042 0.0 69.546
0.02184596 0.9784622663414403 0.0 69.726
0.02183868 0.9774369128659067 0.0 69.911
0.02181604 0.9765631111591628 0.0 70.091
0.0218097 0.9755393661480725 0.0 70.274
0.02178649 0.9744702609128733 0.0 70.454
0.02177876 0.9731930122773165 0.0 70.635
0.02176086 0.9719178781272186 0.0 70.817
0.02174795 0.9706705165191182 0.0 70.997
0.02173339 0.9693627308079616 0.0 71.182
0.02171764 0.968227709537371 0.0 71.364
0.02170923 0.9670066543582373 0.0 71.547
0.02168698 0.9659200183719934 0.0 71.727
0.02168057 0.9648394315409161 0.0 71.909
0.02165802 0.9639074632789048 0.0 72.09
0.02165208 0.9630221518731047 0.0 72.274
0.02162034 0.9617645134656487 0.0 72.675
0.02159659 0.9616283679994904 0.0 72.855
0.021589 0.9616553414344857 0.0 73.035
0.02157014 0.9616250133609082 0.0 73.218
0.02155829 0.9617227542250837 0.0 73.398
0.02154407 0.9621665678963329 0.0 73.58
0.02152685 0.9627820624020312 0.0 73.761
0.02151736 0.9636611763928725 0.0 73.944
0.02149598 0.9645416532388346 0.0 74.124
0.0214903 0.9656415565161133 0.0 74.304
0.02146682 0.9666343276101649 0.0 74.485
0.02146125 0.9679490376270021 0.0 74.667
0.02143899 0.9692748678036337 0.0 74.849
0.02143017 0.9704853186448146 0.0 75.029
0.02141583 0.9715327903280886 0.0 75.206
0.02139959 0.9725572947160737 0.0 75.388
0.02138542 0.9738365049670793 0.0 75.569
0.02136806 0.9752678460128175 0.0 75.755
0.021358 0.9766515426194097 0.0 75.938
0.02133784 0.9775137330235704 0.0 76.119
0.02133125 0.9785725720535328 0.0 76.299
0.02130814 0.9796434981095785 0.0 76.481
0.02130198 0.9806638060824312 0.0 76.661
0.02127966 0.9816005539437479 0.0 76.844
0.02127124 0.9824611843293181 0.0 77.025
0.0212536 0.9833083512325611 0.0 77.205
0.02123961 0.9840635821254193 0.0 77.388
0.02122651 0.9848195083553798 0.0 77.571
0.02120885 0.9855490481014632 0.0 77.754
0.02119955 0.9864088045846269 0.0 77.938
0.02117802 0.9870927288617777 0.0 78.118
0.0211712 0.9876648340139252 0.0 78.301
0.02114843 0.9880750308215296 0.0 78.482
0.02114188 0.98860888249725 0.0 78.662
0.02111969 0.9889996737829226 0.0 78.841
0.02111072 0.9894122910162797 0.0 79.022
0.02109476 0.9898140694406721 0.0 79.2
0.02108033 0.9902173791366138 0.0 79.381
0.02106796 0.9906054852382563 0.0 79.563
0.02104941 0.9907886049863204 0.0 79.741
0.02104073 0.9911632183400032 0.0 79.926
0.02101897 0.9915934579372532 0.0 80.106
0.02101347 0.9918764364998481 0.0 80.286
0.02098925 0.9920498587101001 0.0 80.47
0.0209825 0.9921756586448554 0.0 80.649
0.0209626 0.9923163495480909 0.0 80.829
0.02095122 0.9925697321716735 0.0 81.009
0.0209371 0.9928383736822597 0.0 81.188
0.02092044 0.9930242745872648 0.0 81.364
0.02091129 0.9931460677152768 0.0 81.548
0.02088993 0.9932077335912307 0.0 81.732
0.02088266 0.993525853357697 0.0 81.912
0.02085924 0.9938748758810241 0.0 82.091
0.0208537 0.994080164148749 0.0 82.272
0.02083336 0.9940463949069155 0.0 82.453
0.02082228 0.9940084361797494 0.0 82.64
0.02080389 0.9940365990698505 0.0 82.82
0.02079088 0.9941886255091397 0.0 83.002
0.02077736 0.9943226810395228 0.0 83.181
0.02076062 0.99448879595949 0.0 83.361
0.02075113 0.9946483597896878 0.0 83.541
0.02072875 0.9947278225700722 0.0 83.722
0.02072313 0.9949906303042942 0.0 83.903
0.0206992 0.9951635908752477 0.0 84.086
0.02069296 0.9952510222821971 0.0 84.267
0.02067172 0.9952157268200698 0.0 84.447
0.02066161 0.9953937840612589 0.0 84.626
0.02064538 0.9956968605508438 0.0 84.81
0.02063079 0.9959055911658308 0.0 84.992
0.0206181 0.9960011037479036 0.0 85.173
0.02059965 0.9960664988199773 0.0 85.355
0.02059056 0.9961296099765785 0.0 85.535
0.02056877 0.9962107106695615 0.0 85.718
0.02056379 0.996319030225304 0.0 85.898
0.0205413 0.9964559102590906 0.0 86.075
0.02053249 0.9966165157823601 0.0 86.257
0.02051239 0.9966986916001436 0.0 86.438
0.02050097 0.9965648139342353 0.0 86.616
0.02048604 0.9965399790314965 0.0 86.797
0.02047066 0.9965143968827755 0.0 86.979
0.02045979 0.9965916352215263 0.0 87.16
0.02043901 0.9965001266357949 0.0 87.342
0.02043146 0.9963318909853558 0.0 87.523
0.02040842 0.9963522318699539 0.0 87.703
0.0204024 0.9965157326878087 0.0 87.886
0.02037814 0.9964174711583348 0.0 88.068
0.02037114 0.9963862816271349 0.0 88.25
0.02035185 0.9963168198696924 0.0 88.433
0.02034033 0.9963164821164503 0.0 88.613
0.02032557 0.9964661645823168 0.0 88.796
0.02030894 0.9967097342848912 0.0 88.976
0.02029806 0.9968480164220789 0.0 89.158
0.02027719 0.9969110353273721 0.0 89.346
0.02027231 0.9969420105029569 0.0 89.526
0.02024866 0.9968440346593973 0.0 89.706
0.0202407 0.9969082436606952 0.0 89.897
0.02021668 0.9970229381944888 0.0 90.082
0.02020975 0.9972061203962003 0.0 90.263
0.02018812 0.9972856865774617 0.0 90.448
0.0201781 0.9974441717875637 0.0 90.629
0.02015965 0.9976071875812264 0.0 90.81
0.02014662 0.9976050449997476 0.0 90.991
0.02013545 0.9975082886941263 0.0 91.172
0.02011557 0.9972626985447628 0.0 91.352
0.02010601 0.9970904681393558 0.0 91.536
0.02008441 0.9970740835132784 0.0 91.717
0.02007787 0.9971609063899337 0.0 91.899
0.02005407 0.9972954647874028 0.0 92.08
0.02004832 0.9974414793620249 0.0 92.262
0.02002814 0.9974665226436714 0.0 92.443
0.02001681 0.9974085978287112 0.0 92.623
0.02000069 0.9972457529986851 0.0 92.807
0.01998519 0.9970849247681067 0.0 92.986
0.01997632 0.9970311017505155 0.0 93.169
0.0199552 0.9970350568676588 0.0 93.349
0.01994459 0.9972103298060465 0.0 93.531
0.01992258 0.9971932634803333 0.0 93.716
0.01991694 0.9971057458948964 0.0 93.898
0.01989297 0.9970658914602966 0.0 94.079
0.01988599 0.9971714888155264 0.0 94.265
0.01986359 0.9972514420409142 0.0 94.446
0.0198549 0.997100263276492 0.0 94.626
0.01983664 0.9969534455984039 0.0 94.809
0.01982315 0.9969888846379864 0.0 94.989
0.0198105 0.9970655133535766 0.0 95.172
0.01979192 0.9971713417402371 0.0 95.352
0.01978289 0.9971953902148135 0.0 95.533
0.01976082 0.9971196403899177 0.0 95.714
0.01975608 0.9969555251391441 0.0 95.895
0.01973106 0.996835827724491 0.0 96.078
0.01972454 0.9970976590526082 0.0 96.26
0.01970103 0.9973302612271562 0.0 96.444
0.01969234 0.9972767593104369 0.0 96.628
0.01967708 0.9970578311227918 0.0 96.808
0.01966113 0.9969734759757124 0.0 96.988
0.01965018 0.9968967013169647 0.0 97.171
0.0196303 0.9968636686409805 0.0 97.355
0.01961985 0.9969627238455362 0.0 97.537
0.01959796 0.9969832155181111 0.0 97.717
0.0195919 0.99697314597203 0.0 97.899
0.01956736 0.9970299880610349 0.0 98.082
0.01956187 0.9971380046307204 0.0 98.261
0.0195389 0.9971193565879422 0.0 98.444
0.01952977 0.9971424974517066 0.0 98.63
0.01951116 0.9973050804845669 0.0 98.812
0.01949759 0.9973020493452303 0.0 98.996
0.01948448 0.9972607415214306 0.0 99.178
0.01946604 0.9973081789193129 0.0 99.359
0.01945772 0.9973529119612118 0.0 99.541
0.01943403 0.9972549864413653 0.0 99.722
0.01942875 0.9972462129695421 0.0 99.904
0.0194043 0.9972641419248192 0.0 100.085
0.01939777 0.9972923275019483 0.0 100.265
0.01938006 0.9972629011006288 0.0 100.448
0.01936355 0.9971769200230658 0.0 100.628
0.01935373 0.996945925735681 0.0 100.811
0.0193342 0.9968751893604381 0.0 100.994
0.0193191 0.9969859877146678 0.0 101.171
0.01930654 0.9970627016358284 0.0 101.35
0.01929619 0.9968510973645704 0.0 101.53
0.01928715 0.9968165715186336 0.0 101.716
0.01927999 0.9969210345099704 0.0 101.897
0.01927392 0.9968719267305851 0.0 102.077
0.01926834 0.9968431471914281 0.0 102.26
0.01926374 0.9968940492825887 0.0 102.444
0.01925975 0.9970240169290463 0.0 102.631
0.01925641 0.9970574963715093 0.0 102.813
0.01925398 0.9970534605553665 0.0 102.994
0.01925144 0.9971443682667718 0.0 103.177
0.01925021 0.9971618383044805 0.0 103.357
0.0192173 0.997011325546338 0.0 103.54
0.01915619 0.9967545053534584 0.0 103.72
0.01912819 0.996688516934613 0.0 103.9
0.01912138 0.9967747575511285 0.0 104.081
0.0191012 0.9969143951457503 0.0 104.263
0.01908917 0.996874915924444 0.0 104.443
0.0190695 0.9967471660571213 0.0 104.624
0.01905657 0.996841038820007 0.0 104.802
0.01904261 0.9972055541055799 0.0 104.984
0.01902448 0.9973502700395742 0.0 105.165
0.01901541 0.9972571862982098 0.0 105.347
0.01899413 0.9971828426511599 0.0 105.527
0.0189876 0.9971329918976826 0.0 105.704
0.01896327 0.9970926004111019 0.0 105.891
0.01895765 0.9970832708247709 0.0 106.07
0.01893482 0.9970453732504846 0.0 106.253
0.01892562 0.9970886095923718 0.0 106.434
0.01890725 0.996941836836312 0.0 106.614
0.01889422 0.9968634136944274 0.0 106.796
0.01888422 0.9968468188515469 0.0 106.976
0.01886297 0.9968115566448694 0.0 107.156
0.01885419 0.9967189872193465 0.0 107.337
0.018831 0.996641513948481 0.0 107.515
0.01882531 0.9966905721780255 0.0 107.695
0.01880135 0.9967661078673525 0.0 107.878
0.01879545 0.99687257764815 0.0 108.062
0.01877338 0.9969529444728714 0.0 108.242
0.01876296 0.9968186713896244 0.0 108.423
0.01874726 0.9967341345256231 0.0 108.601
0.01873179 0.9968449454579917 0.0 108.78
0.01872051 0.9969609967887479 0.0 108.963
0.01869991 0.9970040680972991 0.0 109.151
0.01869227 0.9969718969936419 0.0 109.333
0.01866893 0.9967991520246429 0.0 109.511
0.01866353 0.9967317127589603 0.0 109.694
0.01863932 0.9967305446979655 0.0 109.874
0.01863196 0.9967183376477603 0.0 110.056
0.01861103 0.9968183657995757 0.0 110.237
0.01860015 0.9970522529896951 0.0 110.42
0.01858723 0.9972240284635632 0.0 110.603
0.01856922 0.9972721096659561 0.0 110.784
0.0185573 0.997291312322327 0.0 110.967
0.01853719 0.9971994754185697 0.0 111.147
0.01852995 0.9971679741452258 0.0 111.326
0.01850647 0.9969738418427746 0.0 111.504
0.01850029 0.9967509214358781 0.0 111.687
0.01847706 0.9968293296294752 0.0 111.871
0.01846948 0.9970286883679853 0.0 112.054
0.01844798 0.9970514903856391 0.0 112.237
0.01843752 0.9968214938028822 0.0 112.418
0.01842269 0.9965443141866944 0.0 112.601
0.01840529 0.9964765002001137 0.0 112.784
0.01839459 0.9965367060759411 0.0 112.967
0.01837424 0.9965224598677994 0.0 113.148
0.01836739 0.996666250360981 0.0 113.333
0.0183437 0.9968201115067894 0.0 113.515
0.01833756 0.9968488987881667 0.0 113.698
0.01831354 0.9967116632578409 0.0 113.878
0.01830645 0.9966804282129447 0.0 114.061
0.01828871 0.9964781223502183 0.0 114.241
0.01827499 0.9962418214895211 0.0 114.427
0.01825799 0.9960595151711095 0.0 114.608
0.01824309 0.9960925456537627 0.0 114.793
0.01822981 0.9963220830888052 0.0 114.975
0.01821133 0.9964465708114676 0.0 115.16
0.01820207 0.9964879604664527 0.0 115.342
0.01817918 0.9964312858536696 0.0 115.526
0.01817357 0.9963652612360959 0.0 115.707
0.01814981 0.9963258997155131 0.0 115.888
0.01814282 0.9963143204662684 0.0 116.067
0.0181192 0.9962362422036485 0.0 116.25
0.0181111 0.9962617782419806 0.0 116.43
0.01809507 0.9962157520935278 0.0 116.61
0.01807963 0.9961512304541146 0.0 116.79
0.01806841 0.9961910736364904 0.0 116.971
0.0180484 0.9961189877823637 0.0 117.149
0.01804023 0.9961054589283767 0.0 117.332
0.01801648 0.9961432947351049 0.0 117.508
0.01801154 0.9962113021962954 0.0 117.688
0.01799019 0.9961370036924441 0.0 117.871
0.01798045 0.9961987637140908 0.0 118.051
0.01795828 0.9963567652786218 0.0 118.233
0.01794854 0.996399047660489 0.0 118.417
0.01793314 0.9964295210221061 0.0 118.6
0.01791661 0.9964800248746785 0.0 118.78
0.01790461 0.9966346454928385 0.0 118.961
0.01788466 0.9967945852417976 0.0 119.14
0.01787743 0.9967249326254736 0.0 119.32
0.01785363 0.9964536006232038 0.0 119.501
0.01784755 0.9963461947884575 0.0 119.683
0.01782339 0.9962867263349637 0.0 119.869
0.01781667 0.99621793119983 0.0 120.05
0.01779529 0.9961063784266785 0.0 120.233
0.01778458 0.9960302547930088 0.0 120.413
0.01777029 0.9960260694781269 0.0 120.595
0.01775321 0.9959783380287934 0.0 120.776
0.01774125 0.9958806894761457 0.0 120.956
0.01772045 0.9959630534726281 0.0 121.139
0.01771422 0.9961254804343895 0.0 121.323
0.01769084 0.9962035621021932 0.0 121.505
0.01768535 0.996116626527967 0.0 121.682
0.01766286 0.9960404852268101 0.0 121.862
0.01765347 0.9961611762003098 0.0 122.045
0.01763279 0.9963385874868165 0.0 122.225
0.01762074 0.9963770237893692 0.0 122.408
0.01761168 0.9964204076971954 0.0 122.586
0.01759071 0.996327320817457 0.0 122.765
0.01757928 0.9964056985233208 0.0 122.947
0.01755788 0.9964286545836298 0.0 123.129
0.0175509 0.9962419805610919 0.0 123.309
0.01752815 0.9959343670081301 0.0 123.486
0.01752183 0.9956539465844659 0.0 123.668
0.01749924 0.9956165904449861 0.0 123.848
0.01748981 0.9956780915660483 0.0 124.029
0.01747236 0.9957837213269093 0.0 124.212
0.01745807 0.9958184539257929 0.0 124.394
0.0174443 0.9957762268660741 0.0 124.578
0.01742563 0.9957064452530634 0.0 124.762
0.01741552 0.9957480889263566 0.0 124.949
0.01739422 0.9957128688188307 0.0 125.127
0.01738954 0.9956662251853214 0.0 125.309
0.01736453 0.9955859720850778 0.0 125.493
0.01735845 0.9955370174233741 0.0 125.675
0.01733372 0.9955155894253804 0.0 125.859
0.01732611 0.9956391652378246 0.0 126.039
0.01730644 0.9957987179040578 0.0 126.219
0.01729335 0.9959521224026118 0.0 126.399
0.01727997 0.9958716503055455 0.0 126.581
0.01726211 0.9956104394919331 0.0 126.762
0.01725227 0.9954198694954557 0.0 126.945
0.01723 0.995480305542553 0.0 127.127
0.01722378 0.9956620691566497 0.0 127.31
0.01720003 0.9957783868625024 0.0 127.492
0.01719412 0.9957880638935551 0.0 127.678
0.01717001 0.9958065475460012 0.0 127.858
0.01716187 0.9956764199591693 0.0 128.037
0.01714385 0.9954150017736262 0.0 128.217
0.01712973 0.9952174021122172 0.0 128.398
0.0171161 0.9951365552495933 0.0 128.581
0.01709814 0.9950874474190258 0.0 128.761
0.01709124 0.9949812662728331 0.0 128.944
0.01706753 0.9948254585825276 0.0 129.128
0.01706077 0.9947559709286957 0.0 129.308
0.01703644 0.9948324525825004 0.0 129.487
0.01703045 0.9949367797385947 0.0 129.669
0.01700659 0.9949362648480813 0.0 129.853
0.01699838 0.9950393500071514 0.0 130.033
0.01698037 0.9950290511584425 0.0 130.215
0.0169658 0.9951021890646607 0.0 130.395
0.01695288 0.9951756183566081 0.0 130.573
0.01693466 0.9952427216392045 0.0 130.756
0.01692613 0.9950932996635452 0.0 130.94
0.01690332 0.9948629685865823 0.0 131.126
0.01689683 0.9948328187597537 0.0 131.307
0.0168724 0.9947341870623483 0.0 131.489
0.01686633 0.9945905477188228 0.0 131.674
0.01684341 0.9945138573346738 0.0 131.856
0.01683401 0.9946521257679546 0.0 132.037
0.01681445 0.9948516019836713 0.0 132.223
0.01680197 0.9950430758371068 0.0 132.404
0.01679104 0.9951416341745488 0.0 132.585
0.01677017 0.9952796474212391 0.0 132.766
0.01676139 0.9953623138377363 0.0 132.949
0.01673857 0.9953246360114658 0.0 133.127
0.01673336 0.9952188764477934 0.0 133.301
0.01670901 0.995006232099783 0.0 133.48
0.01670268 0.9948403405118929 0.0 133.661
0.01668254 0.9947682482855057 0.0 133.838
0.01667127 0.9949050901703325 0.0 134.017
0.01665607 0.995169015983947 0.0 134.197
0.0166396 0.9953166891468785 0.0 134.377
0.01662789 0.9952002185416396 0.0 134.554
0.01660728 0.9951079200810292 0.0 134.735
0.01660093 0.9951168680364507 0.0 134.919
0.0165767 0.9951740153320434 0.0 135.095
0.01657131 0.9951068411078998 0.0 135.275
0.0165486 0.9948175619205676 0.0 135.454
0.01653937 0.9945320811481373 0.0 135.634
0.01652175 0.9943881749155289 0.0 135.816
0.01650693 0.9942673462217162 0.0 135.997
0.01649718 0.994385540310324 0.0 136.18
0.01647544 0.9943683914056614 0.0 136.362
0.01646668 0.9944704866348564 0.0 136.542
0.01644367 0.9946260416288256 0.0 136.723
0.01643802 0.9947315573641882 0.0 136.903
0.01641315 0.9946517004815222 0.0 137.086
0.0164069 0.9945467166386076 0.0 137.269
0.01638255 0.9945252612987979 0.0 137.452
0.01637401 0.994645422014683 0.0 137.636
0.01635691 0.9948502597898277 0.0 137.819
0.01634262 0.994826693359505 0.0 137.999
0.01632785 0.9946469885292852 0.0 138.182
0.01631111 0.9947164785431843 0.0 138.363
0.01630029 0.99471805594364 0.0 138.543
0.0162787 0.9946824591824134 0.0 138.722
0.01627416 0.9946167238215401 0.0 138.903
0.01625004 0.9944410496825685 0.0 139.085
0.01624303 0.9942952842735874 0.0 139.265
0.01622103 0.994240343407357 0.0 139.447
0.0162109 0.9942236513501017 0.0 139.627
0.01619782 0.9942586433432496 0.0 139.808
0.01617946 0.9943441453560756 0.0 139.991
0.01616472 0.9944945755650564 0.0 140.173
0.01614633 0.9946365556254644 0.0 140.357
0.01613853 0.9947984109731005 0.0 140.538
0.01611528 0.9948183195245386 0.0 140.717
0.01610865 0.9947103329941384 0.0 140.901
0.01608449 0.9946122800428265 0.0 141.081
0.01607805 0.9946598980570056 0.0 141.26
0.01605508 0.9945249936451257 0.0 141.443
0.01604591 0.9942405774785755 0.0 141.625
0.01602917 0.9941353663131041 0.0 141.807
0.01601352 0.9942835372872496 0.0 141.987
0.01600066 0.9943382869258381 0.0 142.17
0.0159818 0.9943460331741107 0.0 142.349
0.01597515 0.994451521427563 0.0 142.533
0.01595142 0.9944318343952809 0.0 142.713
0.01594516 0.9943050846991182 0.0 142.892
0.01591978 0.9941104640788573 0.0 143.072
0.01591324 0.9941571820769802 0.0 143.254
0.01589026 0.9943116855979436 0.0 143.439
0.01588063 0.994295824975896 0.0 143.621
0.01586433 0.9941719620660534 0.0 143.801
0.01584989 0.9941481839207477 0.0 143.984
0.01583784 0.9941283422254968 0.0 144.165
0.01581741 0.9940558995557649 0.0 144.341
0.01580916 0.9941005223454026 0.0 144.527
0.01578619 0.9941597100640689 0.0 144.712
0.01578072 0.9942671092447124 0.0 144.891
0.01575541 0.9942254341560076 0.0 145.074
0.01574923 0.9942710334694486 0.0 145.257
0.01572751 0.9941981701803252 0.0 145.442
0.01571685 0.9943147144610865 0.0 145.625
0.01569958 0.9944026689600127 0.0 145.805
0.01568501 0.9945702312706817 0.0 145.984
0.01567217 0.9945878804063113 0.0 146.164
0.01565256 0.9944021088818739 0.0 146.344
0.01564617 0.9941983492502365 0.0 146.526
0.01562197 0.9940809302217858 0.0 146.703
0.0156164 0.9941881363065501 0.0 146.883
0.01559165 0.9941861872484127 0.0 147.065
0.01558467 0.9941553036585028 0.0 147.246
0.01556383 0.9939859732751665 0.0 147.428
0.01555195 0.9939286065229831 0.0 147.608
0.01553823 0.9941370516389476 0.0 147.791
0.01551967 0.994259223003021 0.0 147.968
0.01550994 0.9943013849752761 0.0 148.15
0.01548844 0.9943435638639847 0.0 148.33
0.0154811 0.9943314824825693 0.0 148.513
0.01545734 0.9941379793830248 0.0 148.694
0.01545221 0.9939955019241895 0.0 148.874
0.01542957 0.9939000846267275 0.0 149.056
0.01542034 0.9939430686626864 0.0 149.237
0.01540167 0.9941619848165207 0.0 149.417
0.01538758 0.9943707332724304 0.0 149.604
0.01537301 0.9945777124928695 0.0 149.784
0.01535543 0.9946457118698325 0.0 149.963
0.01534744 0.9945550115649638 0.0 150.143
0.01532438 0.9944976711420118 0.0 150.327
0.0153185 0.9945849242815338 0.0 150.506
0.01529354 0.9946003033550871 0.0 150.687
0.01528768 0.9945535846473115 0.0 150.87
0.01526762 0.9944818024276163 0.0 151.054
0.01525645 0.9944828053515573 0.0 151.236
0.01523712 0.9945648750185158 0.0 151.417
0.01522297 0.9945609723802407 0.0 151.601
0.0152091 0.994442931345054 0.0 151.78
0.01519101 0.9942976021495082 0.0 151.959
0.01518227 0.9941669340423712 0.0 152.141
0.01515903 0.9941093280481763 0.0 152.323
0.015153 0.9941575528653848 0.0 152.508
0.01512872 0.9940400997100786 0.0 152.69
0.01512268 0.9938581714506516 0.0 152.872
0.01510066 0.9936281770446125 0.0 153.053
0.01509104 0.9935542281643819 0.0 153.236
0.01507256 0.9936595026437546 0.0 153.419
0.01505818 0.9937133773550133 0.0 153.599
0.01504621 0.9937518337974118 0.0 153.78
0.01502664 0.9936034054190673 0.0 153.961
0.01501834 0.9934347530363689 0.0 154.142
0.01499543 0.9933026521632599 0.0 154.322
0.01499085 0.993389583476443 0.0 154.501
0.01496772 0.9934872048331411 0.0 154.681
0.01495869 0.9935498655030183 0.0 154.863
0.0149375 0.9935731682192341 0.0 155.043
0.01492675 0.9935748775178812 0.0 155.222
