X_channel Y_channel II_channel timestamp
0.02675009 0.9843949646542927 0.0 0.0
0.02675047 0.9843949646542927 0.0 0.183
0.02675025 0.9842941569324211 0.0 0.366
0.02675049 0.9842739953880468 0.0 0.549
0.02675005 0.9843949646542927 0.0 0.732
0.02675059 0.9844982925692108 0.0 0.913
0.02675022 0.9844158822565808 0.0 1.096
0.02675034 0.9842941569324211 0.0 1.275
0.02675024 0.9842135107549238 0.0 1.454
0.02675066 0.9841731876661753 0.0 1.634
0.02675008 0.9842739953880468 0.0 1.815
0.02675001 0.984153026121801 0.0 1.997
0.02675033 0.9840925414886781 0.0 2.178
0.02674997 0.9840144155042276 0.0 2.361
0.02675037 0.9839740924154791 0.0 2.541
0.02674718 0.984033820990688 0.0 2.727
0.02673527 0.9842336722992981 0.0 2.908
0.0267322 0.9843344800211696 0.0 3.088
0.02671332 0.9842538338436724 0.0 3.269
0.02671038 0.984153026121801 0.0 3.451
0.02669343 0.9842538338436724 0.0 3.631
0.02668596 0.9842336722992981 0.0 3.814
0.02667214 0.9839740924154791 0.0 3.997
0.02665226 0.9837127483965272 0.0 4.347
0.02663826 0.9835733817210399 0.0 4.532
0.02663392 0.9836338663541628 0.0 4.712
0.02661481 0.9837321538829875 0.0 4.894
0.02661071 0.9837321538829875 0.0 5.078
0.02659123 0.9837926385161103 0.0 5.259
0.02658682 0.9840144155042276 0.0 5.442
0.02657448 0.9839942539598534 0.0 5.623
0.02656337 0.9839740924154791 0.0 5.805
0.02654941 0.9840144155042276 0.0 5.986
0.02653815 0.984034577048602 0.0 6.168
0.02652875 0.9839942539598534 0.0 6.345
0.02651412 0.9839740924154791 0.0 6.526
0.02650737 0.984153026121801 0.0 6.708
0.02649034 0.9843143184767954 0.0 6.889
0.02648596 0.9843949646542927 0.0 7.069
0.02646624 0.9843949646542927 0.0 7.251
0.02646139 0.9843949646542927 0.0 7.433
0.02644507 0.9844572134225482 0.0 7.614
0.02643695 0.9845789387467081 0.0 7.8
0.02642385 0.9845991002910823 0.0 7.984
0.02641186 0.9846588288662913 0.0 8.169
0.02640479 0.9845991002910823 0.0 8.352
0.0263882 0.9845991002910823 0.0 8.532
0.02638041 0.9847175493642814 0.0 8.721
0.02636242 0.9847377109086556 0.0 8.902
0.0263579 0.9846779823334467 0.0 9.085
0.02633875 0.9846588288662913 0.0 9.262
0.02633432 0.9846394233798309 0.0 9.441
0.02631718 0.9846588288662913 0.0 9.621
0.02630926 0.984697387819907 0.0 9.8
0.02629698 0.9846386673219168 0.0 9.98
0.02628409 0.9844360438009553 0.0 10.16
0.02627613 0.984517698055671 0.0 10.341
0.02625976 0.9847981955417786 0.0 10.523
0.02625286 0.9849796494411472 0.0 10.705
0.02623471 0.9850980985143463 0.0 10.888
0.02623069 0.9852392293249663 0.0 11.069
0.02621131 0.9853400370468379 0.0 11.253
0.0262054 0.9853601985912122 0.0 11.434
0.0261886 0.9854584861200368 0.0 11.617
0.02618066 0.9856802631081542 0.0 11.796
0.02616772 0.9858793583588503 0.0 11.975
0.02615514 0.9859600045363475 0.0 12.159
0.02614711 0.9860003276250962 0.0 12.34
0.02612993 0.986060812258219 0.0 12.522
0.02612392 0.9859600045363475 0.0 12.701
0.02610433 0.9858591968144761 0.0 12.883
0.02610098 0.9857601532277374 0.0 13.061
0.02608124 0.9857004246525284 0.0 13.244
0.0260747 0.9857205861969027 0.0 13.424
0.02606073 0.9856601015637799 0.0 13.606
0.02604979 0.9856399400194055 0.0 13.787
0.02603762 0.9855391322975341 0.0 13.967
0.02602427 0.9855794553862827 0.0 14.15
0.0260157 0.9855592938419083 0.0 14.33
0.02599816 0.9854383245756626 0.0 14.512
0.02599425 0.9854383245756626 0.0 14.693
0.02597401 0.9855794553862827 0.0 14.873
0.02596914 0.9858196297836415 0.0 15.054
0.02595019 0.9860003276250962 0.0 15.235
0.02594394 0.9860204891694704 0.0 15.415
0.02592961 0.9860204891694704 0.0 15.595
0.02591826 0.986060812258219 0.0 15.777
0.02590804 0.9860809738025933 0.0 15.958
0.02589264 0.9860809738025933 0.0 16.14
0.02588515 0.9859600045363475 0.0 16.32
0.02586673 0.9858004763164859 0.0 16.497
0.02586314 0.9858793583588503 0.0 16.678
0.02584397 0.9860809738025933 0.0 16.858
0.0258371 0.986380876775161 0.0 17.037
0.02581978 0.9868009929560605 0.0 17.218
0.02581067 0.9870613288977936 0.0 17.399
0.0257973 0.9869209541450875 0.0 17.582
0.02578406 0.9867412643808516 0.0 17.763
0.02577567 0.9866807797477287 0.0 17.941
0.02575799 0.9866807797477287 0.0 18.121
0.02575282 0.9866404566589801 0.0 18.301
0.0257332 0.9866404566589801 0.0 18.48
0.02572855 0.9868017490139745 0.0 18.66
0.02570812 0.9870411673534194 0.0 18.838
0.02570148 0.9873015032951524 0.0 19.019
0.02568716 0.9874822011366071 0.0 19.2
0.02567571 0.9875830088584786 0.0 19.382
0.02566564 0.9875225242253557 0.0 19.562
0.02564989 0.98754268576973 0.0 19.744
0.02564255 0.9874822011366071 0.0 19.925
0.02562329 0.9872420267392483 0.0 20.107
0.02561959 0.987021005809045 0.0 20.288
0.02559946 0.9869403596315478 0.0 20.474
0.02559319 0.987081490442168 0.0 20.657
0.02557361 0.9871218135309164 0.0 20.839
0.02556651 0.987222621252788 0.0 21.026
0.02555033 0.9872831058859108 0.0 21.208
0.02553864 0.9872024597084137 0.0 21.39
0.02552524 0.9871621366196651 0.0 21.573
0.0255119 0.9873025113723711 0.0 21.752
0.02550443 0.9875830088584786 0.0 21.934
0.0254857 0.9877022139895916 0.0 22.118
0.02547894 0.9877619425648004 0.0 22.299
0.02545891 0.9877619425648004 0.0 22.482
0.02545459 0.9877619425648004 0.0 22.667
0.02543569 0.9877022139895916 0.0 22.848
0.02542842 0.9876434934916015 0.0 23.029
0.02541305 0.9877619425648004 0.0 23.21
0.02540158 0.9878224271979235 0.0 23.396
0.02538849 0.9877619425648004 0.0 23.58
0.02537423 0.9876628989780617 0.0 23.759
0.02536735 0.9875225242253557 0.0 23.943
0.02534802 0.9874217165034842 0.0 24.125
0.02534021 0.9873612318703614 0.0 24.307
0.02532017 0.98754268576973 0.0 24.49
0.02531645 0.9877821041091748 0.0 24.672
0.02529583 0.9880626015952823 0.0 24.852
0.02528874 0.9882231378923626 0.0 25.033
0.02527157 0.9882231378923626 0.0 25.213
0.02526187 0.988182814803614 0.0 25.397
0.02524742 0.988182814803614 0.0 25.58
0.02523438 0.9881626532592397 0.0 25.763
0.02522391 0.9880618455373682 0.0 25.946
0.02520719 0.9881424917148655 0.0 26.126
0.02519995 0.988182814803614 0.0 26.308
0.02518055 0.988182814803614 0.0 26.489
0.02517618 0.9882432994367369 0.0 26.67
0.02515661 0.9884239972781915 0.0 26.851
0.02514852 0.9884045917917313 0.0 27.036
0.0251295 0.9882634609811112 0.0 27.219
0.02512074 0.988182814803614 0.0 27.401
0.02510747 0.988042440050908 0.0 27.583
0.02509364 0.9878829118310463 0.0 27.763
0.02508566 0.9877417810204262 0.0 27.946
0.02506668 0.9877417810204262 0.0 28.132
0.02505904 0.9878224271979235 0.0 28.313
0.02503833 0.9878829118310463 0.0 28.495
0.02503428 0.9878829118310463 0.0 28.676
0.0250136 0.9878829118310463 0.0 28.857
0.02500705 0.9880232865837524 0.0 29.038
0.02499136 0.9880820070817424 0.0 29.219
0.02497957 0.9882432994367369 0.0 29.401
0.02496509 0.9885641200115929 0.0 29.582
0.02495095 0.9887649793974218 0.0 29.761
0.0249413 0.9887246563086733 0.0 29.941
0.02492326 0.9886843332199248 0.0 30.123
0.02491722 0.9887448178530476 0.0 30.308
0.0248965 0.9888045464282564 0.0 30.492
0.02489201 0.9887246563086733 0.0 30.675
0.02486976 0.9887246563086733 0.0 30.86
0.02486376 0.9886843332199248 0.0 31.042
0.02484553 0.9886440101311761 0.0 31.224
0.02483576 0.9886641716755503 0.0 31.405
0.02482094 0.9885835254980532 0.0 31.585
0.02480833 0.9884038357338172 0.0 31.764
0.02479844 0.9882231378923626 0.0 31.946
0.02478005 0.9881626532592397 0.0 32.128
0.0247722 0.9882432994367369 0.0 32.311
0.02475241 0.9883037840698597 0.0 32.494
0.02474776 0.9882432994367369 0.0 32.676
0.02472776 0.9882634609811112 0.0 32.858
0.02472001 0.9885842815559672 0.0 33.04
0.02470121 0.9889439131037437 0.0 33.221
0.02469192 0.9891850955783213 0.0 33.402
0.0246776 0.9893647853425573 0.0 33.584
0.0246637 0.9893647853425573 0.0 33.764
0.02465379 0.9892236545319372 0.0 33.947
0.02463522 0.9891455285474868 0.0 34.129
0.02462869 0.9891253670031125 0.0 34.309
0.02460823 0.9891455285474868 0.0 34.49
0.02460323 0.989164934033947 0.0 34.668
0.02458237 0.9893647853425573 0.0 34.849
0.02457436 0.9895260776975516 0.0 35.035
0.02455688 0.9895858062727605 0.0 35.216
0.0245464 0.9895858062727605 0.0 35.392
0.02453395 0.9896848498594992 0.0 35.573
0.0245181 0.989866303758868 0.0 35.751
0.02450955 0.9899653473456067 0.0 35.934
0.02449016 0.9898864653032423 0.0 36.114
0.02448348 0.989866303758868 0.0 36.296
0.02446242 0.9898461422144936 0.0 36.48
0.02445749 0.9897453344926223 0.0 36.661
0.02443675 0.9897453344926223 0.0 36.841
0.0244292 0.9898058191257451 0.0 37.02
0.02441326 0.989866303758868 0.0 37.202
0.02439968 0.9900056704343554 0.0 37.386
0.02438769 0.9901662067314356 0.0 37.567
0.02437192 0.9902266913645585 0.0 37.75
0.02436422 0.990326743028516 0.0 37.93
0.02434339 0.9905265943371263 0.0 38.113
0.024338 0.9907466071901109 0.0 38.293
0.0243158 0.990826497309694 0.0 38.476
0.02431092 0.9907466071901109 0.0 38.656
0.02428983 0.9907080482364949 0.0 38.838
0.02428154 0.9907080482364949 0.0 39.02
0.02426619 0.9907080482364949 0.0 39.201
0.02425285 0.9907080482364949 0.0 39.382
0.0242417 0.9907080482364949 0.0 39.562
0.0242239 0.9908063357653196 0.0 39.741
0.02421909 0.9909474665759398 0.0 39.923
0.02419701 0.9911264002822616 0.0 40.103
0.02419103 0.9910281127534369 0.0 40.285
0.02416828 0.9910079512090627 0.0 40.467
0.0241618 0.9910079512090627 0.0 40.652
0.02414262 0.9911069947958014 0.0 40.833
0.0241333 0.9911069947958014 0.0 41.018
0.02411593 0.9910079512090627 0.0 41.201
0.02410386 0.9910079512090627 0.0 41.382
0.02409302 0.9910079512090627 0.0 41.562
0.02407523 0.9910079512090627 0.0 41.743
0.02406698 0.9910676797842716 0.0 41.927
0.02404681 0.9911667233710103 0.0 42.108
0.02403976 0.991146561826636 0.0 42.292
0.02401781 0.9911069947958014 0.0 42.479
0.024013 0.991146561826636 0.0 42.659
0.02399336 0.9913078541816304 0.0 42.84
0.02398405 0.9915674340654494 0.0 43.022
0.02396791 0.9917690495091924 0.0 43.206
0.02395533 0.9917892110535668 0.0 43.388
0.02394553 0.9917892110535668 0.0 43.569
0.0239266 0.9917287264204439 0.0 43.751
0.02391705 0.9915674340654494 0.0 43.93
0.0238969 0.9914875439458662 0.0 44.111
0.02388982 0.9913683388147532 0.0 44.295
0.02386813 0.9912876926372561 0.0 44.478
0.02386332 0.9913078541816304 0.0 44.661
0.02384206 0.9914482289343364 0.0 44.841
0.02383385 0.991467382401492 0.0 45.017
0.02381675 0.9913683388147532 0.0 45.201
0.02380486 0.9913683388147532 0.0 45.384
0.02379215 0.9915271109767009 0.0 45.564
0.02377573 0.9914482289343364 0.0 45.743
0.02376672 0.9914482289343364 0.0 45.923
0.02374709 0.9914482289343364 0.0 46.103
0.02374205 0.9913280157260046 0.0 46.285
0.02371971 0.9914482289343364 0.0 46.468
0.02371281 0.9916682417873209 0.0 46.649
0.0236921 0.9916279186985724 0.0 46.829
0.0236833 0.9916279186985724 0.0 47.008
0.02366744 0.9917892110535668 0.0 47.188
0.02365383 0.9918496956866897 0.0 47.368
0.02364233 0.9917690495091924 0.0 47.551
0.02362413 0.991809372597941 0.0 47.735
0.02361634 0.9918496956866897 0.0 47.921
0.02359534 0.9917287264204439 0.0 48.102
0.02358968 0.9915875956098238 0.0 48.284
0.02356707 0.9915472725210751 0.0 48.465
0.02356091 0.9916279186985724 0.0 48.651
0.02354059 0.9916682417873209 0.0 48.831
0.02353158 0.9917085648760696 0.0 49.014
0.02351549 0.9916682417873209 0.0 49.195
0.02350176 0.9914280673899621 0.0 49.375
0.02348974 0.9911667233710103 0.0 49.557
0.02347264 0.9911264002822616 0.0 49.734
0.02346669 0.9912473695485075 0.0 49.916
0.02344418 0.9913683388147532 0.0 50.097
0.02343813 0.9914288234478762 0.0 50.281
0.02341453 0.9913885003591276 0.0 50.464
0.02340871 0.9913885003591276 0.0 50.646
0.02338819 0.9915271109767009 0.0 50.827
0.02337831 0.9916077571541981 0.0 51.007
0.02336355 0.9917287264204439 0.0 51.193
0.02334895 0.991809372597941 0.0 51.374
0.02333686 0.9918295341423154 0.0 51.557
0.02331935 0.9916884033316952 0.0 51.741
0.02331153 0.9915472725210751 0.0 51.921
0.02329102 0.9915674340654494 0.0 52.104
0.02328494 0.9917085648760696 0.0 52.286
0.02326186 0.9919084161846797 0.0 52.467
0.02325595 0.9919681447598886 0.0 52.65
0.02323593 0.9919479832155144 0.0 52.833
0.02322639 0.9918882546403055 0.0 53.011
0.02320999 0.9918496956866897 0.0 53.193
0.02319629 0.99192782167114 0.0 53.374
0.0231869 0.9919681447598886 0.0 53.556
0.02316725 0.9919681447598886 0.0 53.738
0.02315831 0.9918691011731499 0.0 53.922
0.02313619 0.9918295341423154 0.0 54.102
0.02313143 0.9918691011731499 0.0 54.283
0.02310851 0.99192782167114 0.0 54.466
0.02310223 0.9919681447598886 0.0 54.648
0.02308185 0.9919479832155144 0.0 54.829
0.0230716 0.9918691011731499 0.0 55.009
0.02305686 0.9917287264204439 0.0 55.191
0.02304239 0.9915674340654494 0.0 55.372
0.02303121 0.9915472725210751 0.0 55.556
0.02301206 0.9916279186985724 0.0 55.739
0.02300455 0.991809372597941 0.0 55.919
0.02298308 0.9918496956866897 0.0 56.102
0.02297767 0.9918691011731499 0.0 56.284
0.02295483 0.9919681447598886 0.0 56.465
0.02294772 0.9920891140261344 0.0 56.645
0.02292741 0.9920891140261344 0.0 56.827
0.02291749 0.9920286293930116 0.0 57.009
0.02290186 0.9919883063042629 0.0 57.19
0.02288751 0.9921092755705088 0.0 57.371
0.02287642 0.9922889653347448 0.0 57.555
0.02285762 0.9924898247205737 0.0 57.741
0.02284896 0.9925099862649479 0.0 57.922
0.02282714 0.9925099862649479 0.0 58.107
0.0228217 0.9925301478093222 0.0 58.286
0.02279928 0.9926284353381469 0.0 58.468
0.02279194 0.9926284353381469 0.0 58.651
0.02277271 0.9925898763845311 0.0 58.832
0.02276214 0.9925704708980708 0.0 59.012
0.02274727 0.9925099862649479 0.0 59.192
0.02273162 0.9924293400874508 0.0 59.374
0.02271997 0.992629191396061 0.0 59.553
0.02270225 0.9930702251792488 0.0 59.741
0.02269475 0.993410451240565 0.0 59.922
0.02267319 0.9934298567270253 0.0 60.104
0.02266704 0.9933902896961908 0.0 60.285
0.02264392 0.993291246109452 0.0 60.468
0.02263751 0.993291246109452 0.0 60.651
0.02262051 0.9934701798157739 0.0 60.831
0.0226072 0.9935911490820197 0.0 61.011
0.02259226 0.9934903413601482 0.0 61.191
0.02257686 0.9933711362290352 0.0 61.373
0.0225665 0.993351730742575 0.0 61.554
0.0225462 0.993410451240565 0.0 61.733
0.02253793 0.9935508259932712 0.0 61.916
0.02251608 0.9936516337151426 0.0 62.099
0.02251146 0.9936516337151426 0.0 62.278
0.02248861 0.993671795259517 0.0 62.46
0.02248126 0.9938305674214645 0.0 62.643
0.02246032 0.9938910520545874 0.0 62.823
0.02245031 0.9938305674214645 0.0 63.006
0.02243428 0.9937315238347258 0.0 63.186
0.02241994 0.9937902443327159 0.0 63.366
0.02241079 0.9939112135989617 0.0 63.548
0.02239087 0.993931375143336 0.0 63.729
0.02238328 0.9937708388462557 0.0 63.911
0.022361 0.993671795259517 0.0 64.092
0.02235504 0.9936516337151426 0.0 64.275
0.02233519 0.9937506773018813 0.0 64.457
0.02232575 0.9936314721707683 0.0 64.637
0.02230422 0.9933912977734094 0.0 64.818
0.02229441 0.9931501152988319 0.0 65.0
0.02228027 0.9930107486233446 0.0 65.182
0.02226379 0.99297118159251 0.0 65.364
0.0222528 0.9930299020905002 0.0 65.545
0.02223341 0.9930299020905002 0.0 65.728
0.02222553 0.9929510200481357 0.0 65.907
0.0222038 0.9929905870789704 0.0 66.09
0.02219799 0.9930493075769604 0.0 66.271
0.02217435 0.9930896306657091 0.0 66.454
0.02216719 0.9931904383875805 0.0 66.636
0.02214795 0.9931904383875805 0.0 66.817
0.02213691 0.9931299537544577 0.0 66.997
0.02212478 0.9931702768432062 0.0 67.176
0.02210705 0.9931097922100833 0.0 67.36
0.02209505 0.9931097922100833 0.0 67.546
0.02207633 0.9931501152988319 0.0 67.728
0.02207172 0.9930299020905002 0.0 67.909
0.02204841 0.9929308585037615 0.0 68.093
0.02204041 0.9928098892375157 0.0 68.275
0.02201709 0.9925092302070339 0.0 68.461
0.02201075 0.9923890169987022 0.0 68.642
0.02198948 0.992629191396061 0.0 68.823
0.02197972 0.9928703738706385 0.0 69.002
0.02196426 0.9927897276931413 0.0 69.186
0.02194868 0.9926485968825213 0.0 69.367
0.02193676 0.9926485968825213 0.0 69.549
0.02191868 0.9927897276931413 0.0 69.729
0.02191097 0.9928502123262642 0.0 69.911
0.0218886 0.9928098892375157 0.0 70.092
0.02188181 0.9928502123262642 0.0 70.275
0.02185854 0.9928905354150128 0.0 70.459
0.02185233 0.9928703738706385 0.0 70.64
0.02183583 0.9929106969593872 0.0 70.821
0.02182193 0.9929308585037615 0.0 70.997
0.02180675 0.9928905354150128 0.0 71.179
0.02179099 0.9928300507818899 0.0 71.364
0.02177999 0.9929106969593872 0.0 71.543
0.0217602 0.9929106969593872 0.0 71.721
0.02175336 0.9927897276931413 0.0 71.901
0.02173063 0.9926889199712698 0.0 72.087
0.02172477 0.9925099862649479 0.0 72.268
0.02170167 0.9924091785430764 0.0 72.449
0.02169423 0.9926090298516866 0.0 72.632
0.02167606 0.9928098892375157 0.0 72.81
0.021663 0.9927292430600184 0.0 72.99
0.02164998 0.9924091785430764 0.0 73.166
0.02163262 0.9921899217480059 0.0 73.35
0.02162407 0.9921495986592573 0.0 73.533
0.02160176 0.9922100832923803 0.0 73.712
0.02159538 0.9922100832923803 0.0 73.893
0.02157333 0.9922680477324564 0.0 74.077
0.02156725 0.9922100832923803 0.0 74.259
0.02154818 0.9922294887788405 0.0 74.439
0.0215365 0.9921899217480059 0.0 74.62
0.02151917 0.9919883063042629 0.0 74.802
0.02150507 0.9917287264204439 0.0 74.986
0.02149093 0.9914683904787107 0.0 75.169
0.02147444 0.9913078541816304 0.0 75.351
0.0214656 0.9912473695485075 0.0 75.531
0.0214445 0.991146561826636 0.0 75.711
0.02143734 0.9910079512090627 0.0 75.892
0.02141428 0.9908070918232337 0.0 76.072
0.02140826 0.9905669174258749 0.0 76.254
0.02138763 0.9904257866152548 0.0 76.435
0.02137688 0.9905467558815005 0.0 76.618
0.02136092 0.9906072405146235 0.0 76.798
0.02134612 0.9906878866921207 0.0 76.98
0.02133459 0.9907080482364949 0.0 77.16
0.02131549 0.9906878866921207 0.0 77.341
0.02130631 0.9905265943371263 0.0 77.524
0.02128487 0.9904862712483776 0.0 77.704
0.02128015 0.9903065814841417 0.0 77.886
0.021258 0.989985508889981 0.0 78.067
0.02124945 0.989665444373039 0.0 78.251
0.02122842 0.9894252699756801 0.0 78.43
0.02121754 0.9891850955783213 0.0 78.61
0.02120232 0.9890850439143638 0.0 78.793
0.02118679 0.9890850439143638 0.0 78.973
0.0211761 0.9890850439143638 0.0 79.156
0.0211559 0.9891052054587381 0.0 79.334
0.02114869 0.9889439131037437 0.0 79.515
0.02112546 0.9888431053818723 0.0 79.698
0.02111967 0.9889035900149952 0.0 79.879
0.02109561 0.9890850439143638 0.0 80.064
0.02108898 0.989344623798183 0.0 80.244
0.02107019 0.989344623798183 0.0 80.424
0.02105818 0.9892042490454769 0.0 80.604
0.02104433 0.9891052054587381 0.0 80.786
0.02102704 0.9891052054587381 0.0 80.968
0.02101633 0.9892042490454769 0.0 81.149
0.02099623 0.9893244622538088 0.0 81.331
0.02099102 0.9894252699756801 0.0 81.511
0.02096797 0.9895059161531774 0.0 81.693
0.02096069 0.9896848498594992 0.0 81.874
0.020937 0.989866303758868 0.0 82.053
0.0209299 0.9901460451870614 0.0 82.237
0.0209086 0.9904063811287944 0.0 82.419
0.02089804 0.9906677251477464 0.0 82.599
0.02088313 0.9908466588540683 0.0 82.78
0.02086729 0.990826497309694 0.0 82.962
0.02085543 0.9908869819428169 0.0 83.144
0.02083626 0.9910676797842716 0.0 83.327
0.02082863 0.9912272080041331 0.0 83.507
0.02080525 0.9913885003591276 0.0 83.692
0.02079958 0.9916077571541981 0.0 83.873
0.02077651 0.9918489396287756 0.0 84.053
0.0207688 0.9920084678486372 0.0 84.235
0.02075188 0.9922093272344662 0.0 84.413
0.02073819 0.9923890169987022 0.0 84.598
0.02072252 0.9924091785430764 0.0 84.777
0.02070653 0.9924696631761993 0.0 84.96
0.0206958 0.992629191396061 0.0 85.142
0.02067507 0.9928098892375157 0.0 85.322
0.02066869 0.9929510200481357 0.0 85.504
0.0206455 0.9930493075769604 0.0 85.685
0.02064015 0.9930299020905002 0.0 85.864
0.02061577 0.9929106969593872 0.0 86.047
0.02060922 0.9928905354150128 0.0 86.23
0.02059025 0.9930299020905002 0.0 86.411
0.02057773 0.9933114076538263 0.0 86.596
0.0205621 0.9934500182713997 0.0 86.783
0.02054604 0.9934903413601482 0.0 86.964
0.02053608 0.9935709875376454 0.0 87.143
0.0205151 0.9935911490820197 0.0 87.323
0.02050819 0.993671795259517 0.0 87.502
0.02048496 0.9937708388462557 0.0 87.684
0.02047883 0.9939112135989617 0.0 87.865
0.02045626 0.9940523444095818 0.0 88.045
0.02044767 0.9940725059539561 0.0 88.227
0.02042957 0.9939515366877103 0.0 88.407
0.02041653 0.9937902443327159 0.0 88.588
0.02040327 0.9937700827883417 0.0 88.77
0.02038633 0.9938910520545874 0.0 88.952
0.02037868 0.994132234529165 0.0 89.133
0.02035621 0.9941909550271552 0.0 89.314
0.02034924 0.9941523960735392 0.0 89.496
0.02032525 0.9940523444095818 0.0 89.677
0.02031922 0.9940120213208332 0.0 89.857
0.02029662 0.9940725059539561 0.0 90.041
0.02028811 0.9941523960735392 0.0 90.222
0.02027017 0.9942111165715294 0.0 90.403
0.02025639 0.9942716012046523 0.0 90.585
0.02024294 0.9944321375017326 0.0 90.765
0.02022511 0.9947925251074232 0.0 90.948
0.02021576 0.995093184137905 0.0 91.132
0.02019406 0.9951738303154023 0.0 91.315
0.02018749 0.9953535200796382 0.0 91.496
0.02016413 0.9954938948323443 0.0 91.677
0.02015802 0.9955543794654671 0.0 91.858
0.02013606 0.9955745410098413 0.0 92.041
0.02012666 0.9955745410098413 0.0 92.223
0.02010849 0.9955342179210928 0.0 92.403
0.02009556 0.9955947025542157 0.0 92.582
0.02008496 0.9957534747161633 0.0 92.762
0.02006519 0.995934928615532 0.0 92.946
0.02005518 0.9959954132486549 0.0 93.128
0.02003383 0.9959752517042806 0.0 93.31
0.02002684 0.9958946055267833 0.0 93.491
0.02000343 0.9959752517042806 0.0 93.675
0.01999761 0.9960742952910193 0.0 93.856
0.0199746 0.996254993132474 0.0 94.043
0.01996505 0.9963558008543454 0.0 94.223
0.01994732 0.9963154777655969 0.0 94.407
0.01993433 0.9961945084993511 0.0 94.586
0.01992178 0.9963154777655969 0.0 94.769
0.01990291 0.9964750059854586 0.0 94.949
0.01989494 0.9965347345606673 0.0 95.129
0.01987253 0.9963961239430941 0.0 95.308
0.01986683 0.9963154777655969 0.0 95.488
0.01984239 0.9964356909739286 0.0 95.67
0.01983576 0.9964742499275445 0.0 95.852
0.01981446 0.9964162854874684 0.0 96.033
0.01980459 0.9964944114719188 0.0 96.214
0.01979171 0.9965347345606673 0.0 96.394
0.01977432 0.9965548961050418 0.0 96.576
0.01976184 0.9966960269156618 0.0 96.76
0.01974178 0.9967161884600361 0.0 96.94
0.01973347 0.9967161884600361 0.0 97.121
0.01971014 0.9966758653712875 0.0 97.307
0.01970524 0.9967161884600361 0.0 97.49
0.01968146 0.9967161884600361 0.0 97.673
0.01967462 0.9966960269156618 0.0 97.854
0.0196531 0.996575057649416 0.0 98.034
0.01964266 0.9965347345606673 0.0 98.213
0.01962549 0.9965145730162931 0.0 98.393
0.01961087 0.9963558008543454 0.0 98.575
0.01960063 0.9963154777655969 0.0 98.753
0.01958034 0.9963558008543454 0.0 98.935
0.01957263 0.9962953162212226 0.0 99.118
0.01954964 0.9963356393099712 0.0 99.299
0.01954396 0.9963961239430941 0.0 99.481
0.01951931 0.9962953162212226 0.0 99.662
0.01951201 0.9962953162212226 0.0 99.845
0.01949506 0.9962953162212226 0.0 100.028
0.01948138 0.9963558008543454 0.0 100.211
0.01946508 0.9964356909739286 0.0 100.395
0.01944905 0.9963558008543454 0.0 100.578
0.01943713 0.9963356393099712 0.0 100.762
0.01941767 0.9963558008543454 0.0 100.945
0.01940843 0.9964162854874684 0.0 101.125
0.01938673 0.9964951675298329 0.0 101.306
0.01938134 0.9966153807381646 0.0 101.489
0.01935597 0.9967557554908707 0.0 101.676
0.01934944 0.996895122166358 0.0 101.86
0.01932677 0.9970765760657266 0.0 102.04
0.01931789 0.9971370606988497 0.0 102.223
0.01929852 0.9969959298882295 0.0 102.403
0.0192866 0.9968346375332351 0.0 102.586
0.01927436 0.9969152837107323 0.0 102.766
0.01925486 0.9969556067994808 0.0 102.949
0.01924649 0.9969354452551066 0.0 103.132
0.019224 0.9967759170352449 0.0 103.316
0.01921706 0.9966355422825388 0.0 103.5
0.01919355 0.9965347345606673 0.0 103.682
0.01918778 0.9965347345606673 0.0 103.863
0.01916604 0.9965548961050418 0.0 104.045
0.01915621 0.9964750059854586 0.0 104.222
0.01913666 0.9964356909739286 0.0 104.405
0.01912394 0.9966153807381646 0.0 104.585
0.01911202 0.9967950705024006 0.0 104.765
0.01909295 0.9967759170352449 0.0 104.947
0.01908577 0.9966153807381646 0.0 105.128
0.01906208 0.996575057649416 0.0 105.31
0.01905499 0.9965548961050418 0.0 105.491
0.01903089 0.9966355422825388 0.0 105.671
0.01902495 0.9967161884600361 0.0 105.854
0.01900358 0.9967161884600361 0.0 106.036
0.01899338 0.9967161884600361 0.0 106.216
0.01897834 0.9967161884600361 0.0 106.397
0.01896218 0.9966960269156618 0.0 106.577
0.0189484 0.996575057649416 0.0 106.759
0.01893001 0.9967161884600361 0.0 106.94
0.01892512 0.9968547990776093 0.0 107.121
0.01890107 0.996895122166358 0.0 107.303
0.01889328 0.9969757683438552 0.0 107.486
0.01886912 0.9970564145213524 0.0 107.668
0.0188627 0.9969556067994808 0.0 107.854
0.01883859 0.9969556067994808 0.0 108.039
0.01883056 0.9968547990776093 0.0 108.225
0.01881144 0.9967960785796193 0.0 108.41
0.01879918 0.9967960785796193 0.0 108.591
0.01878416 0.9968547990776093 0.0 108.772
0.01876744 0.9969354452551066 0.0 108.953
0.01875692 0.9969354452551066 0.0 109.135
0.01873634 0.996895122166358 0.0 109.316
0.01872874 0.9969354452551066 0.0 109.498
0.01870512 0.9969354452551066 0.0 109.678
0.01869969 0.9969556067994808 0.0 109.861
0.01867813 0.9969556067994808 0.0 110.042
0.01866806 0.9969556067994808 0.0 110.222
0.01864849 0.9969556067994808 0.0 110.406
0.01863566 0.9968353935911491 0.0 110.586
0.01862143 0.9967161884600361 0.0 110.769
0.01860443 0.9967161884600361 0.0 110.949
0.01859555 0.9967161884600361 0.0 111.132
0.01857279 0.9966758653712875 0.0 111.316
0.01856677 0.9966758653712875 0.0 111.495
0.01854226 0.9967161884600361 0.0 111.674
0.01853643 0.9967363500044104 0.0 111.856
0.01851417 0.9968749606219838 0.0 112.036
0.01850393 0.9967950705024006 0.0 112.218
0.01848793 0.9967161884600361 0.0 112.401
0.01847106 0.9967363500044104 0.0 112.581
0.01846309 0.996895122166358 0.0 112.761
0.01843886 0.9970362529769781 0.0 112.944
0.01843335 0.9971363046409355 0.0 113.127
0.01841291 0.9972555097720486 0.0 113.31
0.01839827 0.9973159944051715 0.0 113.489
0.01838778 0.9972353482276743 0.0 113.67
0.01837476 0.9971168991544753 0.0 113.856
0.01836419 0.9972361042855884 0.0 114.037
0.01835551 0.9973764790382944 0.0 114.222
0.01834776 0.997215942741214 0.0 114.408
0.01834213 0.9969556067994808 0.0 114.591
0.01833669 0.9967960785796193 0.0 114.774
0.01833299 0.9968152320467748 0.0 114.956
0.01832942 0.9968346375332351 0.0 115.138
0.01832643 0.996776673093159 0.0 115.318
0.01832413 0.996895122166358 0.0 115.5
0.01832183 0.9971161430965613 0.0 115.681
0.01831343 0.997416802127043 0.0 115.864
0.01823899 0.9975773384241233 0.0 116.044
0.01820722 0.997596491891279 0.0 116.228
0.01819366 0.9974772867601659 0.0 116.411
0.01817811 0.9975773384241233 0.0 116.591
0.01816119 0.9976763820108621 0.0 116.775
0.01814997 0.9976166534356532 0.0 116.954
0.01812963 0.9974772867601659 0.0 117.136
0.01812051 0.9974571252157917 0.0 117.318
0.01809776 0.9973966405826686 0.0 117.498
0.01809291 0.9973966405826686 0.0 117.679
0.01806868 0.9973764790382944 0.0 117.86
0.01806074 0.9971161430965613 0.0 118.043
0.01804152 0.9969556067994808 0.0 118.226
0.0180289 0.9969556067994808 0.0 118.409
0.01801345 0.9969556067994808 0.0 118.594
0.01799738 0.9969556067994808 0.0 118.776
0.01798833 0.9970765760657266 0.0 118.957
0.01796639 0.9971370606988497 0.0 119.14
0.01795802 0.9972353482276743 0.0 119.324
0.01793423 0.9973764790382944 0.0 119.504
0.01792925 0.9974772867601659 0.0 119.687
0.01790433 0.9975377713932887 0.0 119.867
0.01789745 0.9976360589221135 0.0 120.05
0.01787508 0.9976166534356532 0.0 120.23
0.01786562 0.9974974483045401 0.0 120.414
0.0178476 0.9973966405826686 0.0 120.596
0.01783371 0.9973764790382944 0.0 120.777
0.01782105 0.9972756713164228 0.0 120.961
0.0178015 0.9971950251389258 0.0 121.144
0.01779257 0.9971756196524654 0.0 121.325
0.01777079 0.997096737610101 0.0 121.507
0.01776576 0.9969959298882295 0.0 121.69
0.01774153 0.9969556067994808 0.0 121.874
0.01773405 0.9969354452551066 0.0 122.056
0.0177103 0.9969556067994808 0.0 122.237
0.01770257 0.996895122166358 0.0 122.416
0.01768953 0.9967960785796193 0.0 122.599
0.01767135 0.9968346375332351 0.0 122.782
0.01765688 0.996895122166358 0.0 122.967
0.01763856 0.9969556067994808 0.0 123.149
0.01762824 0.9969556067994808 0.0 123.33
0.01760701 0.9969959298882295 0.0 123.514
0.01760103 0.9969152837107323 0.0 123.693
0.01757576 0.9969354452551066 0.0 123.876
0.01756994 0.9969959298882295 0.0 124.059
0.01754693 0.9969556067994808 0.0 124.24
0.01753864 0.9968547990776093 0.0 124.421
0.01752087 0.9968547990776093 0.0 124.603
0.01750695 0.9970362529769781 0.0 124.785
0.01749259 0.9971756196524654 0.0 124.966
0.0174745 0.9972353482276743 0.0 125.149
0.01746826 0.9972756713164228 0.0 125.328
0.01744487 0.9974772867601659 0.0 125.509
0.01743755 0.9976360589221135 0.0 125.692
0.01741405 0.9978376743658565 0.0 125.872
0.01740751 0.9978974029410653 0.0 126.056
0.01738436 0.9976166534356532 0.0 126.239
0.01737544 0.9974974483045401 0.0 126.425
0.01735665 0.9973966405826686 0.0 126.606
0.01734362 0.9973764790382944 0.0 126.789
0.01733003 0.9974369636714173 0.0 126.969
0.01731205 0.9975579329376631 0.0 127.152
0.01730337 0.9974974483045401 0.0 127.332
0.0172808 0.9972756713164228 0.0 127.513
0.01727435 0.9969757683438552 0.0 127.695
0.01725006 0.9968346375332351 0.0 127.876
0.01724409 0.9967363500044104 0.0 128.058
0.01722144 0.9965548961050418 0.0 128.241
0.01721181 0.9965347345606673 0.0 128.42
0.0171943 0.9965347345606673 0.0 128.602
0.01718008 0.9968353935911491 0.0 128.788
0.01716602 0.9972562658299626 0.0 128.972
0.01714872 0.9974772867601659 0.0 129.152
0.01714014 0.9975579329376631 0.0 129.332
0.01711682 0.997596491891279 0.0 129.513
0.01711043 0.9976562204664878 0.0 129.694
0.01708632 0.9976360589221135 0.0 129.879
0.01708036 0.9977771897327335 0.0 130.061
0.01705735 0.9978981589989794 0.0 130.242
0.01704832 0.9979568794969694 0.0 130.425
0.01703109 0.9979762849834298 0.0 130.607
0.01701643 0.9977973512771079 0.0 130.785
0.01700381 0.9976569765244018 0.0 130.966
0.01698491 0.9975176098489145 0.0 131.145
0.01697667 0.9974974483045401 0.0 131.326
0.01695376 0.9975773384241233 0.0 131.51
0.0169482 0.9976562204664878 0.0 131.692
0.0169233 0.9974974483045401 0.0 131.875
0.01691681 0.9973159944051715 0.0 132.057
0.01689462 0.9972756713164228 0.0 132.237
0.01688568 0.9973764790382944 0.0 132.417
0.01686776 0.9975176098489145 0.0 132.599
0.01685321 0.9976965435552364 0.0 132.78
0.01684055 0.9978376743658565 0.0 132.966
0.01682106 0.9978175128214821 0.0 133.147
0.01681222 0.9977973512771079 0.0 133.333
0.01678931 0.9977973512771079 0.0 133.514
0.01678372 0.9977973512771079 0.0 133.697
0.0167583 0.9977771897327335 0.0 133.881
0.01675317 0.9977167050996106 0.0 134.067
0.01673039 0.9975773384241233 0.0 134.248
0.01672135 0.9975176098489145 0.0 134.431
0.01670207 0.9974772867601659 0.0 134.615
0.01668901 0.9973159944051715 0.0 134.796
0.016674 0.9972756713164228 0.0 134.981
0.01665709 0.9974772867601659 0.0 135.162
0.01664839 0.9976166534356532 0.0 135.344
0.01662566 0.997596491891279 0.0 135.522
0.01661949 0.9975579329376631 0.0 135.704
0.01659492 0.9976166534356532 0.0 135.884
0.01658897 0.997736866643985 0.0 136.064
0.01656577 0.9977973512771079 0.0 136.247
0.01655749 0.9975773384241233 0.0 136.427
0.01654038 0.9974772867601659 0.0 136.609
0.01652576 0.9976368149800274 0.0 136.79
0.01651239 0.9977167050996106 0.0 136.971
0.01649367 0.997736866643985 0.0 137.153
0.01648542 0.997736866643985 0.0 137.334
0.01646253 0.9977973512771079 0.0 137.51
0.01645784 0.9977771897327335 0.0 137.688
0.01643321 0.9976965435552364 0.0 137.865
0.01642607 0.9976360589221135 0.0 138.049
0.01640583 0.9976562204664878 0.0 138.227
0.0163937 0.9977973512771079 0.0 138.41
0.01638127 0.9979377260298139 0.0 138.592
0.01636241 0.9979568794969694 0.0 138.775
0.01635137 0.9980166080721784 0.0 138.955
0.01633008 0.9980770927053013 0.0 139.138
0.01632285 0.9981577388827985 0.0 139.321
0.01629951 0.9981174157940499 0.0 139.502
0.01629255 0.9979367179525952 0.0 139.684
0.01626759 0.997736866643985 0.0 139.868
0.01626135 0.9976965435552364 0.0 140.05
0.01623919 0.9976763820108621 0.0 140.228
0.01622914 0.9975773384241233 0.0 140.408
0.0162126 0.9975377713932887 0.0 140.591
0.0161975 0.9976166534356532 0.0 140.774
0.01618452 0.9977570281883593 0.0 140.954
0.01616607 0.9978578359102307 0.0 141.134
0.01615946 0.9977973512771079 0.0 141.316
0.01613507 0.997736866643985 0.0 141.497
0.01612949 0.9977771897327335 0.0 141.678
0.01610432 0.9979568794969694 0.0 141.858
0.01609753 0.9979568794969694 0.0 142.04
0.01608198 0.9978779974546051 0.0 142.222
0.01606654 0.9979568794969694 0.0 142.404
0.01605006 0.9980972542496755 0.0 142.583
0.01603363 0.9980367696165526 0.0 142.764
0.01602268 0.9978175128214821 0.0 142.946
0.01600186 0.9975974999684976 0.0 143.127
0.01599419 0.9975176098489145 0.0 143.313
0.01597068 0.9975377713932887 0.0 143.49
0.0159651 0.9976562204664878 0.0 143.669
0.01594085 0.9977771897327335 0.0 143.849
0.01593342 0.9977973512771079 0.0 144.028
0.01591469 0.9977973512771079 0.0 144.211
0.01590135 0.9977973512771079 0.0 144.392
0.01588611 0.9977570281883593 0.0 144.578
0.01586944 0.9976763820108621 0.0 144.759
0.01586094 0.9976562204664878 0.0 144.945
0.01583849 0.9975773384241233 0.0 145.125
0.01582949 0.9974974483045401 0.0 145.308
0.01580586 0.9974974483045401 0.0 145.495
0.01579941 0.9975377713932887 0.0 145.678
0.01577493 0.9974974483045401 0.0 145.863
0.01576802 0.9974974483045401 0.0 146.049
0.01574709 0.9974974483045401 0.0 146.23
0.01573735 0.9974974483045401 0.0 146.412
0.01572037 0.9973159944051715 0.0 146.591
0.01570493 0.9971564661853098 0.0 146.773
0.01569449 0.9971370606988497 0.0 146.951
0.01567321 0.9973159944051715 0.0 147.132
0.01566522 0.9975773384241233 0.0 147.315
0.01564208 0.9977570281883593 0.0 147.499
0.01563716 0.9979175644854396 0.0 147.681
0.01561211 0.9979762849834298 0.0 147.861
0.015605 0.9980972542496755 0.0 148.042
0.01558352 0.9980770927053013 0.0 148.225
0.01557238 0.997736866643985 0.0 148.405
0.0155593 0.9976763820108621 0.0 148.587
0.01554103 0.9977771897327335 0.0 148.769
0.01552882 0.9978175128214821 0.0 148.952
0.01550881 0.9977771897327335 0.0 149.135
0.01549978 0.9976763820108621 0.0 149.323
0.01547687 0.9977973512771079 0.0 149.506
0.01547101 0.9979568794969694 0.0 149.687
0.01544662 0.9979367179525952 0.0 149.873
0.01544011 0.9977167050996106 0.0 150.052
0.01541799 0.9976965435552364 0.0 150.236
0.01540807 0.9977771897327335 0.0 150.419
0.01539107 0.9976166534356532 0.0 150.603
0.01537558 0.9973966405826686 0.0 150.784
0.0153628 0.9973764790382944 0.0 150.964
0.01534054 0.9974672059879788 0.0 151.25
0.01532167 0.9975377713932887 0.0 151.427
0.01531005 0.9975176098489145 0.0 151.595
0.01529917 0.9973764790382944 0.0 151.759
0.01527859 0.9972756713164228 0.0 151.937
0.01527273 0.9972555097720486 0.0 152.118
0.01524828 0.9973159944051715 0.0 152.302
0.01524153 0.9974571252157917 0.0 152.486
0.01521638 0.9974369636714173 0.0 152.671
0.01521014 0.997215942741214 0.0 152.851
0.01518861 0.9971766277296841 0.0 153.03
0.01517804 0.997416802127043 0.0 153.211
0.01516231 0.9976562204664878 0.0 153.392
0.01514576 0.9978175128214821 0.0 153.57
0.0151346 0.9978981589989794 0.0 153.753
0.01511423 0.9978578359102307 0.0 153.933
0.0151064 0.9978175128214821 0.0 154.113
0.01508217 0.9978175128214821 0.0 154.295
0.01507793 0.997736866643985 0.0 154.476
0.0150534 0.9976763820108621 0.0 154.659
0.01504632 0.9976562204664878 0.0 154.842
0.0150269 0.9974571252157917 0.0 155.023
0.01501427 0.9973764790382944 0.0 155.204
0.01499867 0.9974369636714173 0.0 155.386
0.01498172 0.9976166534356532 0.0 155.566
0.01497423 0.9978175128214821 0.0 155.749
0.01495029 0.9977973512771079 0.0 155.931
0.01494218 0.9975974999684976 0.0 156.111
0.01491719 0.9975176098489145 0.0 156.292
0.01491328 0.9976166534356532 0.0 156.471
0.01489059 0.9977771897327335 0.0 156.65
0.0148814 0.9977973512771079 0.0 156.831
0.01486156 0.9979568794969694 0.0 157.013
0.01484963 0.997916556408221 0.0 157.194
0.01483603 0.9975773384241233 0.0 157.376
0.01481752 0.9974571252157917 0.0 157.56
0.01480662 0.9976166534356532 0.0 157.743
0.01478568 0.997736866643985 0.0 157.924
0.01477717 0.9977973512771079 0.0 158.11
0.01475383 0.9978376743658565 0.0 158.295
0.01474851 0.9978578359102307 0.0 158.471
0.0147262 0.9978376743658565 0.0 158.653
0.01471699 0.9977570281883593 0.0 158.83
0.01469654 0.997736866643985 0.0 159.012
0.01468439 0.9978175128214821 0.0 159.195
0.01467548 0.9979964465278041 0.0 159.373
0.01465363 0.9981577388827985 0.0 159.552
0.01464331 0.9981980619715471 0.0 159.736
0.01462112 0.9980770927053013 0.0 159.917
0.0146143 0.9980367696165526 0.0 160.095
0.01458993 0.9979964465278041 0.0 160.277
0.01458463 0.9979377260298139 0.0 160.458
0.01456106 0.9978779974546051 0.0 160.64
0.01455198 0.9979175644854396 0.0 160.821
0.01453392 0.9981174157940499 0.0 161.001
0.01451993 0.9983374286470345 0.0 161.182
0.01450784 0.998376995677869 0.0 161.362
0.01448783 0.9982981136355046 0.0 161.541
0.01447959 0.9982787081490442 0.0 161.723
0.0144565 0.9982981136355046 0.0 161.907
0.01445226 0.9983568341334946 0.0 162.088
0.01442777 0.9984576418553661 0.0 162.27
0.01442035 0.9987189858743181 0.0 162.453
0.01439688 0.9988785140941797 0.0 162.633
0.01438747 0.9989389987273025 0.0 162.819
0.01436924 0.9987784624302222 0.0 163.001
0.01435519 0.998578611121612 0.0 163.183
0.01434221 0.9985181264884891 0.0 163.364
0.01432315 0.9985181264884891 0.0 163.547
0.01431464 0.9985181264884891 0.0 163.728
0.01429134 0.9985181264884891 0.0 163.911
0.01428567 0.9986189342103605 0.0 164.094
0.01426103 0.9986390957547349 0.0 164.274
0.01425455 0.9987583008858479 0.0 164.456
0.01423205 0.9989188371829282 0.0 164.637
0.0142219 0.9989994833604254 0.0 164.818
0.01420582 0.9988785140941797 0.0 164.996
0.01419026 0.9986988243299437 0.0 165.179
0.01415548 0.9984778033997405 0.0 165.638
0.01412484 0.998376995677869 0.0 165.958
0.0141156 0.9983172671026601 0.0 166.141
0.01409326 0.9983971572222433 0.0 166.32
0.01408665 0.9984374803109919 0.0 166.497
0.01406214 0.9984576418553661 0.0 166.675
0.01405616 0.9985181264884891 0.0 166.858
0.0140341 0.9985181264884891 0.0 167.038
0.0139966 0.9982182235159214 0.0 167.482
0.01399104 0.9982182235159214 0.0 167.665
0.01396657 0.9983374286470345 0.0 167.846
0.01395857 0.9983971572222433 0.0 168.022
0.01394064 0.9983568341334946 0.0 168.202
0.01392602 0.9983366725891204 0.0 168.384
0.01392349 0.9982779520911302 0.0 168.561
0.01392161 0.9981375773384241 0.0 168.743
0.01392119 0.9981174157940499 0.0 168.924
0.01392024 0.99825854660467 0.0 169.104
0.01391963 0.9983575901914087 0.0 169.288
0.01391948 0.9984576418553661 0.0 169.467
0.013919 0.9984173187666175 0.0 169.648
0.01391862 0.9984173187666175 0.0 169.826
0.01391837 0.9985382880328634 0.0 170.009
0.01391864 0.9986390957547349 0.0 170.19
0.01391811 0.9986189342103605 0.0 170.371
0.0139185 0.9984576418553661 0.0 170.552
0.01391753 0.9982383850602957 0.0 170.733
0.01391836 0.9982182235159214 0.0 170.915
0.0139182 0.9983374286470345 0.0 171.095
0.01391782 0.9984576418553661 0.0 171.277
0.01391811 0.9984374803109919 0.0 171.461
0.0139178 0.9983971572222433 0.0 171.641
0.01391776 0.9982779520911302 0.0 171.817
0.01391775 0.9982779520911302 0.0 171.998
0.01391735 0.9983971572222433 0.0 172.18
0.01391757 0.9983971572222433 0.0 172.361
0.01391794 0.9983172671026601 0.0 172.542
0.01391756 0.9982383850602957 0.0 172.723
0.01391769 0.998376995677869 0.0 172.903
0.01391771 0.9984778033997405 0.0 173.086
0.01391732 0.9986390957547349 0.0 173.266
0.01391773 0.9988381910054311 0.0 173.447
0.01391797 0.9988583525498054 0.0 173.628
0.01391768 0.9987784624302222 0.0 173.811
0.01391746 0.9985987726659862 0.0 173.99
0.01391757 0.9984778033997405 0.0 174.168
0.01391715 0.9984778033997405 0.0 174.35
0.01391734 0.9986189342103605 0.0 174.528
0.01391714 0.9988180294610568 0.0 174.707
0.01391733 0.9988583525498054 0.0 174.89
0.01391792 0.9988180294610568 0.0 175.07
0.01391695 0.9986988243299437 0.0 175.249
0.01391708 0.9984979649441147 0.0 175.433
0.01391774 0.9983172671026601 0.0 175.615
0.01391701 0.9982787081490442 0.0 175.796
0.01391734 0.9983374286470345 0.0 175.978
0.01391724 0.9984576418553661 0.0 176.16
0.0139171 0.9986189342103605 0.0 176.345
0.01391726 0.9987784624302222 0.0 176.526
0.01391729 0.9989188371829282 0.0 176.711
0.01391742 0.9989591602716769 0.0 176.893
0.0139168 0.9988785140941797 0.0 177.079
0.0139174 0.9988180294610568 0.0 177.263
0.01391756 0.9988180294610568 0.0 177.445
0.01391695 0.9988583525498054 0.0 177.626
0.01391693 0.9989389987273025 0.0 177.804
0.01391677 0.999039806449174 0.0 177.985
0.01391701 0.9990793734800086 0.0 178.166
0.01391703 0.999039806449174 0.0 178.348
0.01391704 0.9989389987273025 0.0 178.533
0.01391663 0.9989389987273025 0.0 178.716
0.01391662 0.9989389987273025 0.0 178.9
0.01391749 0.9989389987273025 0.0 179.083
0.0139175 0.9989793218160512 0.0 179.43
0.01391666 0.9990793734800086 0.0 179.617
0.01391701 0.9991784170667474 0.0 179.798
0.01391729 0.9993792764525763 0.0 179.981
0.01391715 0.9995388046724379 0.0 180.165
0.01391686 0.9996194508499352 0.0 180.345
0.0139171 0.9996597739386838 0.0 180.527
0.01391719 0.9996597739386838 0.0 180.709
0.01391744 0.9997000970274325 0.0 180.89
0.013917 0.9997202585718067 0.0 181.072
0.01391677 0.9996396123943094 0.0 181.255
0.01391756 0.9996194508499352 0.0 181.439
0.01391686 0.9996597739386838 0.0 181.621
0.01391668 0.9996597739386838 0.0 181.802
0.0139173 0.9997000970274325 0.0 181.978
0.01391714 0.9997404201161809 0.0 182.161
0.01391709 0.9998394637029198 0.0 182.341
0.01391731 1.0 0.0 182.52
0.01391699 0.9998797867916682 0.0 182.704
0.01391698 0.9995589662168122 0.0 182.886
0.01391715 0.9993397094217418 0.0 183.067
0.01391715 0.9992993863329932 0.0 183.251
0.01391682 0.9994195995413249 0.0 183.434
0.01391657 0.9995589662168122 0.0 183.62
0.01391696 0.9994984815836894 0.0 183.801
0.01391713 0.9995388046724379 0.0 183.985
0.01391721 0.9997202585718067 0.0 184.167
0.01391707 0.9997807432049295 0.0 184.348
0.01391738 0.9997605816605553 0.0 184.53
0.01391737 0.9995589662168122 0.0 184.711
0.01391705 0.9992993863329932 0.0 184.893
0.01391736 0.9991186884915385 0.0 185.074
0.01391754 0.9989994833604254 0.0 185.254
0.01391681 0.9989389987273025 0.0 185.436
0.01391719 0.9989188371829282 0.0 185.613
0.01391696 0.9987978679166825 0.0 185.794
