X_channel Y_channel II_channel timestamp
0.02675761 0.9703046513445137 0.0 0.0
0.02675741 0.9711361057082913 0.0 0.177
0.02675792 0.9719693092645253 0.0 0.359
0.02675729 0.972695055324823 0.0 0.54
0.02675731 0.9734234500779522 0.0 0.72
0.02675785 0.9741730125215232 0.0 0.903
0.02675777 0.9748582557006764 0.0 1.085
0.0267575 0.9753782089350772 0.0 1.265
0.02675722 0.9757516304803191 0.0 1.446
0.02675748 0.975938807779635 0.0 1.625
0.0267572 0.9763130137626385 0.0 1.809
0.02675692 0.9767902967327171 0.0 1.995
0.02674376 0.9771318010219707 0.0 2.18
0.0267416 0.9773966898675653 0.0 2.36
0.02672453 0.9775838038270651 0.0 2.539
0.02671857 0.977713690697396 0.0 2.719
0.0267065 0.9778922510510643 0.0 2.898
0.02669463 0.9782159484008252 0.0 3.078
0.02668568 0.9788379992495859 0.0 3.258
0.02667078 0.9794873575968219 0.0 3.441
0.02666725 0.9798735448847067 0.0 3.621
0.02664822 0.9802002813510977 0.0 3.802
0.0266438 0.9805633042087831 0.0 3.984
0.02662472 0.9809317085069029 0.0 4.165
0.02661968 0.9812722370541699 0.0 4.35
0.02660397 0.9815451483362821 0.0 4.532
0.02659519 0.9816906697336251 0.0 4.71
0.0265837 0.9816411577970638 0.0 4.89
0.02657076 0.9818364609392574 0.0 5.072
0.02656308 0.9823578470673242 0.0 5.253
0.02654679 0.9828156657904712 0.0 5.432
0.02654124 0.9831349600676906 0.0 5.616
0.02652307 0.9833597776253491 0.0 5.799
0.02651931 0.9835987943696977 0.0 5.979
0.0265005 0.9836983174451603 0.0 6.159
0.02649429 0.9838901614530138 0.0 6.346
0.02647979 0.98420694473232 0.0 6.527
0.02647004 0.9845773837743443 0.0 6.708
0.02645789 0.9848181628756718 0.0 6.89
0.02644482 0.9848882819857548 0.0 7.073
0.0264367 0.9852010489169835 0.0 7.255
0.02642084 0.9854942143615317 0.0 7.436
0.02641617 0.9856681419329734 0.0 7.616
0.02639718 0.9858708585313062 0.0 7.798
0.02639289 0.9863583271712196 0.0 7.978
0.02637409 0.98676873540909 0.0 8.159
0.02636749 0.9871677984096892 0.0 8.341
0.02635252 0.9873796891537704 0.0 8.522
0.02634261 0.9874157944123978 0.0 8.701
0.02633264 0.9873707333396081 0.0 8.884
0.02631779 0.987500057204356 0.0 9.065
0.0263105 0.9876691901059452 0.0 9.248
0.02629322 0.9877286557096786 0.0 9.428
0.02628836 0.9878001152436022 0.0 9.609
0.02626879 0.9877929604717378 0.0 9.787
0.02626469 0.9879081230352915 0.0 9.971
0.02624745 0.9881550094879996 0.0 10.15
0.02623962 0.9884672337830528 0.0 10.332
0.02622563 0.988660297857431 0.0 10.514
0.02621395 0.9886720720010171 0.0 10.697
0.02620347 0.9886458334306136 0.0 10.878
0.02618851 0.9888591726274205 0.0 11.06
0.02618203 0.9891747178533906 0.0 11.244
0.02616383 0.9893362838452434 0.0 11.423
0.02615983 0.9893672754403601 0.0 11.605
0.02613956 0.989151936623019 0.0 11.787
0.02613451 0.9890557032579639 0.0 11.968
0.02611642 0.9891349935440977 0.0 12.149
0.02610889 0.9894277348082253 0.0 12.33
0.02609628 0.9895196862201656 0.0 12.508
0.02608432 0.9894288723563442 0.0 12.688
0.02607456 0.989465277422548 0.0 12.868
0.02605826 0.9896325905308792 0.0 13.054
0.02605168 0.9898649835634699 0.0 13.235
0.02603344 0.9901109732276498 0.0 13.415
0.02602978 0.9902663164754781 0.0 13.597
0.02600974 0.9904450915859705 0.0 13.778
0.02600334 0.990510777694077 0.0 13.96
0.02598689 0.9905113154849872 0.0 14.142
0.02597812 0.9907191000159015 0.0 14.324
0.02596503 0.9911215220768147 0.0 14.504
0.02595216 0.9917732837584043 0.0 14.684
0.02594335 0.9923949935645725 0.0 14.863
0.02592634 0.992850132598892 0.0 15.045
0.02592051 0.9929808977872251 0.0 15.227
0.02590048 0.9930122781217463 0.0 15.412
0.02589689 0.9933366166809053 0.0 15.593
0.02587885 0.9936227912177834 0.0 15.775
0.02587106 0.9938728520824773 0.0 15.955
0.02585286 0.9939523754654374 0.0 16.136
0.0258445 0.9939522331516467 0.0 16.318
0.02583178 0.993920246361927 0.0 16.499
0.02581831 0.9939471880648446 0.0 16.68
0.02580885 0.9941105308979721 0.0 16.862
0.02579275 0.9942780430488701 0.0 17.045
0.0257864 0.9946968570224286 0.0 17.228
0.02576721 0.9950008721371042 0.0 17.409
0.0257621 0.9951542421513218 0.0 17.592
0.0257416 0.9952070190218923 0.0 17.773
0.02573667 0.9954224121452262 0.0 17.958
0.02571789 0.995685637481918 0.0 18.137
0.02570997 0.9959981114438012 0.0 18.317
0.02569778 0.996174312146845 0.0 18.498
0.02568347 0.9964077778739174 0.0 18.68
0.02567314 0.996485325154891 0.0 18.86
0.02565749 0.9964041449232808 0.0 19.041
0.02565371 0.9964572334237325 0.0 19.22
0.02563383 0.9966974945477578 0.0 19.4
0.02562696 0.996949920064607 0.0 19.582
0.0256072 0.997065231139398 0.0 19.764
0.02559996 0.9971513196004703 0.0 19.946
0.02558264 0.9971702545183923 0.0 20.13
0.02557347 0.9969802007406153 0.0 20.311
0.02556139 0.9969706178213166 0.0 20.489
0.02554698 0.9971630345510132 0.0 20.668
0.02553897 0.9972453411362155 0.0 20.848
0.02552078 0.9973455318449579 0.0 21.028
0.02551611 0.9974380765559564 0.0 21.209
0.02549532 0.9974474632775288 0.0 21.39
0.02549044 0.9975793707161839 0.0 21.571
0.02547003 0.9975904899042096 0.0 21.753
0.02546313 0.9976565353001978 0.0 21.934
0.02545019 0.9976447658289107 0.0 22.117
0.02543661 0.9977122143452303 0.0 22.297
0.02542455 0.997681803855795 0.0 22.479
0.02540941 0.9977479203108137 0.0 22.66
0.02540123 0.9978732982713592 0.0 22.84
0.02538233 0.9979090644002471 0.0 23.019
0.02537768 0.9979181945352017 0.0 23.199
0.02535748 0.9977212683196521 0.0 23.382
0.02535164 0.9976648345095115 0.0 23.565
0.02533286 0.9977009086305632 0.0 23.746
0.02532469 0.9975760440732648 0.0 23.929
0.02530984 0.9975386142835313 0.0 24.117
0.0252971 0.9976524707931932 0.0 24.297
0.0252863 0.9978103073358346 0.0 24.476
0.02527044 0.9978537297933022 0.0 24.656
0.02526346 0.997794432739749 0.0 24.836
0.02524352 0.9976407056124152 0.0 25.018
0.02523886 0.9976907270165861 0.0 25.197
0.02521756 0.9978455267966375 0.0 25.381
0.02521172 0.9979949826637896 0.0 25.564
0.02519611 0.9979764789909894 0.0 25.744
0.02518454 0.9980098530153645 0.0 25.927
0.02516935 0.9980549452786907 0.0 26.11
0.0251564 0.9982080811125253 0.0 26.293
0.02514521 0.9983458426593314 0.0 26.474
0.02512958 0.9984523384087411 0.0 26.656
0.02512213 0.9985351627179654 0.0 26.841
0.02510251 0.9984856883969563 0.0 27.023
0.02509726 0.9984724506868357 0.0 27.203
0.0250763 0.9984196042029423 0.0 27.385
0.02507028 0.9984877882307325 0.0 27.566
0.02505265 0.9986509519743152 0.0 27.747
0.02504356 0.9990422043064277 0.0 27.926
0.02502876 0.9993364588583322 0.0 28.109
0.02501573 0.9994069886794084 0.0 28.293
0.02500507 0.9994616155641242 0.0 28.48
0.02498803 0.9995019635243176 0.0 28.66
0.02497958 0.9996465447170602 0.0 28.844
0.02496003 0.9997203938163852 0.0 29.032
0.02495417 0.9996639366846184 0.0 29.214
0.02493323 0.9996110967144908 0.0 29.397
0.02492835 0.9995987833311004 0.0 29.578
0.02490806 0.9996517490311659 0.0 29.764
0.02490058 0.9996537071749897 0.0 29.946
0.02488384 0.9996114711775996 0.0 30.128
0.02487242 0.9995826598986436 0.0 30.311
0.02485933 0.9996329543037689 0.0 30.492
0.02484466 0.9996376023477108 0.0 30.667
0.02483656 0.9995963403270304 0.0 30.851
0.02481739 0.9996513382098887 0.0 31.032
0.02481155 0.9997389174400007 0.0 31.214
0.02478989 0.9997259274189892 0.0 31.397
0.02478438 0.9996703773059763 0.0 31.579
0.02476325 0.9996795529031086 0.0 31.764
0.02475621 0.9996617958329044 0.0 31.94
0.02474144 0.9995828973140514 0.0 32.12
0.02472797 0.9994864605611058 0.0 32.299
0.02471724 0.9995010475420277 0.0 32.479
0.02470083 0.9994596695893986 0.0 32.662
0.02469238 0.9995632868182709 0.0 32.847
0.02467276 0.9995762734742037 0.0 33.026
0.02466758 0.9994799356243775 0.0 33.207
0.0246463 0.9996950991193123 0.0 33.389
0.0246397 0.9999683425981708 0.0 33.575
0.02461996 1.0 0.0 33.756
0.02461139 0.999978384762897 0.0 33.938
0.02459916 0.9999475398992198 0.0 34.119
0.02458337 0.9999077192958035 0.0 34.302
0.02457046 0.9999376061988298 0.0 34.481
0.02455479 0.9998980914626878 0.0 34.664
0.02454713 0.9998163380848658 0.0 34.845
0.02452703 0.9997656619979376 0.0 35.025
0.02452145 0.9996709501925611 0.0 35.207
0.02449966 0.999511973448645 0.0 35.388
0.02449427 0.999560819566784 0.0 35.572
0.02447384 0.999694011140403 0.0 35.751
0.02446524 0.999776377446226 0.0 35.934
0.02445036 0.9997596785011558 0.0 36.114
0.02443654 0.9997664594841795 0.0 36.294
0.02442482 0.9997577265229207 0.0 36.477
0.02440878 0.9996548842625905 0.0 36.657
0.02440231 0.9996385798711369 0.0 36.84
0.02438087 0.9996885753548059 0.0 37.02
0.02437419 0.9996509386489854 0.0 37.206
0.02435219 0.9995747033136378 0.0 37.388
0.02434758 0.9996860825200393 0.0 37.57
0.02432741 0.9996760846830345 0.0 37.754
0.02431834 0.9995102270637182 0.0 37.937
0.02430386 0.9994529517624517 0.0 38.121
0.0242897 0.9994997031831172 0.0 38.302
0.02427664 0.9995897794085794 0.0 38.48
0.02426068 0.9995287794126432 0.0 38.661
0.02425232 0.999507722842874 0.0 38.84
0.02423307 0.9994592406935904 0.0 39.019
0.02422737 0.9995072739753577 0.0 39.202
0.02420477 0.9993055745443592 0.0 39.386
0.02419942 0.9990235941419152 0.0 39.566
0.02417883 0.9988885953284515 0.0 39.748
0.02417053 0.9988079275119386 0.0 39.932
0.02415477 0.9988488406600614 0.0 40.115
0.02414132 0.9989189539545077 0.0 40.296
0.02412955 0.9987853811728958 0.0 40.478
0.02411258 0.9986413337756309 0.0 40.658
0.02410556 0.9985197262156298 0.0 40.835
0.02408464 0.9985710526814163 0.0 41.012
0.02407886 0.9986370692619885 0.0 41.192
0.02405657 0.9985810045466733 0.0 41.373
0.02405012 0.9986687162197235 0.0 41.558
0.024031 0.9987869124648339 0.0 41.74
0.02402089 0.998782267081137 0.0 41.921
0.02400712 0.9986229244390706 0.0 42.101
0.02399283 0.9984207178372464 0.0 42.283
0.02398141 0.9984959212648093 0.0 42.464
0.02396391 0.9984727032903823 0.0 42.646
0.02395622 0.9983494599328039 0.0 42.827
0.0239353 0.9981540046529866 0.0 43.01
0.02392992 0.9980781421093057 0.0 43.194
0.02390818 0.9980235117988299 0.0 43.375
0.02390059 0.9980252192782303 0.0 43.557
0.02388152 0.9980396379625366 0.0 43.737
0.02387186 0.9979114794058032 0.0 43.92
0.02385972 0.9977770977066324 0.0 44.1
0.02384308 0.9977768544700113 0.0 44.28
0.02383183 0.9977278230424652 0.0 44.463
0.02381369 0.9975991684291978 0.0 44.645
0.02380606 0.9976007831675747 0.0 44.825
0.02378495 0.997651642230699 0.0 45.005
0.02377989 0.997763572258858 0.0 45.188
0.02375784 0.9978302337565809 0.0 45.369
0.0237503 0.9977913066105166 0.0 45.55
0.02373201 0.9975394955566482 0.0 45.731
0.02372049 0.9973859592070997 0.0 45.913
0.02370771 0.9973131240204038 0.0 46.095
0.02369177 0.9971087940652194 0.0 46.279
0.02368208 0.9970637141040786 0.0 46.464
0.02366241 0.9970974321848552 0.0 46.646
0.02365502 0.9970165936773869 0.0 46.83
0.02363382 0.9967557638452995 0.0 47.011
0.02362905 0.9967230368911703 0.0 47.188
0.02360658 0.996728982311833 0.0 47.367
0.02359856 0.9967711612614162 0.0 47.549
0.02358423 0.9968390399440356 0.0 47.732
0.02356977 0.9969878176432345 0.0 47.913
0.02355617 0.9969944531796978 0.0 48.095
0.02354046 0.9966877685210707 0.0 48.276
0.02353061 0.9964562569852498 0.0 48.455
0.02351029 0.9961372843794051 0.0 48.635
0.02350417 0.99587544714873 0.0 48.82
0.02348211 0.9955926449986223 0.0 49.001
0.02347606 0.9955774963323109 0.0 49.184
0.02345432 0.9957505985167422 0.0 49.368
0.02344647 0.9957516963582677 0.0 49.548
0.02342921 0.9957699616538972 0.0 49.731
0.0234167 0.9959028500775952 0.0 49.912
0.02340343 0.9958903718439094 0.0 50.096
0.02338737 0.9957878996045618 0.0 50.279
0.02337872 0.9957039868150052 0.0 50.461
0.02335848 0.9957363194083121 0.0 50.642
0.02335112 0.9957386439768442 0.0 50.824
0.02332917 0.9955195182265774 0.0 51.005
0.02332375 0.9955879109823214 0.0 51.184
0.02330489 0.9956436687951139 0.0 51.368
0.02329424 0.9953698611990596 0.0 51.55
0.02327668 0.9949550834413966 0.0 51.731
0.02326385 0.994489929942213 0.0 51.911
0.02325084 0.9938392075920791 0.0 52.09
0.02323448 0.9936749129043468 0.0 52.27
0.0232241 0.9939998150008089 0.0 52.452
0.02320498 0.9942605956543943 0.0 52.635
0.02319799 0.9945931542974803 0.0 52.822
0.02317608 0.9948476916526197 0.0 53.004
0.02316981 0.9948727197161263 0.0 53.185
0.02314743 0.9948375085431047 0.0 53.363
0.02314016 0.9948815519515933 0.0 53.544
0.0231213 0.9948966187091396 0.0 53.724
0.02311024 0.9950944924018335 0.0 53.904
0.02309827 0.9952719344713534 0.0 54.084
0.0230808 0.9952896794530653 0.0 54.267
0.02307285 0.9952291057177483 0.0 54.445
0.02305123 0.9950091719059616 0.0 54.627
0.02304637 0.9949140857862534 0.0 54.808
0.02302545 0.994861798908996 0.0 54.988
0.02301649 0.9947582891856288 0.0 55.168
0.02299559 0.9946861101345255 0.0 55.347
0.02298616 0.994722150994217 0.0 55.531
0.02296937 0.9946602475873502 0.0 55.71
0.02295597 0.9945249360524971 0.0 55.892
0.02294332 0.9945140668494034 0.0 56.074
0.02292588 0.9944912342785599 0.0 56.257
0.02291706 0.994324111918554 0.0 56.44
0.0228963 0.9942722725283613 0.0 56.625
0.02288992 0.994339247024395 0.0 56.805
0.02286759 0.9943042154228918 0.0 56.983
0.02286093 0.9942668619898545 0.0 57.162
0.02284155 0.994114859616898 0.0 57.342
0.02283132 0.9939657622675058 0.0 57.524
0.02281814 0.9940357042746433 0.0 57.704
0.02280202 0.9943244282837744 0.0 57.885
0.02279034 0.9942952701338231 0.0 58.064
0.02277157 0.9941051887096469 0.0 58.244
0.02276366 0.9939619069568112 0.0 58.423
0.0227421 0.9939495473557545 0.0 58.599
0.02273738 0.9939792067947095 0.0 58.779
0.02271471 0.9939226434117573 0.0 58.963
0.02270678 0.9939235756432286 0.0 59.147
0.02268795 0.9937937363838658 0.0 59.328
0.02267609 0.993619147662171 0.0 59.51
0.0226629 0.9934852711699128 0.0 59.692
0.02264673 0.99344495271262 0.0 59.873
0.02263652 0.9932952185814706 0.0 60.056
0.02261642 0.9931415545670775 0.0 60.239
0.02260985 0.9930423335250683 0.0 60.421
0.02258718 0.9928841014529268 0.0 60.599
0.02258076 0.9928274624844832 0.0 60.779
0.02255868 0.992648202760126 0.0 60.96
0.02255105 0.9925049471895052 0.0 61.142
0.02253549 0.9923238329345907 0.0 61.327
0.02252112 0.9921431066593706 0.0 61.508
0.02250676 0.9921901872916239 0.0 61.689
0.02248973 0.9922909225457068 0.0 61.872
0.02247985 0.9922259530568204 0.0 62.054
0.02246038 0.9920747476271187 0.0 62.235
0.02245317 0.991953286933144 0.0 62.419
0.02243029 0.9918549519845836 0.0 62.601
0.02242505 0.9917805854468893 0.0 62.782
0.02240226 0.9914772940870608 0.0 62.964
0.0223941 0.9913949005791375 0.0 63.144
0.02237746 0.9914570232631786 0.0 63.324
0.02236394 0.9913820073178785 0.0 63.507
0.02235092 0.9912047486135146 0.0 63.688
0.02233352 0.9909364139747195 0.0 63.867
0.02232475 0.9907697427276075 0.0 64.047
0.02230378 0.9905546647649307 0.0 64.229
0.02229672 0.9904543471503371 0.0 64.408
0.02227525 0.9903596381427091 0.0 64.586
0.02226863 0.9903638932003798 0.0 64.769
0.02224704 0.9904551328838859 0.0 64.949
0.02223786 0.9904530288880166 0.0 65.13
0.02222227 0.99029016747346 0.0 65.312
0.02220773 0.9900479380578949 0.0 65.492
0.02219549 0.9897917778349018 0.0 65.672
0.02217738 0.989581329569563 0.0 65.855
0.02216849 0.9895385880045612 0.0 66.034
0.02214762 0.9895488849758943 0.0 66.218
0.02214193 0.9897209575879559 0.0 66.398
0.02211893 0.9895190989988775 0.0 66.577
0.0221116 0.9891725331768698 0.0 66.762
0.02209139 0.9888561142058521 0.0 66.944
0.02208085 0.9886032429969415 0.0 67.125
0.02206538 0.9881745168355491 0.0 67.307
0.02205041 0.9877677441584075 0.0 67.487
0.02204036 0.9875792205642083 0.0 67.668
0.02201983 0.9875697770956041 0.0 67.85
0.02201162 0.9874667381389997 0.0 68.033
0.02198996 0.9873097490733471 0.0 68.213
0.02198467 0.9871526838387786 0.0 68.395
0.02196104 0.9869719822270612 0.0 68.574
0.02195385 0.9866448146403769 0.0 68.756
0.02193569 0.9862716843931111 0.0 68.939
0.02192295 0.9859732274788304 0.0 69.121
0.02190788 0.9856284612162528 0.0 69.301
0.0218926 0.9853640913218469 0.0 69.487
0.02188065 0.9850883187361336 0.0 69.668
0.02186225 0.9847354085782708 0.0 69.849
0.02185409 0.9846325918923747 0.0 70.031
0.02183253 0.9845587503175905 0.0 70.214
0.02182692 0.9844020280406913 0.0 70.394
0.02180339 0.9840967548317546 0.0 70.573
0.02179633 0.9837718970564123 0.0 70.753
0.02178037 0.9835672279507545 0.0 70.934
0.02176569 0.9833476429181434 0.0 71.116
0.02175133 0.9830857192579373 0.0 71.296
0.02173424 0.9827354642986892 0.0 71.478
0.02172558 0.9823447536429968 0.0 71.657
0.02170422 0.9820468230014909 0.0 71.839
0.02169652 0.9816784055470997 0.0 72.02
0.02167411 0.981294266752194 0.0 72.202
0.0216687 0.9808713350201396 0.0 72.381
0.02164583 0.9804458489273431 0.0 72.559
0.02163882 0.9800996121543694 0.0 72.742
0.02161978 0.9796835948665332 0.0 72.922
0.02160677 0.9791997602624765 0.0 73.104
0.0215936 0.9785521013146926 0.0 73.284
0.02157633 0.9779357654668116 0.0 73.465
0.02156852 0.9775267353971865 0.0 73.647
0.02154603 0.9772039517064841 0.0 73.828
0.02154031 0.9767182263146533 0.0 74.007
0.02151705 0.9762921617446215 0.0 74.191
0.02151032 0.9759478260402579 0.0 74.373
0.02149271 0.9754736702106316 0.0 74.554
0.02148014 0.974888967325233 0.0 74.737
0.02146163 0.9742696835676675 0.0 74.917
0.02144794 0.973846513997404 0.0 75.097
0.02143465 0.9734442240017445 0.0 75.279
0.02141763 0.9728496123438269 0.0 75.456
0.02140845 0.9720880201993929 0.0 75.639
0.02138706 0.9713804168149203 0.0 75.82
0.02138035 0.9707689338132144 0.0 76.003
0.02135697 0.970281154487402 0.0 76.186
0.02135137 0.9696110054437853 0.0 76.37
0.02132935 0.9689433992709346 0.0 76.553
0.02131985 0.9683655448146218 0.0 76.734
0.02130227 0.9676881631127049 0.0 76.915
0.02128923 0.9669591182342884 0.0 77.097
0.02127783 0.966090360025937 0.0 77.279
0.02125913 0.9654096711938052 0.0 77.46
0.02124966 0.9648336226584074 0.0 77.64
0.02122716 0.9642659120379315 0.0 77.824
0.02122102 0.9636370748789728 0.0 78.005
0.021198 0.9629856658970225 0.0 78.186
0.02119187 0.9621515683392085 0.0 78.369
0.02116954 0.9613600716366815 0.0 78.551
0.02116028 0.9605175091053951 0.0 78.734
0.02114359 0.9596777929791992 0.0 78.915
0.02112967 0.9589273274456778 0.0 79.096
0.02111662 0.9580551924828307 0.0 79.278
0.02109907 0.9570699526517163 0.0 79.463
0.02108966 0.9561661542800622 0.0 79.649
0.0210683 0.9554592641417274 0.0 79.829
0.02106235 0.9546868448484811 0.0 80.01
0.02103891 0.9538314834559541 0.0 80.186
0.02103258 0.9530582398436598 0.0 80.369
0.02101009 0.9522878137851922 0.0 80.551
0.02100083 0.951548165126675 0.0 80.736
0.02098635 0.9508588021943656 0.0 80.919
0.02097035 0.9500823412137205 0.0 81.099
0.02095768 0.9492323695366592 0.0 81.28
0.0209387 0.9484912474308265 0.0 81.461
0.0209302 0.9480405596266847 0.0 81.642
0.02090839 0.9476614921442104 0.0 81.824
0.020903 0.9468083292953021 0.0 82.005
0.02087852 0.9459317208122244 0.0 82.184
0.02087167 0.9453002313331126 0.0 82.366
0.02085136 0.9445967841676609 0.0 82.546
0.02084108 0.9439580441913605 0.0 82.723
0.02082678 0.9433918248940788 0.0 82.903
0.02081063 0.9427805669380974 0.0 83.083
0.02079968 0.9422429360479548 0.0 83.266
0.02077942 0.942010469400268 0.0 83.445
0.02075189 0.9417099005847757 0.0 83.73
0.02074597 0.9413372707775495 0.0 83.903
0.02073631 0.9408440269935234 0.0 84.066
0.02071558 0.9405082685721151 0.0 84.234
0.02071137 0.9403558888399917 0.0 84.406
0.02068864 0.9402406700585584 0.0 84.592
0.0206806 0.9402217905897294 0.0 84.776
0.0206586 0.9402319663384494 0.0 84.953
0.02064875 0.9402706692850823 0.0 85.135
0.02063112 0.9403503540187371 0.0 85.316
0.02061711 0.9404823257659414 0.0 85.498
0.02060528 0.9406392435719501 0.0 85.679
0.02058613 0.9408191408395568 0.0 85.861
0.02057838 0.9409838191560559 0.0 86.042
0.02055536 0.9411151864739066 0.0 86.222
0.02055028 0.9414707944501652 0.0 86.401
0.02052724 0.9421746096671284 0.0 86.581
0.02051884 0.9429326348631072 0.0 86.763
0.02049948 0.9434595567486779 0.0 86.944
0.02048809 0.9439452052051576 0.0 87.126
0.02047365 0.944402262124674 0.0 87.307
0.02045684 0.9448742969906158 0.0 87.489
0.02044628 0.9455034355016225 0.0 87.67
0.0204261 0.946151794059924 0.0 87.852
0.0204207 0.946978429870203 0.0 88.033
0.02039739 0.9476596925466348 0.0 88.216
0.02039058 0.9483395051978876 0.0 88.399
0.02036656 0.9488758160304446 0.0 88.58
0.02035893 0.9495131944225514 0.0 88.762
0.02033885 0.9500782975224152 0.0 88.943
0.02032811 0.9508106848993447 0.0 89.123
0.02031303 0.9514699203777458 0.0 89.307
0.02029656 0.9522699487594734 0.0 89.49
0.02028498 0.9531628756318341 0.0 89.669
0.02026489 0.9538100296790302 0.0 89.852
0.02025628 0.9544648942182264 0.0 90.035
0.02023445 0.9550269794028136 0.0 90.216
0.02022942 0.9557304508869933 0.0 90.396
0.02020599 0.9564921710207014 0.0 90.579
0.02019813 0.957394687404669 0.0 90.759
0.02017915 0.9581874721294622 0.0 90.943
0.02016717 0.9588543711037747 0.0 91.124
0.0201509 0.9596535118767882 0.0 91.307
0.0201357 0.9605166450604153 0.0 91.49
0.0201236 0.9613264250718884 0.0 91.67
0.02010427 0.9619140153910885 0.0 91.852
0.02009602 0.9627113221145397 0.0 92.037
0.02007385 0.9635165695337794 0.0 92.217
0.02006828 0.9644241580732641 0.0 92.397
0.02004393 0.9651828501128921 0.0 92.578
0.0200366 0.9659626357482965 0.0 92.758
0.02002077 0.9667630602732419 0.0 92.941
0.02000545 0.9675636230637018 0.0 93.123
0.01998868 0.9684020337893959 0.0 93.306
0.01997361 0.9691835272685883 0.0 93.486
0.01996088 0.9700109984881917 0.0 93.666
0.0199423 0.9707015874502428 0.0 93.85
0.01993394 0.9713978294664535 0.0 94.03
0.01991212 0.9718140450732794 0.0 94.212
0.01990631 0.9724135327014899 0.0 94.393
0.01988204 0.9730088610738875 0.0 94.575
0.01987508 0.9736862348453283 0.0 94.757
0.01985447 0.9742497025417765 0.0 94.939
0.0198438 0.9747750403947609 0.0 95.119
0.01982833 0.9751668177924963 0.0 95.305
0.01981217 0.9753931209464781 0.0 95.486
0.01980205 0.9758382150090207 0.0 95.67
0.01978168 0.976381487910304 0.0 95.853
0.01977293 0.976973043206479 0.0 96.032
0.01974984 0.9774479020883673 0.0 96.215
0.01974363 0.9779838857570796 0.0 96.396
0.01971912 0.9783739684461594 0.0 96.579
0.0197132 0.9789522424074811 0.0 96.762
0.01969192 0.9793493459810961 0.0 96.944
0.01968157 0.9796710533583786 0.0 97.126
0.01966528 0.9801016011572152 0.0 97.308
0.01964965 0.9804918373192923 0.0 97.492
0.01963803 0.9807905911847657 0.0 97.673
0.01961869 0.9811313632220625 0.0 97.856
0.01961006 0.981600297905291 0.0 98.04
0.01958765 0.9819129432929509 0.0 98.222
0.01958239 0.9823086193900531 0.0 98.403
0.01955819 0.9825764856001493 0.0 98.584
0.0195515 0.9828864078138401 0.0 98.769
0.01952812 0.9831554554950639 0.0 98.952
0.01951966 0.9836041050734106 0.0 99.133
0.01950484 0.9840995762559988 0.0 99.319
0.01948821 0.9844467188923988 0.0 99.499
0.01947436 0.9847389997593529 0.0 99.683
0.01945644 0.9851240236263663 0.0 99.866
0.01944672 0.9854066128439103 0.0 100.049
0.01942487 0.9854960695373257 0.0 100.23
0.01941845 0.9856223498003216 0.0 100.415
0.0193946 0.9857076511868333 0.0 100.595
0.01938875 0.9859989113531543 0.0 100.775
0.0193656 0.9863504110229648 0.0 100.958
0.01935715 0.986655799245234 0.0 101.14
0.01933957 0.9869387454378409 0.0 101.323
0.01932565 0.987231430593961 0.0 101.503
0.01931242 0.9874849648852347 0.0 101.686
0.01929416 0.9877053197415802 0.0 101.869
0.01928513 0.9880091989959039 0.0 102.052
0.01926335 0.9883433228085321 0.0 102.233
0.01925629 0.988591165155316 0.0 102.416
0.01923254 0.9887989571710297 0.0 102.596
0.01922706 0.9890088164118226 0.0 102.78
0.0192065 0.9891628119451165 0.0 102.962
0.01919497 0.9892147795438453 0.0 103.143
0.01917611 0.9892299643216785 0.0 103.328
0.01916277 0.9893606337323106 0.0 103.509
0.01914847 0.9895905708422226 0.0 103.69
0.01913177 0.9896726512995723 0.0 103.869
0.01912269 0.9901191941620461 0.0 104.051
0.01910044 0.9905124765210008 0.0 104.231
0.01909416 0.9907631292445267 0.0 104.416
0.01907006 0.9908448745194678 0.0 104.599
0.0190643 0.9908717362183568 0.0 104.779
0.0190415 0.9911627209322151 0.0 104.958
0.01903244 0.9913448896837673 0.0 105.141
0.01901376 0.9914201953210909 0.0 105.328
0.01900119 0.9916552668558118 0.0 105.509
0.01898757 0.9918654126079829 0.0 105.691
0.01896958 0.9920468042606452 0.0 105.873
0.01895942 0.9920815148642038 0.0 106.056
0.0189376 0.9921705745107684 0.0 106.238
0.01893305 0.992220915935584 0.0 106.419
0.0189089 0.992242650225288 0.0 106.601
0.01890218 0.9924294826441852 0.0 106.778
0.01887869 0.9925356787423584 0.0 106.96
0.0188701 0.9928402217577494 0.0 107.142
0.01885123 0.9929765128337574 0.0 107.323
0.01883787 0.992924041641572 0.0 107.504
0.01882484 0.9929113702612024 0.0 107.685
0.0188067 0.9928863438929081 0.0 107.866
0.01879749 0.992863613016529 0.0 108.047
0.01877458 0.9928070741673178 0.0 108.233
0.01876923 0.9927938720024905 0.0 108.417
0.01874449 0.9928969270184279 0.0 108.6
0.01873866 0.9932081737689152 0.0 108.781
0.01871498 0.99345559551514 0.0 108.967
0.0187069 0.9936194740716544 0.0 109.146
0.01868869 0.9936967993097784 0.0 109.33
0.01867522 0.9938258158634201 0.0 109.514
0.01866031 0.9938505198353815 0.0 109.695
0.01864251 0.9938680849152932 0.0 109.878
0.01863228 0.9938018081588527 0.0 110.058
0.01861074 0.9935043459645608 0.0 110.24
0.01860531 0.9934507002772635 0.0 110.426
0.01858023 0.9935707749455118 0.0 110.607
0.0185741 0.9938009223970197 0.0 110.788
0.01855186 0.9939287471179469 0.0 110.973
0.0185414 0.9941079435203466 0.0 111.155
0.01852825 0.9940959719033724 0.0 111.337
0.0185066 0.994042511859435 0.0 111.515
0.01850173 0.9940304872283146 0.0 111.695
0.01848425 0.9939668299547088 0.0 111.878
0.01847 0.9940725787289225 0.0 112.058
0.01845759 0.9941649275472542 0.0 112.241
0.01844792 0.9943237357205145 0.0 112.421
0.01844007 0.9945290505139519 0.0 112.603
0.01843323 0.9946735685747196 0.0 112.784
0.0184275 0.9946799106283607 0.0 112.966
0.01842281 0.994607605102671 0.0 113.149
0.01841836 0.99443443863578 0.0 113.329
0.01841554 0.9943044990889204 0.0 113.511
0.01841287 0.9944208807960353 0.0 113.695
0.01841079 0.9945779160735524 0.0 113.876
0.01840864 0.9946333238725159 0.0 114.059
0.01838013 0.9946448849602445 0.0 114.24
0.01830502 0.9946840319299725 0.0 114.421
0.01829503 0.9949239361863146 0.0 114.602
0.01826963 0.9950243404513315 0.0 114.789
0.01826224 0.9952296627930836 0.0 114.975
0.01823957 0.9953152733669417 0.0 115.156
0.01823065 0.9953129536692679 0.0 115.342
0.01821238 0.9952678175702482 0.0 115.522
0.01819846 0.9952334309090901 0.0 115.703
0.01818614 0.995202998719808 0.0 115.887
0.01816708 0.9951559214183485 0.0 116.064
0.01815813 0.9951141021815503 0.0 116.244
0.01813567 0.9948965751944561 0.0 116.424
0.01813074 0.9947205519083603 0.0 116.605
0.01810836 0.9947472302941893 0.0 116.788
0.01809905 0.994867608027456 0.0 116.972
0.01807741 0.995036893989104 0.0 117.151
0.01806719 0.995337520556933 0.0 117.331
0.01805135 0.995461453539921 0.0 117.513
0.01803501 0.9954620503442094 0.0 117.694
0.01802445 0.995354066056064 0.0 117.876
0.01800457 0.9952845007418235 0.0 118.056
0.01799703 0.9953068328579293 0.0 118.235
0.01797388 0.9953520420830437 0.0 118.414
0.01796724 0.9952947010687297 0.0 118.592
0.0179425 0.9951517354682461 0.0 118.776
0.01793567 0.9950734617476066 0.0 118.957
0.01791655 0.9950262717377135 0.0 119.139
0.01790418 0.9950776233622759 0.0 119.322
0.0178893 0.9951637152737828 0.0 119.506
0.01787259 0.9951634107241458 0.0 119.689
0.01786155 0.9951753087332635 0.0 119.872
0.01784099 0.9950854264320169 0.0 120.052
0.01783313 0.9950455646787414 0.0 120.234
0.01780947 0.9950076517433633 0.0 120.418
0.01780509 0.995016542619094 0.0 120.599
0.01778078 0.9950775580644412 0.0 120.781
0.01777267 0.9951598649810228 0.0 120.965
0.01775206 0.995190862552549 0.0 121.145
0.01774077 0.99514254499138 0.0 121.325
0.01772499 0.9950831534121781 0.0 121.509
0.01770904 0.9949415071532127 0.0 121.692
0.017699 0.9947742949282231 0.0 121.87
0.01767751 0.9946208010157571 0.0 122.054
0.01766977 0.9944789702868337 0.0 122.235
0.01764609 0.9945433406548096 0.0 122.418
0.0176411 0.994773961363721 0.0 122.601
0.01761969 0.9949648499203548 0.0 122.781
0.01760979 0.9951646745457302 0.0 122.961
0.01758941 0.9953573013350963 0.0 123.144
0.01757781 0.9954105006581749 0.0 123.325
0.01756251 0.9954341168313422 0.0 123.508
0.01754588 0.9955549194897793 0.0 123.69
0.01753321 0.9956047007059285 0.0 123.874
0.01751426 0.995557951949402 0.0 124.054
0.0175071 0.995479707298104 0.0 124.238
0.01748351 0.9953210700493165 0.0 124.421
0.01747721 0.9953456637805757 0.0 124.605
0.01745261 0.995405894675561 0.0 124.788
0.01744601 0.9954305121188552 0.0 124.971
0.01742343 0.9952733697057051 0.0 125.155
0.01741387 0.9951289180711784 0.0 125.339
0.01739749 0.9950272077567334 0.0 125.522
0.01738217 0.9948062240701523 0.0 125.705
0.01736882 0.9945911324644006 0.0 125.889
0.01735087 0.9944038207215417 0.0 126.069
0.01734439 0.9943265363127779 0.0 126.251
0.01732039 0.9944915106667179 0.0 126.435
0.01731226 0.994796736558487 0.0 126.614
0.0172883 0.9950621734067462 0.0 126.795
0.01728267 0.9950482999917655 0.0 126.977
0.01725918 0.9948287108549451 0.0 127.158
0.01725015 0.9949068617140217 0.0 127.341
0.01723182 0.9950251923266061 0.0 127.522
0.01721826 0.9949917844199266 0.0 127.704
0.01720444 0.9949168693872872 0.0 127.885
0.01718671 0.9947710282883572 0.0 128.068
0.01717727 0.9946065356381601 0.0 128.252
0.01715514 0.9944302197466829 0.0 128.435
0.01714937 0.9942729935210234 0.0 128.615
0.0171246 0.9943754708664745 0.0 128.797
0.01711943 0.9945039682231424 0.0 128.978
0.01709744 0.9943699072642241 0.0 129.166
0.01708697 0.994444492558731 0.0 129.346
0.0170674 0.994599832891559 0.0 129.527
0.01705502 0.9946102112744805 0.0 129.709
0.01704031 0.9946148534386399 0.0 129.889
0.01702292 0.9946920462680905 0.0 130.071
0.01701366 0.9946291678558811 0.0 130.252
0.0169917 0.9942909722341279 0.0 130.435
0.016985 0.9940523832743451 0.0 130.615
0.01696135 0.9939533662185689 0.0 130.795
0.01695555 0.9940207887726753 0.0 130.978
0.01693244 0.9940642667357359 0.0 131.158
0.01692267 0.9941007319313191 0.0 131.338
0.01690493 0.9940775194663717 0.0 131.521
0.01689098 0.9940432112478088 0.0 131.703
0.01687894 0.9939523483922147 0.0 131.88
0.0168593 0.9939448901975266 0.0 132.06
0.01685083 0.9941478807131456 0.0 132.243
0.01682847 0.9942748463240898 0.0 132.423
0.01682311 0.9943024940145601 0.0 132.605
0.01679962 0.9943467932528698 0.0 132.786
0.01679176 0.9943274621097058 0.0 132.966
0.01677014 0.9942742930458065 0.0 133.149
0.01675966 0.9943097579820447 0.0 133.331
0.01674329 0.9942286811303322 0.0 133.512
0.0167279 0.9940683788124886 0.0 133.692
0.01671726 0.9939605833291096 0.0 133.874
0.01669618 0.9939291796197631 0.0 134.054
0.01668898 0.9939523004152777 0.0 134.237
0.01666565 0.9938337408592618 0.0 134.414
0.01666003 0.9937995235497183 0.0 134.594
0.01663631 0.993580545186152 0.0 134.773
0.01662822 0.9933165730713379 0.0 134.952
0.01660969 0.9932312789320501 0.0 135.132
0.01659629 0.9934210309179463 0.0 135.316
0.01658204 0.9937099322984424 0.0 135.5
0.01656394 0.9938483237721643 0.0 135.683
0.01655347 0.9938029650839736 0.0 135.867
0.01653199 0.9937093983216748 0.0 136.049
0.01652722 0.9936568815556173 0.0 136.23
0.0165031 0.9935772444738339 0.0 136.41
0.01649611 0.9934580855951785 0.0 136.592
0.01647215 0.9932972694945672 0.0 136.775
0.01646433 0.9932584404076273 0.0 136.956
0.0164444 0.9931501160852548 0.0 137.138
0.01643168 0.9931188975516048 0.0 137.319
0.01641751 0.9931435221699418 0.0 137.499
0.01640002 0.993181410827042 0.0 137.681
0.0163905 0.993280407674202 0.0 137.862
0.01636784 0.9935689132923186 0.0 138.045
0.01636105 0.9938963570803494 0.0 138.225
0.01633714 0.9940611771774152 0.0 138.407
0.01633177 0.9941073757959727 0.0 138.588
0.01630894 0.9939722991611938 0.0 138.768
0.01630034 0.9937676825214423 0.0 138.951
0.01628197 0.9935212557052197 0.0 139.135
0.01626829 0.9934469077045304 0.0 139.318
0.01625386 0.9932891785950826 0.0 139.498
0.01623593 0.9931636461401521 0.0 139.681
0.0162287 0.9933693829071945 0.0 139.863
0.01620552 0.9935961044265395 0.0 140.044
0.01619819 0.9937801697379449 0.0 140.226
0.01617364 0.9938414473312829 0.0 140.408
0.01616782 0.9939894553955634 0.0 140.589
0.01614315 0.9940697829698495 0.0 140.775
0.01613561 0.9941124155518666 0.0 140.957
0.0161146 0.9939793236532319 0.0 141.136
0.01610336 0.9939517368148064 0.0 141.319
0.01608891 0.9938755174772511 0.0 141.501
0.01607142 0.9937936273201319 0.0 141.681
0.01606036 0.9936857474866251 0.0 141.862
0.01603985 0.9935539288983734 0.0 142.042
0.01603215 0.9935757924404385 0.0 142.228
0.01600826 0.9936376575280165 0.0 142.409
0.0160037 0.9937479514783116 0.0 142.592
0.01598036 0.9937518158583252 0.0 142.772
0.01597145 0.9938725654630133 0.0 142.954
0.01595259 0.9938466700050171 0.0 143.135
0.01593902 0.9937930118837457 0.0 143.317
0.01592893 0.993788632947655 0.0 143.498
0.01590845 0.9937987451623552 0.0 143.68
0.01589741 0.9938920967572128 0.0 143.861
0.01587603 0.9939618615699398 0.0 144.047
0.01586781 0.9938602308081387 0.0 144.228
0.01584471 0.9935617336966941 0.0 144.41
0.0158388 0.9935065129292242 0.0 144.594
0.01581383 0.9934453008460783 0.0 144.778
0.01580711 0.9934288285579408 0.0 144.958
0.01578616 0.9933163899388824 0.0 145.136
0.01577514 0.9931468463573324 0.0 145.316
0.01576005 0.993069149417644 0.0 145.497
0.01574338 0.9930283092513983 0.0 145.679
0.01573274 0.9929429446447574 0.0 145.86
0.01571153 0.9928510376369863 0.0 146.04
0.01570608 0.9929776572141142 0.0 146.222
0.0156816 0.9929991285442521 0.0 146.403
0.01567551 0.992984212081073 0.0 146.587
0.01565099 0.9927223786318324 0.0 146.767
0.01564288 0.99239973011758 0.0 146.949
0.015623 0.9922297078839377 0.0 147.13
0.01561058 0.9921178991106937 0.0 147.31
0.01559614 0.9920622156001794 0.0 147.492
0.0155788 0.9918780898930925 0.0 147.673
0.01556914 0.9915306105097568 0.0 147.852
0.01554671 0.9912951562601693 0.0 148.033
0.01554181 0.9914035023285519 0.0 148.213
0.01551711 0.9916264901834924 0.0 148.393
0.0155104 0.9917303984883503 0.0 148.575
0.01548777 0.9916361509805 0.0 148.756
0.01547924 0.991654211540629 0.0 148.937
0.01546131 0.9917528039128592 0.0 149.12
0.0154467 0.9918798512762529 0.0 149.304
0.01543324 0.9918469400261868 0.0 149.484
0.0154144 0.9918008777243308 0.0 149.664
0.01540545 0.9917179657267409 0.0 149.844
0.01538362 0.9915832332025799 0.0 150.028
0.0153775 0.9916496452996496 0.0 150.209
0.01535297 0.9917498792643795 0.0 150.39
0.01534627 0.9917538435026525 0.0 150.57
0.01532346 0.9916777528899324 0.0 150.753
0.01531415 0.9914338109283842 0.0 150.933
0.01529614 0.9911271902717023 0.0 151.116
0.01528189 0.9911127244304976 0.0 151.299
0.01526989 0.99112307473906 0.0 151.48
0.01524998 0.9910355589555099 0.0 151.663
0.01524137 0.9911543415914712 0.0 151.846
0.01521827 0.991219937262519 0.0 152.028
0.01521189 0.9911026857203187 0.0 152.21
0.01518735 0.9909022148386405 0.0 152.393
0.01518151 0.9908683881639917 0.0 152.576
0.01515909 0.9908721145531681 0.0 152.759
0.01514941 0.9908891483934701 0.0 152.939
0.01513277 0.9909705133272771 0.0 153.116
0.01511747 0.9909534958221482 0.0 153.298
0.01510503 0.9909231315645386 0.0 153.477
0.01508601 0.9909979146528239 0.0 153.66
0.01507878 0.9910597987613191 0.0 153.842
0.0150549 0.9910218383028231 0.0 154.022
0.01504978 0.9911312979511292 0.0 154.205
0.01502459 0.9911511128741662 0.0 154.391
0.01501795 0.9911349058297151 0.0 154.575
0.01499495 0.9910178013034564 0.0 154.756
0.01498495 0.9910340438791168 0.0 154.939
0.01496908 0.9911756747008051 0.0 155.12
0.01495364 0.9911786358501115 0.0 155.302
0.01494134 0.9909479529418244 0.0 155.482
0.01492197 0.9907178186904648 0.0 155.661
0.0149133 0.99057729636132 0.0 155.844
0.0148902 0.9906200141035455 0.0 156.027
0.01488517 0.9905282541232908 0.0 156.207
0.01486028 0.9904675638573607 0.0 156.389
0.01485308 0.990570128482225 0.0 156.57
0.01483112 0.9906384744863947 0.0 156.751
0.01482089 0.9906541590137214 0.0 156.933
0.01480467 0.9905942957998976 0.0 157.112
0.01478816 0.990574356191049 0.0 157.295
0.0147778 0.990569411341432 0.0 157.477
0.0147568 0.9904979057850607 0.0 157.657
0.01474979 0.9903589522382857 0.0 157.839
0.01472576 0.9902394589754641 0.0 158.016
0.01472018 0.9902867902381485 0.0 158.198
0.01469537 0.9903075674222589 0.0 158.383
0.01468848 0.9903720098241451 0.0 158.563
0.0146687 0.990344116752037 0.0 158.745
0.01465606 0.9903716979948305 0.0 158.925
0.01464043 0.9903945299709052 0.0 159.109
0.01462436 0.9903147644368004 0.0 159.289
0.01461704 0.9902766259585514 0.0 159.471
0.01459294 0.9902788250143169 0.0 159.65
0.01458468 0.9906426786919091 0.0 159.833
0.014561 0.9908075305202132 0.0 160.011
0.0145561 0.9906737803336404 0.0 160.191
0.01453202 0.990716604479574 0.0 160.374
0.01452351 0.9909572259520623 0.0 160.554
0.01450397 0.9909704980792888 0.0 160.733
0.01449135 0.9908382500150831 0.0 160.916
0.0144752 0.9908394903701787 0.0 161.099
0.01445964 0.9910469092308197 0.0 161.283
0.01444852 0.9910611611586693 0.0 161.464
0.01442742 0.9908854330963305 0.0 161.647
0.01442112 0.9907686097244895 0.0 161.827
0.01439653 0.9905666513422571 0.0 162.009
0.01439128 0.9904549355190673 0.0 162.191
0.01436788 0.9904968747899233 0.0 162.372
0.0143587 0.9905962679270773 0.0 162.553
0.01433786 0.9905455147158124 0.0 162.734
0.01432623 0.9903353458442963 0.0 162.915
0.01431653 0.9901714799698623 0.0 163.099
0.01429521 0.9901601620781831 0.0 163.279
0.01428436 0.9900120268360955 0.0 163.459
0.01426253 0.9898980437976166 0.0 163.638
0.01425611 0.9899635682374174 0.0 163.818
0.01421395 0.9900620572367167 0.0 164.287
0.01419596 0.9900783731592557 0.0 164.47
0.01418637 0.9898953112172906 0.0 164.653
0.01416438 0.9899221845628734 0.0 164.832
0.01415865 0.9901092857520403 0.0 165.01
0.01413384 0.990069204334175 0.0 165.189
0.01412787 0.9900344004264188 0.0 165.369
0.01410424 0.9898755242930224 0.0 165.549
0.0140957 0.9897348579396845 0.0 165.732
0.01408053 0.9895973412016349 0.0 165.915
0.01406354 0.989535757017914 0.0 166.098
0.01404974 0.9895022085893046 0.0 166.279
0.01403046 0.9894147916380196 0.0 166.462
0.01402179 0.9893126198199643 0.0 166.642
0.0139988 0.9892972967260621 0.0 166.822
0.01399355 0.9894061781502088 0.0 167.005
0.01396886 0.9893664474513829 0.0 167.187
0.01396219 0.9894498233701736 0.0 167.367
0.01393994 0.989275902006776 0.0 167.548
0.01392995 0.9891502789027081 0.0 167.73
0.01392743 0.9892455067466445 0.0 167.911
0.01392588 0.9893025505573307 0.0 168.09
0.01392559 0.9893416255725821 0.0 168.273
0.01392462 0.9893780346966138 0.0 168.45
0.01392439 0.9894382852749359 0.0 168.632
0.01392379 0.9894570970317595 0.0 168.813
0.0139237 0.9893562895155096 0.0 168.995
0.01392318 0.9892351810441501 0.0 169.173
0.01392237 0.9891926736739316 0.0 169.352
0.01392273 0.9892138180105436 0.0 169.534
0.01392242 0.9892738740305423 0.0 169.715
0.01392258 0.9894946960772266 0.0 169.897
0.01392236 0.9896157797454964 0.0 170.081
0.01392198 0.9897179782581207 0.0 170.261
0.0139221 0.9898001088805362 0.0 170.443
0.01392224 0.9898004492112321 0.0 170.626
0.01392224 0.9898612583477041 0.0 170.806
