X channel: Keithley, channel #5; mode:  DCV; scale:  0.10; X converted, conversion factor:1.000000E+0
Y channel: Lock-in, mkV
II channel: B7-78, Ohm; scale:  10000.000000
X channel	Y channel	II channel	timestamp, sec
1.499489E-2	3.223910E+3	0.000000E+0	1.830510E+2
1.500248E-2	3.223670E+3	0.000000E+0	1.832310E+2
1.502586E-2	3.223430E+3	0.000000E+0	1.834140E+2
1.503025E-2	3.223670E+3	0.000000E+0	1.835940E+2
1.505273E-2	3.224150E+3	0.000000E+0	1.837760E+2
1.506233E-2	3.224630E+3	0.000000E+0	1.839650E+2
1.508673E-2	3.224860E+3	0.000000E+0	1.841440E+2
1.509492E-2	3.224783E+3	0.000000E+0	1.843240E+2
1.511072E-2	3.224150E+3	0.000000E+0	1.845060E+2
1.512650E-2	3.223590E+3	0.000000E+0	1.846870E+2
1.513965E-2	3.223670E+3	0.000000E+0	1.848630E+2
1.515930E-2	3.223830E+3	0.000000E+0	1.850450E+2
1.516735E-2	3.223910E+3	0.000000E+0	1.852260E+2
1.519093E-2	3.223830E+3	0.000000E+0	1.854080E+2
1.519563E-2	3.223670E+3	0.000000E+0	1.855910E+2
1.522085E-2	3.223670E+3	0.000000E+0	1.857720E+2
1.522745E-2	3.223197E+3	0.000000E+0	1.859560E+2
1.524983E-2	3.222640E+3	0.000000E+0	1.861360E+2
1.525960E-2	3.222480E+3	0.000000E+0	1.863180E+2
1.529389E-2	3.222720E+3	0.000000E+0	1.864990E+2
1.532099E-2	3.222560E+3	0.000000E+0	1.866810E+2
1.533471E-2	3.222560E+3	0.000000E+0	1.868620E+2
1.535401E-2	3.222960E+3	0.000000E+0	1.870480E+2
1.536093E-2	3.222880E+3	0.000000E+0	1.872290E+2
1.538532E-2	3.222163E+3	0.000000E+0	1.874120E+2
1.539026E-2	3.221450E+3	0.000000E+0	1.875960E+2
1.541504E-2	3.221290E+3	0.000000E+0	1.877800E+2
1.542156E-2	3.221290E+3	0.000000E+0	1.879630E+2
1.544589E-2	3.221370E+3	0.000000E+0	1.881460E+2
1.545469E-2	3.221210E+3	0.000000E+0	1.883330E+2
1.547212E-2	3.220650E+3	0.000000E+0	1.885150E+2
1.548628E-2	3.220330E+3	0.000000E+0	1.886960E+2
1.549804E-2	3.220330E+3	0.000000E+0	1.888800E+2
1.551812E-2	3.220490E+3	0.000000E+0	1.890630E+2
1.552809E-2	3.220177E+3	0.000000E+0	1.892440E+2
1.555051E-2	3.219700E+3	0.000000E+0	1.894230E+2
1.555693E-2	3.219860E+3	0.000000E+0	1.896030E+2
1.558148E-2	3.220177E+3	0.000000E+0	1.897890E+2
1.558615E-2	3.219143E+3	0.000000E+0	1.899700E+2
1.561073E-2	3.218190E+3	0.000000E+0	1.901500E+2
1.561860E-2	3.217553E+3	0.000000E+0	1.903340E+2
1.563798E-2	3.217240E+3	0.000000E+0	1.905150E+2
1.565031E-2	3.216840E+3	0.000000E+0	1.906970E+2
1.566380E-2	3.216520E+3	0.000000E+0	1.908770E+2
1.568241E-2	3.216680E+3	0.000000E+0	1.910580E+2
1.569107E-2	3.216760E+3	0.000000E+0	1.912400E+2
1.571430E-2	3.216760E+3	0.000000E+0	1.914220E+2
1.572016E-2	3.216760E+3	0.000000E+0	1.916030E+2
1.574490E-2	3.216680E+3	0.000000E+0	1.917890E+2
1.575044E-2	3.216280E+3	0.000000E+0	1.919700E+2
1.577489E-2	3.216040E+3	0.000000E+0	1.921550E+2
1.578290E-2	3.215960E+3	0.000000E+0	1.923370E+2
1.580231E-2	3.216520E+3	0.000000E+0	1.925200E+2
1.581491E-2	3.217000E+3	0.000000E+0	1.927000E+2
1.582801E-2	3.217160E+3	0.000000E+0	1.928780E+2
1.584651E-2	3.216680E+3	0.000000E+0	1.930620E+2
1.585651E-2	3.216280E+3	0.000000E+0	1.932430E+2
1.587882E-2	3.216280E+3	0.000000E+0	1.934250E+2
1.588467E-2	3.216520E+3	0.000000E+0	1.936060E+2
1.590975E-2	3.216920E+3	0.000000E+0	1.937890E+2
1.591448E-2	3.217240E+3	0.000000E+0	1.939730E+2
1.593829E-2	3.216680E+3	0.000000E+0	1.941570E+2
1.594615E-2	3.216280E+3	0.000000E+0	1.943400E+2
1.596600E-2	3.216120E+3	0.000000E+0	1.945200E+2
1.597845E-2	3.215800E+3	0.000000E+0	1.947050E+2
1.599247E-2	3.215800E+3	0.000000E+0	1.948830E+2
1.601091E-2	3.215800E+3	0.000000E+0	1.950660E+2
1.601898E-2	3.215800E+3	0.000000E+0	1.952460E+2
1.604153E-2	3.216040E+3	0.000000E+0	1.954270E+2
1.604748E-2	3.215880E+3	0.000000E+0	1.956070E+2
1.607169E-2	3.215800E+3	0.000000E+0	1.957850E+2
1.607707E-2	3.215723E+3	0.000000E+0	1.959640E+2
1.610041E-2	3.215570E+3	0.000000E+0	1.961440E+2
1.610963E-2	3.215330E+3	0.000000E+0	1.963250E+2
1.612645E-2	3.214610E+3	0.000000E+0	1.965070E+2
1.614166E-2	3.214293E+3	0.000000E+0	1.966890E+2
1.615333E-2	3.214140E+3	0.000000E+0	1.968660E+2
1.617377E-2	3.213980E+3	0.000000E+0	1.970460E+2
1.617873E-2	3.213180E+3	0.000000E+0	1.972270E+2
1.620282E-2	3.212940E+3	0.000000E+0	1.974050E+2
1.620899E-2	3.212940E+3	0.000000E+0	1.975870E+2
1.623333E-2	3.212940E+3	0.000000E+0	1.977640E+2
1.624138E-2	3.213180E+3	0.000000E+0	1.979440E+2
1.626101E-2	3.212940E+3	0.000000E+0	1.981270E+2
1.627328E-2	3.213260E+3	0.000000E+0	1.983110E+2
1.628699E-2	3.213100E+3	0.000000E+0	1.984900E+2
1.630488E-2	3.212627E+3	0.000000E+0	1.986720E+2
1.631521E-2	3.212230E+3	0.000000E+0	1.988540E+2
1.633699E-2	3.211910E+3	0.000000E+0	1.990370E+2
1.634471E-2	3.211430E+3	0.000000E+0	1.992170E+2
1.636866E-2	3.210800E+3	0.000000E+0	1.994040E+2
1.637259E-2	3.210560E+3	0.000000E+0	1.995820E+2
1.639658E-2	3.210640E+3	0.000000E+0	1.997620E+2
1.640465E-2	3.210800E+3	0.000000E+0	1.999430E+2
1.642326E-2	3.210720E+3	0.000000E+0	2.001260E+2
1.643721E-2	3.210320E+3	0.000000E+0	2.003060E+2
1.645079E-2	3.210000E+3	0.000000E+0	2.004860E+2
1.646842E-2	3.209610E+3	0.000000E+0	2.006700E+2
1.647548E-2	3.209610E+3	0.000000E+0	2.008490E+2
1.649939E-2	3.209610E+3	0.000000E+0	2.010310E+2
1.650613E-2	3.209530E+3	0.000000E+0	2.012120E+2
1.653042E-2	3.209210E+3	0.000000E+0	2.013960E+2
1.653633E-2	3.208970E+3	0.000000E+0	2.015750E+2
1.655918E-2	3.208177E+3	0.000000E+0	2.017550E+2
1.656793E-2	3.207940E+3	0.000000E+0	2.019340E+2
1.658761E-2	3.208253E+3	0.000000E+0	2.021130E+2
1.659965E-2	3.208650E+3	0.000000E+0	2.022960E+2
1.661256E-2	3.209210E+3	0.000000E+0	2.024770E+2
1.663095E-2	3.209370E+3	0.000000E+0	2.026570E+2
1.664098E-2	3.209210E+3	0.000000E+0	2.028400E+2
1.666315E-2	3.208730E+3	0.000000E+0	2.030200E+2
1.666925E-2	3.208410E+3	0.000000E+0	2.032020E+2
1.669406E-2	3.208177E+3	0.000000E+0	2.033830E+2
1.669952E-2	3.207940E+3	0.000000E+0	2.035650E+2
1.672046E-2	3.207700E+3	0.000000E+0	2.037460E+2
1.673121E-2	3.207940E+3	0.000000E+0	2.039260E+2
1.674725E-2	3.207700E+3	0.000000E+0	2.041060E+2
1.676308E-2	3.206980E+3	0.000000E+0	2.042890E+2
1.677105E-2	3.206740E+3	0.000000E+0	2.044700E+2
1.679419E-2	3.206820E+3	0.000000E+0	2.046480E+2
1.680331E-2	3.206980E+3	0.000000E+0	2.048300E+2
1.682584E-2	3.206507E+3	0.000000E+0	2.050110E+2
1.685244E-2	3.204960E+3	0.000000E+0	2.052960E+2
1.686083E-2	3.204680E+3	0.000000E+0	2.054680E+2
1.686904E-2	3.204600E+3	0.000000E+0	2.056360E+2
1.689116E-2	3.204600E+3	0.000000E+0	2.058040E+2
1.689610E-2	3.204760E+3	0.000000E+0	2.059780E+2
1.692064E-2	3.205080E+3	0.000000E+0	2.061620E+2
1.692709E-2	3.205080E+3	0.000000E+0	2.063420E+2
1.694784E-2	3.204680E+3	0.000000E+0	2.065260E+2
1.695903E-2	3.204200E+3	0.000000E+0	2.067060E+2
1.697515E-2	3.203883E+3	0.000000E+0	2.068890E+2
1.699064E-2	3.203250E+3	0.000000E+0	2.070690E+2
1.699981E-2	3.202930E+3	0.000000E+0	2.072510E+2
1.702197E-2	3.202930E+3	0.000000E+0	2.074320E+2
1.702959E-2	3.202930E+3	0.000000E+0	2.076150E+2
1.705440E-2	3.203090E+3	0.000000E+0	2.077950E+2
1.705970E-2	3.202850E+3	0.000000E+0	2.079750E+2
1.708417E-2	3.202133E+3	0.000000E+0	2.081580E+2
1.709048E-2	3.201740E+3	0.000000E+0	2.083390E+2
1.711063E-2	3.201740E+3	0.000000E+0	2.085200E+2
1.712252E-2	3.201500E+3	0.000000E+0	2.087020E+2
1.713799E-2	3.200547E+3	0.000000E+0	2.088880E+2
1.715402E-2	3.200547E+3	0.000000E+0	2.090690E+2
1.716444E-2	3.201180E+3	0.000000E+0	2.092520E+2
1.718580E-2	3.202057E+3	0.000000E+0	2.094360E+2
1.719282E-2	3.202690E+3	0.000000E+0	2.096190E+2
1.721636E-2	3.203090E+3	0.000000E+0	2.097990E+2
1.722148E-2	3.202930E+3	0.000000E+0	2.099810E+2
1.724617E-2	3.202530E+3	0.000000E+0	2.101620E+2
1.725381E-2	3.202290E+3	0.000000E+0	2.103440E+2
1.727546E-2	3.201977E+3	0.000000E+0	2.105310E+2
1.728586E-2	3.201740E+3	0.000000E+0	2.107130E+2
1.729799E-2	3.201977E+3	0.000000E+0	2.108920E+2
1.731673E-2	3.202450E+3	0.000000E+0	2.110720E+2
1.732834E-2	3.202290E+3	0.000000E+0	2.112550E+2
1.734876E-2	3.201740E+3	0.000000E+0	2.114370E+2
1.735618E-2	3.201260E+3	0.000000E+0	2.116170E+2
1.738041E-2	3.201260E+3	0.000000E+0	2.118010E+2
1.738545E-2	3.201340E+3	0.000000E+0	2.119830E+2
1.740939E-2	3.201500E+3	0.000000E+0	2.121640E+2
1.741721E-2	3.201180E+3	0.000000E+0	2.123450E+2
1.743699E-2	3.200860E+3	0.000000E+0	2.125280E+2
1.744804E-2	3.200627E+3	0.000000E+0	2.127080E+2
1.746316E-2	3.200150E+3	0.000000E+0	2.128910E+2
1.748012E-2	3.199990E+3	0.000000E+0	2.130710E+2
1.749016E-2	3.199590E+3	0.000000E+0	2.132530E+2
1.751172E-2	3.198880E+3	0.000000E+0	2.134340E+2
1.751768E-2	3.198080E+3	0.000000E+0	2.136140E+2
1.754227E-2	3.197840E+3	0.000000E+0	2.137930E+2
1.754744E-2	3.197130E+3	0.000000E+0	2.139730E+2
1.757151E-2	3.196650E+3	0.000000E+0	2.141540E+2
1.757932E-2	3.196490E+3	0.000000E+0	2.143350E+2
1.759809E-2	3.196490E+3	0.000000E+0	2.145160E+2
1.761066E-2	3.196173E+3	0.000000E+0	2.146940E+2
1.762385E-2	3.195780E+3	0.000000E+0	2.148750E+2
1.764274E-2	3.195540E+3	0.000000E+0	2.150540E+2
1.765137E-2	3.195220E+3	0.000000E+0	2.152340E+2
1.767407E-2	3.195140E+3	0.000000E+0	2.154150E+2
1.767945E-2	3.195300E+3	0.000000E+0	2.155950E+2
1.770442E-2	3.195460E+3	0.000000E+0	2.157770E+2
1.771042E-2	3.195620E+3	0.000000E+0	2.159590E+2
1.773194E-2	3.195700E+3	0.000000E+0	2.161400E+2
1.774222E-2	3.195620E+3	0.000000E+0	2.163220E+2
1.775909E-2	3.195460E+3	0.000000E+0	2.165030E+2
1.777389E-2	3.194507E+3	0.000000E+0	2.166850E+2
1.778581E-2	3.193550E+3	0.000000E+0	2.168670E+2
1.780503E-2	3.192440E+3	0.000000E+0	2.170480E+2
1.781340E-2	3.191327E+3	0.000000E+0	2.172370E+2
1.783627E-2	3.190770E+3	0.000000E+0	2.174170E+2
1.784319E-2	3.190450E+3	0.000000E+0	2.176000E+2
1.786731E-2	3.190213E+3	0.000000E+0	2.177870E+2
1.787266E-2	3.189660E+3	0.000000E+0	2.179670E+2
1.789570E-2	3.189580E+3	0.000000E+0	2.181470E+2
1.790456E-2	3.189500E+3	0.000000E+0	2.183260E+2
1.792150E-2	3.189020E+3	0.000000E+0	2.185090E+2
1.793646E-2	3.188387E+3	0.000000E+0	2.186920E+2
1.794960E-2	3.188150E+3	0.000000E+0	2.188770E+2
1.796828E-2	3.188390E+3	0.000000E+0	2.190570E+2
1.797709E-2	3.188230E+3	0.000000E+0	2.192400E+2
1.799957E-2	3.187910E+3	0.000000E+0	2.194200E+2
1.800489E-2	3.187910E+3	0.000000E+0	2.196030E+2
1.802907E-2	3.187910E+3	0.000000E+0	2.197830E+2
1.803569E-2	3.187510E+3	0.000000E+0	2.199630E+2
1.805802E-2	3.187430E+3	0.000000E+0	2.201460E+2
1.806751E-2	3.187113E+3	0.000000E+0	2.203280E+2
1.808081E-2	3.186960E+3	0.000000E+0	2.205090E+2
1.809835E-2	3.186240E+3	0.000000E+0	2.206950E+2
1.811157E-2	3.185207E+3	0.000000E+0	2.208760E+2
1.813056E-2	3.184570E+3	0.000000E+0	2.210600E+2
1.813935E-2	3.184490E+3	0.000000E+0	2.212420E+2
1.816169E-2	3.184177E+3	0.000000E+0	2.214260E+2
1.816897E-2	3.183620E+3	0.000000E+0	2.216040E+2
1.819269E-2	3.183220E+3	0.000000E+0	2.217860E+2
1.819804E-2	3.182900E+3	0.000000E+0	2.219680E+2
1.822054E-2	3.182900E+3	0.000000E+0	2.221490E+2
1.822973E-2	3.182820E+3	0.000000E+0	2.223320E+2
1.824909E-2	3.182583E+3	0.000000E+0	2.225120E+2
1.826208E-2	3.182430E+3	0.000000E+0	2.227020E+2
1.827775E-2	3.182350E+3	0.000000E+0	2.228830E+2
1.829337E-2	3.181790E+3	0.000000E+0	2.230660E+2
1.830215E-2	3.180837E+3	0.000000E+0	2.232490E+2
1.832459E-2	3.180040E+3	0.000000E+0	2.234300E+2
1.833115E-2	3.179800E+3	0.000000E+0	2.236160E+2
1.835475E-2	3.179567E+3	0.000000E+0	2.237950E+2
1.835972E-2	3.179170E+3	0.000000E+0	2.239740E+2
1.837985E-2	3.179010E+3	0.000000E+0	2.241560E+2
1.839126E-2	3.178530E+3	0.000000E+0	2.243390E+2
1.841155E-2	3.177737E+3	0.000000E+0	2.245190E+2
1.842373E-2	3.176703E+3	0.000000E+0	2.247010E+2
1.843869E-2	3.176470E+3	0.000000E+0	2.248820E+2
1.845501E-2	3.176310E+3	0.000000E+0	2.250640E+2
1.846601E-2	3.176150E+3	0.000000E+0	2.252480E+2
1.848675E-2	3.176230E+3	0.000000E+0	2.254270E+2
1.849342E-2	3.176230E+3	0.000000E+0	2.256080E+2
1.851729E-2	3.176230E+3	0.000000E+0	2.257890E+2
1.852232E-2	3.175830E+3	0.000000E+0	2.259720E+2
1.854640E-2	3.174877E+3	0.000000E+0	2.261560E+2
1.855374E-2	3.173840E+3	0.000000E+0	2.263380E+2
1.857277E-2	3.173210E+3	0.000000E+0	2.265190E+2
1.858594E-2	3.172410E+3	0.000000E+0	2.266990E+2
1.859764E-2	3.171700E+3	0.000000E+0	2.268820E+2
1.861727E-2	3.170980E+3	0.000000E+0	2.270680E+2
1.862805E-2	3.170270E+3	0.000000E+0	2.272490E+2
1.864865E-2	3.169710E+3	0.000000E+0	2.274290E+2
1.865573E-2	3.168913E+3	0.000000E+0	2.276100E+2
1.867984E-2	3.168520E+3	0.000000E+0	2.277920E+2
1.868463E-2	3.168120E+3	0.000000E+0	2.279710E+2
1.870822E-2	3.167800E+3	0.000000E+0	2.281550E+2
1.871619E-2	3.167410E+3	0.000000E+0	2.283380E+2
1.873528E-2	3.166850E+3	0.000000E+0	2.285180E+2
1.874771E-2	3.165897E+3	0.000000E+0	2.286980E+2
1.876078E-2	3.165020E+3	0.000000E+0	2.288760E+2
1.877815E-2	3.164467E+3	0.000000E+0	2.290550E+2
1.878767E-2	3.164310E+3	0.000000E+0	2.292330E+2
1.880997E-2	3.163830E+3	0.000000E+0	2.294160E+2
1.881574E-2	3.162557E+3	0.000000E+0	2.295960E+2
1.883990E-2	3.161210E+3	0.000000E+0	2.297790E+2
1.884643E-2	3.160490E+3	0.000000E+0	2.299610E+2
1.886880E-2	3.159937E+3	0.000000E+0	2.301380E+2
1.887769E-2	3.159220E+3	0.000000E+0	2.303210E+2
1.889229E-2	3.158503E+3	0.000000E+0	2.305070E+2
1.890895E-2	3.157393E+3	0.000000E+0	2.306870E+2
1.892185E-2	3.156280E+3	0.000000E+0	2.308670E+2
1.894018E-2	3.155960E+3	0.000000E+0	2.310480E+2
1.894915E-2	3.155960E+3	0.000000E+0	2.312300E+2
1.897116E-2	3.155403E+3	0.000000E+0	2.314110E+2
1.897665E-2	3.154370E+3	0.000000E+0	2.315910E+2
1.900023E-2	3.153260E+3	0.000000E+0	2.317710E+2
1.900714E-2	3.152227E+3	0.000000E+0	2.319500E+2
1.902756E-2	3.151270E+3	0.000000E+0	2.321300E+2
1.903898E-2	3.150400E+3	0.000000E+0	2.323130E+2
1.905406E-2	3.149840E+3	0.000000E+0	2.324960E+2
1.906991E-2	3.149367E+3	0.000000E+0	2.326760E+2
1.908203E-2	3.148890E+3	0.000000E+0	2.328600E+2
1.910229E-2	3.148330E+3	0.000000E+0	2.330430E+2
1.910978E-2	3.147697E+3	0.000000E+0	2.332260E+2
1.913291E-2	3.146503E+3	0.000000E+0	2.334060E+2
1.913832E-2	3.145153E+3	0.000000E+0	2.335860E+2
1.916276E-2	3.144680E+3	0.000000E+0	2.337700E+2
1.916906E-2	3.143880E+3	0.000000E+0	2.339530E+2
1.918690E-2	3.142850E+3	0.000000E+0	2.341320E+2
1.920082E-2	3.141497E+3	0.000000E+0	2.343190E+2
1.921655E-2	3.139827E+3	0.000000E+0	2.345000E+2
1.923236E-2	3.138160E+3	0.000000E+0	2.346810E+2
1.924352E-2	3.136810E+3	0.000000E+0	2.348630E+2
1.926402E-2	3.136250E+3	0.000000E+0	2.350430E+2
1.927028E-2	3.135697E+3	0.000000E+0	2.352260E+2
1.929408E-2	3.134423E+3	0.000000E+0	2.354060E+2
1.929897E-2	3.132837E+3	0.000000E+0	2.355850E+2
1.932129E-2	3.131563E+3	0.000000E+0	2.357650E+2
1.933110E-2	3.130530E+3	0.000000E+0	2.359450E+2
1.934457E-2	3.129737E+3	0.000000E+0	2.361280E+2
1.936439E-2	3.129020E+3	0.000000E+0	2.363100E+2
1.937086E-2	3.128070E+3	0.000000E+0	2.364910E+2
1.938980E-2	3.127510E+3	0.000000E+0	2.366710E+2
1.940478E-2	3.126557E+3	0.000000E+0	2.368540E+2
1.941733E-2	3.125443E+3	0.000000E+0	2.370320E+2
1.942893E-2	3.123777E+3	0.000000E+0	2.372160E+2
1.943744E-2	3.122107E+3	0.000000E+0	2.374000E+2
1.944484E-2	3.120833E+3	0.000000E+0	2.375830E+2
1.944986E-2	3.119643E+3	0.000000E+0	2.377630E+2
1.945504E-2	3.118690E+3	0.000000E+0	2.379440E+2
1.945984E-2	3.117577E+3	0.000000E+0	2.381290E+2
1.947676E-2	3.116940E+3	0.000000E+0	2.383100E+2
1.952603E-2	3.116147E+3	0.000000E+0	2.384900E+2
1.954413E-2	3.114397E+3	0.000000E+0	2.386740E+2
1.956237E-2	3.111777E+3	0.000000E+0	2.388560E+2
1.957258E-2	3.109550E+3	0.000000E+0	2.390370E+2
1.959398E-2	3.107643E+3	0.000000E+0	2.392170E+2
1.960025E-2	3.105017E+3	0.000000E+0	2.394000E+2
1.962487E-2	3.102873E+3	0.000000E+0	2.395850E+2
1.962962E-2	3.101207E+3	0.000000E+0	2.397630E+2
1.965282E-2	3.100330E+3	0.000000E+0	2.399430E+2
1.966025E-2	3.098977E+3	0.000000E+0	2.401260E+2
1.967739E-2	3.097233E+3	0.000000E+0	2.403040E+2
1.969178E-2	3.095323E+3	0.000000E+0	2.404830E+2
1.970555E-2	3.092703E+3	0.000000E+0	2.406650E+2
1.972402E-2	3.090473E+3	0.000000E+0	2.408490E+2
1.973319E-2	3.088330E+3	0.000000E+0	2.410300E+2
1.975483E-2	3.086183E+3	0.000000E+0	2.412100E+2
1.976099E-2	3.083643E+3	0.000000E+0	2.413920E+2
1.978507E-2	3.081733E+3	0.000000E+0	2.415760E+2
1.979126E-2	3.079667E+3	0.000000E+0	2.417580E+2
1.981378E-2	3.077763E+3	0.000000E+0	2.419390E+2
1.982293E-2	3.075060E+3	0.000000E+0	2.421250E+2
1.983819E-2	3.072437E+3	0.000000E+0	2.423090E+2
1.985388E-2	3.070607E+3	0.000000E+0	2.424920E+2
1.986893E-2	3.068623E+3	0.000000E+0	2.426780E+2
1.988586E-2	3.066000E+3	0.000000E+0	2.428620E+2
1.989654E-2	3.062977E+3	0.000000E+0	2.430450E+2
1.991672E-2	3.060437E+3	0.000000E+0	2.432320E+2
1.992456E-2	3.057417E+3	0.000000E+0	2.434170E+2
1.994741E-2	3.054157E+3	0.000000E+0	2.435990E+2
1.995337E-2	3.050740E+3	0.000000E+0	2.437800E+2
1.997784E-2	3.048353E+3	0.000000E+0	2.439660E+2
1.998440E-2	3.045733E+3	0.000000E+0	2.441470E+2
2.000434E-2	3.042080E+3	0.000000E+0	2.443280E+2
2.001576E-2	3.037863E+3	0.000000E+0	2.445060E+2
2.003072E-2	3.034050E+3	0.000000E+0	2.446860E+2
2.004709E-2	3.030950E+3	0.000000E+0	2.448680E+2
2.005730E-2	3.027853E+3	0.000000E+0	2.450490E+2
2.007755E-2	3.025070E+3	0.000000E+0	2.452300E+2
2.008474E-2	3.020860E+3	0.000000E+0	2.454100E+2
2.010796E-2	3.016410E+3	0.000000E+0	2.455920E+2
2.011347E-2	3.011560E+3	0.000000E+0	2.457690E+2
2.013664E-2	3.007587E+3	0.000000E+0	2.459490E+2
2.014480E-2	3.003137E+3	0.000000E+0	2.461350E+2
2.016303E-2	2.998527E+3	0.000000E+0	2.463160E+2
2.017650E-2	2.994310E+3	0.000000E+0	2.465020E+2
2.019106E-2	2.990340E+3	0.000000E+0	2.466790E+2
2.020735E-2	2.986447E+3	0.000000E+0	2.468620E+2
2.021788E-2	2.981200E+3	0.000000E+0	2.470460E+2
2.023849E-2	2.976193E+3	0.000000E+0	2.472300E+2
2.024478E-2	2.970470E+3	0.000000E+0	2.474110E+2
2.026808E-2	2.965467E+3	0.000000E+0	2.475910E+2
2.027412E-2	2.960060E+3	0.000000E+0	2.477720E+2
2.029717E-2	2.954973E+3	0.000000E+0	2.479510E+2
2.030498E-2	2.948777E+3	0.000000E+0	2.481340E+2
2.032041E-2	2.942817E+3	0.000000E+0	2.483140E+2
2.033606E-2	2.936617E+3	0.000000E+0	2.484940E+2
2.034979E-2	2.930180E+3	0.000000E+0	2.486770E+2
2.036794E-2	2.924217E+3	0.000000E+0	2.488580E+2
2.037759E-2	2.916747E+3	0.000000E+0	2.490420E+2
2.039868E-2	2.909833E+3	0.000000E+0	2.492220E+2
2.040457E-2	2.901807E+3	0.000000E+0	2.494040E+2
2.042852E-2	2.894653E+3	0.000000E+0	2.495870E+2
2.043407E-2	2.887107E+3	0.000000E+0	2.497700E+2
2.045684E-2	2.879553E+3	0.000000E+0	2.499510E+2
2.046552E-2	2.871130E+3	0.000000E+0	2.501340E+2
2.048435E-2	2.862390E+3	0.000000E+0	2.503140E+2
2.049694E-2	2.853250E+3	0.000000E+0	2.504950E+2
2.050991E-2	2.843630E+3	0.000000E+0	2.506760E+2
2.052747E-2	2.834890E+3	0.000000E+0	2.508610E+2
2.053657E-2	2.825040E+3	0.000000E+0	2.510430E+2
2.055841E-2	2.815740E+3	0.000000E+0	2.512240E+2
2.056429E-2	2.804373E+3	0.000000E+0	2.514030E+2
2.058797E-2	2.794280E+3	0.000000E+0	2.515830E+2
2.059367E-2	2.783153E+3	0.000000E+0	2.517630E+2
2.061220E-2	2.772900E+3	0.000000E+0	2.519450E+2
2.062512E-2	2.761697E+3	0.000000E+0	2.521260E+2
2.064381E-2	2.750013E+3	0.000000E+0	2.523050E+2
2.065661E-2	2.738093E+3	0.000000E+0	2.524850E+2
2.066767E-2	2.725617E+3	0.000000E+0	2.526640E+2
2.068686E-2	2.714093E+3	0.000000E+0	2.528420E+2
2.069568E-2	2.700900E+3	0.000000E+0	2.530230E+2
2.071811E-2	2.688500E+3	0.000000E+0	2.532030E+2
2.072377E-2	2.674277E+3	0.000000E+0	2.533830E+2
2.074807E-2	2.660763E+3	0.000000E+0	2.535660E+2
2.075397E-2	2.646460E+3	0.000000E+0	2.537540E+2
2.077707E-2	2.632870E+3	0.000000E+0	2.539380E+2
2.078545E-2	2.618327E+3	0.000000E+0	2.541220E+2
2.080337E-2	2.604260E+3	0.000000E+0	2.543070E+2
2.081711E-2	2.590990E+3	0.000000E+0	2.544880E+2
2.082777E-2	2.577400E+3	0.000000E+0	2.546690E+2
2.084677E-2	2.565080E+3	0.000000E+0	2.548490E+2
2.085466E-2	2.551730E+3	0.000000E+0	2.550270E+2
2.087712E-2	2.539410E+3	0.000000E+0	2.552090E+2
2.088185E-2	2.525900E+3	0.000000E+0	2.553900E+2
2.090312E-2	2.514060E+3	0.000000E+0	2.555700E+2
2.091280E-2	2.502297E+3	0.000000E+0	2.557520E+2
2.093521E-2	2.490537E+3	0.000000E+0	2.559310E+2
2.094440E-2	2.478853E+3	0.000000E+0	2.561120E+2
2.096051E-2	2.467650E+3	0.000000E+0	2.562920E+2
2.097533E-2	2.457633E+3	0.000000E+0	2.564730E+2
2.098732E-2	2.448100E+3	0.000000E+0	2.566550E+2
2.100620E-2	2.440070E+3	0.000000E+0	2.568380E+2
2.101528E-2	2.433157E+3	0.000000E+0	2.570250E+2
2.103736E-2	2.427830E+3	0.000000E+0	2.572070E+2
2.104309E-2	2.422980E+3	0.000000E+0	2.573890E+2
2.106628E-2	2.419807E+3	0.000000E+0	2.575720E+2
2.107335E-2	2.418450E+3	0.000000E+0	2.577520E+2
2.109500E-2	2.418370E+3	0.000000E+0	2.579320E+2
2.110419E-2	2.419807E+3	0.000000E+0	2.581110E+2
2.111706E-2	2.422267E+3	0.000000E+0	2.582910E+2
2.113434E-2	2.425767E+3	0.000000E+0	2.584740E+2
2.114543E-2	2.431250E+3	0.000000E+0	2.586530E+2
2.116569E-2	2.437447E+3	0.000000E+0	2.588300E+2
2.117288E-2	2.445553E+3	0.000000E+0	2.590120E+2
2.119553E-2	2.453980E+3	0.000000E+0	2.591930E+2
2.120053E-2	2.464867E+3	0.000000E+0	2.593760E+2
2.122428E-2	2.476150E+3	0.000000E+0	2.595560E+2
2.123165E-2	2.489023E+3	0.000000E+0	2.597360E+2
2.125081E-2	2.502297E+3	0.000000E+0	2.599180E+2
2.126320E-2	2.516843E+3	0.000000E+0	2.600990E+2
2.127622E-2	2.532420E+3	0.000000E+0	2.602810E+2
2.129276E-2	2.547917E+3	0.000000E+0	2.604620E+2
2.130206E-2	2.564683E+3	0.000000E+0	2.606460E+2
2.132326E-2	2.579783E+3	0.000000E+0	2.608260E+2
2.132953E-2	2.597583E+3	0.000000E+0	2.610060E+2
2.135286E-2	2.613877E+3	0.000000E+0	2.611890E+2
2.135901E-2	2.631680E+3	0.000000E+0	2.613690E+2
2.138189E-2	2.648367E+3	0.000000E+0	2.615510E+2
2.138911E-2	2.666330E+3	0.000000E+0	2.617320E+2
2.140420E-2	2.683493E+3	0.000000E+0	2.619120E+2
2.141981E-2	2.699470E+3	0.000000E+0	2.620930E+2
2.143353E-2	2.717510E+3	0.000000E+0	2.622750E+2
2.145174E-2	2.734677E+3	0.000000E+0	2.624580E+2
2.146035E-2	2.752240E+3	0.000000E+0	2.626390E+2
2.148144E-2	2.767657E+3	0.000000E+0	2.628190E+2
2.148820E-2	2.784503E+3	0.000000E+0	2.630030E+2
2.151108E-2	2.798970E+3	0.000000E+0	2.631850E+2
2.151689E-2	2.814387E+3	0.000000E+0	2.633660E+2
2.153943E-2	2.828297E+3	0.000000E+0	2.635470E+2
2.154743E-2	2.842360E+3	0.000000E+0	2.637300E+2
2.156495E-2	2.855393E+3	0.000000E+0	2.639090E+2
2.157865E-2	2.867633E+3	0.000000E+0	2.640910E+2
2.159092E-2	2.880747E+3	0.000000E+0	2.642720E+2
2.160960E-2	2.892750E+3	0.000000E+0	2.644540E+2
2.161753E-2	2.905623E+3	0.000000E+0	2.646350E+2
2.163952E-2	2.916670E+3	0.000000E+0	2.648160E+2
2.164429E-2	2.927797E+3	0.000000E+0	2.649940E+2
2.166842E-2	2.938207E+3	0.000000E+0	2.651720E+2
2.167467E-2	2.948697E+3	0.000000E+0	2.653530E+2
2.169171E-2	2.958390E+3	0.000000E+0	2.655320E+2
2.170469E-2	2.967290E+3	0.000000E+0	2.657150E+2
2.172016E-2	2.976590E+3	0.000000E+0	2.658960E+2
2.173627E-2	2.985970E+3	0.000000E+0	2.660760E+2
2.174721E-2	2.995027E+3	0.000000E+0	2.662590E+2
2.176707E-2	3.002100E+3	0.000000E+0	2.664410E+2
2.177404E-2	3.010050E+3	0.000000E+0	2.666220E+2
2.179646E-2	3.017360E+3	0.000000E+0	2.668020E+2
2.180245E-2	3.025470E+3	0.000000E+0	2.669880E+2
2.182609E-2	3.032697E+3	0.000000E+0	2.671730E+2
2.183258E-2	3.039853E+3	0.000000E+0	2.673550E+2
2.185278E-2	3.046370E+3	0.000000E+0	2.675400E+2
2.186333E-2	3.052170E+3	0.000000E+0	2.677230E+2
2.188032E-2	3.057890E+3	0.000000E+0	2.679070E+2
2.189409E-2	3.063457E+3	0.000000E+0	2.680910E+2
2.190645E-2	3.068940E+3	0.000000E+0	2.682740E+2
2.192552E-2	3.073550E+3	0.000000E+0	2.684550E+2
2.193397E-2	3.078400E+3	0.000000E+0	2.686370E+2
2.195467E-2	3.082530E+3	0.000000E+0	2.688170E+2
2.196028E-2	3.087770E+3	0.000000E+0	2.689950E+2
2.198158E-2	3.092460E+3	0.000000E+0	2.691740E+2
2.199021E-2	3.096830E+3	0.000000E+0	2.693540E+2
2.200992E-2	3.100490E+3	0.000000E+0	2.695350E+2
2.202115E-2	3.103907E+3	0.000000E+0	2.697170E+2
2.203694E-2	3.107720E+3	0.000000E+0	2.699000E+2
2.205202E-2	3.111380E+3	0.000000E+0	2.700830E+2
2.206538E-2	3.115510E+3	0.000000E+0	2.702680E+2
2.208274E-2	3.118293E+3	0.000000E+0	2.704490E+2
2.208990E-2	3.121550E+3	0.000000E+0	2.706310E+2
2.211163E-2	3.124570E+3	0.000000E+0	2.708120E+2
2.211792E-2	3.127433E+3	0.000000E+0	2.709930E+2
2.214122E-2	3.130133E+3	0.000000E+0	2.711740E+2
2.214752E-2	3.133153E+3	0.000000E+0	2.713560E+2
2.216991E-2	3.135697E+3	0.000000E+0	2.715380E+2
2.217791E-2	3.138317E+3	0.000000E+0	2.717180E+2
2.219345E-2	3.141100E+3	0.000000E+0	2.719020E+2
2.220801E-2	3.143960E+3	0.000000E+0	2.720810E+2
2.221964E-2	3.147063E+3	0.000000E+0	2.722630E+2
2.223831E-2	3.149523E+3	0.000000E+0	2.724440E+2
2.224425E-2	3.151590E+3	0.000000E+0	2.726260E+2
2.226715E-2	3.153100E+3	0.000000E+0	2.728070E+2
2.227466E-2	3.155007E+3	0.000000E+0	2.729870E+2
2.229866E-2	3.156757E+3	0.000000E+0	2.731730E+2
2.230464E-2	3.158583E+3	0.000000E+0	2.733520E+2
2.232419E-2	3.160650E+3	0.000000E+0	2.735330E+2
2.233466E-2	3.162003E+3	0.000000E+0	2.737130E+2
2.235094E-2	3.163430E+3	0.000000E+0	2.738950E+2
2.236525E-2	3.164943E+3	0.000000E+0	2.740750E+2
2.237746E-2	3.166373E+3	0.000000E+0	2.742560E+2
2.239587E-2	3.167567E+3	0.000000E+0	2.744380E+2
2.240331E-2	3.169153E+3	0.000000E+0	2.746190E+2
2.242535E-2	3.170743E+3	0.000000E+0	2.747980E+2
2.243091E-2	3.172413E+3	0.000000E+0	2.749820E+2
2.245444E-2	3.173443E+3	0.000000E+0	2.751640E+2
2.246119E-2	3.174637E+3	0.000000E+0	2.753450E+2
2.247847E-2	3.176227E+3	0.000000E+0	2.755270E+2
2.249151E-2	3.177657E+3	0.000000E+0	2.757070E+2
2.250744E-2	3.179010E+3	0.000000E+0	2.758920E+2
2.252209E-2	3.179723E+3	0.000000E+0	2.760740E+2
2.253399E-2	3.179800E+3	0.000000E+0	2.762550E+2
2.255218E-2	3.180360E+3	0.000000E+0	2.764370E+2
2.256012E-2	3.180840E+3	0.000000E+0	2.766180E+2
2.258151E-2	3.181630E+3	0.000000E+0	2.768000E+2
2.258737E-2	3.182347E+3	0.000000E+0	2.769810E+2
2.261025E-2	3.183380E+3	0.000000E+0	2.771620E+2
2.261673E-2	3.184810E+3	0.000000E+0	2.773420E+2
2.263637E-2	3.186240E+3	0.000000E+0	2.775230E+2
2.264740E-2	3.187670E+3	0.000000E+0	2.777030E+2
2.266207E-2	3.188620E+3	0.000000E+0	2.778850E+2
2.267765E-2	3.188860E+3	0.000000E+0	2.780640E+2
2.268727E-2	3.189420E+3	0.000000E+0	2.782430E+2
2.270745E-2	3.190057E+3	0.000000E+0	2.784240E+2
2.271478E-2	3.190850E+3	0.000000E+0	2.786060E+2
2.273786E-2	3.191803E+3	0.000000E+0	2.787860E+2
2.274262E-2	3.192520E+3	0.000000E+0	2.789680E+2
2.276586E-2	3.192520E+3	0.000000E+0	2.791490E+2
2.277261E-2	3.192440E+3	0.000000E+0	2.793290E+2
2.278964E-2	3.192680E+3	0.000000E+0	2.795090E+2
2.280346E-2	3.193550E+3	0.000000E+0	2.796930E+2
2.281703E-2	3.194507E+3	0.000000E+0	2.798760E+2
2.283328E-2	3.195540E+3	0.000000E+0	2.800570E+2
2.284370E-2	3.195780E+3	0.000000E+0	2.802390E+2
2.286374E-2	3.195300E+3	0.000000E+0	2.804200E+2
2.286889E-2	3.195540E+3	0.000000E+0	2.806020E+2
2.289178E-2	3.196173E+3	0.000000E+0	2.807830E+2
2.289737E-2	3.196410E+3	0.000000E+0	2.809650E+2
2.292030E-2	3.196017E+3	0.000000E+0	2.811460E+2
2.292769E-2	3.195780E+3	0.000000E+0	2.813260E+2
2.294169E-2	3.196173E+3	0.000000E+0	2.815080E+2
2.295774E-2	3.196570E+3	0.000000E+0	2.816850E+2
2.297028E-2	3.196890E+3	0.000000E+0	2.818670E+2
2.298775E-2	3.197050E+3	0.000000E+0	2.820480E+2
2.299644E-2	3.197447E+3	0.000000E+0	2.822310E+2
2.301764E-2	3.197920E+3	0.000000E+0	2.824090E+2
2.302294E-2	3.198160E+3	0.000000E+0	2.825870E+2
2.304624E-2	3.198480E+3	0.000000E+0	2.827700E+2
2.305196E-2	3.199040E+3	0.000000E+0	2.829500E+2
2.307315E-2	3.199120E+3	0.000000E+0	2.831330E+2
2.308303E-2	3.199120E+3	0.000000E+0	2.833170E+2
2.309868E-2	3.198960E+3	0.000000E+0	2.835010E+2
2.311314E-2	3.199120E+3	0.000000E+0	2.836850E+2
2.312585E-2	3.199120E+3	0.000000E+0	2.838680E+2
2.314279E-2	3.199197E+3	0.000000E+0	2.840510E+2
2.315077E-2	3.199670E+3	0.000000E+0	2.842300E+2
2.317197E-2	3.200070E+3	0.000000E+0	2.844080E+2
2.317839E-2	3.200150E+3	0.000000E+0	2.845900E+2
2.320084E-2	3.199513E+3	0.000000E+0	2.847730E+2
2.320755E-2	3.198480E+3	0.000000E+0	2.849530E+2
2.322432E-2	3.197130E+3	0.000000E+0	2.851340E+2
2.323710E-2	3.195537E+3	0.000000E+0	2.853160E+2
2.325235E-2	3.192760E+3	0.000000E+0	2.854950E+2
2.326749E-2	3.188783E+3	0.000000E+0	2.856740E+2
2.327899E-2	3.187270E+3	0.000000E+0	2.858590E+2
2.329700E-2	3.189737E+3	0.000000E+0	2.860420E+2
2.330477E-2	3.193950E+3	0.000000E+0	2.862240E+2
2.332599E-2	3.197367E+3	0.000000E+0	2.864040E+2
2.333155E-2	3.199833E+3	0.000000E+0	2.865850E+2
2.335429E-2	3.201580E+3	0.000000E+0	2.867650E+2
2.336190E-2	3.202850E+3	0.000000E+0	2.869470E+2
2.337990E-2	3.203727E+3	0.000000E+0	2.871280E+2
2.339097E-2	3.204360E+3	0.000000E+0	2.873120E+2
2.340612E-2	3.204680E+3	0.000000E+0	2.874940E+2
2.342119E-2	3.205080E+3	0.000000E+0	2.876770E+2
2.343185E-2	3.205233E+3	0.000000E+0	2.878610E+2
2.345094E-2	3.205233E+3	0.000000E+0	2.880440E+2
2.345925E-2	3.204600E+3	0.000000E+0	2.882250E+2
2.348028E-2	3.204120E+3	0.000000E+0	2.884040E+2
2.348522E-2	3.204200E+3	0.000000E+0	2.885860E+2
2.350610E-2	3.204440E+3	0.000000E+0	2.887670E+2
2.351507E-2	3.204600E+3	0.000000E+0	2.889470E+2
2.353445E-2	3.204840E+3	0.000000E+0	2.891290E+2
2.354545E-2	3.205233E+3	0.000000E+0	2.893100E+2
2.355975E-2	3.205233E+3	0.000000E+0	2.894900E+2
2.357541E-2	3.205313E+3	0.000000E+0	2.896700E+2
2.358669E-2	3.205950E+3	0.000000E+0	2.898520E+2
2.360514E-2	3.206270E+3	0.000000E+0	2.900330E+2
2.361175E-2	3.206270E+3	0.000000E+0	2.902150E+2
2.363369E-2	3.206270E+3	0.000000E+0	2.903960E+2
2.363926E-2	3.206510E+3	0.000000E+0	2.905770E+2
2.366183E-2	3.206587E+3	0.000000E+0	2.907550E+2
2.366909E-2	3.206740E+3	0.000000E+0	2.909370E+2
2.368797E-2	3.206740E+3	0.000000E+0	2.911160E+2
2.369810E-2	3.206663E+3	0.000000E+0	2.912980E+2
2.371026E-2	3.206350E+3	0.000000E+0	2.914810E+2
2.372747E-2	3.206270E+3	0.000000E+0	2.916610E+2
2.373658E-2	3.206507E+3	0.000000E+0	2.918440E+2
2.375682E-2	3.206740E+3	0.000000E+0	2.920240E+2
2.376146E-2	3.206427E+3	0.000000E+0	2.922050E+2
2.378350E-2	3.205870E+3	0.000000E+0	2.923870E+2
2.379123E-2	3.206110E+3	0.000000E+0	2.925690E+2
2.381388E-2	3.206270E+3	0.000000E+0	2.927480E+2
2.382126E-2	3.205950E+3	0.000000E+0	2.929310E+2
2.383914E-2	3.205473E+3	0.000000E+0	2.931090E+2
2.385064E-2	3.204840E+3	0.000000E+0	2.932890E+2
2.386394E-2	3.204840E+3	0.000000E+0	2.934710E+2
2.388043E-2	3.205473E+3	0.000000E+0	2.936510E+2
2.388914E-2	3.205950E+3	0.000000E+0	2.938320E+2
2.391024E-2	3.205790E+3	0.000000E+0	2.940130E+2
2.391586E-2	3.206190E+3	0.000000E+0	2.941930E+2
2.393787E-2	3.206510E+3	0.000000E+0	2.943770E+2
2.394360E-2	3.206270E+3	0.000000E+0	2.945590E+2
2.396501E-2	3.205550E+3	0.000000E+0	2.947410E+2
2.397416E-2	3.205390E+3	0.000000E+0	2.949240E+2
2.398798E-2	3.206030E+3	0.000000E+0	2.951030E+2
2.400324E-2	3.206663E+3	0.000000E+0	2.952820E+2
2.401663E-2	3.206900E+3	0.000000E+0	2.954660E+2
2.403300E-2	3.206820E+3	0.000000E+0	2.956490E+2
2.404165E-2	3.206350E+3	0.000000E+0	2.958300E+2
2.406257E-2	3.206270E+3	0.000000E+0	2.960110E+2
2.406828E-2	3.206270E+3	0.000000E+0	2.961930E+2
2.408991E-2	3.206110E+3	0.000000E+0	2.963740E+2
2.409570E-2	3.205950E+3	0.000000E+0	2.965520E+2
2.411615E-2	3.206030E+3	0.000000E+0	2.967320E+2
2.412553E-2	3.205790E+3	0.000000E+0	2.969150E+2
2.414042E-2	3.205790E+3	0.000000E+0	2.970950E+2
2.415535E-2	3.206190E+3	0.000000E+0	2.972790E+2
2.416688E-2	3.206270E+3	0.000000E+0	2.974620E+2
2.418413E-2	3.206270E+3	0.000000E+0	2.976450E+2
2.419205E-2	3.206270E+3	0.000000E+0	2.978260E+2
2.421327E-2	3.206350E+3	0.000000E+0	2.980070E+2
2.421909E-2	3.206430E+3	0.000000E+0	2.981880E+2
2.424152E-2	3.206030E+3	0.000000E+0	2.983680E+2
2.424803E-2	3.205630E+3	0.000000E+0	2.985460E+2
2.426707E-2	3.205077E+3	0.000000E+0	2.987270E+2
2.427709E-2	3.204840E+3	0.000000E+0	2.989100E+2
2.429113E-2	3.205000E+3	0.000000E+0	2.990900E+2
2.430567E-2	3.205080E+3	0.000000E+0	2.992720E+2
2.431652E-2	3.204680E+3	0.000000E+0	2.994520E+2
2.433537E-2	3.204520E+3	0.000000E+0	2.996330E+2
2.434299E-2	3.204680E+3	0.000000E+0	2.998160E+2
2.436426E-2	3.205473E+3	0.000000E+0	2.999990E+2
2.436944E-2	3.206190E+3	0.000000E+0	3.001830E+2
2.439113E-2	3.206587E+3	0.000000E+0	3.003630E+2
2.439880E-2	3.206980E+3	0.000000E+0	3.005450E+2
2.441809E-2	3.207380E+3	0.000000E+0	3.007270E+2
2.442824E-2	3.206980E+3	0.000000E+0	3.009100E+2
2.444319E-2	3.205870E+3	0.000000E+0	3.010920E+2
2.445698E-2	3.204840E+3	0.000000E+0	3.012730E+2
2.446674E-2	3.204360E+3	0.000000E+0	3.014550E+2
2.448548E-2	3.204360E+3	0.000000E+0	3.016340E+2
2.449320E-2	3.204600E+3	0.000000E+0	3.018160E+2
2.451458E-2	3.204043E+3	0.000000E+0	3.019970E+2
2.451970E-2	3.203250E+3	0.000000E+0	3.021790E+2
2.454125E-2	3.203010E+3	0.000000E+0	3.023600E+2
2.454844E-2	3.203250E+3	0.000000E+0	3.025380E+2
2.456546E-2	3.203410E+3	0.000000E+0	3.027210E+2
2.457789E-2	3.203647E+3	0.000000E+0	3.029010E+2
2.458065E-2	3.203727E+3	0.000000E+0	3.030840E+2
2.458168E-2	3.203170E+3	0.000000E+0	3.032640E+2
2.458262E-2	3.202690E+3	0.000000E+0	3.034440E+2
2.458338E-2	3.202930E+3	0.000000E+0	3.036260E+2
2.458316E-2	3.202930E+3	0.000000E+0	3.038050E+2
2.458361E-2	3.203170E+3	0.000000E+0	3.039860E+2
2.458366E-2	3.203883E+3	0.000000E+0	3.041690E+2
2.458385E-2	3.204120E+3	0.000000E+0	3.043510E+2
2.458505E-2	3.203960E+3	0.000000E+0	3.045360E+2
2.458407E-2	3.203650E+3	0.000000E+0	3.047190E+2
2.458449E-2	3.203880E+3	0.000000E+0	3.048980E+2
2.458446E-2	3.203880E+3	0.000000E+0	3.050800E+2
2.458426E-2	3.203803E+3	0.000000E+0	3.052630E+2
2.458420E-2	3.203250E+3	0.000000E+0	3.054430E+2
2.458417E-2	3.202930E+3	0.000000E+0	3.056250E+2
2.458419E-2	3.202930E+3	0.000000E+0	3.058020E+2
2.458465E-2	3.202930E+3	0.000000E+0	3.059820E+2
2.458461E-2	3.202930E+3	0.000000E+0	3.061650E+2
2.458423E-2	3.202930E+3	0.000000E+0	3.063470E+2
2.458545E-2	3.203090E+3	0.000000E+0	3.065280E+2
2.458500E-2	3.203490E+3	0.000000E+0	3.067080E+2
2.458466E-2	3.203880E+3	0.000000E+0	3.068890E+2
2.458459E-2	3.203727E+3	0.000000E+0	3.070740E+2
2.458448E-2	3.203170E+3	0.000000E+0	3.072540E+2
2.458084E-2	3.202770E+3	0.000000E+0	3.074380E+2
2.457981E-2	3.202450E+3	0.000000E+0	3.076170E+2
2.457980E-2	3.202450E+3	0.000000E+0	3.077990E+2
2.457881E-2	3.202530E+3	0.000000E+0	3.079810E+2
2.457893E-2	3.202770E+3	0.000000E+0	3.081620E+2
2.457856E-2	3.203170E+3	0.000000E+0	3.083410E+2
2.457881E-2	3.203170E+3	0.000000E+0	3.085230E+2
2.457885E-2	3.202770E+3	0.000000E+0	3.087030E+2
2.457957E-2	3.202450E+3	0.000000E+0	3.088830E+2
2.457915E-2	3.202290E+3	0.000000E+0	3.090640E+2
2.457863E-2	3.201820E+3	0.000000E+0	3.092420E+2
2.457905E-2	3.201340E+3	0.000000E+0	3.094240E+2
2.457939E-2	3.201100E+3	0.000000E+0	3.096050E+2
2.457906E-2	3.201260E+3	0.000000E+0	3.097870E+2
2.457835E-2	3.201900E+3	0.000000E+0	3.099680E+2
2.457847E-2	3.201977E+3	0.000000E+0	3.101480E+2
2.457904E-2	3.201340E+3	0.000000E+0	3.103300E+2
2.457880E-2	3.201020E+3	0.000000E+0	3.105110E+2
2.457862E-2	3.200940E+3	0.000000E+0	3.106900E+2
2.457859E-2	3.200780E+3	0.000000E+0	3.108700E+2
2.457864E-2	3.200860E+3	0.000000E+0	3.110500E+2
2.457817E-2	3.201020E+3	0.000000E+0	3.112290E+2
2.457857E-2	3.201020E+3	0.000000E+0	3.114130E+2
2.457836E-2	3.201180E+3	0.000000E+0	3.115960E+2
2.457805E-2	3.201500E+3	0.000000E+0	3.117760E+2
2.457878E-2	3.201340E+3	0.000000E+0	3.119560E+2
2.457876E-2	3.201100E+3	0.000000E+0	3.121360E+2
2.457817E-2	3.201020E+3	0.000000E+0	3.123190E+2
2.457831E-2	3.201260E+3	0.000000E+0	3.124980E+2
2.457843E-2	3.201260E+3	0.000000E+0	3.126810E+2
2.457827E-2	3.201260E+3	0.000000E+0	3.128690E+2
2.457521E-2	3.201260E+3	0.000000E+0	3.130530E+2
2.457513E-2	3.201260E+3	0.000000E+0	3.132360E+2
2.457464E-2	3.200703E+3	0.000000E+0	3.134210E+2
2.457492E-2	3.200310E+3	0.000000E+0	3.136020E+2
2.457512E-2	3.199910E+3	0.000000E+0	3.137840E+2
2.457488E-2	3.199037E+3	0.000000E+0	3.139630E+2
2.457508E-2	3.198240E+3	0.000000E+0	3.141430E+2
2.457547E-2	3.198480E+3	0.000000E+0	3.143220E+2
2.457507E-2	3.198640E+3	0.000000E+0	3.145010E+2
2.457451E-2	3.198640E+3	0.000000E+0	3.146860E+2
2.457530E-2	3.198080E+3	0.000000E+0	3.148680E+2
2.457536E-2	3.197760E+3	0.000000E+0	3.150480E+2
2.457495E-2	3.198000E+3	0.000000E+0	3.152290E+2
2.457424E-2	3.198560E+3	0.000000E+0	3.154110E+2
2.457471E-2	3.198640E+3	0.000000E+0	3.155920E+2
2.457493E-2	3.198560E+3	0.000000E+0	3.157710E+2
2.457499E-2	3.198000E+3	0.000000E+0	3.159490E+2
2.457517E-2	3.197920E+3	0.000000E+0	3.161300E+2
2.457459E-2	3.197920E+3	0.000000E+0	3.163120E+2
2.457482E-2	3.197920E+3	0.000000E+0	3.164930E+2
2.457461E-2	3.198080E+3	0.000000E+0	3.166690E+2
2.457483E-2	3.198000E+3	0.000000E+0	3.168530E+2
2.457486E-2	3.197683E+3	0.000000E+0	3.170340E+2
2.457448E-2	3.196810E+3	0.000000E+0	3.172160E+2
2.457484E-2	3.196250E+3	0.000000E+0	3.174020E+2
2.457500E-2	3.196730E+3	0.000000E+0	3.175830E+2
2.457454E-2	3.197370E+3	0.000000E+0	3.177620E+2
2.457467E-2	3.197607E+3	0.000000E+0	3.179450E+2
2.457501E-2	3.198240E+3	0.000000E+0	3.181240E+2
2.457472E-2	3.198400E+3	0.000000E+0	3.183040E+2
2.457495E-2	3.198320E+3	0.000000E+0	3.184890E+2
2.457488E-2	3.198320E+3	0.000000E+0	3.186680E+2
2.457486E-2	3.197920E+3	0.000000E+0	3.188510E+2
2.457569E-2	3.197920E+3	0.000000E+0	3.190310E+2
2.457891E-2	3.197920E+3	0.000000E+0	3.192110E+2
2.458012E-2	3.197920E+3	0.000000E+0	3.193940E+2
2.459853E-2	3.197920E+3	0.000000E+0	3.195740E+2
2.460494E-2	3.197920E+3	0.000000E+0	3.197540E+2
2.461867E-2	3.197840E+3	0.000000E+0	3.199350E+2
2.463319E-2	3.197527E+3	0.000000E+0	3.201210E+2
2.464678E-2	3.197050E+3	0.000000E+0	3.203060E+2
2.466208E-2	3.197050E+3	0.000000E+0	3.204880E+2
2.467209E-2	3.197450E+3	0.000000E+0	3.206690E+2
2.469072E-2	3.197603E+3	0.000000E+0	3.208510E+2
2.469695E-2	3.197450E+3	0.000000E+0	3.210310E+2
2.471914E-2	3.197450E+3	0.000000E+0	3.212170E+2
2.472379E-2	3.197450E+3	0.000000E+0	3.213970E+2
2.474560E-2	3.197450E+3	0.000000E+0	3.215760E+2
2.475315E-2	3.197683E+3	0.000000E+0	3.217570E+2
2.477188E-2	3.198160E+3	0.000000E+0	3.219380E+2
2.478178E-2	3.198640E+3	0.000000E+0	3.221190E+2
2.479400E-2	3.198480E+3	0.000000E+0	3.222990E+2
2.481059E-2	3.198320E+3	0.000000E+0	3.224790E+2
2.481826E-2	3.198080E+3	0.000000E+0	3.226590E+2
2.483859E-2	3.197683E+3	0.000000E+0	3.228410E+2
2.484477E-2	3.197050E+3	0.000000E+0	3.230220E+2
2.486735E-2	3.197210E+3	0.000000E+0	3.232050E+2
2.487301E-2	3.197683E+3	0.000000E+0	3.233910E+2
2.489023E-2	3.198080E+3	0.000000E+0	3.235710E+2
2.490187E-2	3.198160E+3	0.000000E+0	3.237520E+2
2.491775E-2	3.197920E+3	0.000000E+0	3.239320E+2
2.493064E-2	3.197683E+3	0.000000E+0	3.241140E+2
2.494319E-2	3.197050E+3	0.000000E+0	3.242950E+2
2.495970E-2	3.196490E+3	0.000000E+0	3.244770E+2
2.496901E-2	3.195780E+3	0.000000E+0	3.246580E+2
2.498846E-2	3.195380E+3	0.000000E+0	3.248400E+2
2.499339E-2	3.195700E+3	0.000000E+0	3.250200E+2
2.501563E-2	3.196017E+3	0.000000E+0	3.252020E+2
2.502108E-2	3.196250E+3	0.000000E+0	3.253830E+2
2.504225E-2	3.196250E+3	0.000000E+0	3.255640E+2
2.505030E-2	3.196250E+3	0.000000E+0	3.257460E+2
2.506694E-2	3.196017E+3	0.000000E+0	3.259270E+2
2.507887E-2	3.195780E+3	0.000000E+0	3.261090E+2
2.508945E-2	3.195780E+3	0.000000E+0	3.262900E+2
2.510686E-2	3.195700E+3	0.000000E+0	3.264730E+2
2.511667E-2	3.195620E+3	0.000000E+0	3.266530E+2
2.513602E-2	3.195620E+3	0.000000E+0	3.268390E+2
2.514013E-2	3.195300E+3	0.000000E+0	3.270210E+2
2.516084E-2	3.195300E+3	0.000000E+0	3.272000E+2
2.516860E-2	3.195140E+3	0.000000E+0	3.273820E+2
2.518983E-2	3.195300E+3	0.000000E+0	3.275630E+2
2.519775E-2	3.195460E+3	0.000000E+0	3.277460E+2
2.521520E-2	3.194903E+3	0.000000E+0	3.279290E+2
2.522722E-2	3.194590E+3	0.000000E+0	3.281080E+2
2.523889E-2	3.194590E+3	0.000000E+0	3.282890E+2
2.525484E-2	3.194270E+3	0.000000E+0	3.284690E+2
2.526378E-2	3.193950E+3	0.000000E+0	3.286480E+2
2.527797E-2	3.193710E+3	0.000000E+0	3.288280E+2
2.528983E-2	3.193550E+3	0.000000E+0	3.290100E+2
2.530387E-2	3.193390E+3	0.000000E+0	3.291910E+2
2.531696E-2	3.193390E+3	0.000000E+0	3.293760E+2
2.533092E-2	3.193150E+3	0.000000E+0	3.295560E+2
2.534296E-2	3.193150E+3	0.000000E+0	3.297360E+2
2.535565E-2	3.193230E+3	0.000000E+0	3.299190E+2
2.536980E-2	3.193550E+3	0.000000E+0	3.300990E+2
2.538373E-2	3.193630E+3	0.000000E+0	3.302820E+2
2.539686E-2	3.193390E+3	0.000000E+0	3.304650E+2
2.541074E-2	3.192997E+3	0.000000E+0	3.306500E+2
2.542362E-2	3.192840E+3	0.000000E+0	3.308320E+2
2.543655E-2	3.192360E+3	0.000000E+0	3.310120E+2
2.545045E-2	3.192040E+3	0.000000E+0	3.311930E+2
2.546421E-2	3.192120E+3	0.000000E+0	3.313760E+2
2.547760E-2	3.191880E+3	0.000000E+0	3.315560E+2
2.549033E-2	3.191250E+3	0.000000E+0	3.317360E+2
2.550372E-2	3.190690E+3	0.000000E+0	3.319210E+2
2.551611E-2	3.190770E+3	0.000000E+0	3.320990E+2
2.553065E-2	3.190690E+3	0.000000E+0	3.322810E+2
2.554409E-2	3.190370E+3	0.000000E+0	3.324660E+2
2.555672E-2	3.190530E+3	0.000000E+0	3.326480E+2
2.557038E-2	3.190770E+3	0.000000E+0	3.328330E+2
2.558383E-2	3.190450E+3	0.000000E+0	3.330150E+2
2.559711E-2	3.190290E+3	0.000000E+0	3.331960E+2
2.561000E-2	3.190290E+3	0.000000E+0	3.333770E+2
2.562401E-2	3.190690E+3	0.000000E+0	3.335550E+2
2.563744E-2	3.190930E+3	0.000000E+0	3.337350E+2
2.564981E-2	3.191250E+3	0.000000E+0	3.339180E+2
2.566366E-2	3.191010E+3	0.000000E+0	3.340980E+2
2.567711E-2	3.190770E+3	0.000000E+0	3.342790E+2
2.568987E-2	3.190770E+3	0.000000E+0	3.344640E+2
2.570351E-2	3.190690E+3	0.000000E+0	3.346450E+2
2.571646E-2	3.190290E+3	0.000000E+0	3.348260E+2
2.572914E-2	3.190530E+3	0.000000E+0	3.350080E+2
2.574253E-2	3.190370E+3	0.000000E+0	3.351870E+2
2.575639E-2	3.190290E+3	0.000000E+0	3.353700E+2
2.576938E-2	3.190690E+3	0.000000E+0	3.355510E+2
2.578266E-2	3.190930E+3	0.000000E+0	3.357320E+2
2.579565E-2	3.190930E+3	0.000000E+0	3.359120E+2
2.580831E-2	3.190610E+3	0.000000E+0	3.360930E+2
2.582187E-2	3.190213E+3	0.000000E+0	3.362750E+2
2.583461E-2	3.190290E+3	0.000000E+0	3.364580E+2
2.584822E-2	3.190290E+3	0.000000E+0	3.366420E+2
2.586151E-2	3.190290E+3	0.000000E+0	3.368240E+2
2.587473E-2	3.190290E+3	0.000000E+0	3.370050E+2
2.588729E-2	3.189740E+3	0.000000E+0	3.371860E+2
2.590062E-2	3.189180E+3	0.000000E+0	3.373660E+2
2.591319E-2	3.189100E+3	0.000000E+0	3.375440E+2
2.592689E-2	3.189100E+3	0.000000E+0	3.377260E+2
2.593960E-2	3.189100E+3	0.000000E+0	3.379070E+2
2.595279E-2	3.188623E+3	0.000000E+0	3.380890E+2
2.596642E-2	3.187910E+3	0.000000E+0	3.382700E+2
2.597843E-2	3.187670E+3	0.000000E+0	3.384530E+2
2.599157E-2	3.187510E+3	0.000000E+0	3.386370E+2
2.600545E-2	3.187510E+3	0.000000E+0	3.388190E+2
2.601813E-2	3.187430E+3	0.000000E+0	3.390000E+2
2.603173E-2	3.187510E+3	0.000000E+0	3.391800E+2
2.604587E-2	3.188070E+3	0.000000E+0	3.393630E+2
2.605797E-2	3.188310E+3	0.000000E+0	3.395430E+2
2.606969E-2	3.187990E+3	0.000000E+0	3.397250E+2
2.608289E-2	3.187590E+3	0.000000E+0	3.399020E+2
2.609674E-2	3.187037E+3	0.000000E+0	3.400860E+2
2.610867E-2	3.186240E+3	0.000000E+0	3.402690E+2
2.612181E-2	3.186160E+3	0.000000E+0	3.404490E+2
2.613480E-2	3.186640E+3	0.000000E+0	3.406310E+2
2.614791E-2	3.187113E+3	0.000000E+0	3.408080E+2
2.616050E-2	3.186640E+3	0.000000E+0	3.409870E+2
2.617359E-2	3.185843E+3	0.000000E+0	3.411710E+2
2.618723E-2	3.185290E+3	0.000000E+0	3.413530E+2
2.619980E-2	3.185370E+3	0.000000E+0	3.415320E+2
2.621258E-2	3.185607E+3	0.000000E+0	3.417140E+2
2.622422E-2	3.185840E+3	0.000000E+0	3.418960E+2
2.623816E-2	3.186320E+3	0.000000E+0	3.420770E+2
2.625185E-2	3.186880E+3	0.000000E+0	3.422600E+2
2.626500E-2	3.186720E+3	0.000000E+0	3.424430E+2
2.627795E-2	3.186000E+3	0.000000E+0	3.426270E+2
2.629041E-2	3.185370E+3	0.000000E+0	3.428070E+2
2.630412E-2	3.185290E+3	0.000000E+0	3.429860E+2
2.631790E-2	3.185450E+3	0.000000E+0	3.431690E+2
2.633047E-2	3.185370E+3	0.000000E+0	3.433500E+2
2.634260E-2	3.185447E+3	0.000000E+0	3.435320E+2
2.635598E-2	3.186160E+3	0.000000E+0	3.437090E+2
2.636928E-2	3.186160E+3	0.000000E+0	3.438920E+2
2.637668E-2	3.185527E+3	0.000000E+0	3.440720E+2
2.639563E-2	3.185290E+3	0.000000E+0	3.442510E+2
2.640243E-2	3.185290E+3	0.000000E+0	3.444320E+2
2.642329E-2	3.184890E+3	0.000000E+0	3.446140E+2
2.642782E-2	3.184490E+3	0.000000E+0	3.447970E+2
2.644902E-2	3.183860E+3	0.000000E+0	3.449830E+2
2.645534E-2	3.183140E+3	0.000000E+0	3.451640E+2
2.647244E-2	3.183380E+3	0.000000E+0	3.453450E+2
2.648316E-2	3.184020E+3	0.000000E+0	3.455310E+2
2.649644E-2	3.184410E+3	0.000000E+0	3.457110E+2
2.651015E-2	3.184490E+3	0.000000E+0	3.458930E+2
2.652132E-2	3.184020E+3	0.000000E+0	3.460750E+2
2.653829E-2	3.183540E+3	0.000000E+0	3.462550E+2
2.654406E-2	3.182980E+3	0.000000E+0	3.464370E+2
2.656458E-2	3.182900E+3	0.000000E+0	3.466180E+2
2.656900E-2	3.182507E+3	0.000000E+0	3.467970E+2
2.658900E-2	3.182350E+3	0.000000E+0	3.469780E+2
2.659663E-2	3.182190E+3	0.000000E+0	3.471570E+2
2.661280E-2	3.181870E+3	0.000000E+0	3.473380E+2
2.662441E-2	3.181470E+3	0.000000E+0	3.475200E+2
2.663388E-2	3.181470E+3	0.000000E+0	3.477020E+2
2.665113E-2	3.181470E+3	0.000000E+0	3.478830E+2
2.666205E-2	3.182030E+3	0.000000E+0	3.480680E+2
2.667927E-2	3.182663E+3	0.000000E+0	3.482510E+2
2.668560E-2	3.182583E+3	0.000000E+0	3.484360E+2
2.670583E-2	3.182430E+3	0.000000E+0	3.486180E+2
2.671084E-2	3.182270E+3	0.000000E+0	3.488010E+2
2.673197E-2	3.181710E+3	0.000000E+0	3.489810E+2
2.673786E-2	3.181470E+3	0.000000E+0	3.491650E+2
2.675698E-2	3.181470E+3	0.000000E+0	3.493470E+2
2.676500E-2	3.181470E+3	0.000000E+0	3.495310E+2
2.676837E-2	3.181550E+3	0.000000E+0	3.497140E+2
2.676904E-2	3.181870E+3	0.000000E+0	3.498930E+2
2.676984E-2	3.182350E+3	0.000000E+0	3.500710E+2
2.676750E-2	3.182507E+3	0.000000E+0	3.502540E+2
2.676620E-2	3.182430E+3	0.000000E+0	3.504370E+2
2.676608E-2	3.182270E+3	0.000000E+0	3.506160E+2
2.676630E-2	3.181790E+3	0.000000E+0	3.507970E+2
2.676587E-2	3.181550E+3	0.000000E+0	3.509800E+2
2.676534E-2	3.181470E+3	0.000000E+0	3.511600E+2
2.676560E-2	3.181710E+3	0.000000E+0	3.513410E+2
2.676592E-2	3.181393E+3	0.000000E+0	3.515230E+2
2.676573E-2	3.180440E+3	0.000000E+0	3.517070E+2
2.676566E-2	3.180040E+3	0.000000E+0	3.518870E+2
2.676544E-2	3.179880E+3	0.000000E+0	3.520680E+2
2.676621E-2	3.179800E+3	0.000000E+0	3.522490E+2
2.676593E-2	3.179880E+3	0.000000E+0	3.524290E+2
2.676608E-2	3.180040E+3	0.000000E+0	3.526110E+2
2.676518E-2	3.179800E+3	0.000000E+0	3.527920E+2
2.676566E-2	3.179170E+3	0.000000E+0	3.529740E+2
2.676547E-2	3.178370E+3	0.000000E+0	3.531550E+2
2.676568E-2	3.177737E+3	0.000000E+0	3.533400E+2
2.676522E-2	3.177260E+3	0.000000E+0	3.535210E+2
2.676513E-2	3.176940E+3	0.000000E+0	3.537010E+2
2.676581E-2	3.177020E+3	0.000000E+0	3.538810E+2
2.676543E-2	3.177340E+3	0.000000E+0	3.540640E+2
2.676558E-2	3.177580E+3	0.000000E+0	3.542470E+2
2.676420E-2	3.177420E+3	0.000000E+0	3.544280E+2
2.676211E-2	3.177020E+3	0.000000E+0	3.546100E+2
2.676162E-2	3.176547E+3	0.000000E+0	3.547870E+2
2.676171E-2	3.176470E+3	0.000000E+0	3.549690E+2
2.676176E-2	3.176860E+3	0.000000E+0	3.551540E+2
2.676109E-2	3.177100E+3	0.000000E+0	3.553360E+2
2.676130E-2	3.176940E+3	0.000000E+0	3.555170E+2
2.676061E-2	3.176940E+3	0.000000E+0	3.556970E+2
2.676092E-2	3.176783E+3	0.000000E+0	3.558760E+2
2.676156E-2	3.176230E+3	0.000000E+0	3.560580E+2
2.676170E-2	3.175750E+3	0.000000E+0	3.562360E+2
2.676151E-2	3.175510E+3	0.000000E+0	3.564190E+2
2.676135E-2	3.175270E+3	0.000000E+0	3.566070E+2
2.676157E-2	3.175270E+3	0.000000E+0	3.567860E+2
2.676119E-2	3.175270E+3	0.000000E+0	3.569660E+2
2.676106E-2	3.175670E+3	0.000000E+0	3.571470E+2
2.676138E-2	3.176070E+3	0.000000E+0	3.573290E+2
2.676146E-2	3.176703E+3	0.000000E+0	3.575080E+2
2.676141E-2	3.176940E+3	0.000000E+0	3.576880E+2
2.676094E-2	3.177180E+3	0.000000E+0	3.578740E+2
2.676151E-2	3.177500E+3	0.000000E+0	3.580540E+2
2.676139E-2	3.177660E+3	0.000000E+0	3.582350E+2
2.676169E-2	3.177660E+3	0.000000E+0	3.584180E+2
2.676065E-2	3.177420E+3	0.000000E+0	3.585990E+2
2.676082E-2	3.177180E+3	0.000000E+0	3.587770E+2
2.676072E-2	3.176940E+3	0.000000E+0	3.589570E+2
2.676135E-2	3.176860E+3	0.000000E+0	3.591410E+2
2.676108E-2	3.176623E+3	0.000000E+0	3.593240E+2
2.676087E-2	3.176700E+3	0.000000E+0	3.595050E+2
2.676083E-2	3.176700E+3	0.000000E+0	3.596860E+2
2.676131E-2	3.176623E+3	0.000000E+0	3.598670E+2
2.676099E-2	3.176390E+3	0.000000E+0	3.600490E+2
2.676105E-2	3.175990E+3	0.000000E+0	3.602300E+2
2.676127E-2	3.175510E+3	0.000000E+0	3.604110E+2
2.676149E-2	3.175270E+3	0.000000E+0	3.605980E+2
2.676110E-2	3.175830E+3	0.000000E+0	3.607830E+2
2.676194E-2	3.176783E+3	0.000000E+0	3.609640E+2
2.676153E-2	3.177100E+3	0.000000E+0	3.611470E+2
2.676160E-2	3.176467E+3	0.000000E+0	3.613300E+2
2.676083E-2	3.175273E+3	0.000000E+0	3.615130E+2
2.676124E-2	3.175193E+3	0.000000E+0	3.616930E+2
2.676120E-2	3.175750E+3	0.000000E+0	3.618740E+2
2.676106E-2	3.175830E+3	0.000000E+0	3.620550E+2
2.676197E-2	3.176070E+3	0.000000E+0	3.622400E+2
2.676183E-2	3.175830E+3	0.000000E+0	3.624230E+2
2.676091E-2	3.175830E+3	0.000000E+0	3.626040E+2
2.676126E-2	3.176703E+3	0.000000E+0	3.627860E+2
2.676109E-2	3.177260E+3	0.000000E+0	3.629630E+2
2.676141E-2	3.177100E+3	0.000000E+0	3.631430E+2
2.676094E-2	3.176940E+3	0.000000E+0	3.633250E+2
2.676080E-2	3.176940E+3	0.000000E+0	3.635060E+2
2.676122E-2	3.176940E+3	0.000000E+0	3.636880E+2
