X channel: Keithley, channel #5; mode:  DCV; scale:  0.10; X converted, conversion factor:1.000000E+0
Y channel: Lock-in, mkV
II channel: B7-78, Ohm; scale:  10000.000000
X channel	Y channel	II channel	timestamp, sec
2.676102E-2	3.449373E+3	0.000000E+0	0.000000E+0
2.676055E-2	3.449690E+3	0.000000E+0	1.800000E-1
2.676063E-2	3.450330E+3	0.000000E+0	3.590000E-1
2.676101E-2	3.450887E+3	0.000000E+0	5.390000E-1
2.676081E-2	3.451520E+3	0.000000E+0	7.190000E-1
2.676056E-2	3.451520E+3	0.000000E+0	8.980000E-1
2.675210E-2	3.450967E+3	0.000000E+0	1.078000E+0
2.674291E-2	3.450890E+3	0.000000E+0	1.260000E+0
2.673569E-2	3.450890E+3	0.000000E+0	1.443000E+0
2.672009E-2	3.450810E+3	0.000000E+0	1.624000E+0
2.671486E-2	3.450330E+3	0.000000E+0	1.807000E+0
2.669713E-2	3.449690E+3	0.000000E+0	1.988000E+0
2.669368E-2	3.449450E+3	0.000000E+0	2.174000E+0
2.667470E-2	3.448740E+3	0.000000E+0	2.355000E+0
2.666979E-2	3.448023E+3	0.000000E+0	2.538000E+0
2.665423E-2	3.447790E+3	0.000000E+0	2.718000E+0
2.664537E-2	3.448180E+3	0.000000E+0	2.899000E+0
2.663580E-2	3.448580E+3	0.000000E+0	3.084000E+0
2.662141E-2	3.448660E+3	0.000000E+0	3.264000E+0
2.661326E-2	3.448103E+3	0.000000E+0	3.444000E+0
2.659636E-2	3.447230E+3	0.000000E+0	3.623000E+0
2.659120E-2	3.446670E+3	0.000000E+0	3.811000E+0
2.657273E-2	3.446910E+3	0.000000E+0	3.993000E+0
2.656963E-2	3.447150E+3	0.000000E+0	4.174000E+0
2.655068E-2	3.447787E+3	0.000000E+0	4.354000E+0
2.654545E-2	3.448340E+3	0.000000E+0	4.536000E+0
2.652930E-2	3.448580E+3	0.000000E+0	4.717000E+0
2.652034E-2	3.448740E+3	0.000000E+0	4.897000E+0
2.650818E-2	3.448740E+3	0.000000E+0	5.084000E+0
2.649598E-2	3.448740E+3	0.000000E+0	5.266000E+0
2.648842E-2	3.448740E+3	0.000000E+0	5.446000E+0
2.647170E-2	3.448740E+3	0.000000E+0	5.629000E+0
2.646712E-2	3.448820E+3	0.000000E+0	5.809000E+0
2.644787E-2	3.449453E+3	0.000000E+0	5.987000E+0
2.644337E-2	3.449930E+3	0.000000E+0	6.167000E+0
2.642497E-2	3.449610E+3	0.000000E+0	6.349000E+0
2.641909E-2	3.448500E+3	0.000000E+0	6.531000E+0
2.640390E-2	3.448260E+3	0.000000E+0	6.712000E+0
2.639398E-2	3.448340E+3	0.000000E+0	6.892000E+0
2.638405E-2	3.448660E+3	0.000000E+0	7.074000E+0
2.636961E-2	3.448660E+3	0.000000E+0	7.255000E+0
2.636154E-2	3.448023E+3	0.000000E+0	7.441000E+0
2.634491E-2	3.447790E+3	0.000000E+0	7.628000E+0
2.633870E-2	3.447790E+3	0.000000E+0	7.809000E+0
2.632036E-2	3.447790E+3	0.000000E+0	7.989000E+0
2.631592E-2	3.447630E+3	0.000000E+0	8.171000E+0
2.629753E-2	3.447550E+3	0.000000E+0	8.351000E+0
2.629076E-2	3.447470E+3	0.000000E+0	8.531000E+0
2.627641E-2	3.447070E+3	0.000000E+0	8.711000E+0
2.626587E-2	3.446670E+3	0.000000E+0	8.891000E+0
2.625491E-2	3.446200E+3	0.000000E+0	9.070000E+0
2.624102E-2	3.446200E+3	0.000000E+0	9.254000E+0
2.623443E-2	3.446437E+3	0.000000E+0	9.433000E+0
2.621618E-2	3.446513E+3	0.000000E+0	9.609000E+0
2.621181E-2	3.445880E+3	0.000000E+0	9.789000E+0
2.619167E-2	3.445880E+3	0.000000E+0	9.972000E+0
2.618718E-2	3.446830E+3	0.000000E+0	1.015500E+1
2.616942E-2	3.447070E+3	0.000000E+0	1.033500E+1
2.616201E-2	3.446990E+3	0.000000E+0	1.051500E+1
2.614951E-2	3.446910E+3	0.000000E+0	1.069500E+1
2.613666E-2	3.445960E+3	0.000000E+0	1.087700E+1
2.612636E-2	3.445160E+3	0.000000E+0	1.105800E+1
2.611063E-2	3.445560E+3	0.000000E+0	1.123900E+1
2.610773E-2	3.446040E+3	0.000000E+0	1.141800E+1
2.608691E-2	3.445480E+3	0.000000E+0	1.159900E+1
2.608251E-2	3.445000E+3	0.000000E+0	1.178400E+1
2.606224E-2	3.444843E+3	0.000000E+0	1.196300E+1
2.605604E-2	3.445720E+3	0.000000E+0	1.214500E+1
2.604018E-2	3.446120E+3	0.000000E+0	1.232600E+1
2.603038E-2	3.445800E+3	0.000000E+0	1.250800E+1
2.601807E-2	3.444923E+3	0.000000E+0	1.269000E+1
2.600436E-2	3.444450E+3	0.000000E+0	1.287300E+1
2.599638E-2	3.444450E+3	0.000000E+0	1.305200E+1
2.597917E-2	3.444450E+3	0.000000E+0	1.323200E+1
2.597334E-2	3.444767E+3	0.000000E+0	1.341300E+1
2.595416E-2	3.444843E+3	0.000000E+0	1.359100E+1
2.595074E-2	3.444450E+3	0.000000E+0	1.377600E+1
2.593050E-2	3.444450E+3	0.000000E+0	1.395900E+1
2.592431E-2	3.444450E+3	0.000000E+0	1.413900E+1
2.590895E-2	3.444210E+3	0.000000E+0	1.432100E+1
2.589814E-2	3.443970E+3	0.000000E+0	1.450200E+1
2.588616E-2	3.443970E+3	0.000000E+0	1.468400E+1
2.587199E-2	3.443493E+3	0.000000E+0	1.486400E+1
2.586658E-2	3.443100E+3	0.000000E+0	1.504200E+1
2.584721E-2	3.442620E+3	0.000000E+0	1.521900E+1
2.584212E-2	3.442940E+3	0.000000E+0	1.540500E+1
2.582136E-2	3.443650E+3	0.000000E+0	1.558600E+1
2.581728E-2	3.443650E+3	0.000000E+0	1.576400E+1
2.579815E-2	3.443730E+3	0.000000E+0	1.594500E+1
2.579009E-2	3.443730E+3	0.000000E+0	1.612500E+1
2.577479E-2	3.443337E+3	0.000000E+0	1.630800E+1
2.576390E-2	3.443180E+3	0.000000E+0	1.648900E+1
2.575446E-2	3.443260E+3	0.000000E+0	1.666700E+1
2.573779E-2	3.443413E+3	0.000000E+0	1.684700E+1
2.572980E-2	3.442940E+3	0.000000E+0	1.703100E+1
2.571154E-2	3.442700E+3	0.000000E+0	1.721400E+1
2.570689E-2	3.442300E+3	0.000000E+0	1.739400E+1
2.568635E-2	3.441827E+3	0.000000E+0	1.757800E+1
2.568161E-2	3.441670E+3	0.000000E+0	1.775800E+1
2.566455E-2	3.442460E+3	0.000000E+0	1.794000E+1
2.565495E-2	3.443260E+3	0.000000E+0	1.812000E+1
2.564145E-2	3.443180E+3	0.000000E+0	1.830400E+1
2.562880E-2	3.442860E+3	0.000000E+0	1.848600E+1
2.562177E-2	3.442780E+3	0.000000E+0	1.866700E+1
2.560281E-2	3.442220E+3	0.000000E+0	1.884900E+1
2.559445E-2	3.441670E+3	0.000000E+0	1.903000E+1
2.557593E-2	3.441670E+3	0.000000E+0	1.921100E+1
2.557109E-2	3.441830E+3	0.000000E+0	1.939300E+1
2.555024E-2	3.441590E+3	0.000000E+0	1.957900E+1
2.554502E-2	3.441590E+3	0.000000E+0	1.976000E+1
2.552604E-2	3.441750E+3	0.000000E+0	1.993600E+1
2.551814E-2	3.441750E+3	0.000000E+0	2.011500E+1
2.550402E-2	3.441350E+3	0.000000E+0	2.029500E+1
2.549141E-2	3.441190E+3	0.000000E+0	2.048100E+1
2.548098E-2	3.441590E+3	0.000000E+0	2.066200E+1
2.546438E-2	3.441670E+3	0.000000E+0	2.084500E+1
2.545630E-2	3.441590E+3	0.000000E+0	2.102800E+1
2.543787E-2	3.441510E+3	0.000000E+0	2.120800E+1
2.543429E-2	3.441030E+3	0.000000E+0	2.139000E+1
2.541408E-2	3.440790E+3	0.000000E+0	2.157400E+1
2.540669E-2	3.440313E+3	0.000000E+0	2.175500E+1
2.538821E-2	3.439920E+3	0.000000E+0	2.193500E+1
2.537964E-2	3.440393E+3	0.000000E+0	2.211800E+1
2.536503E-2	3.441030E+3	0.000000E+0	2.229800E+1
2.535219E-2	3.441110E+3	0.000000E+0	2.248200E+1
2.534133E-2	3.440313E+3	0.000000E+0	2.266500E+1
2.532561E-2	3.439200E+3	0.000000E+0	2.284700E+1
2.531785E-2	3.438960E+3	0.000000E+0	2.303100E+1
2.529809E-2	3.439040E+3	0.000000E+0	2.321600E+1
2.529317E-2	3.439440E+3	0.000000E+0	2.339900E+1
2.527257E-2	3.439120E+3	0.000000E+0	2.358100E+1
2.526675E-2	3.439040E+3	0.000000E+0	2.376500E+1
2.524720E-2	3.439680E+3	0.000000E+0	2.394500E+1
2.523955E-2	3.440313E+3	0.000000E+0	2.412900E+1
2.522446E-2	3.440157E+3	0.000000E+0	2.431200E+1
2.521200E-2	3.439520E+3	0.000000E+0	2.449500E+1
2.519977E-2	3.439360E+3	0.000000E+0	2.467600E+1
2.518522E-2	3.438807E+3	0.000000E+0	2.485800E+1
2.517595E-2	3.438730E+3	0.000000E+0	2.503900E+1
2.515779E-2	3.438807E+3	0.000000E+0	2.522000E+1
2.515270E-2	3.439200E+3	0.000000E+0	2.540100E+1
2.513161E-2	3.439440E+3	0.000000E+0	2.558000E+1
2.512672E-2	3.438963E+3	0.000000E+0	2.576100E+1
2.510659E-2	3.438330E+3	0.000000E+0	2.594100E+1
2.509874E-2	3.438170E+3	0.000000E+0	2.612200E+1
2.508299E-2	3.438250E+3	0.000000E+0	2.630400E+1
2.507102E-2	3.438250E+3	0.000000E+0	2.648200E+1
2.506049E-2	3.437850E+3	0.000000E+0	2.666600E+1
2.504370E-2	3.438010E+3	0.000000E+0	2.684700E+1
2.503624E-2	3.438727E+3	0.000000E+0	2.702600E+1
2.501669E-2	3.439120E+3	0.000000E+0	2.720700E+1
2.501139E-2	3.438730E+3	0.000000E+0	2.738500E+1
2.499027E-2	3.438730E+3	0.000000E+0	2.756800E+1
2.498433E-2	3.438730E+3	0.000000E+0	2.774500E+1
2.496673E-2	3.438330E+3	0.000000E+0	2.792800E+1
2.495666E-2	3.437770E+3	0.000000E+0	2.810800E+1
2.494302E-2	3.436820E+3	0.000000E+0	2.829200E+1
2.492896E-2	3.436023E+3	0.000000E+0	2.847300E+1
2.491868E-2	3.435470E+3	0.000000E+0	2.865400E+1
2.490147E-2	3.435390E+3	0.000000E+0	2.883600E+1
2.489540E-2	3.435787E+3	0.000000E+0	2.901900E+1
2.487417E-2	3.436340E+3	0.000000E+0	2.919900E+1
2.486931E-2	3.436580E+3	0.000000E+0	2.938000E+1
2.484814E-2	3.436580E+3	0.000000E+0	2.956200E+1
2.484113E-2	3.436740E+3	0.000000E+0	2.974300E+1
2.482414E-2	3.436580E+3	0.000000E+0	2.992600E+1
2.481343E-2	3.436340E+3	0.000000E+0	3.010600E+1
2.480029E-2	3.435867E+3	0.000000E+0	3.028800E+1
2.478487E-2	3.435630E+3	0.000000E+0	3.046500E+1
2.477662E-2	3.435550E+3	0.000000E+0	3.064500E+1
2.475757E-2	3.435150E+3	0.000000E+0	3.082400E+1
2.475194E-2	3.434750E+3	0.000000E+0	3.100400E+1
2.473032E-2	3.434830E+3	0.000000E+0	3.118800E+1
2.472458E-2	3.434750E+3	0.000000E+0	3.136700E+1
2.470531E-2	3.434430E+3	0.000000E+0	3.155400E+1
2.469690E-2	3.434430E+3	0.000000E+0	3.173300E+1
2.468075E-2	3.434510E+3	0.000000E+0	3.191400E+1
2.466887E-2	3.434910E+3	0.000000E+0	3.209600E+1
2.465691E-2	3.434910E+3	0.000000E+0	3.227700E+1
2.464106E-2	3.434510E+3	0.000000E+0	3.245800E+1
2.463283E-2	3.434040E+3	0.000000E+0	3.264300E+1
2.461323E-2	3.433400E+3	0.000000E+0	3.282300E+1
2.460758E-2	3.432690E+3	0.000000E+0	3.300300E+1
2.458539E-2	3.432210E+3	0.000000E+0	3.318300E+1
2.457940E-2	3.431570E+3	0.000000E+0	3.336600E+1
2.455956E-2	3.431570E+3	0.000000E+0	3.354600E+1
2.455109E-2	3.431570E+3	0.000000E+0	3.372800E+1
2.453721E-2	3.431730E+3	0.000000E+0	3.390500E+1
2.452319E-2	3.432370E+3	0.000000E+0	3.408500E+1
2.451329E-2	3.432450E+3	0.000000E+0	3.426400E+1
2.449493E-2	3.431653E+3	0.000000E+0	3.444400E+1
2.448693E-2	3.430700E+3	0.000000E+0	3.462600E+1
2.446728E-2	3.429980E+3	0.000000E+0	3.481100E+1
2.446211E-2	3.429980E+3	0.000000E+0	3.499400E+1
2.443987E-2	3.429900E+3	0.000000E+0	3.517400E+1
2.443313E-2	3.430140E+3	0.000000E+0	3.535600E+1
2.441508E-2	3.429980E+3	0.000000E+0	3.553700E+1
2.440557E-2	3.429900E+3	0.000000E+0	3.571700E+1
2.439388E-2	3.429980E+3	0.000000E+0	3.590000E+1
2.437699E-2	3.429823E+3	0.000000E+0	3.608300E+1
2.436454E-2	3.428950E+3	0.000000E+0	3.626500E+1
2.434737E-2	3.428317E+3	0.000000E+0	3.644600E+1
2.434090E-2	3.428240E+3	0.000000E+0	3.662900E+1
2.432017E-2	3.427840E+3	0.000000E+0	3.681000E+1
2.431331E-2	3.427760E+3	0.000000E+0	3.699200E+1
2.429146E-2	3.427760E+3	0.000000E+0	3.717800E+1
2.428569E-2	3.427680E+3	0.000000E+0	3.736200E+1
2.426389E-2	3.427280E+3	0.000000E+0	3.754400E+1
2.425674E-2	3.427200E+3	0.000000E+0	3.772400E+1
2.424103E-2	3.426730E+3	0.000000E+0	3.790700E+1
2.422754E-2	3.426570E+3	0.000000E+0	3.808700E+1
2.421542E-2	3.426490E+3	0.000000E+0	3.826800E+1
2.419944E-2	3.426090E+3	0.000000E+0	3.845000E+1
2.419165E-2	3.426090E+3	0.000000E+0	3.863300E+1
2.417085E-2	3.426090E+3	0.000000E+0	3.881700E+1
2.416476E-2	3.425453E+3	0.000000E+0	3.899900E+1
2.414262E-2	3.424980E+3	0.000000E+0	3.918000E+1
2.413719E-2	3.424900E+3	0.000000E+0	3.936000E+1
2.412141E-2	3.424900E+3	0.000000E+0	3.954200E+1
2.410902E-2	3.424900E+3	0.000000E+0	3.972600E+1
2.409213E-2	3.424500E+3	0.000000E+0	3.990600E+1
2.407899E-2	3.424420E+3	0.000000E+0	4.008400E+1
2.406705E-2	3.424420E+3	0.000000E+0	4.026200E+1
2.405050E-2	3.424420E+3	0.000000E+0	4.044500E+1
2.404228E-2	3.424100E+3	0.000000E+0	4.062800E+1
2.402150E-2	3.423310E+3	0.000000E+0	4.080800E+1
2.401644E-2	3.422670E+3	0.000000E+0	4.098800E+1
2.399375E-2	3.422510E+3	0.000000E+0	4.117000E+1
2.398822E-2	3.422510E+3	0.000000E+0	4.135100E+1
2.396861E-2	3.422357E+3	0.000000E+0	4.153400E+1
2.395825E-2	3.421880E+3	0.000000E+0	4.171400E+1
2.394372E-2	3.421640E+3	0.000000E+0	4.189300E+1
2.392919E-2	3.421560E+3	0.000000E+0	4.207300E+1
2.392121E-2	3.421400E+3	0.000000E+0	4.225300E+1
2.390091E-2	3.421160E+3	0.000000E+0	4.243200E+1
2.389317E-2	3.420290E+3	0.000000E+0	4.261600E+1
2.387154E-2	3.419650E+3	0.000000E+0	4.279700E+1
2.386696E-2	3.419257E+3	0.000000E+0	4.297500E+1
2.384483E-2	3.418940E+3	0.000000E+0	4.315300E+1
2.383780E-2	3.418780E+3	0.000000E+0	4.333400E+1
2.382147E-2	3.418540E+3	0.000000E+0	4.351400E+1
2.380878E-2	3.418220E+3	0.000000E+0	4.369300E+1
2.379601E-2	3.417670E+3	0.000000E+0	4.387500E+1
2.377975E-2	3.417270E+3	0.000000E+0	4.405600E+1
2.377101E-2	3.417110E+3	0.000000E+0	4.423900E+1
2.375087E-2	3.416790E+3	0.000000E+0	4.441800E+1
2.374471E-2	3.416710E+3	0.000000E+0	4.459900E+1
2.372189E-2	3.416310E+3	0.000000E+0	4.477900E+1
2.371656E-2	3.416233E+3	0.000000E+0	4.496200E+1
2.369605E-2	3.416000E+3	0.000000E+0	4.514500E+1
2.368671E-2	3.415360E+3	0.000000E+0	4.532200E+1
2.367108E-2	3.414803E+3	0.000000E+0	4.550400E+1
2.365746E-2	3.414803E+3	0.000000E+0	4.568500E+1
2.364776E-2	3.414010E+3	0.000000E+0	4.587200E+1
2.362866E-2	3.413057E+3	0.000000E+0	4.605200E+1
2.362012E-2	3.412260E+3	0.000000E+0	4.623100E+1
2.359911E-2	3.412260E+3	0.000000E+0	4.641100E+1
2.359379E-2	3.412260E+3	0.000000E+0	4.659100E+1
2.357148E-2	3.412020E+3	0.000000E+0	4.677300E+1
2.356525E-2	3.411150E+3	0.000000E+0	4.695100E+1
2.354612E-2	3.410277E+3	0.000000E+0	4.713100E+1
2.353579E-2	3.409720E+3	0.000000E+0	4.731200E+1
2.352137E-2	3.409400E+3	0.000000E+0	4.749000E+1
2.350593E-2	3.409320E+3	0.000000E+0	4.766900E+1
2.349725E-2	3.408607E+3	0.000000E+0	4.784500E+1
2.347730E-2	3.407730E+3	0.000000E+0	4.803000E+1
2.347023E-2	3.406777E+3	0.000000E+0	4.820800E+1
2.344791E-2	3.405823E+3	0.000000E+0	4.839200E+1
2.344277E-2	3.405110E+3	0.000000E+0	4.857500E+1
2.342118E-2	3.404550E+3	0.000000E+0	4.875500E+1
2.341276E-2	3.403680E+3	0.000000E+0	4.893700E+1
2.339441E-2	3.402643E+3	0.000000E+0	4.911800E+1
2.338285E-2	3.402330E+3	0.000000E+0	4.930200E+1
2.337179E-2	3.401930E+3	0.000000E+0	4.948400E+1
2.335336E-2	3.401453E+3	0.000000E+0	4.966500E+1
2.334354E-2	3.400103E+3	0.000000E+0	4.984800E+1
2.332345E-2	3.398510E+3	0.000000E+0	5.003200E+1
2.331666E-2	3.397240E+3	0.000000E+0	5.021000E+1
2.329494E-2	3.395493E+3	0.000000E+0	5.039100E+1
2.328941E-2	3.392550E+3	0.000000E+0	5.057400E+1
2.326837E-2	3.390167E+3	0.000000E+0	5.075400E+1
2.325946E-2	3.387390E+3	0.000000E+0	5.093800E+1
2.324201E-2	3.382620E+3	0.000000E+0	5.112100E+1
2.322941E-2	3.380550E+3	0.000000E+0	5.130300E+1
2.321524E-2	3.383017E+3	0.000000E+0	5.148000E+1
2.319988E-2	3.386273E+3	0.000000E+0	5.166000E+1
2.319075E-2	3.388820E+3	0.000000E+0	5.184300E+1
2.317061E-2	3.389610E+3	0.000000E+0	5.202300E+1
2.316358E-2	3.390010E+3	0.000000E+0	5.220900E+1
2.314174E-2	3.390490E+3	0.000000E+0	5.239300E+1
2.313519E-2	3.391040E+3	0.000000E+0	5.257700E+1
2.311217E-2	3.391680E+3	0.000000E+0	5.276100E+1
2.310509E-2	3.391680E+3	0.000000E+0	5.294400E+1
2.308737E-2	3.390963E+3	0.000000E+0	5.312300E+1
2.307544E-2	3.390090E+3	0.000000E+0	5.330300E+1
2.306307E-2	3.389373E+3	0.000000E+0	5.348400E+1
2.304536E-2	3.388900E+3	0.000000E+0	5.366300E+1
2.303636E-2	3.388580E+3	0.000000E+0	5.384600E+1
2.301563E-2	3.388180E+3	0.000000E+0	5.402900E+1
2.300953E-2	3.387230E+3	0.000000E+0	5.421100E+1
2.298690E-2	3.386910E+3	0.000000E+0	5.439200E+1
2.298102E-2	3.386510E+3	0.000000E+0	5.457600E+1
2.295932E-2	3.386270E+3	0.000000E+0	5.476000E+1
2.295083E-2	3.386270E+3	0.000000E+0	5.494400E+1
2.293297E-2	3.386270E+3	0.000000E+0	5.512700E+1
2.292100E-2	3.386113E+3	0.000000E+0	5.530800E+1
2.290710E-2	3.384843E+3	0.000000E+0	5.548800E+1
2.289030E-2	3.383333E+3	0.000000E+0	5.566600E+1
2.288217E-2	3.381743E+3	0.000000E+0	5.584900E+1
2.286142E-2	3.380710E+3	0.000000E+0	5.603300E+1
2.285336E-2	3.379840E+3	0.000000E+0	5.621600E+1
2.283109E-2	3.379120E+3	0.000000E+0	5.640000E+1
2.282581E-2	3.377690E+3	0.000000E+0	5.658200E+1
2.280228E-2	3.376340E+3	0.000000E+0	5.676600E+1
2.279506E-2	3.375467E+3	0.000000E+0	5.694800E+1
2.277781E-2	3.374670E+3	0.000000E+0	5.712900E+1
2.276511E-2	3.373717E+3	0.000000E+0	5.731200E+1
2.275039E-2	3.372840E+3	0.000000E+0	5.749700E+1
2.273537E-2	3.372130E+3	0.000000E+0	5.768000E+1
2.272742E-2	3.370617E+3	0.000000E+0	5.786300E+1
2.270628E-2	3.369027E+3	0.000000E+0	5.804400E+1
2.269716E-2	3.366963E+3	0.000000E+0	5.822300E+1
2.267595E-2	3.365373E+3	0.000000E+0	5.840300E+1
2.267001E-2	3.363623E+3	0.000000E+0	5.858200E+1
2.264675E-2	3.362590E+3	0.000000E+0	5.876500E+1
2.264028E-2	3.361480E+3	0.000000E+0	5.894200E+1
2.262061E-2	3.360287E+3	0.000000E+0	5.912400E+1
2.260941E-2	3.358537E+3	0.000000E+0	5.930500E+1
2.259399E-2	3.356790E+3	0.000000E+0	5.948600E+1
2.257903E-2	3.354563E+3	0.000000E+0	5.966800E+1
2.256878E-2	3.352340E+3	0.000000E+0	5.985100E+1
2.254954E-2	3.350990E+3	0.000000E+0	6.003100E+1
2.254177E-2	3.350193E+3	0.000000E+0	6.021100E+1
2.251969E-2	3.349003E+3	0.000000E+0	6.039000E+1
2.251385E-2	3.347173E+3	0.000000E+0	6.057000E+1
2.249464E-2	3.344867E+3	0.000000E+0	6.074900E+1
2.248437E-2	3.343040E+3	0.000000E+0	6.092900E+1
2.246622E-2	3.341293E+3	0.000000E+0	6.110800E+1
2.245290E-2	3.339623E+3	0.000000E+0	6.128800E+1
2.244049E-2	3.337397E+3	0.000000E+0	6.146800E+1
2.242352E-2	3.335333E+3	0.000000E+0	6.164900E+1
2.241492E-2	3.333503E+3	0.000000E+0	6.183100E+1
2.239319E-2	3.331597E+3	0.000000E+0	6.201100E+1
2.238768E-2	3.329610E+3	0.000000E+0	6.219000E+1
2.236439E-2	3.327623E+3	0.000000E+0	6.237300E+1
2.235814E-2	3.325637E+3	0.000000E+0	6.255500E+1
2.233793E-2	3.324127E+3	0.000000E+0	6.273500E+1
2.232746E-2	3.321823E+3	0.000000E+0	6.291300E+1
2.231157E-2	3.319357E+3	0.000000E+0	6.309800E+1
2.229736E-2	3.316497E+3	0.000000E+0	6.327900E+1
2.228595E-2	3.313557E+3	0.000000E+0	6.345900E+1
2.226705E-2	3.310853E+3	0.000000E+0	6.364200E+1
2.225823E-2	3.307833E+3	0.000000E+0	6.382500E+1
2.223592E-2	3.304813E+3	0.000000E+0	6.400600E+1
2.223110E-2	3.301637E+3	0.000000E+0	6.418800E+1
2.220964E-2	3.298457E+3	0.000000E+0	6.437000E+1
2.220097E-2	3.295277E+3	0.000000E+0	6.455200E+1
2.218091E-2	3.292417E+3	0.000000E+0	6.473200E+1
2.217028E-2	3.288840E+3	0.000000E+0	6.491300E+1
2.215494E-2	3.285583E+3	0.000000E+0	6.509500E+1
2.213961E-2	3.282800E+3	0.000000E+0	6.527500E+1
2.213010E-2	3.279540E+3	0.000000E+0	6.545400E+1
2.210951E-2	3.276363E+3	0.000000E+0	6.563500E+1
2.210238E-2	3.272787E+3	0.000000E+0	6.582100E+1
2.207897E-2	3.269210E+3	0.000000E+0	6.600200E+1
2.207413E-2	3.264600E+3	0.000000E+0	6.618500E+1
2.205078E-2	3.260230E+3	0.000000E+0	6.636600E+1
2.204401E-2	3.255700E+3	0.000000E+0	6.654300E+1
2.202555E-2	3.251490E+3	0.000000E+0	6.672200E+1
2.201228E-2	3.247353E+3	0.000000E+0	6.690700E+1
2.199833E-2	3.242510E+3	0.000000E+0	6.709000E+1
2.198185E-2	3.237660E+3	0.000000E+0	6.727300E+1
2.197124E-2	3.232493E+3	0.000000E+0	6.745500E+1
2.195166E-2	3.227250E+3	0.000000E+0	6.763400E+1
2.194641E-2	3.221370E+3	0.000000E+0	6.781700E+1
2.192306E-2	3.216680E+3	0.000000E+0	6.799700E+1
2.191674E-2	3.211513E+3	0.000000E+0	6.817900E+1
2.189364E-2	3.206270E+3	0.000000E+0	6.835800E+1
2.188516E-2	3.199830E+3	0.000000E+0	6.853800E+1
2.186777E-2	3.193077E+3	0.000000E+0	6.871800E+1
2.185488E-2	3.186480E+3	0.000000E+0	6.890000E+1
2.184149E-2	3.179567E+3	0.000000E+0	6.908100E+1
2.182467E-2	3.173050E+3	0.000000E+0	6.926300E+1
2.181508E-2	3.165417E+3	0.000000E+0	6.944400E+1
2.179397E-2	3.158903E+3	0.000000E+0	6.962700E+1
2.178786E-2	3.151193E+3	0.000000E+0	6.981100E+1
2.176379E-2	3.143960E+3	0.000000E+0	6.999000E+1
2.175791E-2	3.135380E+3	0.000000E+0	7.017400E+1
2.173570E-2	3.127113E+3	0.000000E+0	7.036000E+1
2.172671E-2	3.118053E+3	0.000000E+0	7.054100E+1
2.170927E-2	3.109150E+3	0.000000E+0	7.072400E+1
2.169615E-2	3.099933E+3	0.000000E+0	7.090600E+1
2.168187E-2	3.090790E+3	0.000000E+0	7.108400E+1
2.166455E-2	3.081413E+3	0.000000E+0	7.126300E+1
2.165762E-2	3.069813E+3	0.000000E+0	7.144800E+1
2.163567E-2	3.059960E+3	0.000000E+0	7.163000E+1
2.162795E-2	3.048673E+3	0.000000E+0	7.181200E+1
2.160437E-2	3.037547E+3	0.000000E+0	7.199600E+1
2.159939E-2	3.025230E+3	0.000000E+0	7.217800E+1
2.157617E-2	3.013230E+3	0.000000E+0	7.236000E+1
2.156786E-2	2.999880E+3	0.000000E+0	7.254400E+1
2.154953E-2	2.987480E+3	0.000000E+0	7.273000E+1
2.153695E-2	2.975320E+3	0.000000E+0	7.291000E+1
2.152323E-2	2.961810E+3	0.000000E+0	7.309100E+1
2.150604E-2	2.948220E+3	0.000000E+0	7.327300E+1
2.149459E-2	2.932960E+3	0.000000E+0	7.345400E+1
2.147508E-2	2.918257E+3	0.000000E+0	7.363600E+1
2.146734E-2	2.902283E+3	0.000000E+0	7.381700E+1
2.144507E-2	2.888060E+3	0.000000E+0	7.400000E+1
2.144057E-2	2.871687E+3	0.000000E+0	7.418000E+1
2.141717E-2	2.856903E+3	0.000000E+0	7.436400E+1
2.140927E-2	2.841410E+3	0.000000E+0	7.454500E+1
2.139033E-2	2.825753E+3	0.000000E+0	7.472700E+1
2.137800E-2	2.809540E+3	0.000000E+0	7.490900E+1
2.136752E-2	2.793090E+3	0.000000E+0	7.508900E+1
2.134742E-2	2.778067E+3	0.000000E+0	7.527200E+1
2.133574E-2	2.761377E+3	0.000000E+0	7.545700E+1
2.131621E-2	2.744690E+3	0.000000E+0	7.563600E+1
2.130926E-2	2.726967E+3	0.000000E+0	7.581900E+1
2.128634E-2	2.711707E+3	0.000000E+0	7.600200E+1
2.128073E-2	2.695497E+3	0.000000E+0	7.618300E+1
2.125672E-2	2.680633E+3	0.000000E+0	7.636400E+1
2.124965E-2	2.664977E+3	0.000000E+0	7.654600E+1
2.123159E-2	2.651230E+3	0.000000E+0	7.672600E+1
2.121904E-2	2.638590E+3	0.000000E+0	7.690800E+1
2.120365E-2	2.626433E+3	0.000000E+0	7.708900E+1
2.118712E-2	2.615467E+3	0.000000E+0	7.727100E+1
2.117526E-2	2.604660E+3	0.000000E+0	7.745600E+1
2.115662E-2	2.596553E+3	0.000000E+0	7.763900E+1
2.115020E-2	2.588763E+3	0.000000E+0	7.781900E+1
2.112771E-2	2.582563E+3	0.000000E+0	7.799900E+1
2.112022E-2	2.577240E+3	0.000000E+0	7.817800E+1
2.109691E-2	2.573187E+3	0.000000E+0	7.835800E+1
2.108942E-2	2.571120E+3	0.000000E+0	7.854000E+1
2.106945E-2	2.570640E+3	0.000000E+0	7.872100E+1
2.105865E-2	2.571757E+3	0.000000E+0	7.890300E+1
2.104359E-2	2.574140E+3	0.000000E+0	7.908400E+1
2.102741E-2	2.577877E+3	0.000000E+0	7.926400E+1
2.101639E-2	2.583677E+3	0.000000E+0	7.944600E+1
2.099668E-2	2.590117E+3	0.000000E+0	7.962700E+1
2.099006E-2	2.599173E+3	0.000000E+0	7.980800E+1
2.096658E-2	2.608237E+3	0.000000E+0	7.998900E+1
2.096102E-2	2.619760E+3	0.000000E+0	8.017000E+1
2.093801E-2	2.631597E+3	0.000000E+0	8.034900E+1
2.092978E-2	2.644553E+3	0.000000E+0	8.052900E+1
2.091236E-2	2.658223E+3	0.000000E+0	8.071100E+1
2.089912E-2	2.672767E+3	0.000000E+0	8.089300E+1
2.088495E-2	2.688740E+3	0.000000E+0	8.107400E+1
2.086742E-2	2.704950E+3	0.000000E+0	8.125500E+1
2.086025E-2	2.721960E+3	0.000000E+0	8.144100E+1
2.083757E-2	2.736980E+3	0.000000E+0	8.162200E+1
2.083061E-2	2.754303E+3	0.000000E+0	8.180500E+1
2.080628E-2	2.771153E+3	0.000000E+0	8.198400E+1
2.080093E-2	2.790387E+3	0.000000E+0	8.216500E+1
2.077850E-2	2.808190E+3	0.000000E+0	8.234900E+1
2.076976E-2	2.826387E+3	0.000000E+0	8.252900E+1
2.075214E-2	2.843873E+3	0.000000E+0	8.271100E+1
2.073825E-2	2.861120E+3	0.000000E+0	8.289200E+1
2.072480E-2	2.878283E+3	0.000000E+0	8.307400E+1
2.070727E-2	2.894810E+3	0.000000E+0	8.325500E+1
2.069845E-2	2.912773E+3	0.000000E+0	8.343500E+1
2.067719E-2	2.928433E+3	0.000000E+0	8.361400E+1
2.065111E-2	2.956405E+3	0.000000E+0	8.389600E+1
2.064254E-2	2.967850E+3	0.000000E+0	8.407500E+1
2.063472E-2	2.982470E+3	0.000000E+0	8.424400E+1
2.061285E-2	2.995270E+3	0.000000E+0	8.441100E+1
2.060668E-2	3.009890E+3	0.000000E+0	8.458300E+1
2.058311E-2	3.023640E+3	0.000000E+0	8.476900E+1
2.057616E-2	3.037150E+3	0.000000E+0	8.495000E+1
2.055574E-2	3.049787E+3	0.000000E+0	8.513200E+1
2.054511E-2	3.061867E+3	0.000000E+0	8.530900E+1
2.053060E-2	3.074263E+3	0.000000E+0	8.549100E+1
2.051380E-2	3.086023E+3	0.000000E+0	8.567200E+1
2.050331E-2	3.097947E+3	0.000000E+0	8.585400E+1
2.048328E-2	3.108913E+3	0.000000E+0	8.603400E+1
2.047669E-2	3.120360E+3	0.000000E+0	8.621900E+1
2.045339E-2	3.129580E+3	0.000000E+0	8.640200E+1
2.044651E-2	3.138957E+3	0.000000E+0	8.658400E+1
2.042198E-2	3.148410E+3	0.000000E+0	8.677000E+1
2.041549E-2	3.157950E+3	0.000000E+0	8.695200E+1
2.039465E-2	3.166850E+3	0.000000E+0	8.713400E+1
2.038390E-2	3.175910E+3	0.000000E+0	8.732200E+1
2.036802E-2	3.184413E+3	0.000000E+0	8.750600E+1
2.035340E-2	3.191960E+3	0.000000E+0	8.768600E+1
2.034061E-2	3.199990E+3	0.000000E+0	8.786600E+1
2.032147E-2	3.207620E+3	0.000000E+0	8.805100E+1
2.031388E-2	3.215563E+3	0.000000E+0	8.823300E+1
2.029024E-2	3.221767E+3	0.000000E+0	8.841300E+1
2.028410E-2	3.227723E+3	0.000000E+0	8.859800E+1
2.026072E-2	3.233050E+3	0.000000E+0	8.878200E+1
2.025425E-2	3.238853E+3	0.000000E+0	8.895900E+1
2.023402E-2	3.244413E+3	0.000000E+0	8.913900E+1
2.022270E-2	3.250217E+3	0.000000E+0	8.931900E+1
2.020592E-2	3.255780E+3	0.000000E+0	8.950300E+1
2.019082E-2	3.261583E+3	0.000000E+0	8.968600E+1
2.018229E-2	3.267700E+3	0.000000E+0	8.986800E+1
2.016084E-2	3.272550E+3	0.000000E+0	9.005200E+1
2.015152E-2	3.277633E+3	0.000000E+0	9.023400E+1
2.012923E-2	3.281850E+3	0.000000E+0	9.041600E+1
2.012293E-2	3.286770E+3	0.000000E+0	9.059900E+1
2.009884E-2	3.291147E+3	0.000000E+0	9.078200E+1
2.009294E-2	3.295200E+3	0.000000E+0	9.096300E+1
2.007174E-2	3.298853E+3	0.000000E+0	9.114200E+1
2.006161E-2	3.302670E+3	0.000000E+0	9.132600E+1
2.004488E-2	3.306403E+3	0.000000E+0	9.150800E+1
2.002913E-2	3.309820E+3	0.000000E+0	9.168900E+1
2.001527E-2	3.313160E+3	0.000000E+0	9.187200E+1
1.999801E-2	3.316577E+3	0.000000E+0	9.205500E+1
1.998976E-2	3.320153E+3	0.000000E+0	9.223600E+1
1.996700E-2	3.322777E+3	0.000000E+0	9.241900E+1
1.996156E-2	3.325873E+3	0.000000E+0	9.260200E+1
1.993757E-2	3.328497E+3	0.000000E+0	9.278200E+1
1.993105E-2	3.330563E+3	0.000000E+0	9.296800E+1
1.990884E-2	3.332153E+3	0.000000E+0	9.314700E+1
1.989973E-2	3.333823E+3	0.000000E+0	9.332700E+1
1.988466E-2	3.335570E+3	0.000000E+0	9.351100E+1
1.986863E-2	3.338270E+3	0.000000E+0	9.369200E+1
1.985489E-2	3.341530E+3	0.000000E+0	9.387500E+1
1.983643E-2	3.344630E+3	0.000000E+0	9.405500E+1
1.982740E-2	3.347573E+3	0.000000E+0	9.424000E+1
1.980573E-2	3.349797E+3	0.000000E+0	9.442100E+1
1.979877E-2	3.351863E+3	0.000000E+0	9.460100E+1
1.977468E-2	3.353533E+3	0.000000E+0	9.478400E+1
1.976959E-2	3.355517E+3	0.000000E+0	9.496300E+1
1.974793E-2	3.357583E+3	0.000000E+0	9.514400E+1
1.973778E-2	3.358777E+3	0.000000E+0	9.532400E+1
1.971977E-2	3.360047E+3	0.000000E+0	9.550700E+1
1.970620E-2	3.361717E+3	0.000000E+0	9.568700E+1
1.969195E-2	3.363543E+3	0.000000E+0	9.586900E+1
1.967435E-2	3.365293E+3	0.000000E+0	9.605200E+1
1.966690E-2	3.367123E+3	0.000000E+0	9.623000E+1
1.964408E-2	3.368790E+3	0.000000E+0	9.640900E+1
1.963813E-2	3.370540E+3	0.000000E+0	9.659300E+1
1.961395E-2	3.371810E+3	0.000000E+0	9.677600E+1
1.960701E-2	3.372923E+3	0.000000E+0	9.695600E+1
1.959099E-2	3.374113E+3	0.000000E+0	9.713400E+1
1.957626E-2	3.375307E+3	0.000000E+0	9.731100E+1
1.955881E-2	3.376500E+3	0.000000E+0	9.749000E+1
1.954347E-2	3.377610E+3	0.000000E+0	9.767300E+1
1.953270E-2	3.379520E+3	0.000000E+0	9.785900E+1
1.951223E-2	3.381267E+3	0.000000E+0	9.804100E+1
1.950452E-2	3.382540E+3	0.000000E+0	9.822100E+1
1.948086E-2	3.383173E+3	0.000000E+0	9.840300E+1
1.947463E-2	3.384210E+3	0.000000E+0	9.858500E+1
1.945038E-2	3.385320E+3	0.000000E+0	9.876700E+1
1.944389E-2	3.386670E+3	0.000000E+0	9.894900E+1
1.942334E-2	3.387783E+3	0.000000E+0	9.912900E+1
1.941197E-2	3.388660E+3	0.000000E+0	9.931200E+1
1.939703E-2	3.389610E+3	0.000000E+0	9.949700E+1
1.937878E-2	3.390250E+3	0.000000E+0	9.968000E+1
1.937272E-2	3.391280E+3	0.000000E+0	9.986000E+1
1.934842E-2	3.392710E+3	0.000000E+0	1.000400E+2
1.934231E-2	3.394380E+3	0.000000E+0	1.002230E+2
1.932195E-2	3.395333E+3	0.000000E+0	1.004060E+2
1.930625E-2	3.395810E+3	0.000000E+0	1.005850E+2
1.929659E-2	3.396290E+3	0.000000E+0	1.007660E+2
1.928230E-2	3.396607E+3	0.000000E+0	1.009490E+2
1.926994E-2	3.396840E+3	0.000000E+0	1.011330E+2
1.926076E-2	3.397080E+3	0.000000E+0	1.013130E+2
1.925305E-2	3.397480E+3	0.000000E+0	1.014960E+2
1.924575E-2	3.397960E+3	0.000000E+0	1.016790E+2
1.924042E-2	3.397960E+3	0.000000E+0	1.018620E+2
1.923559E-2	3.398190E+3	0.000000E+0	1.020430E+2
1.923168E-2	3.398510E+3	0.000000E+0	1.022240E+2
1.922803E-2	3.398910E+3	0.000000E+0	1.024040E+2
1.922498E-2	3.398910E+3	0.000000E+0	1.025860E+2
1.922250E-2	3.399070E+3	0.000000E+0	1.027670E+2
1.922047E-2	3.399863E+3	0.000000E+0	1.029510E+2
1.920098E-2	3.400820E+3	0.000000E+0	1.031340E+2
1.912472E-2	3.401530E+3	0.000000E+0	1.033200E+2
1.910574E-2	3.402643E+3	0.000000E+0	1.035010E+2
1.908931E-2	3.403360E+3	0.000000E+0	1.036830E+2
1.907155E-2	3.403840E+3	0.000000E+0	1.038660E+2
1.906406E-2	3.404313E+3	0.000000E+0	1.040440E+2
1.904179E-2	3.404630E+3	0.000000E+0	1.042250E+2
1.903441E-2	3.405350E+3	0.000000E+0	1.044030E+2
1.900995E-2	3.406460E+3	0.000000E+0	1.045850E+2
1.900337E-2	3.407173E+3	0.000000E+0	1.047660E+2
1.898123E-2	3.407250E+3	0.000000E+0	1.049460E+2
1.897235E-2	3.407570E+3	0.000000E+0	1.051290E+2
1.895466E-2	3.407890E+3	0.000000E+0	1.053110E+2
1.894038E-2	3.408923E+3	0.000000E+0	1.054920E+2
1.892721E-2	3.409960E+3	0.000000E+0	1.056720E+2
1.890841E-2	3.410120E+3	0.000000E+0	1.058540E+2
1.890050E-2	3.410120E+3	0.000000E+0	1.060350E+2
1.887756E-2	3.410197E+3	0.000000E+0	1.062160E+2
1.887221E-2	3.410590E+3	0.000000E+0	1.064000E+2
1.884676E-2	3.410990E+3	0.000000E+0	1.065850E+2
1.884105E-2	3.411230E+3	0.000000E+0	1.067690E+2
1.881824E-2	3.411783E+3	0.000000E+0	1.069520E+2
1.880909E-2	3.412180E+3	0.000000E+0	1.071320E+2
1.879116E-2	3.412740E+3	0.000000E+0	1.073120E+2
1.877750E-2	3.413690E+3	0.000000E+0	1.074940E+2
1.876369E-2	3.414330E+3	0.000000E+0	1.076740E+2
1.874587E-2	3.414883E+3	0.000000E+0	1.078540E+2
1.873750E-2	3.415440E+3	0.000000E+0	1.080340E+2
1.871465E-2	3.415680E+3	0.000000E+0	1.082180E+2
1.870830E-2	3.415760E+3	0.000000E+0	1.084010E+2
1.868447E-2	3.415200E+3	0.000000E+0	1.085850E+2
1.867828E-2	3.415120E+3	0.000000E+0	1.087660E+2
1.865589E-2	3.415120E+3	0.000000E+0	1.089440E+2
1.864642E-2	3.414960E+3	0.000000E+0	1.091270E+2
1.863042E-2	3.415600E+3	0.000000E+0	1.093090E+2
1.861522E-2	3.416390E+3	0.000000E+0	1.094890E+2
1.860190E-2	3.416790E+3	0.000000E+0	1.096700E+2
1.858329E-2	3.416470E+3	0.000000E+0	1.098500E+2
1.857521E-2	3.416157E+3	0.000000E+0	1.100310E+2
1.855210E-2	3.416157E+3	0.000000E+0	1.102090E+2
1.854705E-2	3.416790E+3	0.000000E+0	1.103910E+2
1.852338E-2	3.417270E+3	0.000000E+0	1.105720E+2
1.851524E-2	3.417670E+3	0.000000E+0	1.107520E+2
1.849518E-2	3.417750E+3	0.000000E+0	1.109310E+2
1.848365E-2	3.417827E+3	0.000000E+0	1.111150E+2
1.847146E-2	3.418300E+3	0.000000E+0	1.112980E+2
1.845271E-2	3.418860E+3	0.000000E+0	1.114780E+2
1.844130E-2	3.419180E+3	0.000000E+0	1.116650E+2
1.842022E-2	3.418940E+3	0.000000E+0	1.118450E+2
1.841287E-2	3.418940E+3	0.000000E+0	1.120280E+2
1.838927E-2	3.418940E+3	0.000000E+0	1.122110E+2
1.838409E-2	3.418940E+3	0.000000E+0	1.123920E+2
1.835924E-2	3.419413E+3	0.000000E+0	1.125740E+2
1.835245E-2	3.420290E+3	0.000000E+0	1.127550E+2
1.833179E-2	3.421000E+3	0.000000E+0	1.129380E+2
1.832076E-2	3.421560E+3	0.000000E+0	1.131220E+2
1.830308E-2	3.421560E+3	0.000000E+0	1.133050E+2
1.828859E-2	3.421160E+3	0.000000E+0	1.134850E+2
1.827732E-2	3.421080E+3	0.000000E+0	1.136670E+2
1.825760E-2	3.421080E+3	0.000000E+0	1.138480E+2
1.825034E-2	3.421080E+3	0.000000E+0	1.140310E+2
1.822674E-2	3.421080E+3	0.000000E+0	1.142150E+2
1.822035E-2	3.421320E+3	0.000000E+0	1.144010E+2
1.819550E-2	3.421640E+3	0.000000E+0	1.145850E+2
1.818945E-2	3.421960E+3	0.000000E+0	1.147700E+2
1.817079E-2	3.421720E+3	0.000000E+0	1.149510E+2
1.815744E-2	3.421160E+3	0.000000E+0	1.151330E+2
1.814043E-2	3.421080E+3	0.000000E+0	1.153160E+2
1.812524E-2	3.421320E+3	0.000000E+0	1.154990E+2
1.811226E-2	3.421880E+3	0.000000E+0	1.156830E+2
1.809404E-2	3.422200E+3	0.000000E+0	1.158630E+2
1.808341E-2	3.422280E+3	0.000000E+0	1.160450E+2
1.806264E-2	3.421800E+3	0.000000E+0	1.162240E+2
1.805658E-2	3.421640E+3	0.000000E+0	1.164080E+2
1.803210E-2	3.421800E+3	0.000000E+0	1.165890E+2
1.802588E-2	3.421960E+3	0.000000E+0	1.167710E+2
1.800233E-2	3.422280E+3	0.000000E+0	1.169530E+2
1.799416E-2	3.422357E+3	0.000000E+0	1.171320E+2
1.797418E-2	3.422510E+3	0.000000E+0	1.173190E+2
1.796200E-2	3.422357E+3	0.000000E+0	1.175020E+2
1.794878E-2	3.422357E+3	0.000000E+0	1.176830E+2
1.793020E-2	3.422830E+3	0.000000E+0	1.178690E+2
1.791918E-2	3.423070E+3	0.000000E+0	1.180500E+2
1.789753E-2	3.423230E+3	0.000000E+0	1.182300E+2
1.789393E-2	3.423230E+3	0.000000E+0	1.184160E+2
1.787014E-2	3.423310E+3	0.000000E+0	1.185970E+2
1.786173E-2	3.423630E+3	0.000000E+0	1.187820E+2
1.783760E-2	3.423710E+3	0.000000E+0	1.189640E+2
1.783013E-2	3.423940E+3	0.000000E+0	1.191460E+2
1.780959E-2	3.424340E+3	0.000000E+0	1.193270E+2
1.779814E-2	3.424420E+3	0.000000E+0	1.195110E+2
1.778247E-2	3.424500E+3	0.000000E+0	1.196950E+2
1.776643E-2	3.424420E+3	0.000000E+0	1.198750E+2
1.775496E-2	3.424420E+3	0.000000E+0	1.200570E+2
1.773492E-2	3.424420E+3	0.000000E+0	1.202400E+2
1.772753E-2	3.424420E+3	0.000000E+0	1.204240E+2
1.770325E-2	3.424820E+3	0.000000E+0	1.206040E+2
1.769845E-2	3.425140E+3	0.000000E+0	1.207830E+2
1.767318E-2	3.425140E+3	0.000000E+0	1.209650E+2
1.766630E-2	3.425060E+3	0.000000E+0	1.211490E+2
1.764924E-2	3.424900E+3	0.000000E+0	1.213300E+2
1.763490E-2	3.425293E+3	0.000000E+0	1.215090E+2
1.761926E-2	3.425610E+3	0.000000E+0	1.216930E+2
1.760267E-2	3.426250E+3	0.000000E+0	1.218730E+2
1.759113E-2	3.426807E+3	0.000000E+0	1.220560E+2
1.757136E-2	3.427040E+3	0.000000E+0	1.222400E+2
1.756360E-2	3.426490E+3	0.000000E+0	1.224190E+2
1.753979E-2	3.425610E+3	0.000000E+0	1.225990E+2
1.753494E-2	3.425450E+3	0.000000E+0	1.227800E+2
1.751060E-2	3.425850E+3	0.000000E+0	1.229620E+2
1.750302E-2	3.426410E+3	0.000000E+0	1.231460E+2
1.748320E-2	3.426887E+3	0.000000E+0	1.233270E+2
1.747109E-2	3.427280E+3	0.000000E+0	1.235090E+2
1.745581E-2	3.427280E+3	0.000000E+0	1.236920E+2
1.743923E-2	3.427120E+3	0.000000E+0	1.238720E+2
1.742909E-2	3.426650E+3	0.000000E+0	1.240550E+2
1.740731E-2	3.426570E+3	0.000000E+0	1.242380E+2
1.740051E-2	3.426650E+3	0.000000E+0	1.244220E+2
1.737675E-2	3.427200E+3	0.000000E+0	1.246020E+2
1.737213E-2	3.427440E+3	0.000000E+0	1.247850E+2
1.734951E-2	3.427043E+3	0.000000E+0	1.249650E+2
1.733975E-2	3.426330E+3	0.000000E+0	1.251450E+2
1.732038E-2	3.426010E+3	0.000000E+0	1.253240E+2
1.730845E-2	3.425293E+3	0.000000E+0	1.255040E+2
1.729280E-2	3.424740E+3	0.000000E+0	1.256860E+2
1.727572E-2	3.424660E+3	0.000000E+0	1.258680E+2
1.726563E-2	3.425373E+3	0.000000E+0	1.260510E+2
1.724441E-2	3.426410E+3	0.000000E+0	1.262340E+2
1.723819E-2	3.426807E+3	0.000000E+0	1.264130E+2
1.721350E-2	3.427440E+3	0.000000E+0	1.265960E+2
1.720854E-2	3.428080E+3	0.000000E+0	1.267770E+2
1.718489E-2	3.428870E+3	0.000000E+0	1.269590E+2
1.717623E-2	3.428950E+3	0.000000E+0	1.271400E+2
1.715661E-2	3.428790E+3	0.000000E+0	1.273220E+2
1.714430E-2	3.427600E+3	0.000000E+0	1.275030E+2
1.713033E-2	3.426410E+3	0.000000E+0	1.276850E+2
1.711197E-2	3.426250E+3	0.000000E+0	1.278670E+2
1.710254E-2	3.427203E+3	0.000000E+0	1.280480E+2
1.707999E-2	3.428000E+3	0.000000E+0	1.282280E+2
1.707606E-2	3.428240E+3	0.000000E+0	1.284090E+2
1.705175E-2	3.428240E+3	0.000000E+0	1.285910E+2
1.704490E-2	3.427920E+3	0.000000E+0	1.287720E+2
1.702069E-2	3.427760E+3	0.000000E+0	1.289540E+2
1.701201E-2	3.427760E+3	0.000000E+0	1.291310E+2
1.699507E-2	3.427840E+3	0.000000E+0	1.293110E+2
1.698116E-2	3.428160E+3	0.000000E+0	1.294930E+2
1.696778E-2	3.428550E+3	0.000000E+0	1.296740E+2
1.694813E-2	3.429030E+3	0.000000E+0	1.298600E+2
1.693909E-2	3.429110E+3	0.000000E+0	1.300490E+2
1.691651E-2	3.428397E+3	0.000000E+0	1.302280E+2
1.691086E-2	3.428393E+3	0.000000E+0	1.304100E+2
1.688649E-2	3.428710E+3	0.000000E+0	1.305940E+2
1.688062E-2	3.428393E+3	0.000000E+0	1.307750E+2
1.685750E-2	3.428000E+3	0.000000E+0	1.309570E+2
1.684867E-2	3.427600E+3	0.000000E+0	1.311400E+2
1.683097E-2	3.427760E+3	0.000000E+0	1.313210E+2
1.681657E-2	3.428473E+3	0.000000E+0	1.315040E+2
1.680106E-2	3.429030E+3	0.000000E+0	1.316880E+2
1.678459E-2	3.429350E+3	0.000000E+0	1.318700E+2
1.677422E-2	3.428950E+3	0.000000E+0	1.320530E+2
1.675267E-2	3.428237E+3	0.000000E+0	1.322340E+2
1.674683E-2	3.428000E+3	0.000000E+0	1.324140E+2
1.672189E-2	3.428240E+3	0.000000E+0	1.325970E+2
1.671665E-2	3.428317E+3	0.000000E+0	1.327780E+2
1.669249E-2	3.428470E+3	0.000000E+0	1.329600E+2
1.668440E-2	3.428470E+3	0.000000E+0	1.331440E+2
1.666453E-2	3.428160E+3	0.000000E+0	1.333290E+2
1.665192E-2	3.427520E+3	0.000000E+0	1.335080E+2
1.663843E-2	3.427280E+3	0.000000E+0	1.336860E+2
1.662028E-2	3.427280E+3	0.000000E+0	1.338700E+2
1.661065E-2	3.427280E+3	0.000000E+0	1.340510E+2
1.658954E-2	3.427280E+3	0.000000E+0	1.342340E+2
1.658256E-2	3.427520E+3	0.000000E+0	1.344150E+2
1.655816E-2	3.427440E+3	0.000000E+0	1.345970E+2
1.655321E-2	3.427200E+3	0.000000E+0	1.347780E+2
1.653016E-2	3.426887E+3	0.000000E+0	1.349610E+2
1.652141E-2	3.427040E+3	0.000000E+0	1.351370E+2
1.650306E-2	3.427280E+3	0.000000E+0	1.353190E+2
1.648935E-2	3.427280E+3	0.000000E+0	1.354980E+2
1.647590E-2	3.426727E+3	0.000000E+0	1.356770E+2
1.645703E-2	3.426170E+3	0.000000E+0	1.358580E+2
1.644908E-2	3.426090E+3	0.000000E+0	1.360400E+2
1.642632E-2	3.426490E+3	0.000000E+0	1.362210E+2
1.642026E-2	3.426650E+3	0.000000E+0	1.364030E+2
1.639557E-2	3.427200E+3	0.000000E+0	1.365840E+2
1.638897E-2	3.427760E+3	0.000000E+0	1.367670E+2
1.636652E-2	3.427680E+3	0.000000E+0	1.369470E+2
1.635712E-2	3.427520E+3	0.000000E+0	1.371270E+2
1.634127E-2	3.427600E+3	0.000000E+0	1.373100E+2
1.632452E-2	3.427760E+3	0.000000E+0	1.374880E+2
1.631351E-2	3.427760E+3	0.000000E+0	1.376670E+2
1.629307E-2	3.428000E+3	0.000000E+0	1.378490E+2
1.628760E-2	3.428393E+3	0.000000E+0	1.380310E+2
1.626357E-2	3.428710E+3	0.000000E+0	1.382150E+2
1.625552E-2	3.428630E+3	0.000000E+0	1.383920E+2
1.623060E-2	3.428710E+3	0.000000E+0	1.385750E+2
1.622448E-2	3.428157E+3	0.000000E+0	1.387580E+2
1.620173E-2	3.427280E+3	0.000000E+0	1.389400E+2
1.619213E-2	3.426963E+3	0.000000E+0	1.391230E+2
1.617509E-2	3.426810E+3	0.000000E+0	1.393030E+2
1.616026E-2	3.427200E+3	0.000000E+0	1.394830E+2
1.614722E-2	3.427280E+3	0.000000E+0	1.396690E+2
1.612847E-2	3.427043E+3	0.000000E+0	1.398540E+2
1.612039E-2	3.426650E+3	0.000000E+0	1.400330E+2
1.609715E-2	3.426730E+3	0.000000E+0	1.402130E+2
1.609082E-2	3.426570E+3	0.000000E+0	1.403930E+2
1.606616E-2	3.426490E+3	0.000000E+0	1.405750E+2
1.606015E-2	3.426330E+3	0.000000E+0	1.407560E+2
1.603803E-2	3.426330E+3	0.000000E+0	1.409380E+2
1.602775E-2	3.426010E+3	0.000000E+0	1.411150E+2
1.601178E-2	3.425530E+3	0.000000E+0	1.412950E+2
1.599565E-2	3.424980E+3	0.000000E+0	1.414780E+2
1.598413E-2	3.424980E+3	0.000000E+0	1.416580E+2
1.596379E-2	3.425530E+3	0.000000E+0	1.418390E+2
1.595807E-2	3.425690E+3	0.000000E+0	1.420210E+2
1.593349E-2	3.426090E+3	0.000000E+0	1.422090E+2
1.592638E-2	3.426170E+3	0.000000E+0	1.423910E+2
1.590180E-2	3.426650E+3	0.000000E+0	1.425740E+2
1.589533E-2	3.427043E+3	0.000000E+0	1.427550E+2
1.587375E-2	3.427520E+3	0.000000E+0	1.429360E+2
1.586358E-2	3.427760E+3	0.000000E+0	1.431140E+2
1.584769E-2	3.427760E+3	0.000000E+0	1.432940E+2
1.583086E-2	3.427760E+3	0.000000E+0	1.434760E+2
1.581914E-2	3.427440E+3	0.000000E+0	1.436590E+2
1.579906E-2	3.428000E+3	0.000000E+0	1.438430E+2
1.579177E-2	3.428710E+3	0.000000E+0	1.440240E+2
1.576711E-2	3.427997E+3	0.000000E+0	1.442070E+2
1.576164E-2	3.427200E+3	0.000000E+0	1.443890E+2
1.573812E-2	3.427520E+3	0.000000E+0	1.445690E+2
1.573133E-2	3.428317E+3	0.000000E+0	1.447510E+2
1.571133E-2	3.428317E+3	0.000000E+0	1.449300E+2
1.569916E-2	3.427520E+3	0.000000E+0	1.451120E+2
1.568340E-2	3.426570E+3	0.000000E+0	1.452930E+2
1.566712E-2	3.426010E+3	0.000000E+0	1.454740E+2
1.565948E-2	3.426010E+3	0.000000E+0	1.456570E+2
1.563583E-2	3.425850E+3	0.000000E+0	1.458400E+2
1.562819E-2	3.425450E+3	0.000000E+0	1.460230E+2
1.560410E-2	3.424980E+3	0.000000E+0	1.462030E+2
1.559838E-2	3.424900E+3	0.000000E+0	1.463820E+2
1.557466E-2	3.424900E+3	0.000000E+0	1.465620E+2
1.556679E-2	3.424900E+3	0.000000E+0	1.467430E+2
1.554752E-2	3.424900E+3	0.000000E+0	1.469250E+2
1.553474E-2	3.425060E+3	0.000000E+0	1.471050E+2
1.552060E-2	3.425293E+3	0.000000E+0	1.472840E+2
1.550256E-2	3.425140E+3	0.000000E+0	1.474640E+2
1.549433E-2	3.425530E+3	0.000000E+0	1.476430E+2
1.547102E-2	3.426010E+3	0.000000E+0	1.478270E+2
1.546459E-2	3.426170E+3	0.000000E+0	1.480090E+2
1.544073E-2	3.426727E+3	0.000000E+0	1.481860E+2
1.543424E-2	3.427680E+3	0.000000E+0	1.483720E+2
1.541190E-2	3.428000E+3	0.000000E+0	1.485530E+2
1.540220E-2	3.426963E+3	0.000000E+0	1.487330E+2
1.538339E-2	3.426010E+3	0.000000E+0	1.489150E+2
1.536933E-2	3.425057E+3	0.000000E+0	1.490980E+2
1.535944E-2	3.424580E+3	0.000000E+0	1.492820E+2
1.533829E-2	3.424500E+3	0.000000E+0	1.494650E+2
1.532865E-2	3.425137E+3	0.000000E+0	1.496470E+2
1.530618E-2	3.425610E+3	0.000000E+0	1.498280E+2
1.529945E-2	3.425530E+3	0.000000E+0	1.500100E+2
1.527510E-2	3.425370E+3	0.000000E+0	1.501940E+2
1.526976E-2	3.425370E+3	0.000000E+0	1.503750E+2
1.524576E-2	3.425370E+3	0.000000E+0	1.505580E+2
1.523752E-2	3.425060E+3	0.000000E+0	1.507410E+2
1.521852E-2	3.424820E+3	0.000000E+0	1.509240E+2
1.520524E-2	3.424340E+3	0.000000E+0	1.511050E+2
1.518948E-2	3.424420E+3	0.000000E+0	1.512870E+2
1.517294E-2	3.424340E+3	0.000000E+0	1.514670E+2
1.516433E-2	3.423940E+3	0.000000E+0	1.516510E+2
1.514178E-2	3.423940E+3	0.000000E+0	1.518280E+2
1.513672E-2	3.424100E+3	0.000000E+0	1.520040E+2
1.511216E-2	3.423940E+3	0.000000E+0	1.521850E+2
1.510539E-2	3.423467E+3	0.000000E+0	1.523670E+2
1.508335E-2	3.422197E+3	0.000000E+0	1.525490E+2
1.507306E-2	3.421800E+3	0.000000E+0	1.527300E+2
1.505978E-2	3.422357E+3	0.000000E+0	1.529100E+2
1.504111E-2	3.423310E+3	0.000000E+0	1.530930E+2
1.502995E-2	3.424100E+3	0.000000E+0	1.532730E+2
1.500939E-2	3.424180E+3	0.000000E+0	1.534540E+2
1.500091E-2	3.424020E+3	0.000000E+0	1.536320E+2