X channel: Keithley, channel #5; mode:  DCV; scale:  0.10; X converted, conversion factor:1.000000E+0
Y channel: Lock-in, mkV
II channel: B7-78, Ohm; scale:  10000.000000
X channel	Y channel	II channel	timestamp, sec
1.380568E-2	3.994180E+3	0.000000E+0	0.000000E+0
1.380765E-2	3.994100E+3	0.000000E+0	1.800000E-1
1.380894E-2	3.994337E+3	0.000000E+0	3.660000E-1
1.381114E-2	3.994490E+3	0.000000E+0	5.470000E-1
1.381181E-2	3.994413E+3	0.000000E+0	7.290000E-1
1.381333E-2	3.994180E+3	0.000000E+0	9.100000E-1
1.381488E-2	3.993620E+3	0.000000E+0	1.090000E+0
1.381540E-2	3.993380E+3	0.000000E+0	1.272000E+0
1.381618E-2	3.993540E+3	0.000000E+0	1.449000E+0
1.381695E-2	3.993540E+3	0.000000E+0	1.632000E+0
1.381794E-2	3.993300E+3	0.000000E+0	1.816000E+0
1.381897E-2	3.993060E+3	0.000000E+0	1.998000E+0
1.381961E-2	3.993540E+3	0.000000E+0	2.178000E+0
1.382078E-2	3.994180E+3	0.000000E+0	2.357000E+0
1.382124E-2	3.994260E+3	0.000000E+0	2.538000E+0
1.382318E-2	3.994100E+3	0.000000E+0	2.720000E+0
1.383798E-2	3.994337E+3	0.000000E+0	2.900000E+0
1.384378E-2	3.994650E+3	0.000000E+0	3.082000E+0
1.386594E-2	3.995450E+3	0.000000E+0	3.264000E+0
1.387279E-2	3.995930E+3	0.000000E+0	3.443000E+0
1.389389E-2	3.996320E+3	0.000000E+0	3.624000E+0
1.390367E-2	3.996800E+3	0.000000E+0	3.807000E+0
1.391970E-2	3.996720E+3	0.000000E+0	3.987000E+0
1.393535E-2	3.996480E+3	0.000000E+0	4.169000E+0
1.394878E-2	3.996007E+3	0.000000E+0	4.358000E+0
1.396691E-2	3.996240E+3	0.000000E+0	4.539000E+0
1.397534E-2	3.996400E+3	0.000000E+0	4.720000E+0
1.399811E-2	3.996400E+3	0.000000E+0	4.899000E+0
1.400379E-2	3.996007E+3	0.000000E+0	5.078000E+0
1.402753E-2	3.996007E+3	0.000000E+0	5.258000E+0
1.403481E-2	3.996640E+3	0.000000E+0	5.439000E+0
1.405556E-2	3.997513E+3	0.000000E+0	5.621000E+0
1.406672E-2	3.998150E+3	0.000000E+0	5.803000E+0
1.408303E-2	3.998630E+3	0.000000E+0	5.988000E+0
1.409807E-2	3.998790E+3	0.000000E+0	6.170000E+0
1.410738E-2	3.998710E+3	0.000000E+0	6.351000E+0
1.412939E-2	3.998550E+3	0.000000E+0	6.531000E+0
1.413768E-2	3.998150E+3	0.000000E+0	6.714000E+0
1.416084E-2	3.998150E+3	0.000000E+0	6.894000E+0
1.416618E-2	3.998630E+3	0.000000E+0	7.076000E+0
1.419067E-2	3.999260E+3	0.000000E+0	7.257000E+0
1.419774E-2	3.999180E+3	0.000000E+0	7.439000E+0
1.421809E-2	3.998470E+3	0.000000E+0	7.620000E+0
1.422976E-2	3.997513E+3	0.000000E+0	7.802000E+0
1.424520E-2	3.996720E+3	0.000000E+0	7.983000E+0
1.426111E-2	3.996400E+3	0.000000E+0	8.159000E+0
1.427361E-2	3.996800E+3	0.000000E+0	8.342000E+0
1.429356E-2	3.997830E+3	0.000000E+0	8.522000E+0
1.430086E-2	3.998150E+3	0.000000E+0	8.704000E+0
1.432372E-2	3.998230E+3	0.000000E+0	8.885000E+0
1.432932E-2	3.997513E+3	0.000000E+0	9.067000E+0
1.435251E-2	3.996480E+3	0.000000E+0	9.248000E+0
1.436127E-2	3.995770E+3	0.000000E+0	9.428000E+0
1.437978E-2	3.995927E+3	0.000000E+0	9.609000E+0
1.439299E-2	3.996720E+3	0.000000E+0	9.789000E+0
1.440495E-2	3.997120E+3	0.000000E+0	9.973000E+0
1.442417E-2	3.997120E+3	0.000000E+0	1.015400E+1
1.443347E-2	3.996960E+3	0.000000E+0	1.033400E+1
1.445527E-2	3.996880E+3	0.000000E+0	1.051300E+1
1.446237E-2	3.996960E+3	0.000000E+0	1.069800E+1
1.448620E-2	3.996880E+3	0.000000E+0	1.088000E+1
1.449238E-2	3.997277E+3	0.000000E+0	1.106100E+1
1.451597E-2	3.998230E+3	0.000000E+0	1.124300E+1
1.452386E-2	3.999260E+3	0.000000E+0	1.142400E+1
1.454209E-2	3.999740E+3	0.000000E+0	1.160700E+1
1.455571E-2	4.000297E+3	0.000000E+0	1.179100E+1
1.457069E-2	4.001010E+3	0.000000E+0	1.197400E+1
1.458764E-2	4.001330E+3	0.000000E+0	1.215300E+1
1.459887E-2	4.000930E+3	0.000000E+0	1.233400E+1
1.461905E-2	4.000060E+3	0.000000E+0	1.251300E+1
1.462402E-2	3.999980E+3	0.000000E+0	1.269300E+1
1.464769E-2	4.000300E+3	0.000000E+0	1.287200E+1
1.465488E-2	4.001170E+3	0.000000E+0	1.305300E+1
1.467806E-2	4.001650E+3	0.000000E+0	1.323200E+1
1.468725E-2	4.001810E+3	0.000000E+0	1.341400E+1
1.470115E-2	4.001330E+3	0.000000E+0	1.359500E+1
1.471825E-2	4.001090E+3	0.000000E+0	1.377800E+1
1.473259E-2	4.000930E+3	0.000000E+0	1.395800E+1
1.475075E-2	4.000690E+3	0.000000E+0	1.414400E+1
1.476070E-2	4.001010E+3	0.000000E+0	1.432500E+1
1.478186E-2	4.001170E+3	0.000000E+0	1.450600E+1
1.478902E-2	4.001330E+3	0.000000E+0	1.468700E+1
1.481186E-2	4.001967E+3	0.000000E+0	1.487000E+1
1.481850E-2	4.002600E+3	0.000000E+0	1.505100E+1
1.484173E-2	4.002600E+3	0.000000E+0	1.523500E+1
1.485057E-2	4.002600E+3	0.000000E+0	1.541800E+1
1.486856E-2	4.003080E+3	0.000000E+0	1.559800E+1
1.488199E-2	4.003630E+3	0.000000E+0	1.578100E+1
1.489502E-2	4.004030E+3	0.000000E+0	1.595900E+1
1.491329E-2	4.003870E+3	0.000000E+0	1.613900E+1
1.491992E-2	4.003550E+3	0.000000E+0	1.631800E+1
1.494304E-2	4.003397E+3	0.000000E+0	1.649900E+1
1.495017E-2	4.003473E+3	0.000000E+0	1.668000E+1
1.497470E-2	4.003630E+3	0.000000E+0	1.686100E+1
1.498145E-2	4.003473E+3	0.000000E+0	1.704100E+1
1.500306E-2	4.003397E+3	0.000000E+0	1.722200E+1
1.501286E-2	4.003950E+3	0.000000E+0	1.740200E+1
1.502923E-2	4.004987E+3	0.000000E+0	1.758300E+1
1.504424E-2	4.005860E+3	0.000000E+0	1.776700E+1
1.505611E-2	4.006420E+3	0.000000E+0	1.794600E+1
1.507584E-2	4.006420E+3	0.000000E+0	1.812900E+1
1.508387E-2	4.006497E+3	0.000000E+0	1.831300E+1
1.510689E-2	4.006730E+3	0.000000E+0	1.849300E+1
1.511315E-2	4.006653E+3	0.000000E+0	1.867300E+1
1.513628E-2	4.006970E+3	0.000000E+0	1.885400E+1
1.514382E-2	4.006970E+3	0.000000E+0	1.903200E+1
1.516362E-2	4.006497E+3	0.000000E+0	1.921500E+1
1.517582E-2	4.006420E+3	0.000000E+0	1.939900E+1
1.519192E-2	4.006420E+3	0.000000E+0	1.958100E+1
1.520753E-2	4.006497E+3	0.000000E+0	1.976600E+1
1.521686E-2	4.006810E+3	0.000000E+0	1.994900E+1
1.523869E-2	4.007210E+3	0.000000E+0	2.012900E+1
1.524645E-2	4.007770E+3	0.000000E+0	2.030900E+1
1.526921E-2	4.007850E+3	0.000000E+0	2.049100E+1
1.527530E-2	4.007927E+3	0.000000E+0	2.067200E+1
1.529884E-2	4.008160E+3	0.000000E+0	2.085100E+1
1.530667E-2	4.008320E+3	0.000000E+0	2.103100E+1
1.532519E-2	4.008400E+3	0.000000E+0	2.121000E+1
1.533778E-2	4.008320E+3	0.000000E+0	2.139300E+1
1.535320E-2	4.008800E+3	0.000000E+0	2.158000E+1
1.536981E-2	4.009673E+3	0.000000E+0	2.175900E+1
1.537985E-2	4.009517E+3	0.000000E+0	2.193700E+1
1.540088E-2	4.008800E+3	0.000000E+0	2.212000E+1
1.540814E-2	4.008560E+3	0.000000E+0	2.230300E+1
1.543221E-2	4.008960E+3	0.000000E+0	2.248400E+1
1.543739E-2	4.009360E+3	0.000000E+0	2.266200E+1
1.546046E-2	4.009673E+3	0.000000E+0	2.284300E+1
1.546901E-2	4.009520E+3	0.000000E+0	2.302600E+1
1.548903E-2	4.009673E+3	0.000000E+0	2.321000E+1
1.550093E-2	4.009750E+3	0.000000E+0	2.338900E+1
1.551533E-2	4.009830E+3	0.000000E+0	2.356900E+1
1.553247E-2	4.010310E+3	0.000000E+0	2.374900E+1
1.554183E-2	4.010310E+3	0.000000E+0	2.393100E+1
1.556401E-2	4.010150E+3	0.000000E+0	2.411200E+1
1.557061E-2	4.009517E+3	0.000000E+0	2.429400E+1
1.559432E-2	4.009040E+3	0.000000E+0	2.447500E+1
1.560037E-2	4.009040E+3	0.000000E+0	2.465700E+1
1.562430E-2	4.009517E+3	0.000000E+0	2.484200E+1
1.563233E-2	4.009990E+3	0.000000E+0	2.502400E+1
1.565021E-2	4.010470E+3	0.000000E+0	2.520800E+1
1.566397E-2	4.010790E+3	0.000000E+0	2.538800E+1
1.567825E-2	4.011420E+3	0.000000E+0	2.556800E+1
1.569519E-2	4.011420E+3	0.000000E+0	2.575400E+1
1.570518E-2	4.011500E+3	0.000000E+0	2.593400E+1
1.572694E-2	4.011660E+3	0.000000E+0	2.611300E+1
1.573307E-2	4.011263E+3	0.000000E+0	2.629600E+1
1.575766E-2	4.010710E+3	0.000000E+0	2.648000E+1
1.576320E-2	4.010470E+3	0.000000E+0	2.666100E+1
1.578613E-2	4.010710E+3	0.000000E+0	2.684100E+1
1.579489E-2	4.011183E+3	0.000000E+0	2.702300E+1
1.581255E-2	4.011820E+3	0.000000E+0	2.720300E+1
1.582677E-2	4.012220E+3	0.000000E+0	2.738200E+1
1.583903E-2	4.012380E+3	0.000000E+0	2.756500E+1
1.585785E-2	4.011900E+3	0.000000E+0	2.774500E+1
1.586718E-2	4.011420E+3	0.000000E+0	2.792600E+1
1.588907E-2	4.011820E+3	0.000000E+0	2.810600E+1
1.589515E-2	4.012060E+3	0.000000E+0	2.828700E+1
1.591901E-2	4.012060E+3	0.000000E+0	2.846600E+1
1.592601E-2	4.010947E+3	0.000000E+0	2.864600E+1
1.594541E-2	4.009910E+3	0.000000E+0	2.882500E+1
1.595728E-2	4.009673E+3	0.000000E+0	2.900800E+1
1.597292E-2	4.009520E+3	0.000000E+0	2.918600E+1
1.598910E-2	4.009520E+3	0.000000E+0	2.936800E+1
1.600046E-2	4.009520E+3	0.000000E+0	2.955100E+1
1.602026E-2	4.009910E+3	0.000000E+0	2.972700E+1
1.602825E-2	4.010630E+3	0.000000E+0	2.991100E+1
1.605115E-2	4.011263E+3	0.000000E+0	3.009300E+1
1.605758E-2	4.011660E+3	0.000000E+0	3.027400E+1
1.608087E-2	4.012140E+3	0.000000E+0	3.045400E+1
1.608896E-2	4.013090E+3	0.000000E+0	3.063300E+1
1.610762E-2	4.013650E+3	0.000000E+0	3.081500E+1
1.612008E-2	4.013330E+3	0.000000E+0	3.099900E+1
1.613363E-2	4.012613E+3	0.000000E+0	3.117800E+1
1.615057E-2	4.012380E+3	0.000000E+0	3.135900E+1
1.616327E-2	4.012850E+3	0.000000E+0	3.154000E+1
1.618263E-2	4.013010E+3	0.000000E+0	3.171900E+1
1.618762E-2	4.012297E+3	0.000000E+0	3.190300E+1
1.621118E-2	4.011820E+3	0.000000E+0	3.208000E+1
1.621938E-2	4.011980E+3	0.000000E+0	3.226400E+1
1.624352E-2	4.012773E+3	0.000000E+0	3.244700E+1
1.626638E-2	4.013330E+3	0.000000E+0	3.277700E+1
1.628186E-2	4.013250E+3	0.000000E+0	3.295800E+1
1.629294E-2	4.013810E+3	0.000000E+0	3.313800E+1
1.631304E-2	4.013970E+3	0.000000E+0	3.331900E+1
1.632110E-2	4.013570E+3	0.000000E+0	3.350000E+1
1.634399E-2	4.013330E+3	0.000000E+0	3.367700E+1
1.634970E-2	4.012137E+3	0.000000E+0	3.385800E+1
1.637277E-2	4.011420E+3	0.000000E+0	3.404000E+1
1.638177E-2	4.012060E+3	0.000000E+0	3.422300E+1
1.640026E-2	4.012533E+3	0.000000E+0	3.440300E+1
1.641301E-2	4.013010E+3	0.000000E+0	3.458600E+1
1.642512E-2	4.013490E+3	0.000000E+0	3.476900E+1
1.644409E-2	4.013330E+3	0.000000E+0	3.495200E+1
1.645496E-2	4.013810E+3	0.000000E+0	3.513300E+1
1.647582E-2	4.014283E+3	0.000000E+0	3.531300E+1
1.648318E-2	4.014520E+3	0.000000E+0	3.549500E+1
1.650701E-2	4.014600E+3	0.000000E+0	3.567600E+1
1.651258E-2	4.014283E+3	0.000000E+0	3.585800E+1
1.653499E-2	4.013650E+3	0.000000E+0	3.603900E+1
1.654398E-2	4.013570E+3	0.000000E+0	3.622100E+1
1.656236E-2	4.013650E+3	0.000000E+0	3.640100E+1
1.657578E-2	4.014050E+3	0.000000E+0	3.658500E+1
1.658897E-2	4.013810E+3	0.000000E+0	3.676200E+1
1.660681E-2	4.014047E+3	0.000000E+0	3.694500E+1
1.661697E-2	4.014840E+3	0.000000E+0	3.712700E+1
1.663754E-2	4.015160E+3	0.000000E+0	3.730800E+1
1.664366E-2	4.015480E+3	0.000000E+0	3.748700E+1
1.666785E-2	4.015320E+3	0.000000E+0	3.766700E+1
1.667490E-2	4.015950E+3	0.000000E+0	3.784700E+1
1.669655E-2	4.016430E+3	0.000000E+0	3.802900E+1
1.670653E-2	4.016430E+3	0.000000E+0	3.821000E+1
1.672040E-2	4.015790E+3	0.000000E+0	3.839100E+1
1.673658E-2	4.015160E+3	0.000000E+0	3.857300E+1
1.675082E-2	4.014207E+3	0.000000E+0	3.875900E+1
1.676940E-2	4.014127E+3	0.000000E+0	3.894000E+1
1.677791E-2	4.014840E+3	0.000000E+0	3.912000E+1
1.679999E-2	4.015400E+3	0.000000E+0	3.929800E+1
1.680551E-2	4.015710E+3	0.000000E+0	3.947500E+1
1.683836E-2	4.016430E+3	0.000000E+0	3.987900E+1
1.686237E-2	4.016590E+3	0.000000E+0	4.005700E+1
1.686968E-2	4.016350E+3	0.000000E+0	4.023800E+1
1.688920E-2	4.015950E+3	0.000000E+0	4.041800E+1
1.690037E-2	4.016350E+3	0.000000E+0	4.059900E+1
1.691618E-2	4.016590E+3	0.000000E+0	4.077900E+1
1.693197E-2	4.016510E+3	0.000000E+0	4.096100E+1
1.694270E-2	4.016830E+3	0.000000E+0	4.114200E+1
1.696324E-2	4.017460E+3	0.000000E+0	4.132500E+1
1.697136E-2	4.018100E+3	0.000000E+0	4.150800E+1
1.699469E-2	4.017780E+3	0.000000E+0	4.168900E+1
1.699962E-2	4.016747E+3	0.000000E+0	4.187200E+1
1.702078E-2	4.016430E+3	0.000000E+0	4.205400E+1
1.703064E-2	4.016750E+3	0.000000E+0	4.223700E+1
1.705115E-2	4.016750E+3	0.000000E+0	4.241900E+1
1.706270E-2	4.016430E+3	0.000000E+0	4.260200E+1
1.707846E-2	4.016270E+3	0.000000E+0	4.278400E+1
1.709467E-2	4.015633E+3	0.000000E+0	4.296900E+1
1.710589E-2	4.015633E+3	0.000000E+0	4.315200E+1
1.712561E-2	4.016350E+3	0.000000E+0	4.333400E+1
1.713389E-2	4.016830E+3	0.000000E+0	4.351600E+1
1.715674E-2	4.017380E+3	0.000000E+0	4.370200E+1
1.716396E-2	4.017860E+3	0.000000E+0	4.388300E+1
1.718735E-2	4.018100E+3	0.000000E+0	4.406600E+1
1.719365E-2	4.017940E+3	0.000000E+0	4.424400E+1
1.721410E-2	4.018100E+3	0.000000E+0	4.442600E+1
1.722494E-2	4.018100E+3	0.000000E+0	4.460500E+1
1.724011E-2	4.018100E+3	0.000000E+0	4.478700E+1
1.725617E-2	4.018260E+3	0.000000E+0	4.496800E+1
1.726803E-2	4.018570E+3	0.000000E+0	4.514800E+1
1.728834E-2	4.018890E+3	0.000000E+0	4.533200E+1
1.729390E-2	4.019290E+3	0.000000E+0	4.551400E+1
1.731763E-2	4.019530E+3	0.000000E+0	4.569600E+1
1.732569E-2	4.019450E+3	0.000000E+0	4.587900E+1
1.734970E-2	4.018810E+3	0.000000E+0	4.605900E+1
1.735584E-2	4.018650E+3	0.000000E+0	4.624500E+1
1.737661E-2	4.019370E+3	0.000000E+0	4.642800E+1
1.738677E-2	4.020720E+3	0.000000E+0	4.661200E+1
1.740466E-2	4.021910E+3	0.000000E+0	4.679300E+1
1.741893E-2	4.022550E+3	0.000000E+0	4.697200E+1
1.743034E-2	4.022390E+3	0.000000E+0	4.715400E+1
1.744957E-2	4.022230E+3	0.000000E+0	4.733600E+1
1.745980E-2	4.021910E+3	0.000000E+0	4.752200E+1
1.748155E-2	4.021910E+3	0.000000E+0	4.770300E+1
1.748834E-2	4.021670E+3	0.000000E+0	4.788500E+1
1.751283E-2	4.021830E+3	0.000000E+0	4.807300E+1
1.751852E-2	4.021750E+3	0.000000E+0	4.825200E+1
1.753834E-2	4.021440E+3	0.000000E+0	4.843300E+1
1.754969E-2	4.020960E+3	0.000000E+0	4.861500E+1
1.756791E-2	4.020720E+3	0.000000E+0	4.879500E+1
1.758182E-2	4.021040E+3	0.000000E+0	4.897600E+1
1.758988E-2	4.020800E+3	0.000000E+0	4.915500E+1
1.761139E-2	4.020720E+3	0.000000E+0	4.933500E+1
1.762223E-2	4.020720E+3	0.000000E+0	4.951800E+1
1.764334E-2	4.020880E+3	0.000000E+0	4.970200E+1
1.765077E-2	4.021280E+3	0.000000E+0	4.988300E+1
1.767400E-2	4.021360E+3	0.000000E+0	5.006500E+1
1.768016E-2	4.021120E+3	0.000000E+0	5.024700E+1
1.770177E-2	4.021360E+3	0.000000E+0	5.042400E+1
1.771214E-2	4.021440E+3	0.000000E+0	5.060600E+1
1.772827E-2	4.021440E+3	0.000000E+0	5.078700E+1
1.774260E-2	4.021200E+3	0.000000E+0	5.096700E+1
1.775518E-2	4.021200E+3	0.000000E+0	5.115000E+1
1.777386E-2	4.021437E+3	0.000000E+0	5.133000E+1
1.778296E-2	4.021910E+3	0.000000E+0	5.151300E+1
1.780517E-2	4.021910E+3	0.000000E+0	5.169600E+1
1.781030E-2	4.021910E+3	0.000000E+0	5.187500E+1
1.783289E-2	4.021910E+3	0.000000E+0	5.205500E+1
1.784175E-2	4.022150E+3	0.000000E+0	5.223900E+1
1.786271E-2	4.022710E+3	0.000000E+0	5.242200E+1
1.787350E-2	4.022870E+3	0.000000E+0	5.260300E+1
1.788963E-2	4.022550E+3	0.000000E+0	5.278700E+1
1.790454E-2	4.022390E+3	0.000000E+0	5.296600E+1
1.791620E-2	4.021673E+3	0.000000E+0	5.314600E+1
1.793628E-2	4.021280E+3	0.000000E+0	5.332900E+1
1.794393E-2	4.022390E+3	0.000000E+0	5.350900E+1
1.796660E-2	4.023263E+3	0.000000E+0	5.369100E+1
1.797241E-2	4.023580E+3	0.000000E+0	5.387200E+1
1.799620E-2	4.023660E+3	0.000000E+0	5.405500E+1
1.800305E-2	4.023980E+3	0.000000E+0	5.423700E+1
1.802390E-2	4.024060E+3	0.000000E+0	5.441800E+1
1.803523E-2	4.024060E+3	0.000000E+0	5.460000E+1
1.805057E-2	4.024060E+3	0.000000E+0	5.477900E+1
1.806597E-2	4.023820E+3	0.000000E+0	5.496100E+1
1.807828E-2	4.023340E+3	0.000000E+0	5.514400E+1
1.809768E-2	4.023820E+3	0.000000E+0	5.532500E+1
1.810619E-2	4.024617E+3	0.000000E+0	5.550600E+1
1.812888E-2	4.025490E+3	0.000000E+0	5.569000E+1
1.813414E-2	4.026200E+3	0.000000E+0	5.587300E+1
1.815751E-2	4.026200E+3	0.000000E+0	5.605700E+1
1.816548E-2	4.026043E+3	0.000000E+0	5.623800E+1
1.818670E-2	4.025250E+3	0.000000E+0	5.642600E+1
1.819686E-2	4.024770E+3	0.000000E+0	5.660900E+1
1.821428E-2	4.025010E+3	0.000000E+0	5.679200E+1
1.822871E-2	4.025887E+3	0.000000E+0	5.697900E+1
1.824115E-2	4.026123E+3	0.000000E+0	5.716200E+1
1.825972E-2	4.025970E+3	0.000000E+0	5.734400E+1
1.826958E-2	4.026047E+3	0.000000E+0	5.752900E+1
1.829138E-2	4.026200E+3	0.000000E+0	5.771000E+1
1.829742E-2	4.026200E+3	0.000000E+0	5.789000E+1
1.832135E-2	4.025810E+3	0.000000E+0	5.807200E+1
1.832689E-2	4.025250E+3	0.000000E+0	5.825100E+1
1.834882E-2	4.024300E+3	0.000000E+0	5.843400E+1
1.835856E-2	4.024060E+3	0.000000E+0	5.861600E+1
1.837631E-2	4.024460E+3	0.000000E+0	5.879900E+1
1.838985E-2	4.025170E+3	0.000000E+0	5.898200E+1
1.840468E-2	4.025250E+3	0.000000E+0	5.916500E+1
1.842146E-2	4.025330E+3	0.000000E+0	5.935000E+1
1.843054E-2	4.025490E+3	0.000000E+0	5.953200E+1
1.845275E-2	4.025730E+3	0.000000E+0	5.971300E+1
1.845939E-2	4.025967E+3	0.000000E+0	5.989300E+1
1.848305E-2	4.026360E+3	0.000000E+0	6.007500E+1
1.848869E-2	4.026280E+3	0.000000E+0	6.025600E+1
1.851158E-2	4.026840E+3	0.000000E+0	6.043800E+1
1.852039E-2	4.027080E+3	0.000000E+0	6.061700E+1
1.853633E-2	4.027633E+3	0.000000E+0	6.079700E+1
1.855131E-2	4.028030E+3	0.000000E+0	6.097900E+1
1.856527E-2	4.028110E+3	0.000000E+0	6.116200E+1
1.858266E-2	4.028270E+3	0.000000E+0	6.134500E+1
1.859045E-2	4.027793E+3	0.000000E+0	6.152900E+1
1.861247E-2	4.027000E+3	0.000000E+0	6.171200E+1
1.862022E-2	4.026840E+3	0.000000E+0	6.189800E+1
1.864311E-2	4.026840E+3	0.000000E+0	6.207900E+1
1.865024E-2	4.026760E+3	0.000000E+0	6.226500E+1
1.867298E-2	4.027000E+3	0.000000E+0	6.244900E+1
1.868147E-2	4.027160E+3	0.000000E+0	6.263000E+1
1.869976E-2	4.027160E+3	0.000000E+0	6.281400E+1
1.871267E-2	4.027160E+3	0.000000E+0	6.299500E+1
1.872691E-2	4.027320E+3	0.000000E+0	6.317700E+1
1.874352E-2	4.027400E+3	0.000000E+0	6.336000E+1
1.875562E-2	4.026840E+3	0.000000E+0	6.354000E+1
1.877567E-2	4.026200E+3	0.000000E+0	6.372400E+1
1.878222E-2	4.026840E+3	0.000000E+0	6.390800E+1
1.880544E-2	4.027477E+3	0.000000E+0	6.408700E+1
1.881119E-2	4.027477E+3	0.000000E+0	6.426700E+1
1.883363E-2	4.027240E+3	0.000000E+0	6.445000E+1
1.884212E-2	4.026520E+3	0.000000E+0	6.463000E+1
1.886099E-2	4.025967E+3	0.000000E+0	6.481300E+1
1.887407E-2	4.026047E+3	0.000000E+0	6.499300E+1
1.888507E-2	4.026440E+3	0.000000E+0	6.517600E+1
1.890434E-2	4.027633E+3	0.000000E+0	6.535900E+1
1.891632E-2	4.029067E+3	0.000000E+0	6.554100E+1
1.893653E-2	4.029940E+3	0.000000E+0	6.572300E+1
1.894379E-2	4.029780E+3	0.000000E+0	6.590700E+1
1.896672E-2	4.029067E+3	0.000000E+0	6.609000E+1
1.897299E-2	4.028350E+3	0.000000E+0	6.627000E+1
1.899706E-2	4.028510E+3	0.000000E+0	6.645200E+1
1.900367E-2	4.029540E+3	0.000000E+0	6.663300E+1
1.902229E-2	4.030180E+3	0.000000E+0	6.681600E+1
1.903490E-2	4.030970E+3	0.000000E+0	6.700000E+1
1.904994E-2	4.032083E+3	0.000000E+0	6.718200E+1
1.906624E-2	4.032400E+3	0.000000E+0	6.736300E+1
1.907787E-2	4.032163E+3	0.000000E+0	6.754600E+1
1.909738E-2	4.031930E+3	0.000000E+0	6.772800E+1
1.910386E-2	4.031690E+3	0.000000E+0	6.791100E+1
1.912794E-2	4.030970E+3	0.000000E+0	6.809600E+1
1.913460E-2	4.030810E+3	0.000000E+0	6.827800E+1
1.915831E-2	4.031210E+3	0.000000E+0	6.845800E+1
1.916515E-2	4.031450E+3	0.000000E+0	6.864500E+1
1.918305E-2	4.031690E+3	0.000000E+0	6.882800E+1
1.919902E-2	4.031210E+3	0.000000E+0	6.900900E+1
1.920829E-2	4.030497E+3	0.000000E+0	6.919200E+1
1.923690E-2	4.029540E+3	0.000000E+0	6.952500E+1
1.924937E-2	4.029620E+3	0.000000E+0	6.970800E+1
1.926227E-2	4.030020E+3	0.000000E+0	6.989000E+1
1.927271E-2	4.030260E+3	0.000000E+0	7.007300E+1
1.928126E-2	4.030260E+3	0.000000E+0	7.025700E+1
1.928877E-2	4.030260E+3	0.000000E+0	7.043500E+1
1.929425E-2	4.030813E+3	0.000000E+0	7.061600E+1
1.929949E-2	4.032083E+3	0.000000E+0	7.079800E+1
1.934648E-2	4.032400E+3	0.000000E+0	7.098300E+1
1.937148E-2	4.032400E+3	0.000000E+0	7.116700E+1
1.938585E-2	4.031927E+3	0.000000E+0	7.134400E+1
1.940496E-2	4.031450E+3	0.000000E+0	7.152600E+1
1.941373E-2	4.031770E+3	0.000000E+0	7.170700E+1
1.943625E-2	4.032007E+3	0.000000E+0	7.189300E+1
1.944205E-2	4.032720E+3	0.000000E+0	7.207000E+1
1.946565E-2	4.032880E+3	0.000000E+0	7.225200E+1
1.947316E-2	4.032880E+3	0.000000E+0	7.243100E+1
1.949327E-2	4.033440E+3	0.000000E+0	7.261500E+1
1.950447E-2	4.033990E+3	0.000000E+0	7.279600E+1
1.952032E-2	4.034150E+3	0.000000E+0	7.297700E+1
1.953539E-2	4.034390E+3	0.000000E+0	7.315500E+1
1.954633E-2	4.034790E+3	0.000000E+0	7.333500E+1
1.956685E-2	4.035260E+3	0.000000E+0	7.351700E+1
1.957524E-2	4.034950E+3	0.000000E+0	7.369800E+1
1.959801E-2	4.034310E+3	0.000000E+0	7.388000E+1
1.960367E-2	4.033677E+3	0.000000E+0	7.406600E+1
1.962474E-2	4.033833E+3	0.000000E+0	7.424500E+1
1.963461E-2	4.034070E+3	0.000000E+0	7.442300E+1
1.965345E-2	4.034310E+3	0.000000E+0	7.460400E+1
1.966618E-2	4.035583E+3	0.000000E+0	7.478600E+1
1.968048E-2	4.037170E+3	0.000000E+0	7.496700E+1
1.969717E-2	4.038283E+3	0.000000E+0	7.514700E+1
1.970689E-2	4.039000E+3	0.000000E+0	7.532900E+1
1.972761E-2	4.039080E+3	0.000000E+0	7.551000E+1
1.973474E-2	4.039080E+3	0.000000E+0	7.569100E+1
1.975845E-2	4.039080E+3	0.000000E+0	7.587300E+1
1.976401E-2	4.039080E+3	0.000000E+0	7.605600E+1
1.978618E-2	4.039240E+3	0.000000E+0	7.623900E+1
1.979574E-2	4.039480E+3	0.000000E+0	7.641900E+1
1.981064E-2	4.039400E+3	0.000000E+0	7.660100E+1
1.982488E-2	4.038680E+3	0.000000E+0	7.678000E+1
1.983873E-2	4.038360E+3	0.000000E+0	7.696000E+1
1.985393E-2	4.038360E+3	0.000000E+0	7.714200E+1
1.986788E-2	4.038360E+3	0.000000E+0	7.732200E+1
1.989889E-2	4.039000E+3	0.000000E+0	7.772800E+1
1.991450E-2	4.039240E+3	0.000000E+0	7.790800E+1
1.992956E-2	4.039240E+3	0.000000E+0	7.808900E+1
1.994434E-2	4.039000E+3	0.000000E+0	7.827500E+1
1.995801E-2	4.038680E+3	0.000000E+0	7.845600E+1
1.997336E-2	4.038760E+3	0.000000E+0	7.863500E+1
1.998758E-2	4.039080E+3	0.000000E+0	7.881500E+1
2.000249E-2	4.039080E+3	0.000000E+0	7.899800E+1
2.001625E-2	4.038760E+3	0.000000E+0	7.917800E+1
2.003099E-2	4.038440E+3	0.000000E+0	7.936000E+1
2.004539E-2	4.038600E+3	0.000000E+0	7.954100E+1
2.005944E-2	4.038920E+3	0.000000E+0	7.972100E+1
2.007385E-2	4.038680E+3	0.000000E+0	7.990300E+1
2.008836E-2	4.039160E+3	0.000000E+0	8.008400E+1
2.010288E-2	4.039637E+3	0.000000E+0	8.026300E+1
2.011799E-2	4.040030E+3	0.000000E+0	8.044300E+1
2.013209E-2	4.040030E+3	0.000000E+0	8.062500E+1
2.014650E-2	4.040030E+3	0.000000E+0	8.081100E+1
2.016123E-2	4.039950E+3	0.000000E+0	8.099100E+1
2.017427E-2	4.039790E+3	0.000000E+0	8.117200E+1
2.018826E-2	4.040110E+3	0.000000E+0	8.135000E+1
2.020395E-2	4.040430E+3	0.000000E+0	8.153300E+1
2.021860E-2	4.039793E+3	0.000000E+0	8.171700E+1
2.023364E-2	4.038920E+3	0.000000E+0	8.189800E+1
2.024804E-2	4.038520E+3	0.000000E+0	8.208100E+1
2.026258E-2	4.038600E+3	0.000000E+0	8.226200E+1
2.027681E-2	4.038840E+3	0.000000E+0	8.244200E+1
2.029171E-2	4.038680E+3	0.000000E+0	8.262300E+1
2.030586E-2	4.039160E+3	0.000000E+0	8.280600E+1
2.032023E-2	4.039950E+3	0.000000E+0	8.298800E+1
2.033585E-2	4.039477E+3	0.000000E+0	8.317100E+1
2.035097E-2	4.038680E+3	0.000000E+0	8.335300E+1
2.036458E-2	4.038680E+3	0.000000E+0	8.353900E+1
2.037906E-2	4.039320E+3	0.000000E+0	8.372000E+1
2.039292E-2	4.039870E+3	0.000000E+0	8.390300E+1
2.040720E-2	4.039560E+3	0.000000E+0	8.408500E+1
2.042151E-2	4.039637E+3	0.000000E+0	8.426600E+1
2.043658E-2	4.039713E+3	0.000000E+0	8.444900E+1
2.045179E-2	4.039400E+3	0.000000E+0	8.463000E+1
2.046598E-2	4.039400E+3	0.000000E+0	8.481300E+1
2.047884E-2	4.039560E+3	0.000000E+0	8.499300E+1
2.049437E-2	4.039870E+3	0.000000E+0	8.517500E+1
2.050888E-2	4.039950E+3	0.000000E+0	8.535600E+1
2.052339E-2	4.040430E+3	0.000000E+0	8.553900E+1
2.053827E-2	4.040830E+3	0.000000E+0	8.572100E+1
2.055231E-2	4.041220E+3	0.000000E+0	8.590100E+1
2.056658E-2	4.040750E+3	0.000000E+0	8.607800E+1
2.058073E-2	4.039950E+3	0.000000E+0	8.625400E+1
2.059520E-2	4.039713E+3	0.000000E+0	8.643600E+1
2.060938E-2	4.039320E+3	0.000000E+0	8.661700E+1
2.062396E-2	4.038600E+3	0.000000E+0	8.679700E+1
2.063853E-2	4.038440E+3	0.000000E+0	8.697700E+1
2.065167E-2	4.039160E+3	0.000000E+0	8.716000E+1
2.066764E-2	4.040110E+3	0.000000E+0	8.734100E+1
2.068199E-2	4.040750E+3	0.000000E+0	8.752300E+1
2.069615E-2	4.040990E+3	0.000000E+0	8.770200E+1
2.070998E-2	4.040750E+3	0.000000E+0	8.788500E+1
2.072463E-2	4.040750E+3	0.000000E+0	8.806800E+1
2.073916E-2	4.040510E+3	0.000000E+0	8.824900E+1
2.075453E-2	4.040190E+3	0.000000E+0	8.842900E+1
2.076723E-2	4.039950E+3	0.000000E+0	8.861200E+1
2.078278E-2	4.039320E+3	0.000000E+0	8.879100E+1
2.079761E-2	4.039637E+3	0.000000E+0	8.897600E+1
2.081184E-2	4.040190E+3	0.000000E+0	8.915500E+1
2.082670E-2	4.039793E+3	0.000000E+0	8.933700E+1
2.084122E-2	4.039793E+3	0.000000E+0	8.951800E+1
2.085544E-2	4.040270E+3	0.000000E+0	8.969800E+1
2.086470E-2	4.040190E+3	0.000000E+0	8.988000E+1
2.088497E-2	4.039950E+3	0.000000E+0	9.005900E+1
2.089269E-2	4.039080E+3	0.000000E+0	9.024300E+1
2.091399E-2	4.038127E+3	0.000000E+0	9.042300E+1
2.092325E-2	4.037650E+3	0.000000E+0	9.060300E+1
2.093944E-2	4.037650E+3	0.000000E+0	9.078200E+1
2.095440E-2	4.037730E+3	0.000000E+0	9.096300E+1
2.096591E-2	4.037970E+3	0.000000E+0	9.114500E+1
2.098415E-2	4.037890E+3	0.000000E+0	9.132600E+1
2.099246E-2	4.037650E+3	0.000000E+0	9.150800E+1
2.101469E-2	4.037730E+3	0.000000E+0	9.168900E+1
2.102072E-2	4.038127E+3	0.000000E+0	9.187200E+1
2.104376E-2	4.039000E+3	0.000000E+0	9.205500E+1
2.105074E-2	4.038127E+3	0.000000E+0	9.223800E+1
2.107090E-2	4.036613E+3	0.000000E+0	9.242200E+1
2.108119E-2	4.035820E+3	0.000000E+0	9.260300E+1
2.109692E-2	4.035340E+3	0.000000E+0	9.278500E+1
2.111169E-2	4.034470E+3	0.000000E+0	9.296700E+1
2.112403E-2	4.032960E+3	0.000000E+0	9.314500E+1
2.114252E-2	4.031210E+3	0.000000E+0	9.332500E+1
2.114834E-2	4.030020E+3	0.000000E+0	9.350800E+1
2.117104E-2	4.029620E+3	0.000000E+0	9.368700E+1
2.117748E-2	4.028830E+3	0.000000E+0	9.386800E+1
2.120059E-2	4.028430E+3	0.000000E+0	9.405000E+1
2.120861E-2	4.027790E+3	0.000000E+0	9.423100E+1
2.122754E-2	4.027160E+3	0.000000E+0	9.441000E+1
2.123922E-2	4.026440E+3	0.000000E+0	9.459400E+1
2.125344E-2	4.026047E+3	0.000000E+0	9.477700E+1
2.127028E-2	4.026280E+3	0.000000E+0	9.496100E+1
2.128078E-2	4.026360E+3	0.000000E+0	9.514300E+1
2.130070E-2	4.025967E+3	0.000000E+0	9.532400E+1
2.130693E-2	4.025490E+3	0.000000E+0	9.550600E+1
2.132984E-2	4.024933E+3	0.000000E+0	9.568300E+1
2.133546E-2	4.023423E+3	0.000000E+0	9.586300E+1
2.135868E-2	4.021673E+3	0.000000E+0	9.604600E+1
2.136680E-2	4.019687E+3	0.000000E+0	9.622900E+1
2.138469E-2	4.018417E+3	0.000000E+0	9.641000E+1
2.139741E-2	4.017780E+3	0.000000E+0	9.659100E+1
2.141197E-2	4.018257E+3	0.000000E+0	9.677600E+1
2.142797E-2	4.018650E+3	0.000000E+0	9.695800E+1
2.143603E-2	4.018417E+3	0.000000E+0	9.713600E+1
2.145757E-2	4.018100E+3	0.000000E+0	9.731800E+1
2.146464E-2	4.018493E+3	0.000000E+0	9.749900E+1
2.148770E-2	4.018810E+3	0.000000E+0	9.768000E+1
2.149322E-2	4.019530E+3	0.000000E+0	9.786000E+1
2.151601E-2	4.020400E+3	0.000000E+0	9.804400E+1
2.152415E-2	4.021120E+3	0.000000E+0	9.822900E+1
2.154191E-2	4.022230E+3	0.000000E+0	9.840800E+1
2.155470E-2	4.022630E+3	0.000000E+0	9.859000E+1
2.156874E-2	4.023027E+3	0.000000E+0	9.877100E+1
2.158531E-2	4.024377E+3	0.000000E+0	9.895200E+1
2.159450E-2	4.025730E+3	0.000000E+0	9.913000E+1
2.161569E-2	4.026920E+3	0.000000E+0	9.931000E+1
2.162207E-2	4.028270E+3	0.000000E+0	9.949100E+1
2.164437E-2	4.028990E+3	0.000000E+0	9.966900E+1
2.165122E-2	4.029070E+3	0.000000E+0	9.985200E+1
2.167261E-2	4.029463E+3	0.000000E+0	1.000380E+2
2.168180E-2	4.030260E+3	0.000000E+0	1.002190E+2
2.169912E-2	4.030653E+3	0.000000E+0	1.003990E+2
2.171216E-2	4.031290E+3	0.000000E+0	1.005890E+2
2.172330E-2	4.032243E+3	0.000000E+0	1.007700E+2
2.174242E-2	4.032960E+3	0.000000E+0	1.009490E+2
2.175191E-2	4.033520E+3	0.000000E+0	1.011330E+2
2.177312E-2	4.033990E+3	0.000000E+0	1.013130E+2
2.179840E-2	4.034947E+3	0.000000E+0	1.016330E+2
2.180814E-2	4.036140E+3	0.000000E+0	1.018160E+2
2.182647E-2	4.037010E+3	0.000000E+0	1.019990E+2
2.183894E-2	4.037330E+3	0.000000E+0	1.021790E+2
2.185072E-2	4.037490E+3	0.000000E+0	1.023590E+2
2.186866E-2	4.038050E+3	0.000000E+0	1.025390E+2
2.187830E-2	4.038360E+3	0.000000E+0	1.027220E+2
2.189871E-2	4.038440E+3	0.000000E+0	1.029040E+2
2.190396E-2	4.038283E+3	0.000000E+0	1.030840E+2
2.192760E-2	4.038840E+3	0.000000E+0	1.032670E+2
2.193404E-2	4.040430E+3	0.000000E+0	1.034530E+2
2.195569E-2	4.040990E+3	0.000000E+0	1.036400E+2
2.196462E-2	4.040830E+3	0.000000E+0	1.038230E+2
2.198241E-2	4.041143E+3	0.000000E+0	1.040060E+2
2.199543E-2	4.041780E+3	0.000000E+0	1.041890E+2
2.200522E-2	4.042497E+3	0.000000E+0	1.043660E+2
2.202536E-2	4.042970E+3	0.000000E+0	1.045490E+2
2.203703E-2	4.042260E+3	0.000000E+0	1.047330E+2
2.205611E-2	4.041460E+3	0.000000E+0	1.049160E+2
2.206354E-2	4.040987E+3	0.000000E+0	1.050990E+2
2.208564E-2	4.040750E+3	0.000000E+0	1.052820E+2
2.209172E-2	4.041540E+3	0.000000E+0	1.054630E+2
2.211428E-2	4.042657E+3	0.000000E+0	1.056430E+2
2.212263E-2	4.043610E+3	0.000000E+0	1.058260E+2
2.214100E-2	4.044090E+3	0.000000E+0	1.060060E+2
2.215277E-2	4.044480E+3	0.000000E+0	1.061880E+2
2.216702E-2	4.044720E+3	0.000000E+0	1.063690E+2
2.218245E-2	4.044480E+3	0.000000E+0	1.065480E+2
2.219430E-2	4.043770E+3	0.000000E+0	1.067360E+2
2.221331E-2	4.043690E+3	0.000000E+0	1.069190E+2
2.221923E-2	4.044323E+3	0.000000E+0	1.070990E+2
2.224124E-2	4.044800E+3	0.000000E+0	1.072790E+2
2.224773E-2	4.044720E+3	0.000000E+0	1.074580E+2
2.227066E-2	4.044560E+3	0.000000E+0	1.076390E+2
2.227842E-2	4.044800E+3	0.000000E+0	1.078210E+2
2.229773E-2	4.045990E+3	0.000000E+0	1.080060E+2
2.232948E-2	4.046390E+3	0.000000E+0	1.084110E+2
2.234013E-2	4.046150E+3	0.000000E+0	1.085920E+2
2.235406E-2	4.045830E+3	0.000000E+0	1.087700E+2
2.237024E-2	4.045830E+3	0.000000E+0	1.089500E+2
2.238037E-2	4.046390E+3	0.000000E+0	1.091320E+2
2.240020E-2	4.047027E+3	0.000000E+0	1.093140E+2
2.240773E-2	4.047580E+3	0.000000E+0	1.094930E+2
2.242904E-2	4.047900E+3	0.000000E+0	1.096770E+2
2.243518E-2	4.048060E+3	0.000000E+0	1.098560E+2
2.245760E-2	4.047980E+3	0.000000E+0	1.100370E+2
2.246580E-2	4.048697E+3	0.000000E+0	1.102190E+2
2.248352E-2	4.049810E+3	0.000000E+0	1.104000E+2
2.249608E-2	4.049890E+3	0.000000E+0	1.105820E+2
2.250759E-2	4.049570E+3	0.000000E+0	1.107660E+2
2.252551E-2	4.049490E+3	0.000000E+0	1.109470E+2
2.253516E-2	4.049090E+3	0.000000E+0	1.111250E+2
2.255575E-2	4.049090E+3	0.000000E+0	1.113040E+2
2.256211E-2	4.049090E+3	0.000000E+0	1.114840E+2
2.258484E-2	4.049250E+3	0.000000E+0	1.116660E+2
2.259112E-2	4.049490E+3	0.000000E+0	1.118470E+2
2.261175E-2	4.050283E+3	0.000000E+0	1.120270E+2
2.262119E-2	4.050203E+3	0.000000E+0	1.122090E+2
2.263815E-2	4.049013E+3	0.000000E+0	1.123900E+2
2.265156E-2	4.048140E+3	0.000000E+0	1.125690E+2
2.266324E-2	4.047900E+3	0.000000E+0	1.127530E+2
2.268206E-2	4.047900E+3	0.000000E+0	1.129350E+2
2.269041E-2	4.047900E+3	0.000000E+0	1.131190E+2
2.271068E-2	4.048140E+3	0.000000E+0	1.132990E+2
2.271659E-2	4.048853E+3	0.000000E+0	1.134820E+2
2.273858E-2	4.050047E+3	0.000000E+0	1.136620E+2
2.274563E-2	4.051480E+3	0.000000E+0	1.138420E+2
2.276645E-2	4.051950E+3	0.000000E+0	1.140220E+2
2.277616E-2	4.051797E+3	0.000000E+0	1.142060E+2
2.278953E-2	4.051720E+3	0.000000E+0	1.143880E+2
2.280551E-2	4.051720E+3	0.000000E+0	1.145680E+2
2.281746E-2	4.051950E+3	0.000000E+0	1.147500E+2
2.283586E-2	4.052350E+3	0.000000E+0	1.149310E+2
2.284517E-2	4.052830E+3	0.000000E+0	1.151140E+2
2.286576E-2	4.053303E+3	0.000000E+0	1.152950E+2
2.287175E-2	4.053540E+3	0.000000E+0	1.154770E+2
2.289439E-2	4.053620E+3	0.000000E+0	1.156590E+2
2.290063E-2	4.053067E+3	0.000000E+0	1.158410E+2
2.292160E-2	4.052033E+3	0.000000E+0	1.160260E+2
2.293151E-2	4.051000E+3	0.000000E+0	1.162090E+2
2.294657E-2	4.050760E+3	0.000000E+0	1.163890E+2
2.296124E-2	4.050600E+3	0.000000E+0	1.165690E+2
2.297244E-2	4.050520E+3	0.000000E+0	1.167480E+2
2.299057E-2	4.050600E+3	0.000000E+0	1.169290E+2
2.299868E-2	4.050840E+3	0.000000E+0	1.171070E+2
2.301995E-2	4.050760E+3	0.000000E+0	1.172910E+2
2.302581E-2	4.050760E+3	0.000000E+0	1.174740E+2
2.304901E-2	4.050207E+3	0.000000E+0	1.176580E+2
2.305573E-2	4.050127E+3	0.000000E+0	1.178410E+2
2.307179E-2	4.050760E+3	0.000000E+0	1.180210E+2
2.308445E-2	4.051320E+3	0.000000E+0	1.182010E+2
2.310024E-2	4.051720E+3	0.000000E+0	1.183830E+2
2.311500E-2	4.051720E+3	0.000000E+0	1.185630E+2
2.312651E-2	4.052110E+3	0.000000E+0	1.187460E+2
2.314503E-2	4.051950E+3	0.000000E+0	1.189270E+2
2.315199E-2	4.051950E+3	0.000000E+0	1.191060E+2
2.317375E-2	4.052190E+3	0.000000E+0	1.192910E+2
2.317991E-2	4.052830E+3	0.000000E+0	1.194760E+2
2.320248E-2	4.052670E+3	0.000000E+0	1.196580E+2
2.320964E-2	4.052910E+3	0.000000E+0	1.198380E+2
2.322858E-2	4.052670E+3	0.000000E+0	1.200240E+2
2.323968E-2	4.052670E+3	0.000000E+0	1.202070E+2
2.325491E-2	4.053070E+3	0.000000E+0	1.203910E+2
2.326945E-2	4.052990E+3	0.000000E+0	1.205760E+2
2.328072E-2	4.052910E+3	0.000000E+0	1.207580E+2
2.329885E-2	4.052670E+3	0.000000E+0	1.209380E+2
2.330832E-2	4.052987E+3	0.000000E+0	1.211280E+2
2.332946E-2	4.054020E+3	0.000000E+0	1.213120E+2
2.333438E-2	4.054340E+3	0.000000E+0	1.214960E+2
2.335690E-2	4.054180E+3	0.000000E+0	1.216810E+2
2.336392E-2	4.053700E+3	0.000000E+0	1.218630E+2
2.338557E-2	4.052990E+3	0.000000E+0	1.220430E+2
2.339376E-2	4.052910E+3	0.000000E+0	1.222260E+2
2.341108E-2	4.053303E+3	0.000000E+0	1.224060E+2
2.342393E-2	4.052990E+3	0.000000E+0	1.225880E+2
2.343845E-2	4.053383E+3	0.000000E+0	1.227690E+2
2.345322E-2	4.053620E+3	0.000000E+0	1.229520E+2
2.346290E-2	4.053303E+3	0.000000E+0	1.231360E+2
2.348217E-2	4.053150E+3	0.000000E+0	1.233180E+2
2.349075E-2	4.053150E+3	0.000000E+0	1.235020E+2
2.351210E-2	4.053383E+3	0.000000E+0	1.236820E+2
2.351750E-2	4.053860E+3	0.000000E+0	1.238660E+2
2.354020E-2	4.053860E+3	0.000000E+0	1.240490E+2
2.354742E-2	4.053700E+3	0.000000E+0	1.242330E+2
2.356433E-2	4.053303E+3	0.000000E+0	1.244160E+2
2.357662E-2	4.052750E+3	0.000000E+0	1.245940E+2
2.359038E-2	4.052830E+3	0.000000E+0	1.247760E+2
2.360616E-2	4.053070E+3	0.000000E+0	1.249580E+2
2.361346E-2	4.052990E+3	0.000000E+0	1.251390E+2
2.363479E-2	4.053147E+3	0.000000E+0	1.253200E+2
2.364406E-2	4.054020E+3	0.000000E+0	1.255020E+2
2.366486E-2	4.054813E+3	0.000000E+0	1.256850E+2
2.367031E-2	4.055050E+3	0.000000E+0	1.258690E+2
2.369184E-2	4.055290E+3	0.000000E+0	1.260510E+2
2.370013E-2	4.055690E+3	0.000000E+0	1.262310E+2
2.371854E-2	4.055770E+3	0.000000E+0	1.264120E+2
2.372913E-2	4.055370E+3	0.000000E+0	1.265940E+2
2.374403E-2	4.055450E+3	0.000000E+0	1.267750E+2
2.375966E-2	4.056247E+3	0.000000E+0	1.269580E+2
2.376961E-2	4.056880E+3	0.000000E+0	1.271380E+2
2.378863E-2	4.057600E+3	0.000000E+0	1.273180E+2
2.379634E-2	4.057600E+3	0.000000E+0	1.275010E+2
2.381695E-2	4.057280E+3	0.000000E+0	1.276810E+2
2.382285E-2	4.057520E+3	0.000000E+0	1.278630E+2
2.384363E-2	4.057280E+3	0.000000E+0	1.280440E+2
2.385222E-2	4.056800E+3	0.000000E+0	1.282260E+2
2.387042E-2	4.056720E+3	0.000000E+0	1.284070E+2
2.388138E-2	4.056720E+3	0.000000E+0	1.285870E+2
2.389538E-2	4.056403E+3	0.000000E+0	1.287660E+2
2.391142E-2	4.056403E+3	0.000000E+0	1.289460E+2
2.392014E-2	4.056560E+3	0.000000E+0	1.291270E+2
2.393981E-2	4.056960E+3	0.000000E+0	1.293050E+2
2.394670E-2	4.057200E+3	0.000000E+0	1.294910E+2
2.396850E-2	4.057120E+3	0.000000E+0	1.296720E+2
2.397394E-2	4.056720E+3	0.000000E+0	1.298480E+2
2.399469E-2	4.056960E+3	0.000000E+0	1.300300E+2
2.400414E-2	4.057993E+3	0.000000E+0	1.302110E+2
2.402024E-2	4.058790E+3	0.000000E+0	1.303920E+2
2.403332E-2	4.058790E+3	0.000000E+0	1.305740E+2
2.404522E-2	4.058310E+3	0.000000E+0	1.307570E+2
2.406207E-2	4.057990E+3	0.000000E+0	1.309370E+2
2.407132E-2	4.057990E+3	0.000000E+0	1.311170E+2
2.409122E-2	4.057910E+3	0.000000E+0	1.312990E+2
2.409814E-2	4.058150E+3	0.000000E+0	1.314800E+2
2.411918E-2	4.058310E+3	0.000000E+0	1.316630E+2
2.412516E-2	4.057833E+3	0.000000E+0	1.318430E+2
2.414518E-2	4.057680E+3	0.000000E+0	1.320250E+2
2.415479E-2	4.057910E+3	0.000000E+0	1.322060E+2
2.417107E-2	4.057833E+3	0.000000E+0	1.323900E+2
2.418422E-2	4.057280E+3	0.000000E+0	1.325730E+2
2.419698E-2	4.057200E+3	0.000000E+0	1.327550E+2
2.421398E-2	4.057677E+3	0.000000E+0	1.329360E+2
2.422184E-2	4.057833E+3	0.000000E+0	1.331170E+2
2.424246E-2	4.057600E+3	0.000000E+0	1.333030E+2
2.424896E-2	4.057280E+3	0.000000E+0	1.334840E+2
2.426973E-2	4.056800E+3	0.000000E+0	1.336630E+2
2.427585E-2	4.056960E+3	0.000000E+0	1.338460E+2
2.429720E-2	4.057833E+3	0.000000E+0	1.340300E+2
2.430569E-2	4.057677E+3	0.000000E+0	1.342110E+2
2.432053E-2	4.057200E+3	0.000000E+0	1.343910E+2
2.433462E-2	4.057120E+3	0.000000E+0	1.345720E+2
2.434589E-2	4.056720E+3	0.000000E+0	1.347530E+2
2.436410E-2	4.056170E+3	0.000000E+0	1.349350E+2
2.437217E-2	4.056090E+3	0.000000E+0	1.351190E+2
2.439225E-2	4.056483E+3	0.000000E+0	1.353010E+2
2.439778E-2	4.056960E+3	0.000000E+0	1.354820E+2
2.441996E-2	4.057597E+3	0.000000E+0	1.356640E+2
2.442644E-2	4.058630E+3	0.000000E+0	1.358450E+2
2.444667E-2	4.059030E+3	0.000000E+0	1.360260E+2
2.445554E-2	4.059420E+3	0.000000E+0	1.362090E+2
2.447138E-2	4.059660E+3	0.000000E+0	1.363890E+2
2.448477E-2	4.059980E+3	0.000000E+0	1.365720E+2
2.449614E-2	4.059900E+3	0.000000E+0	1.367520E+2
2.451381E-2	4.059980E+3	0.000000E+0	1.369350E+2
2.452207E-2	4.059500E+3	0.000000E+0	1.371190E+2
2.454196E-2	4.058950E+3	0.000000E+0	1.372990E+2
2.454719E-2	4.058550E+3	0.000000E+0	1.374780E+2
2.456813E-2	4.058630E+3	0.000000E+0	1.376650E+2
2.457624E-2	4.059263E+3	0.000000E+0	1.378440E+2
2.459598E-2	4.059820E+3	0.000000E+0	1.380250E+2
2.460498E-2	4.060060E+3	0.000000E+0	1.382070E+2
2.462064E-2	4.060300E+3	0.000000E+0	1.383880E+2
2.463444E-2	4.060140E+3	0.000000E+0	1.385710E+2
2.464539E-2	4.059660E+3	0.000000E+0	1.387540E+2
2.466311E-2	4.058950E+3	0.000000E+0	1.389340E+2
2.467109E-2	4.058950E+3	0.000000E+0	1.391140E+2
2.469126E-2	4.058950E+3	0.000000E+0	1.392940E+2
2.469802E-2	4.058870E+3	0.000000E+0	1.394760E+2
2.471948E-2	4.059423E+3	0.000000E+0	1.396570E+2
2.472595E-2	4.059580E+3	0.000000E+0	1.398360E+2
2.474458E-2	4.059580E+3	0.000000E+0	1.400160E+2
2.475443E-2	4.059580E+3	0.000000E+0	1.402020E+2
2.476826E-2	4.059580E+3	0.000000E+0	1.403830E+2
2.478261E-2	4.059900E+3	0.000000E+0	1.405630E+2
2.479387E-2	4.060220E+3	0.000000E+0	1.407450E+2
2.481153E-2	4.060620E+3	0.000000E+0	1.409260E+2
2.481677E-2	4.061330E+3	0.000000E+0	1.411070E+2
2.483829E-2	4.061410E+3	0.000000E+0	1.412850E+2
2.484466E-2	4.061330E+3	0.000000E+0	1.414650E+2
2.486592E-2	4.061730E+3	0.000000E+0	1.416440E+2
2.487406E-2	4.061810E+3	0.000000E+0	1.418270E+2
2.489113E-2	4.061330E+3	0.000000E+0	1.420100E+2
2.490304E-2	4.061013E+3	0.000000E+0	1.421910E+2
2.491698E-2	4.060460E+3	0.000000E+0	1.423720E+2
2.493204E-2	4.059980E+3	0.000000E+0	1.425540E+2
2.494181E-2	4.059580E+3	0.000000E+0	1.427370E+2
2.496063E-2	4.059980E+3	0.000000E+0	1.429210E+2
2.496810E-2	4.060777E+3	0.000000E+0	1.431040E+2
2.498887E-2	4.061250E+3	0.000000E+0	1.432840E+2
2.499375E-2	4.061490E+3	0.000000E+0	1.434640E+2
2.501441E-2	4.061490E+3	0.000000E+0	1.436450E+2
2.502213E-2	4.061730E+3	0.000000E+0	1.438230E+2
2.503749E-2	4.061890E+3	0.000000E+0	1.440050E+2
2.505045E-2	4.062287E+3	0.000000E+0	1.441850E+2
2.506173E-2	4.062363E+3	0.000000E+0	1.443640E+2
2.507929E-2	4.062210E+3	0.000000E+0	1.445410E+2
2.508436E-2	4.061730E+3	0.000000E+0	1.447210E+2
2.510579E-2	4.061250E+3	0.000000E+0	1.449030E+2
2.511344E-2	4.061330E+3	0.000000E+0	1.450830E+2
2.513482E-2	4.061330E+3	0.000000E+0	1.452640E+2
2.514035E-2	4.062127E+3	0.000000E+0	1.454460E+2
2.515956E-2	4.063000E+3	0.000000E+0	1.456270E+2
2.516875E-2	4.063240E+3	0.000000E+0	1.458100E+2
2.518465E-2	4.062523E+3	0.000000E+0	1.459920E+2
2.519786E-2	4.061330E+3	0.000000E+0	1.461740E+2
2.521096E-2	4.061010E+3	0.000000E+0	1.463580E+2
2.522687E-2	4.061250E+3	0.000000E+0	1.465420E+2
2.523485E-2	4.061890E+3	0.000000E+0	1.467250E+2
2.525458E-2	4.062210E+3	0.000000E+0	1.469020E+2
2.526051E-2	4.061970E+3	0.000000E+0	1.470810E+2
2.528208E-2	4.061730E+3	0.000000E+0	1.472620E+2
2.528753E-2	4.061730E+3	0.000000E+0	1.474440E+2
2.530502E-2	4.062127E+3	0.000000E+0	1.476240E+2
2.531574E-2	4.062840E+3	0.000000E+0	1.478040E+2
2.533072E-2	4.062920E+3	0.000000E+0	1.479830E+2
2.534468E-2	4.062680E+3	0.000000E+0	1.481630E+2
2.535142E-2	4.062363E+3	0.000000E+0	1.483430E+2
2.537190E-2	4.062600E+3	0.000000E+0	1.485260E+2
2.538000E-2	4.062287E+3	0.000000E+0	1.487080E+2
2.540022E-2	4.062130E+3	0.000000E+0	1.488890E+2
2.540573E-2	4.062367E+3	0.000000E+0	1.490710E+2
2.542693E-2	4.063160E+3	0.000000E+0	1.492480E+2
2.543402E-2	4.063400E+3	0.000000E+0	1.494260E+2
2.545129E-2	4.064033E+3	0.000000E+0	1.496070E+2
2.546206E-2	4.064990E+3	0.000000E+0	1.497910E+2
2.547600E-2	4.065070E+3	0.000000E+0	1.499720E+2
2.549036E-2	4.065070E+3	0.000000E+0	1.501510E+2
2.549882E-2	4.065380E+3	0.000000E+0	1.503300E+2
2.551787E-2	4.065620E+3	0.000000E+0	1.505120E+2
2.552503E-2	4.066180E+3	0.000000E+0	1.506950E+2
2.554630E-2	4.066260E+3	0.000000E+0	1.508770E+2
2.555112E-2	4.066180E+3	0.000000E+0	1.510650E+2
2.557093E-2	4.065463E+3	0.000000E+0	1.512460E+2
2.557933E-2	4.064670E+3	0.000000E+0	1.514280E+2
2.559730E-2	4.064590E+3	0.000000E+0	1.516080E+2
2.560844E-2	4.064990E+3	0.000000E+0	1.517890E+2
2.562175E-2	4.064990E+3	0.000000E+0	1.519700E+2
2.563643E-2	4.064430E+3	0.000000E+0	1.521530E+2
2.564565E-2	4.064190E+3	0.000000E+0	1.523340E+2
2.566412E-2	4.064590E+3	0.000000E+0	1.525160E+2
2.567087E-2	4.064750E+3	0.000000E+0	1.526970E+2
2.569172E-2	4.064750E+3	0.000000E+0	1.528790E+2
2.571365E-2	4.064670E+3	0.000000E+0	1.532140E+2
2.572394E-2	4.065463E+3	0.000000E+0	1.533920E+2
2.573801E-2	4.066340E+3	0.000000E+0	1.535750E+2
2.575237E-2	4.067210E+3	0.000000E+0	1.537550E+2
2.576123E-2	4.067210E+3	0.000000E+0	1.539370E+2
2.577963E-2	4.066420E+3	0.000000E+0	1.541180E+2
2.578644E-2	4.065860E+3	0.000000E+0	1.543010E+2
2.580713E-2	4.065780E+3	0.000000E+0	1.544820E+2
2.581321E-2	4.066180E+3	0.000000E+0	1.546650E+2
2.583453E-2	4.066260E+3	0.000000E+0	1.548470E+2
2.584087E-2	4.066100E+3	0.000000E+0	1.550270E+2
2.585694E-2	4.065700E+3	0.000000E+0	1.552070E+2
2.586877E-2	4.065540E+3	0.000000E+0	1.553880E+2
2.588170E-2	4.065860E+3	0.000000E+0	1.555670E+2
2.589627E-2	4.066420E+3	0.000000E+0	1.557490E+2
2.590628E-2	4.066740E+3	0.000000E+0	1.559300E+2
2.592443E-2	4.066893E+3	0.000000E+0	1.561130E+2
2.593041E-2	4.067130E+3	0.000000E+0	1.562910E+2
2.595116E-2	4.066970E+3	0.000000E+0	1.564730E+2
2.595721E-2	4.067130E+3	0.000000E+0	1.566560E+2
2.597725E-2	4.067210E+3	0.000000E+0	1.568360E+2
2.598482E-2	4.066737E+3	0.000000E+0	1.570180E+2
2.600143E-2	4.066657E+3	0.000000E+0	1.571990E+2
2.601332E-2	4.067770E+3	0.000000E+0	1.573850E+2
2.602434E-2	4.068800E+3	0.000000E+0	1.575660E+2
2.604017E-2	4.069600E+3	0.000000E+0	1.577470E+2
2.604871E-2	4.069833E+3	0.000000E+0	1.579250E+2
2.606805E-2	4.070630E+3	0.000000E+0	1.581030E+2
2.607397E-2	4.071423E+3	0.000000E+0	1.582840E+2
2.609491E-2	4.071190E+3	0.000000E+0	1.584620E+2
2.610082E-2	4.070790E+3	0.000000E+0	1.586460E+2
2.611916E-2	4.070550E+3	0.000000E+0	1.588270E+2
2.612800E-2	4.070470E+3	0.000000E+0	1.590060E+2
2.614193E-2	4.069833E+3	0.000000E+0	1.591860E+2
2.615585E-2	4.069600E+3	0.000000E+0	1.593680E+2
2.618376E-2	4.070950E+3	0.000000E+0	1.597600E+2
2.619346E-2	4.071030E+3	0.000000E+0	1.599440E+2
2.621171E-2	4.070790E+3	0.000000E+0	1.601270E+2
2.621846E-2	4.069993E+3	0.000000E+0	1.603070E+2
2.623898E-2	4.068800E+3	0.000000E+0	1.604930E+2
2.624454E-2	4.068167E+3	0.000000E+0	1.606740E+2
2.626544E-2	4.068167E+3	0.000000E+0	1.608570E+2
2.627217E-2	4.068480E+3	0.000000E+0	1.610410E+2
2.628873E-2	4.068880E+3	0.000000E+0	1.612200E+2
2.629878E-2	4.068880E+3	0.000000E+0	1.614000E+2
2.631300E-2	4.068323E+3	0.000000E+0	1.615800E+2
2.632666E-2	4.067610E+3	0.000000E+0	1.617630E+2
2.633461E-2	4.067210E+3	0.000000E+0	1.619470E+2
2.635325E-2	4.067927E+3	0.000000E+0	1.621310E+2
2.636101E-2	4.068800E+3	0.000000E+0	1.623140E+2
2.638138E-2	4.069120E+3	0.000000E+0	1.624960E+2
2.638622E-2	4.068960E+3	0.000000E+0	1.626760E+2
2.640736E-2	4.069120E+3	0.000000E+0	1.628560E+2
2.641370E-2	4.069360E+3	0.000000E+0	1.630360E+2
2.643271E-2	4.068560E+3	0.000000E+0	1.632160E+2
2.644139E-2	4.067930E+3	0.000000E+0	1.633980E+2
2.645519E-2	4.068243E+3	0.000000E+0	1.635830E+2
2.646922E-2	4.068960E+3	0.000000E+0	1.637620E+2
2.647935E-2	4.069040E+3	0.000000E+0	1.639420E+2
2.649624E-2	4.068167E+3	0.000000E+0	1.641220E+2
2.650253E-2	4.067450E+3	0.000000E+0	1.643010E+2
2.652206E-2	4.067770E+3	0.000000E+0	1.644810E+2
2.652665E-2	4.068400E+3	0.000000E+0	1.646620E+2
2.654598E-2	4.068010E+3	0.000000E+0	1.648400E+2
2.655490E-2	4.068167E+3	0.000000E+0	1.650220E+2
2.657007E-2	4.068880E+3	0.000000E+0	1.652020E+2
2.658216E-2	4.069440E+3	0.000000E+0	1.653830E+2
2.659089E-2	4.069120E+3	0.000000E+0	1.655650E+2
2.660868E-2	4.068720E+3	0.000000E+0	1.657460E+2
2.661721E-2	4.068480E+3	0.000000E+0	1.659290E+2
2.663635E-2	4.068400E+3	0.000000E+0	1.661160E+2
2.664217E-2	4.068880E+3	0.000000E+0	1.662970E+2
2.666320E-2	4.069597E+3	0.000000E+0	1.664790E+2
2.666827E-2	4.070070E+3	0.000000E+0	1.666620E+2
2.668866E-2	4.070310E+3	0.000000E+0	1.668430E+2
2.669517E-2	4.070150E+3	0.000000E+0	1.670250E+2
2.671165E-2	4.069990E+3	0.000000E+0	1.672100E+2
2.672264E-2	4.070470E+3	0.000000E+0	1.673900E+2
2.673647E-2	4.070790E+3	0.000000E+0	1.675730E+2
2.675015E-2	4.070630E+3	0.000000E+0	1.677550E+2
2.675288E-2	4.070550E+3	0.000000E+0	1.679340E+2
2.675489E-2	4.070150E+3	0.000000E+0	1.681150E+2
2.675633E-2	4.070070E+3	0.000000E+0	1.682990E+2
2.675636E-2	4.070470E+3	0.000000E+0	1.684830E+2
2.675652E-2	4.070550E+3	0.000000E+0	1.686670E+2
2.675665E-2	4.070310E+3	0.000000E+0	1.688520E+2
2.675719E-2	4.070550E+3	0.000000E+0	1.690350E+2
2.675676E-2	4.070630E+3	0.000000E+0	1.692180E+2
2.675711E-2	4.070310E+3	0.000000E+0	1.694000E+2
2.675672E-2	4.070070E+3	0.000000E+0	1.695840E+2
2.675718E-2	4.069833E+3	0.000000E+0	1.697650E+2
2.675701E-2	4.069440E+3	0.000000E+0	1.699480E+2
2.675672E-2	4.069440E+3	0.000000E+0	1.701280E+2
2.675713E-2	4.069833E+3	0.000000E+0	1.703090E+2
2.675747E-2	4.070150E+3	0.000000E+0	1.704910E+2
2.675719E-2	4.070310E+3	0.000000E+0	1.706720E+2
2.675709E-2	4.070150E+3	0.000000E+0	1.708590E+2
2.675707E-2	4.070470E+3	0.000000E+0	1.710400E+2
2.675729E-2	4.070630E+3	0.000000E+0	1.712240E+2
2.675714E-2	4.071110E+3	0.000000E+0	1.714070E+2
2.675726E-2	4.071740E+3	0.000000E+0	1.715870E+2
2.675690E-2	4.071187E+3	0.000000E+0	1.717670E+2
2.675737E-2	4.071030E+3	0.000000E+0	1.719470E+2
2.675709E-2	4.071030E+3	0.000000E+0	1.721260E+2
2.675725E-2	4.071030E+3	0.000000E+0	1.723050E+2
2.675699E-2	4.071030E+3	0.000000E+0	1.724850E+2
2.675715E-2	4.070710E+3	0.000000E+0	1.726670E+2
2.675769E-2	4.070230E+3	0.000000E+0	1.728480E+2
2.675699E-2	4.070150E+3	0.000000E+0	1.730290E+2
2.675700E-2	4.070790E+3	0.000000E+0	1.732100E+2
2.675735E-2	4.071110E+3	0.000000E+0	1.733950E+2
2.675714E-2	4.070950E+3	0.000000E+0	1.735750E+2
2.675587E-2	4.070470E+3	0.000000E+0	1.737550E+2
2.675382E-2	4.070070E+3	0.000000E+0	1.739410E+2
2.675380E-2	4.069830E+3	0.000000E+0	1.741250E+2
2.675371E-2	4.069990E+3	0.000000E+0	1.743070E+2
2.675347E-2	4.070470E+3	0.000000E+0	1.744900E+2
