X channel: Keithley, channel #5; mode:  DCV; scale:  0.10; X converted, conversion factor:1.000000E+0
Y channel: Lock-in, mkV
II channel: B7-78, Ohm; scale:  10000.000000
X channel	Y channel	II channel	timestamp, sec
2.674896E-2	4.008320E+3	0.000000E+0	0.000000E+0
2.674932E-2	4.008800E+3	0.000000E+0	1.720000E-1
2.674948E-2	4.009753E+3	0.000000E+0	3.400000E-1
2.674941E-2	4.010230E+3	0.000000E+0	5.070000E-1
2.674942E-2	4.010230E+3	0.000000E+0	6.800000E-1
2.674934E-2	4.009990E+3	0.000000E+0	8.600000E-1
2.674933E-2	4.009990E+3	0.000000E+0	1.042000E+0
2.674949E-2	4.009990E+3	0.000000E+0	1.224000E+0
2.674938E-2	4.009673E+3	0.000000E+0	1.405000E+0
2.674954E-2	4.009120E+3	0.000000E+0	1.588000E+0
2.674919E-2	4.009120E+3	0.000000E+0	1.768000E+0
2.674499E-2	4.009517E+3	0.000000E+0	1.947000E+0
2.673334E-2	4.009990E+3	0.000000E+0	2.127000E+0
2.672990E-2	4.011027E+3	0.000000E+0	2.308000E+0
2.671225E-2	4.011820E+3	0.000000E+0	2.489000E+0
2.670834E-2	4.012300E+3	0.000000E+0	2.666000E+0
2.669064E-2	4.012457E+3	0.000000E+0	2.847000E+0
2.668434E-2	4.013010E+3	0.000000E+0	3.028000E+0
2.667096E-2	4.013330E+3	0.000000E+0	3.208000E+0
2.666062E-2	4.013570E+3	0.000000E+0	3.388000E+0
2.665046E-2	4.013890E+3	0.000000E+0	3.568000E+0
2.663652E-2	4.014363E+3	0.000000E+0	3.751000E+0
2.662911E-2	4.014760E+3	0.000000E+0	3.933000E+0
2.661249E-2	4.015160E+3	0.000000E+0	4.114000E+0
2.660839E-2	4.015633E+3	0.000000E+0	4.298000E+0
2.658940E-2	4.015710E+3	0.000000E+0	4.480000E+0
2.658450E-2	4.016350E+3	0.000000E+0	4.661000E+0
2.656766E-2	4.016430E+3	0.000000E+0	4.842000E+0
2.656050E-2	4.016430E+3	0.000000E+0	5.022000E+0
2.654665E-2	4.017143E+3	0.000000E+0	5.202000E+0
2.653595E-2	4.017620E+3	0.000000E+0	5.381000E+0
2.652675E-2	4.017143E+3	0.000000E+0	5.565000E+0
2.651156E-2	4.016910E+3	0.000000E+0	5.748000E+0
2.650506E-2	4.017220E+3	0.000000E+0	5.928000E+0
2.648763E-2	4.017780E+3	0.000000E+0	6.110000E+0
2.648319E-2	4.019130E+3	0.000000E+0	6.295000E+0
2.646406E-2	4.020640E+3	0.000000E+0	6.477000E+0
2.645979E-2	4.021753E+3	0.000000E+0	6.658000E+0
2.644303E-2	4.021830E+3	0.000000E+0	6.839000E+0
2.643493E-2	4.021673E+3	0.000000E+0	7.017000E+0
2.642203E-2	4.021910E+3	0.000000E+0	7.197000E+0
2.640987E-2	4.021910E+3	0.000000E+0	7.380000E+0
2.640067E-2	4.022470E+3	0.000000E+0	7.563000E+0
2.638584E-2	4.023023E+3	0.000000E+0	7.743000E+0
2.638008E-2	4.023023E+3	0.000000E+0	7.923000E+0
2.636177E-2	4.022870E+3	0.000000E+0	8.099000E+0
2.635780E-2	4.023420E+3	0.000000E+0	8.282000E+0
2.633771E-2	4.023420E+3	0.000000E+0	8.463000E+0
2.633263E-2	4.023580E+3	0.000000E+0	8.646000E+0
2.631578E-2	4.024300E+3	0.000000E+0	8.828000E+0
2.630746E-2	4.024540E+3	0.000000E+0	9.008000E+0
2.629552E-2	4.024773E+3	0.000000E+0	9.188000E+0
2.628210E-2	4.025330E+3	0.000000E+0	9.372000E+0
2.627396E-2	4.025730E+3	0.000000E+0	9.554000E+0
2.625755E-2	4.025970E+3	0.000000E+0	9.735000E+0
2.625194E-2	4.025970E+3	0.000000E+0	9.916000E+0
2.623270E-2	4.025970E+3	0.000000E+0	1.009800E+1
2.622889E-2	4.025890E+3	0.000000E+0	1.028100E+1
2.621064E-2	4.025730E+3	0.000000E+0	1.046400E+1
2.620354E-2	4.025730E+3	0.000000E+0	1.064500E+1
2.618797E-2	4.025330E+3	0.000000E+0	1.082800E+1
2.617833E-2	4.025807E+3	0.000000E+0	1.100700E+1
2.616963E-2	4.026840E+3	0.000000E+0	1.118800E+1
2.615359E-2	4.027633E+3	0.000000E+0	1.136700E+1
2.614528E-2	4.027870E+3	0.000000E+0	1.154800E+1
2.612783E-2	4.027870E+3	0.000000E+0	1.173100E+1
2.612244E-2	4.028110E+3	0.000000E+0	1.191100E+1
2.610332E-2	4.028590E+3	0.000000E+0	1.209200E+1
2.609839E-2	4.029223E+3	0.000000E+0	1.227400E+1
2.607873E-2	4.029460E+3	0.000000E+0	1.245600E+1
2.607256E-2	4.029540E+3	0.000000E+0	1.263800E+1
2.605812E-2	4.029303E+3	0.000000E+0	1.282100E+1
2.604692E-2	4.028670E+3	0.000000E+0	1.300400E+1
2.603485E-2	4.028270E+3	0.000000E+0	1.318700E+1
2.602191E-2	4.028190E+3	0.000000E+0	1.336700E+1
2.601295E-2	4.028670E+3	0.000000E+0	1.355000E+1
2.599634E-2	4.029070E+3	0.000000E+0	1.372900E+1
2.599205E-2	4.029070E+3	0.000000E+0	1.391000E+1
2.597224E-2	4.029070E+3	0.000000E+0	1.409600E+1
2.596706E-2	4.029147E+3	0.000000E+0	1.427400E+1
2.594817E-2	4.029070E+3	0.000000E+0	1.445400E+1
2.594092E-2	4.028670E+3	0.000000E+0	1.463900E+1
2.592893E-2	4.028590E+3	0.000000E+0	1.482200E+1
2.591561E-2	4.028510E+3	0.000000E+0	1.500300E+1
2.590276E-2	4.028110E+3	0.000000E+0	1.518500E+1
2.588950E-2	4.028270E+3	0.000000E+0	1.536400E+1
2.588130E-2	4.028590E+3	0.000000E+0	1.554500E+1
2.586402E-2	4.028590E+3	0.000000E+0	1.572700E+1
2.585758E-2	4.029227E+3	0.000000E+0	1.590800E+1
2.583790E-2	4.029860E+3	0.000000E+0	1.609000E+1
2.583351E-2	4.030340E+3	0.000000E+0	1.627200E+1
2.581277E-2	4.030500E+3	0.000000E+0	1.645500E+1
2.580729E-2	4.030733E+3	0.000000E+0	1.663800E+1
2.579071E-2	4.031450E+3	0.000000E+0	1.682100E+1
2.578136E-2	4.031930E+3	0.000000E+0	1.700200E+1
2.576846E-2	4.032163E+3	0.000000E+0	1.718000E+1
2.575513E-2	4.032640E+3	0.000000E+0	1.736000E+1
2.574831E-2	4.033517E+3	0.000000E+0	1.754100E+1
2.572981E-2	4.034310E+3	0.000000E+0	1.772300E+1
2.572295E-2	4.034950E+3	0.000000E+0	1.790700E+1
2.570306E-2	4.034710E+3	0.000000E+0	1.808700E+1
2.569834E-2	4.033833E+3	0.000000E+0	1.826700E+1
2.568423E-2	4.033120E+3	0.000000E+0	1.844700E+1
2.567260E-2	4.032960E+3	0.000000E+0	1.862800E+1
2.565738E-2	4.033600E+3	0.000000E+0	1.881000E+1
2.564572E-2	4.033600E+3	0.000000E+0	1.899100E+1
2.563425E-2	4.033677E+3	0.000000E+0	1.916900E+1
2.561917E-2	4.034310E+3	0.000000E+0	1.934900E+1
2.561261E-2	4.034310E+3	0.000000E+0	1.952800E+1
2.559328E-2	4.034390E+3	0.000000E+0	1.970800E+1
2.558817E-2	4.035103E+3	0.000000E+0	1.988800E+1
2.556751E-2	4.035740E+3	0.000000E+0	2.006700E+1
2.556215E-2	4.036220E+3	0.000000E+0	2.024700E+1
2.554546E-2	4.036613E+3	0.000000E+0	2.042900E+1
2.553587E-2	4.037410E+3	0.000000E+0	2.061000E+1
2.552285E-2	4.037650E+3	0.000000E+0	2.079200E+1
2.550882E-2	4.037650E+3	0.000000E+0	2.097300E+1
2.550223E-2	4.037410E+3	0.000000E+0	2.115500E+1
2.548308E-2	4.037490E+3	0.000000E+0	2.133600E+1
2.547601E-2	4.038050E+3	0.000000E+0	2.151900E+1
2.545607E-2	4.038440E+3	0.000000E+0	2.170200E+1
2.545165E-2	4.039240E+3	0.000000E+0	2.188100E+1
2.543077E-2	4.039560E+3	0.000000E+0	2.206200E+1
2.542523E-2	4.039560E+3	0.000000E+0	2.224500E+1
2.540849E-2	4.039560E+3	0.000000E+0	2.242400E+1
2.539814E-2	4.039400E+3	0.000000E+0	2.260500E+1
2.538510E-2	4.039557E+3	0.000000E+0	2.278500E+1
2.537121E-2	4.040350E+3	0.000000E+0	2.296700E+1
2.536268E-2	4.041063E+3	0.000000E+0	2.314800E+1
2.534434E-2	4.041143E+3	0.000000E+0	2.332900E+1
2.533732E-2	4.040510E+3	0.000000E+0	2.351100E+1
2.531749E-2	4.040030E+3	0.000000E+0	2.369400E+1
2.531338E-2	4.040110E+3	0.000000E+0	2.387400E+1
2.529344E-2	4.040670E+3	0.000000E+0	2.405400E+1
2.528575E-2	4.040750E+3	0.000000E+0	2.423600E+1
2.526978E-2	4.040750E+3	0.000000E+0	2.441700E+1
2.525898E-2	4.041223E+3	0.000000E+0	2.460000E+1
2.524540E-2	4.041780E+3	0.000000E+0	2.478000E+1
2.523168E-2	4.042100E+3	0.000000E+0	2.496200E+1
2.522345E-2	4.042500E+3	0.000000E+0	2.513900E+1
2.520481E-2	4.042890E+3	0.000000E+0	2.532300E+1
2.519860E-2	4.042733E+3	0.000000E+0	2.550600E+1
2.517788E-2	4.042813E+3	0.000000E+0	2.568600E+1
2.517274E-2	4.044087E+3	0.000000E+0	2.586500E+1
2.515313E-2	4.045280E+3	0.000000E+0	2.604700E+1
2.514487E-2	4.045750E+3	0.000000E+0	2.622700E+1
2.513085E-2	4.046230E+3	0.000000E+0	2.640800E+1
2.511778E-2	4.046630E+3	0.000000E+0	2.658800E+1
2.510669E-2	4.045833E+3	0.000000E+0	2.676900E+1
2.509056E-2	4.045200E+3	0.000000E+0	2.695000E+1
2.508300E-2	4.045040E+3	0.000000E+0	2.712900E+1
2.506315E-2	4.045040E+3	0.000000E+0	2.731300E+1
2.505816E-2	4.044800E+3	0.000000E+0	2.749300E+1
2.503747E-2	4.044800E+3	0.000000E+0	2.767300E+1
2.503110E-2	4.045517E+3	0.000000E+0	2.785300E+1
2.501364E-2	4.046710E+3	0.000000E+0	2.803300E+1
2.500359E-2	4.047110E+3	0.000000E+0	2.821300E+1
2.499027E-2	4.047420E+3	0.000000E+0	2.839500E+1
2.497657E-2	4.047660E+3	0.000000E+0	2.857600E+1
2.496747E-2	4.048140E+3	0.000000E+0	2.875600E+1
2.494908E-2	4.048220E+3	0.000000E+0	2.893500E+1
2.494288E-2	4.048460E+3	0.000000E+0	2.911500E+1
2.492197E-2	4.048540E+3	0.000000E+0	2.929600E+1
2.491726E-2	4.048220E+3	0.000000E+0	2.948000E+1
2.489612E-2	4.048457E+3	0.000000E+0	2.966100E+1
2.488871E-2	4.049330E+3	0.000000E+0	2.984100E+1
2.487367E-2	4.049570E+3	0.000000E+0	3.002100E+1
2.486148E-2	4.050283E+3	0.000000E+0	3.020100E+1
2.484836E-2	4.051953E+3	0.000000E+0	3.038200E+1
2.483259E-2	4.052910E+3	0.000000E+0	3.056600E+1
2.482446E-2	4.052990E+3	0.000000E+0	3.074500E+1
2.480544E-2	4.052910E+3	0.000000E+0	3.092900E+1
2.479889E-2	4.053303E+3	0.000000E+0	3.111400E+1
2.477819E-2	4.054180E+3	0.000000E+0	3.129700E+1
2.477323E-2	4.054340E+3	0.000000E+0	3.148000E+1
2.475189E-2	4.053860E+3	0.000000E+0	3.166300E+1
2.474490E-2	4.053067E+3	0.000000E+0	3.184300E+1
2.473077E-2	4.052990E+3	0.000000E+0	3.202400E+1
2.471710E-2	4.053940E+3	0.000000E+0	3.220600E+1
2.470247E-2	4.055370E+3	0.000000E+0	3.238700E+1
2.468848E-2	4.055130E+3	0.000000E+0	3.257000E+1
2.467821E-2	4.054810E+3	0.000000E+0	3.275000E+1
2.466060E-2	4.054970E+3	0.000000E+0	3.293200E+1
2.465293E-2	4.055050E+3	0.000000E+0	3.311700E+1
2.463218E-2	4.055210E+3	0.000000E+0	3.330000E+1
2.462685E-2	4.056563E+3	0.000000E+0	3.348400E+1
2.460524E-2	4.057360E+3	0.000000E+0	3.366400E+1
2.459914E-2	4.057200E+3	0.000000E+0	3.384600E+1
2.458070E-2	4.056720E+3	0.000000E+0	3.402700E+1
2.457029E-2	4.056090E+3	0.000000E+0	3.420900E+1
2.455590E-2	4.056407E+3	0.000000E+0	3.439000E+1
2.454174E-2	4.057120E+3	0.000000E+0	3.457600E+1
2.453308E-2	4.057440E+3	0.000000E+0	3.475700E+1
2.451410E-2	4.057040E+3	0.000000E+0	3.493900E+1
2.450614E-2	4.056720E+3	0.000000E+0	3.512000E+1
2.448627E-2	4.056800E+3	0.000000E+0	3.530300E+1
2.447977E-2	4.057360E+3	0.000000E+0	3.548600E+1
2.445886E-2	4.057990E+3	0.000000E+0	3.566700E+1
2.445309E-2	4.058390E+3	0.000000E+0	3.584400E+1
2.443439E-2	4.058630E+3	0.000000E+0	3.602600E+1
2.442448E-2	4.060060E+3	0.000000E+0	3.620900E+1
2.440927E-2	4.061170E+3	0.000000E+0	3.639300E+1
2.439552E-2	4.061090E+3	0.000000E+0	3.657500E+1
2.438533E-2	4.061090E+3	0.000000E+0	3.675600E+1
2.436690E-2	4.061650E+3	0.000000E+0	3.693900E+1
2.435968E-2	4.061490E+3	0.000000E+0	3.712200E+1
2.433837E-2	4.061250E+3	0.000000E+0	3.730300E+1
2.433372E-2	4.061970E+3	0.000000E+0	3.748600E+1
2.431197E-2	4.062363E+3	0.000000E+0	3.766600E+1
2.430562E-2	4.061650E+3	0.000000E+0	3.784600E+1
2.428575E-2	4.061010E+3	0.000000E+0	3.802800E+1
2.427599E-2	4.061090E+3	0.000000E+0	3.821000E+1
2.426418E-2	4.061250E+3	0.000000E+0	3.839200E+1
2.424782E-2	4.061250E+3	0.000000E+0	3.857500E+1
2.423659E-2	4.061810E+3	0.000000E+0	3.875900E+1
2.421858E-2	4.062600E+3	0.000000E+0	3.894500E+1
2.421055E-2	4.062600E+3	0.000000E+0	3.912600E+1
2.419000E-2	4.062210E+3	0.000000E+0	3.930600E+1
2.418592E-2	4.062520E+3	0.000000E+0	3.948800E+1
2.416354E-2	4.063000E+3	0.000000E+0	3.966700E+1
2.415673E-2	4.063400E+3	0.000000E+0	3.984800E+1
2.413837E-2	4.063950E+3	0.000000E+0	4.002800E+1
2.412821E-2	4.064110E+3	0.000000E+0	4.021200E+1
2.411329E-2	4.064110E+3	0.000000E+0	4.039500E+1
2.409927E-2	4.064030E+3	0.000000E+0	4.057800E+1
2.408840E-2	4.063793E+3	0.000000E+0	4.075800E+1
2.407004E-2	4.063717E+3	0.000000E+0	4.094000E+1
2.406241E-2	4.064750E+3	0.000000E+0	4.112200E+1
2.404207E-2	4.065540E+3	0.000000E+0	4.130500E+1
2.403567E-2	4.065540E+3	0.000000E+0	4.148700E+1
2.401351E-2	4.065540E+3	0.000000E+0	4.166800E+1
2.400682E-2	4.065620E+3	0.000000E+0	4.185000E+1
2.399139E-2	4.066180E+3	0.000000E+0	4.203100E+1
2.397812E-2	4.065620E+3	0.000000E+0	4.221300E+1
2.396387E-2	4.065300E+3	0.000000E+0	4.239400E+1
2.394935E-2	4.065620E+3	0.000000E+0	4.257300E+1
2.393865E-2	4.066020E+3	0.000000E+0	4.275700E+1
2.392045E-2	4.065860E+3	0.000000E+0	4.293500E+1
2.391431E-2	4.065460E+3	0.000000E+0	4.311500E+1
2.389252E-2	4.065460E+3	0.000000E+0	4.329600E+1
2.388689E-2	4.065460E+3	0.000000E+0	4.347600E+1
2.386509E-2	4.065070E+3	0.000000E+0	4.365800E+1
2.385835E-2	4.064750E+3	0.000000E+0	4.383900E+1
2.384077E-2	4.064990E+3	0.000000E+0	4.402100E+1
2.382855E-2	4.065070E+3	0.000000E+0	4.420200E+1
2.381537E-2	4.065303E+3	0.000000E+0	4.438400E+1
2.379932E-2	4.065780E+3	0.000000E+0	4.456600E+1
2.379068E-2	4.065780E+3	0.000000E+0	4.474700E+1
2.377062E-2	4.065227E+3	0.000000E+0	4.492800E+1
2.376346E-2	4.064590E+3	0.000000E+0	4.510800E+1
2.374163E-2	4.064910E+3	0.000000E+0	4.529000E+1
2.373610E-2	4.065780E+3	0.000000E+0	4.546800E+1
2.371866E-2	4.066973E+3	0.000000E+0	4.565000E+1
2.370689E-2	4.067370E+3	0.000000E+0	4.583200E+1
2.369042E-2	4.067850E+3	0.000000E+0	4.601400E+1
2.367685E-2	4.067450E+3	0.000000E+0	4.619400E+1
2.366456E-2	4.066580E+3	0.000000E+0	4.637400E+1
2.364819E-2	4.065540E+3	0.000000E+0	4.655600E+1
2.364005E-2	4.065303E+3	0.000000E+0	4.673900E+1
2.361958E-2	4.066260E+3	0.000000E+0	4.692300E+1
2.361359E-2	4.067053E+3	0.000000E+0	4.710400E+1
2.359077E-2	4.067370E+3	0.000000E+0	4.728500E+1
2.358475E-2	4.067850E+3	0.000000E+0	4.747000E+1
2.356238E-2	4.068167E+3	0.000000E+0	4.765300E+1
2.355500E-2	4.068167E+3	0.000000E+0	4.783700E+1
2.353844E-2	4.067930E+3	0.000000E+0	4.801900E+1
2.352537E-2	4.068010E+3	0.000000E+0	4.820000E+1
2.351293E-2	4.068323E+3	0.000000E+0	4.837900E+1
2.349653E-2	4.068400E+3	0.000000E+0	4.855900E+1
2.348723E-2	4.068247E+3	0.000000E+0	4.874400E+1
2.346627E-2	4.068170E+3	0.000000E+0	4.892500E+1
2.346169E-2	4.068247E+3	0.000000E+0	4.910700E+1
2.343892E-2	4.068400E+3	0.000000E+0	4.929300E+1
2.343172E-2	4.068800E+3	0.000000E+0	4.947800E+1
2.341005E-2	4.069520E+3	0.000000E+0	4.966000E+1
2.340261E-2	4.070150E+3	0.000000E+0	4.984100E+1
2.338414E-2	4.071030E+3	0.000000E+0	5.002400E+1
2.337298E-2	4.071500E+3	0.000000E+0	5.020400E+1
2.335810E-2	4.071660E+3	0.000000E+0	5.038400E+1
2.334277E-2	4.071580E+3	0.000000E+0	5.056700E+1
2.333420E-2	4.071740E+3	0.000000E+0	5.074700E+1
2.331396E-2	4.071740E+3	0.000000E+0	5.092900E+1
2.330662E-2	4.071503E+3	0.000000E+0	5.111000E+1
2.328398E-2	4.070790E+3	0.000000E+0	5.128900E+1
2.327890E-2	4.070470E+3	0.000000E+0	5.146900E+1
2.325678E-2	4.070150E+3	0.000000E+0	5.164900E+1
2.324915E-2	4.070470E+3	0.000000E+0	5.183100E+1
2.323502E-2	4.070470E+3	0.000000E+0	5.201200E+1
2.321988E-2	4.070070E+3	0.000000E+0	5.219400E+1
2.320732E-2	4.070070E+3	0.000000E+0	5.237500E+1
2.319007E-2	4.069830E+3	0.000000E+0	5.255400E+1
2.318147E-2	4.069990E+3	0.000000E+0	5.273500E+1
2.315999E-2	4.070470E+3	0.000000E+0	5.291800E+1
2.315493E-2	4.070870E+3	0.000000E+0	5.309900E+1
2.313187E-2	4.071660E+3	0.000000E+0	5.328100E+1
2.312530E-2	4.071900E+3	0.000000E+0	5.346200E+1
2.310519E-2	4.072220E+3	0.000000E+0	5.364300E+1
2.309504E-2	4.071820E+3	0.000000E+0	5.382400E+1
2.307963E-2	4.071580E+3	0.000000E+0	5.400700E+1
2.306530E-2	4.071900E+3	0.000000E+0	5.419000E+1
2.305480E-2	4.073013E+3	0.000000E+0	5.437300E+1
2.303632E-2	4.073970E+3	0.000000E+0	5.455400E+1
2.302781E-2	4.073970E+3	0.000000E+0	5.473600E+1
2.300664E-2	4.073490E+3	0.000000E+0	5.491600E+1
2.300101E-2	4.073170E+3	0.000000E+0	5.509600E+1
2.298058E-2	4.072460E+3	0.000000E+0	5.527600E+1
2.297163E-2	4.072220E+3	0.000000E+0	5.546000E+1
2.294992E-2	4.072460E+3	0.000000E+0	5.563900E+1
2.294148E-2	4.072700E+3	0.000000E+0	5.581900E+1
2.292468E-2	4.072700E+3	0.000000E+0	5.600000E+1
2.291008E-2	4.072700E+3	0.000000E+0	5.618200E+1
2.289832E-2	4.073170E+3	0.000000E+0	5.636400E+1
2.288021E-2	4.073410E+3	0.000000E+0	5.654500E+1
2.287207E-2	4.073570E+3	0.000000E+0	5.672800E+1
2.285104E-2	4.073410E+3	0.000000E+0	5.690700E+1
2.284527E-2	4.072617E+3	0.000000E+0	5.708600E+1
2.282323E-2	4.071347E+3	0.000000E+0	5.726600E+1
2.281543E-2	4.070790E+3	0.000000E+0	5.744700E+1
2.279599E-2	4.070630E+3	0.000000E+0	5.763000E+1
2.278563E-2	4.070390E+3	0.000000E+0	5.781400E+1
2.277250E-2	4.070550E+3	0.000000E+0	5.799600E+1
2.275618E-2	4.070310E+3	0.000000E+0	5.817500E+1
2.274440E-2	4.069990E+3	0.000000E+0	5.835700E+1
2.272536E-2	4.070310E+3	0.000000E+0	5.854000E+1
2.271743E-2	4.070310E+3	0.000000E+0	5.872000E+1
2.269570E-2	4.069517E+3	0.000000E+0	5.890600E+1
2.269011E-2	4.068800E+3	0.000000E+0	5.908700E+1
2.266630E-2	4.068880E+3	0.000000E+0	5.926900E+1
2.266048E-2	4.068720E+3	0.000000E+0	5.945000E+1
2.264063E-2	4.067690E+3	0.000000E+0	5.963000E+1
2.262982E-2	4.066973E+3	0.000000E+0	5.981300E+1
2.261538E-2	4.066500E+3	0.000000E+0	5.999300E+1
2.259955E-2	4.065463E+3	0.000000E+0	6.017500E+1
2.258852E-2	4.065070E+3	0.000000E+0	6.035600E+1
2.256989E-2	4.064750E+3	0.000000E+0	6.053500E+1
2.256245E-2	4.064510E+3	0.000000E+0	6.071600E+1
2.254085E-2	4.064190E+3	0.000000E+0	6.089600E+1
2.253456E-2	4.063637E+3	0.000000E+0	6.107400E+1
2.251217E-2	4.063240E+3	0.000000E+0	6.125400E+1
2.250459E-2	4.062287E+3	0.000000E+0	6.143300E+1
2.248942E-2	4.061013E+3	0.000000E+0	6.161300E+1
2.247417E-2	4.060060E+3	0.000000E+0	6.179300E+1
2.246062E-2	4.060380E+3	0.000000E+0	6.197600E+1
2.244332E-2	4.060300E+3	0.000000E+0	6.215600E+1
2.243404E-2	4.059343E+3	0.000000E+0	6.233900E+1
2.241330E-2	4.057993E+3	0.000000E+0	6.252300E+1
2.240686E-2	4.057040E+3	0.000000E+0	6.270500E+1
2.238398E-2	4.055770E+3	0.000000E+0	6.288600E+1
2.237805E-2	4.054497E+3	0.000000E+0	6.307000E+1
2.235708E-2	4.053780E+3	0.000000E+0	6.325000E+1
2.234716E-2	4.053227E+3	0.000000E+0	6.343000E+1
2.233095E-2	4.052910E+3	0.000000E+0	6.361100E+1
2.231693E-2	4.052430E+3	0.000000E+0	6.379100E+1
2.230467E-2	4.052030E+3	0.000000E+0	6.397000E+1
2.228715E-2	4.051953E+3	0.000000E+0	6.415200E+1
2.226085E-2	4.050920E+3	0.000000E+0	6.446200E+1
2.225325E-2	4.050127E+3	0.000000E+0	6.464200E+1
2.223414E-2	4.049570E+3	0.000000E+0	6.482600E+1
2.222249E-2	4.048697E+3	0.000000E+0	6.501200E+1
2.221081E-2	4.047980E+3	0.000000E+0	6.519200E+1
2.219225E-2	4.047107E+3	0.000000E+0	6.537200E+1
2.218193E-2	4.045833E+3	0.000000E+0	6.555400E+1
2.216201E-2	4.044563E+3	0.000000E+0	6.573700E+1
2.215484E-2	4.043450E+3	0.000000E+0	6.591700E+1
2.213180E-2	4.042180E+3	0.000000E+0	6.609600E+1
2.212637E-2	4.040273E+3	0.000000E+0	6.628200E+1
2.210405E-2	4.038443E+3	0.000000E+0	6.645900E+1
2.209558E-2	4.036693E+3	0.000000E+0	6.664200E+1
2.207794E-2	4.035820E+3	0.000000E+0	6.682100E+1
2.206547E-2	4.034627E+3	0.000000E+0	6.700200E+1
2.205080E-2	4.033437E+3	0.000000E+0	6.718400E+1
2.203452E-2	4.031210E+3	0.000000E+0	6.736500E+1
2.202580E-2	4.028907E+3	0.000000E+0	6.754500E+1
2.200434E-2	4.027077E+3	0.000000E+0	6.772600E+1
2.199877E-2	4.024297E+3	0.000000E+0	6.790400E+1
2.197553E-2	4.021593E+3	0.000000E+0	6.808400E+1
2.196850E-2	4.019053E+3	0.000000E+0	6.826500E+1
2.194777E-2	4.016587E+3	0.000000E+0	6.844500E+1
2.193759E-2	4.013727E+3	0.000000E+0	6.862900E+1
2.192429E-2	4.010707E+3	0.000000E+0	6.881400E+1
2.190777E-2	4.007687E+3	0.000000E+0	6.899400E+1
2.189444E-2	4.005223E+3	0.000000E+0	6.917700E+1
2.187601E-2	4.002440E+3	0.000000E+0	6.936600E+1
2.186808E-2	3.998150E+3	0.000000E+0	6.954600E+1
2.184596E-2	3.994180E+3	0.000000E+0	6.972600E+1
2.183868E-2	3.990043E+3	0.000000E+0	6.991100E+1
2.181604E-2	3.986627E+3	0.000000E+0	7.009100E+1
2.180970E-2	3.982490E+3	0.000000E+0	7.027400E+1
2.178649E-2	3.978280E+3	0.000000E+0	7.045400E+1
2.177876E-2	3.973117E+3	0.000000E+0	7.063500E+1
2.176086E-2	3.968030E+3	0.000000E+0	7.081700E+1
2.174795E-2	3.963023E+3	0.000000E+0	7.099700E+1
2.173339E-2	3.957780E+3	0.000000E+0	7.118200E+1
2.171764E-2	3.953250E+3	0.000000E+0	7.136400E+1
2.170923E-2	3.948320E+3	0.000000E+0	7.154700E+1
2.168698E-2	3.944030E+3	0.000000E+0	7.172700E+1
2.168057E-2	3.939660E+3	0.000000E+0	7.190900E+1
2.165802E-2	3.936003E+3	0.000000E+0	7.209000E+1
2.165208E-2	3.932427E+3	0.000000E+0	7.227400E+1
2.162034E-2	3.927500E+3	0.000000E+0	7.267500E+1
2.159659E-2	3.927100E+3	0.000000E+0	7.285500E+1
2.158900E-2	3.927260E+3	0.000000E+0	7.303500E+1
2.157014E-2	3.927260E+3	0.000000E+0	7.321800E+1
2.155829E-2	3.927737E+3	0.000000E+0	7.339800E+1
2.154407E-2	3.929643E+3	0.000000E+0	7.358000E+1
2.152685E-2	3.932270E+3	0.000000E+0	7.376100E+1
2.151736E-2	3.935923E+3	0.000000E+0	7.394400E+1
2.149598E-2	3.939660E+3	0.000000E+0	7.412400E+1
2.149030E-2	3.944190E+3	0.000000E+0	7.430400E+1
2.146682E-2	3.948400E+3	0.000000E+0	7.448500E+1
2.146125E-2	3.953807E+3	0.000000E+0	7.466700E+1
2.143899E-2	3.959370E+3	0.000000E+0	7.484900E+1
2.143017E-2	3.964373E+3	0.000000E+0	7.502900E+1
2.141583E-2	3.968747E+3	0.000000E+0	7.520600E+1
2.139959E-2	3.973040E+3	0.000000E+0	7.538800E+1
2.138542E-2	3.978360E+3	0.000000E+0	7.556900E+1
2.136806E-2	3.984323E+3	0.000000E+0	7.575500E+1
2.135800E-2	3.990043E+3	0.000000E+0	7.593800E+1
2.133784E-2	3.993700E+3	0.000000E+0	7.611900E+1
2.133125E-2	3.998070E+3	0.000000E+0	7.629900E+1
2.130814E-2	4.002600E+3	0.000000E+0	7.648100E+1
2.130198E-2	4.006810E+3	0.000000E+0	7.666100E+1
2.127966E-2	4.010787E+3	0.000000E+0	7.684400E+1
2.127124E-2	4.014360E+3	0.000000E+0	7.702500E+1
2.125360E-2	4.017940E+3	0.000000E+0	7.720500E+1
2.123961E-2	4.021120E+3	0.000000E+0	7.738800E+1
2.122651E-2	4.024297E+3	0.000000E+0	7.757100E+1
2.120885E-2	4.027397E+3	0.000000E+0	7.775400E+1
2.119955E-2	4.030973E+3	0.000000E+0	7.793800E+1
2.117802E-2	4.033913E+3	0.000000E+0	7.811800E+1
2.117120E-2	4.036297E+3	0.000000E+0	7.830100E+1
2.114843E-2	4.038127E+3	0.000000E+0	7.848200E+1
2.114188E-2	4.040353E+3	0.000000E+0	7.866200E+1
2.111969E-2	4.042100E+3	0.000000E+0	7.884100E+1
2.111072E-2	4.043847E+3	0.000000E+0	7.902200E+1
2.109476E-2	4.045597E+3	0.000000E+0	7.920000E+1
2.108033E-2	4.047343E+3	0.000000E+0	7.938100E+1
2.106796E-2	4.049013E+3	0.000000E+0	7.956300E+1
2.104941E-2	4.049887E+3	0.000000E+0	7.974100E+1
2.104073E-2	4.051477E+3	0.000000E+0	7.992600E+1
2.101897E-2	4.053383E+3	0.000000E+0	8.010600E+1
2.101347E-2	4.054577E+3	0.000000E+0	8.028600E+1
2.098925E-2	4.055450E+3	0.000000E+0	8.047000E+1
2.098250E-2	4.056010E+3	0.000000E+0	8.064900E+1
2.096260E-2	4.056720E+3	0.000000E+0	8.082900E+1
2.095122E-2	4.057833E+3	0.000000E+0	8.100900E+1
2.093710E-2	4.059027E+3	0.000000E+0	8.118800E+1
2.092044E-2	4.059900E+3	0.000000E+0	8.136400E+1
2.091129E-2	4.060460E+3	0.000000E+0	8.154800E+1
2.088993E-2	4.060857E+3	0.000000E+0	8.173200E+1
2.088266E-2	4.062207E+3	0.000000E+0	8.191200E+1
2.085924E-2	4.063793E+3	0.000000E+0	8.209100E+1
2.085370E-2	4.064670E+3	0.000000E+0	8.227200E+1
2.083336E-2	4.064670E+3	0.000000E+0	8.245300E+1
2.082228E-2	4.064590E+3	0.000000E+0	8.264000E+1
2.080389E-2	4.064830E+3	0.000000E+0	8.282000E+1
2.079088E-2	4.065540E+3	0.000000E+0	8.300200E+1
2.077736E-2	4.066180E+3	0.000000E+0	8.318100E+1
2.076062E-2	4.066973E+3	0.000000E+0	8.336100E+1
2.075113E-2	4.067690E+3	0.000000E+0	8.354100E+1
2.072875E-2	4.068167E+3	0.000000E+0	8.372200E+1
2.072313E-2	4.069280E+3	0.000000E+0	8.390300E+1
2.069920E-2	4.070150E+3	0.000000E+0	8.408600E+1
2.069296E-2	4.070550E+3	0.000000E+0	8.426700E+1
2.067172E-2	4.070550E+3	0.000000E+0	8.444700E+1
2.066161E-2	4.071347E+3	0.000000E+0	8.462600E+1
2.064538E-2	4.072697E+3	0.000000E+0	8.481000E+1
2.063079E-2	4.073650E+3	0.000000E+0	8.499200E+1
2.061810E-2	4.074127E+3	0.000000E+0	8.517300E+1
2.059965E-2	4.074520E+3	0.000000E+0	8.535500E+1
2.059056E-2	4.074840E+3	0.000000E+0	8.553500E+1
2.056877E-2	4.075320E+3	0.000000E+0	8.571800E+1
2.056379E-2	4.075797E+3	0.000000E+0	8.589800E+1
2.054130E-2	4.076510E+3	0.000000E+0	8.607500E+1
2.053249E-2	4.077227E+3	0.000000E+0	8.625700E+1
2.051239E-2	4.077700E+3	0.000000E+0	8.643800E+1
2.050097E-2	4.077230E+3	0.000000E+0	8.661600E+1
2.048604E-2	4.077230E+3	0.000000E+0	8.679700E+1
2.047066E-2	4.077230E+3	0.000000E+0	8.697900E+1
2.045979E-2	4.077620E+3	0.000000E+0	8.716000E+1
2.043901E-2	4.077387E+3	0.000000E+0	8.734200E+1
2.043146E-2	4.076750E+3	0.000000E+0	8.752300E+1
2.040842E-2	4.076990E+3	0.000000E+0	8.770300E+1
2.040240E-2	4.077700E+3	0.000000E+0	8.788600E+1
2.037814E-2	4.077463E+3	0.000000E+0	8.806800E+1
2.037114E-2	4.077383E+3	0.000000E+0	8.825000E+1
2.035185E-2	4.077230E+3	0.000000E+0	8.843300E+1
2.034033E-2	4.077307E+3	0.000000E+0	8.861300E+1
2.032557E-2	4.078020E+3	0.000000E+0	8.879600E+1
2.030894E-2	4.079130E+3	0.000000E+0	8.897600E+1
2.029806E-2	4.079770E+3	0.000000E+0	8.915800E+1
2.027719E-2	4.080170E+3	0.000000E+0	8.934600E+1
2.027231E-2	4.080330E+3	0.000000E+0	8.952600E+1
2.024866E-2	4.080090E+3	0.000000E+0	8.970600E+1
2.024070E-2	4.080407E+3	0.000000E+0	8.989700E+1
2.021668E-2	4.081040E+3	0.000000E+0	9.008200E+1
2.020975E-2	4.081837E+3	0.000000E+0	9.026300E+1
2.018812E-2	4.082310E+3	0.000000E+0	9.044800E+1
2.017810E-2	4.083027E+3	0.000000E+0	9.062900E+1
2.015965E-2	4.083820E+3	0.000000E+0	9.081000E+1
2.014662E-2	4.083900E+3	0.000000E+0	9.099100E+1
2.013545E-2	4.083580E+3	0.000000E+0	9.117200E+1
2.011557E-2	4.082710E+3	0.000000E+0	9.135200E+1
2.010601E-2	4.082070E+3	0.000000E+0	9.153600E+1
2.008441E-2	4.082150E+3	0.000000E+0	9.171700E+1
2.007787E-2	4.082550E+3	0.000000E+0	9.189900E+1
2.005407E-2	4.083263E+3	0.000000E+0	9.208000E+1
2.004832E-2	4.083900E+3	0.000000E+0	9.226200E+1
2.002814E-2	4.084140E+3	0.000000E+0	9.244300E+1
2.001681E-2	4.083980E+3	0.000000E+0	9.262300E+1
2.000069E-2	4.083423E+3	0.000000E+0	9.280700E+1
1.998519E-2	4.082870E+3	0.000000E+0	9.298600E+1
1.997632E-2	4.082710E+3	0.000000E+0	9.316900E+1
1.995520E-2	4.082870E+3	0.000000E+0	9.334900E+1
1.994459E-2	4.083660E+3	0.000000E+0	9.353100E+1
1.992258E-2	4.083740E+3	0.000000E+0	9.371600E+1
1.991694E-2	4.083420E+3	0.000000E+0	9.389800E+1
1.989297E-2	4.083420E+3	0.000000E+0	9.407900E+1
1.988599E-2	4.083900E+3	0.000000E+0	9.426500E+1
1.986359E-2	4.084380E+3	0.000000E+0	9.444600E+1
1.985490E-2	4.083820E+3	0.000000E+0	9.462600E+1
1.983664E-2	4.083343E+3	0.000000E+0	9.480900E+1
1.982315E-2	4.083580E+3	0.000000E+0	9.498900E+1
1.981050E-2	4.083980E+3	0.000000E+0	9.517200E+1
1.979192E-2	4.084540E+3	0.000000E+0	9.535200E+1
1.978289E-2	4.084700E+3	0.000000E+0	9.553300E+1
1.976082E-2	4.084540E+3	0.000000E+0	9.571400E+1
1.975608E-2	4.083900E+3	0.000000E+0	9.589500E+1
1.973106E-2	4.083580E+3	0.000000E+0	9.607800E+1
1.972454E-2	4.084697E+3	0.000000E+0	9.626000E+1
1.970103E-2	4.085810E+3	0.000000E+0	9.644400E+1
1.969234E-2	4.085650E+3	0.000000E+0	9.662800E+1
1.967708E-2	4.084857E+3	0.000000E+0	9.680800E+1
1.966113E-2	4.084620E+3	0.000000E+0	9.698800E+1
1.965018E-2	4.084380E+3	0.000000E+0	9.717100E+1
1.963030E-2	4.084380E+3	0.000000E+0	9.735500E+1
1.961985E-2	4.084857E+3	0.000000E+0	9.753700E+1
1.959796E-2	4.085090E+3	0.000000E+0	9.771700E+1
1.959190E-2	4.085090E+3	0.000000E+0	9.789900E+1
1.956736E-2	4.085490E+3	0.000000E+0	9.808200E+1
1.956187E-2	4.085970E+3	0.000000E+0	9.826100E+1
1.953890E-2	4.086050E+3	0.000000E+0	9.844400E+1
1.952977E-2	4.086207E+3	0.000000E+0	9.863000E+1
1.951116E-2	4.087000E+3	0.000000E+0	9.881200E+1
1.949759E-2	4.087080E+3	0.000000E+0	9.899600E+1
1.948448E-2	4.087000E+3	0.000000E+0	9.917800E+1
1.946604E-2	4.087320E+3	0.000000E+0	9.935900E+1
1.945772E-2	4.087560E+3	0.000000E+0	9.954100E+1
1.943403E-2	4.087320E+3	0.000000E+0	9.972200E+1
1.942875E-2	4.087320E+3	0.000000E+0	9.990400E+1
1.940430E-2	4.087560E+3	0.000000E+0	1.000850E+2
1.939777E-2	4.087720E+3	0.000000E+0	1.002650E+2
1.938006E-2	4.087720E+3	0.000000E+0	1.004480E+2
1.936355E-2	4.087480E+3	0.000000E+0	1.006280E+2
1.935373E-2	4.086600E+3	0.000000E+0	1.008110E+2
1.933420E-2	4.086443E+3	0.000000E+0	1.009940E+2
1.931910E-2	4.087000E+3	0.000000E+0	1.011710E+2
1.930654E-2	4.087400E+3	0.000000E+0	1.013500E+2
1.929619E-2	4.086603E+3	0.000000E+0	1.015300E+2
1.928715E-2	4.086523E+3	0.000000E+0	1.017160E+2
1.927999E-2	4.087000E+3	0.000000E+0	1.018970E+2
1.927392E-2	4.086840E+3	0.000000E+0	1.020770E+2
1.926834E-2	4.086760E+3	0.000000E+0	1.022600E+2
1.926374E-2	4.087000E+3	0.000000E+0	1.024440E+2
1.925975E-2	4.087560E+3	0.000000E+0	1.026310E+2
1.925641E-2	4.087720E+3	0.000000E+0	1.028130E+2
1.925398E-2	4.087720E+3	0.000000E+0	1.029940E+2
1.925144E-2	4.088110E+3	0.000000E+0	1.031770E+2
1.925021E-2	4.088190E+3	0.000000E+0	1.033570E+2
1.921730E-2	4.087797E+3	0.000000E+0	1.035400E+2
1.915619E-2	4.087160E+3	0.000000E+0	1.037200E+2
1.912819E-2	4.087080E+3	0.000000E+0	1.039000E+2
1.912138E-2	4.087480E+3	0.000000E+0	1.040810E+2
1.910120E-2	4.088190E+3	0.000000E+0	1.042630E+2
1.908917E-2	4.088110E+3	0.000000E+0	1.044430E+2
1.906950E-2	4.087720E+3	0.000000E+0	1.046240E+2
1.905657E-2	4.088193E+3	0.000000E+0	1.048020E+2
1.904261E-2	4.089783E+3	0.000000E+0	1.049840E+2
1.902448E-2	4.090500E+3	0.000000E+0	1.051650E+2
1.901541E-2	4.090180E+3	0.000000E+0	1.053470E+2
1.899413E-2	4.090020E+3	0.000000E+0	1.055270E+2
1.898760E-2	4.089860E+3	0.000000E+0	1.057040E+2
1.896327E-2	4.089860E+3	0.000000E+0	1.058910E+2
1.895765E-2	4.089860E+3	0.000000E+0	1.060700E+2
1.893482E-2	4.089860E+3	0.000000E+0	1.062530E+2
1.892562E-2	4.090100E+3	0.000000E+0	1.064340E+2
1.890725E-2	4.089623E+3	0.000000E+0	1.066140E+2
1.889422E-2	4.089390E+3	0.000000E+0	1.067960E+2
1.888422E-2	4.089390E+3	0.000000E+0	1.069760E+2
1.886297E-2	4.089390E+3	0.000000E+0	1.071560E+2
1.885419E-2	4.089070E+3	0.000000E+0	1.073370E+2
1.883100E-2	4.088910E+3	0.000000E+0	1.075150E+2
1.882531E-2	4.089150E+3	0.000000E+0	1.076950E+2
1.880135E-2	4.089623E+3	0.000000E+0	1.078780E+2
1.879545E-2	4.090100E+3	0.000000E+0	1.080620E+2
1.877338E-2	4.090580E+3	0.000000E+0	1.082420E+2
1.876296E-2	4.090100E+3	0.000000E+0	1.084230E+2
1.874726E-2	4.089860E+3	0.000000E+0	1.086010E+2
1.873179E-2	4.090420E+3	0.000000E+0	1.087800E+2
1.872051E-2	4.090973E+3	0.000000E+0	1.089630E+2
1.869991E-2	4.091290E+3	0.000000E+0	1.091510E+2
1.869227E-2	4.091210E+3	0.000000E+0	1.093330E+2
1.866893E-2	4.090660E+3	0.000000E+0	1.095110E+2
1.866353E-2	4.090420E+3	0.000000E+0	1.096940E+2
1.863932E-2	4.090580E+3	0.000000E+0	1.098740E+2
1.863196E-2	4.090580E+3	0.000000E+0	1.100560E+2
1.861103E-2	4.091133E+3	0.000000E+0	1.102370E+2
1.860015E-2	4.092167E+3	0.000000E+0	1.104200E+2
1.858723E-2	4.092960E+3	0.000000E+0	1.106030E+2
1.856922E-2	4.093280E+3	0.000000E+0	1.107840E+2
1.855730E-2	4.093440E+3	0.000000E+0	1.109670E+2
1.853719E-2	4.093200E+3	0.000000E+0	1.111470E+2
1.852995E-2	4.093120E+3	0.000000E+0	1.113260E+2
1.850647E-2	4.092483E+3	0.000000E+0	1.115040E+2
1.850029E-2	4.091610E+3	0.000000E+0	1.116870E+2
1.847706E-2	4.092090E+3	0.000000E+0	1.118710E+2
1.846948E-2	4.092960E+3	0.000000E+0	1.120540E+2
1.844798E-2	4.093200E+3	0.000000E+0	1.122370E+2
1.843752E-2	4.092327E+3	0.000000E+0	1.124180E+2
1.842269E-2	4.091290E+3	0.000000E+0	1.126010E+2
1.840529E-2	4.091130E+3	0.000000E+0	1.127840E+2
1.839459E-2	4.091450E+3	0.000000E+0	1.129670E+2
1.837424E-2	4.091530E+3	0.000000E+0	1.131480E+2
1.836739E-2	4.092167E+3	0.000000E+0	1.133330E+2
1.834370E-2	4.092960E+3	0.000000E+0	1.135150E+2
1.833756E-2	4.093120E+3	0.000000E+0	1.136980E+2
1.831354E-2	4.092720E+3	0.000000E+0	1.138780E+2
1.830645E-2	4.092640E+3	0.000000E+0	1.140610E+2
1.828871E-2	4.091930E+3	0.000000E+0	1.142410E+2
1.827499E-2	4.091053E+3	0.000000E+0	1.144270E+2
1.825799E-2	4.090420E+3	0.000000E+0	1.146080E+2
1.824309E-2	4.090657E+3	0.000000E+0	1.147930E+2
1.822981E-2	4.091690E+3	0.000000E+0	1.149750E+2
1.821133E-2	4.092327E+3	0.000000E+0	1.151600E+2
1.820207E-2	4.092560E+3	0.000000E+0	1.153420E+2
1.817918E-2	4.092483E+3	0.000000E+0	1.155260E+2
1.817357E-2	4.092250E+3	0.000000E+0	1.157070E+2
1.814981E-2	4.092250E+3	0.000000E+0	1.158880E+2
1.814282E-2	4.092250E+3	0.000000E+0	1.160670E+2
1.811920E-2	4.092090E+3	0.000000E+0	1.162500E+2
1.811110E-2	4.092250E+3	0.000000E+0	1.164300E+2
1.809507E-2	4.092170E+3	0.000000E+0	1.166100E+2
1.807963E-2	4.092010E+3	0.000000E+0	1.167900E+2
1.806841E-2	4.092250E+3	0.000000E+0	1.169710E+2
1.804840E-2	4.092090E+3	0.000000E+0	1.171490E+2
1.804023E-2	4.092090E+3	0.000000E+0	1.173320E+2
1.801648E-2	4.092407E+3	0.000000E+0	1.175080E+2
1.801154E-2	4.092720E+3	0.000000E+0	1.176880E+2
1.799019E-2	4.092560E+3	0.000000E+0	1.178710E+2
1.798045E-2	4.092880E+3	0.000000E+0	1.180510E+2
1.795828E-2	4.093680E+3	0.000000E+0	1.182330E+2
1.794854E-2	4.093920E+3	0.000000E+0	1.184170E+2
1.793314E-2	4.094150E+3	0.000000E+0	1.186000E+2
1.791661E-2	4.094470E+3	0.000000E+0	1.187800E+2
1.790461E-2	4.095187E+3	0.000000E+0	1.189610E+2
1.788466E-2	4.095980E+3	0.000000E+0	1.191400E+2
1.787743E-2	4.095743E+3	0.000000E+0	1.193200E+2
1.785363E-2	4.094790E+3	0.000000E+0	1.195010E+2
1.784755E-2	4.094390E+3	0.000000E+0	1.196830E+2
1.782339E-2	4.094310E+3	0.000000E+0	1.198690E+2
1.781667E-2	4.094073E+3	0.000000E+0	1.200500E+2
1.779529E-2	4.093760E+3	0.000000E+0	1.202330E+2
1.778458E-2	4.093520E+3	0.000000E+0	1.204130E+2
1.777029E-2	4.093600E+3	0.000000E+0	1.205950E+2
1.775321E-2	4.093520E+3	0.000000E+0	1.207760E+2
1.774125E-2	4.093200E+3	0.000000E+0	1.209560E+2
1.772045E-2	4.093680E+3	0.000000E+0	1.211390E+2
1.771422E-2	4.094390E+3	0.000000E+0	1.213230E+2
1.769084E-2	4.094870E+3	0.000000E+0	1.215050E+2
1.768535E-2	4.094550E+3	0.000000E+0	1.216820E+2
1.766286E-2	4.094390E+3	0.000000E+0	1.218620E+2
1.765347E-2	4.094950E+3	0.000000E+0	1.220450E+2
1.763279E-2	4.095820E+3	0.000000E+0	1.222250E+2
1.762074E-2	4.096060E+3	0.000000E+0	1.224080E+2
1.761168E-2	4.096300E+3	0.000000E+0	1.225860E+2
1.759071E-2	4.096060E+3	0.000000E+0	1.227650E+2
1.757928E-2	4.096460E+3	0.000000E+0	1.229470E+2
1.755788E-2	4.096700E+3	0.000000E+0	1.231290E+2
1.755090E-2	4.095980E+3	0.000000E+0	1.233090E+2
1.752815E-2	4.094870E+3	0.000000E+0	1.234860E+2
1.752183E-2	4.093760E+3	0.000000E+0	1.236680E+2
1.749924E-2	4.093760E+3	0.000000E+0	1.238480E+2
1.748981E-2	4.094077E+3	0.000000E+0	1.240290E+2
1.747236E-2	4.094630E+3	0.000000E+0	1.242120E+2
1.745807E-2	4.094870E+3	0.000000E+0	1.243940E+2
1.744430E-2	4.094790E+3	0.000000E+0	1.245780E+2
1.742563E-2	4.094630E+3	0.000000E+0	1.247620E+2
1.741552E-2	4.094870E+3	0.000000E+0	1.249490E+2
1.739422E-2	4.094870E+3	0.000000E+0	1.251270E+2
1.738954E-2	4.094710E+3	0.000000E+0	1.253090E+2
1.736453E-2	4.094550E+3	0.000000E+0	1.254930E+2
1.735845E-2	4.094390E+3	0.000000E+0	1.256750E+2
1.733372E-2	4.094470E+3	0.000000E+0	1.258590E+2
1.732611E-2	4.095030E+3	0.000000E+0	1.260390E+2
1.730644E-2	4.095820E+3	0.000000E+0	1.262190E+2
1.729335E-2	4.096540E+3	0.000000E+0	1.263990E+2
1.727997E-2	4.096300E+3	0.000000E+0	1.265810E+2
1.726211E-2	4.095347E+3	0.000000E+0	1.267620E+2
1.725227E-2	4.094630E+3	0.000000E+0	1.269450E+2
1.723000E-2	4.095030E+3	0.000000E+0	1.271270E+2
1.722378E-2	4.095820E+3	0.000000E+0	1.273100E+2
1.720003E-2	4.096460E+3	0.000000E+0	1.274920E+2
1.719412E-2	4.096540E+3	0.000000E+0	1.276780E+2
1.717001E-2	4.096780E+3	0.000000E+0	1.278580E+2
1.716187E-2	4.096300E+3	0.000000E+0	1.280370E+2
1.714385E-2	4.095347E+3	0.000000E+0	1.282170E+2
1.712973E-2	4.094630E+3	0.000000E+0	1.283980E+2
1.711610E-2	4.094390E+3	0.000000E+0	1.285810E+2
1.709814E-2	4.094310E+3	0.000000E+0	1.287610E+2
1.709124E-2	4.093920E+3	0.000000E+0	1.289440E+2
1.706753E-2	4.093440E+3	0.000000E+0	1.291280E+2
1.706077E-2	4.093200E+3	0.000000E+0	1.293080E+2
1.703644E-2	4.093680E+3	0.000000E+0	1.294870E+2
1.703045E-2	4.094150E+3	0.000000E+0	1.296690E+2
1.700659E-2	4.094310E+3	0.000000E+0	1.298530E+2
1.699838E-2	4.094790E+3	0.000000E+0	1.300330E+2
1.698037E-2	4.094870E+3	0.000000E+0	1.302150E+2
1.696580E-2	4.095270E+3	0.000000E+0	1.303950E+2
1.695288E-2	4.095660E+3	0.000000E+0	1.305730E+2
1.693466E-2	4.096060E+3	0.000000E+0	1.307560E+2
1.692613E-2	4.095503E+3	0.000000E+0	1.309400E+2
1.690332E-2	4.094710E+3	0.000000E+0	1.311260E+2
1.689683E-2	4.094630E+3	0.000000E+0	1.313070E+2
1.687240E-2	4.094390E+3	0.000000E+0	1.314890E+2
1.686633E-2	4.093840E+3	0.000000E+0	1.316740E+2
1.684341E-2	4.093680E+3	0.000000E+0	1.318560E+2
1.683401E-2	4.094313E+3	0.000000E+0	1.320370E+2
1.681445E-2	4.095267E+3	0.000000E+0	1.322230E+2
1.680197E-2	4.096140E+3	0.000000E+0	1.324040E+2
1.679104E-2	4.096620E+3	0.000000E+0	1.325850E+2
1.677017E-2	4.097330E+3	0.000000E+0	1.327660E+2
1.676139E-2	4.097730E+3	0.000000E+0	1.329490E+2
1.673857E-2	4.097730E+3	0.000000E+0	1.331270E+2
1.673336E-2	4.097330E+3	0.000000E+0	1.333010E+2
1.670901E-2	4.096620E+3	0.000000E+0	1.334800E+2
1.670268E-2	4.095980E+3	0.000000E+0	1.336610E+2
1.668254E-2	4.095820E+3	0.000000E+0	1.338380E+2
1.667127E-2	4.096460E+3	0.000000E+0	1.340170E+2
1.665607E-2	4.097650E+3	0.000000E+0	1.341970E+2
1.663960E-2	4.098370E+3	0.000000E+0	1.343770E+2
1.662789E-2	4.097970E+3	0.000000E+0	1.345540E+2
1.660728E-2	4.097730E+3	0.000000E+0	1.347350E+2
1.660093E-2	4.097810E+3	0.000000E+0	1.349190E+2
1.657670E-2	4.098210E+3	0.000000E+0	1.350950E+2
1.657131E-2	4.097970E+3	0.000000E+0	1.352750E+2
1.654860E-2	4.096933E+3	0.000000E+0	1.354540E+2
1.653937E-2	4.095820E+3	0.000000E+0	1.356340E+2
1.652175E-2	4.095347E+3	0.000000E+0	1.358160E+2
1.650693E-2	4.094950E+3	0.000000E+0	1.359970E+2
1.649718E-2	4.095503E+3	0.000000E+0	1.361800E+2
1.647544E-2	4.095580E+3	0.000000E+0	1.363620E+2
1.646668E-2	4.096060E+3	0.000000E+0	1.365420E+2
1.644367E-2	4.096857E+3	0.000000E+0	1.367230E+2
1.643802E-2	4.097330E+3	0.000000E+0	1.369030E+2
1.641315E-2	4.097170E+3	0.000000E+0	1.370860E+2
1.640690E-2	4.096780E+3	0.000000E+0	1.372690E+2
1.638255E-2	4.096857E+3	0.000000E+0	1.374520E+2
1.637401E-2	4.097410E+3	0.000000E+0	1.376360E+2
1.635691E-2	4.098370E+3	0.000000E+0	1.378190E+2
1.634262E-2	4.098370E+3	0.000000E+0	1.379990E+2
1.632785E-2	4.097730E+3	0.000000E+0	1.381820E+2
1.631111E-2	4.098130E+3	0.000000E+0	1.383630E+2
1.630029E-2	4.098210E+3	0.000000E+0	1.385430E+2
1.627870E-2	4.098210E+3	0.000000E+0	1.387220E+2
1.627416E-2	4.097970E+3	0.000000E+0	1.389030E+2
1.625004E-2	4.097410E+3	0.000000E+0	1.390850E+2
1.624303E-2	4.096857E+3	0.000000E+0	1.392650E+2
1.622103E-2	4.096780E+3	0.000000E+0	1.394470E+2
1.621090E-2	4.096780E+3	0.000000E+0	1.396270E+2
1.619782E-2	4.097013E+3	0.000000E+0	1.398080E+2
1.617946E-2	4.097490E+3	0.000000E+0	1.399910E+2
1.616472E-2	4.098210E+3	0.000000E+0	1.401730E+2
1.614633E-2	4.098920E+3	0.000000E+0	1.403570E+2
1.613853E-2	4.099640E+3	0.000000E+0	1.405380E+2
1.611528E-2	4.099880E+3	0.000000E+0	1.407170E+2
1.610865E-2	4.099480E+3	0.000000E+0	1.409010E+2
1.608449E-2	4.099240E+3	0.000000E+0	1.410810E+2
1.607805E-2	4.099480E+3	0.000000E+0	1.412600E+2
1.605508E-2	4.099080E+3	0.000000E+0	1.414430E+2
1.604591E-2	4.097970E+3	0.000000E+0	1.416250E+2
1.602917E-2	4.097650E+3	0.000000E+0	1.418070E+2
1.601352E-2	4.098367E+3	0.000000E+0	1.419870E+2
1.600066E-2	4.098680E+3	0.000000E+0	1.421700E+2
1.598180E-2	4.098840E+3	0.000000E+0	1.423490E+2
1.597515E-2	4.099320E+3	0.000000E+0	1.425330E+2
1.595142E-2	4.099400E+3	0.000000E+0	1.427130E+2
1.594516E-2	4.098920E+3	0.000000E+0	1.428920E+2
1.591978E-2	4.098290E+3	0.000000E+0	1.430720E+2
1.591324E-2	4.098527E+3	0.000000E+0	1.432540E+2
1.589026E-2	4.099320E+3	0.000000E+0	1.434390E+2
1.588063E-2	4.099320E+3	0.000000E+0	1.436210E+2
1.586433E-2	4.098920E+3	0.000000E+0	1.438010E+2
1.584989E-2	4.098920E+3	0.000000E+0	1.439840E+2
1.583784E-2	4.098920E+3	0.000000E+0	1.441650E+2
1.581741E-2	4.098760E+3	0.000000E+0	1.443410E+2
1.580916E-2	4.099000E+3	0.000000E+0	1.445270E+2
1.578619E-2	4.099400E+3	0.000000E+0	1.447120E+2
1.578072E-2	4.099880E+3	0.000000E+0	1.448910E+2
1.575541E-2	4.099880E+3	0.000000E+0	1.450740E+2
1.574923E-2	4.100110E+3	0.000000E+0	1.452570E+2
1.572751E-2	4.099957E+3	0.000000E+0	1.454420E+2
1.571685E-2	4.100510E+3	0.000000E+0	1.456250E+2
1.569958E-2	4.100990E+3	0.000000E+0	1.458050E+2
1.568501E-2	4.101780E+3	0.000000E+0	1.459840E+2
1.567217E-2	4.101940E+3	0.000000E+0	1.461640E+2
1.565256E-2	4.101307E+3	0.000000E+0	1.463440E+2
1.564617E-2	4.100510E+3	0.000000E+0	1.465260E+2
1.562197E-2	4.100190E+3	0.000000E+0	1.467030E+2
1.561640E-2	4.100670E+3	0.000000E+0	1.468830E+2
1.559165E-2	4.100830E+3	0.000000E+0	1.470650E+2
1.558467E-2	4.100750E+3	0.000000E+0	1.472460E+2
1.556383E-2	4.100193E+3	0.000000E+0	1.474280E+2
1.555195E-2	4.100037E+3	0.000000E+0	1.476080E+2
1.553823E-2	4.100990E+3	0.000000E+0	1.477910E+2
1.551967E-2	4.101620E+3	0.000000E+0	1.479680E+2
1.550994E-2	4.101860E+3	0.000000E+0	1.481500E+2
1.548844E-2	4.102180E+3	0.000000E+0	1.483300E+2
1.548110E-2	4.102180E+3	0.000000E+0	1.485130E+2
1.545734E-2	4.101543E+3	0.000000E+0	1.486940E+2
1.545221E-2	4.100990E+3	0.000000E+0	1.488740E+2
1.542957E-2	4.100750E+3	0.000000E+0	1.490560E+2
1.542034E-2	4.100990E+3	0.000000E+0	1.492370E+2
1.540167E-2	4.102020E+3	0.000000E+0	1.494170E+2
1.538758E-2	4.102977E+3	0.000000E+0	1.496040E+2
1.537301E-2	4.103930E+3	0.000000E+0	1.497840E+2
1.535543E-2	4.104330E+3	0.000000E+0	1.499630E+2
1.534744E-2	4.104010E+3	0.000000E+0	1.501430E+2
1.532438E-2	4.103930E+3	0.000000E+0	1.503270E+2
1.531850E-2	4.104330E+3	0.000000E+0	1.505060E+2
1.529354E-2	4.104563E+3	0.000000E+0	1.506870E+2
1.528768E-2	4.104410E+3	0.000000E+0	1.508700E+2
1.526762E-2	4.104250E+3	0.000000E+0	1.510540E+2
1.525645E-2	4.104330E+3	0.000000E+0	1.512360E+2
1.523712E-2	4.104800E+3	0.000000E+0	1.514170E+2
1.522297E-2	4.104880E+3	0.000000E+0	1.516010E+2
1.520910E-2	4.104487E+3	0.000000E+0	1.517800E+2
1.519101E-2	4.104010E+3	0.000000E+0	1.519590E+2
1.518227E-2	4.103530E+3	0.000000E+0	1.521410E+2
1.515903E-2	4.103450E+3	0.000000E+0	1.523230E+2
1.515300E-2	4.103690E+3	0.000000E+0	1.525080E+2
1.512872E-2	4.103370E+3	0.000000E+0	1.526900E+2
1.512268E-2	4.102660E+3	0.000000E+0	1.528720E+2
1.510066E-2	4.101860E+3	0.000000E+0	1.530530E+2
1.509104E-2	4.101620E+3	0.000000E+0	1.532360E+2
1.507256E-2	4.102180E+3	0.000000E+0	1.534190E+2
1.505818E-2	4.102500E+3	0.000000E+0	1.535990E+2
1.504621E-2	4.102740E+3	0.000000E+0	1.537800E+2
1.502664E-2	4.102260E+3	0.000000E+0	1.539610E+2
1.501834E-2	4.101620E+3	0.000000E+0	1.541420E+2
1.499543E-2	4.101230E+3	0.000000E+0	1.543220E+2
1.499085E-2	4.101620E+3	0.000000E+0	1.545010E+2
1.496772E-2	4.102180E+3	0.000000E+0	1.546810E+2
1.495869E-2	4.102500E+3	0.000000E+0	1.548630E+2
1.493750E-2	4.102740E+3	0.000000E+0	1.550430E+2
1.492675E-2	4.102820E+3	0.000000E+0	1.552220E+2
