X channel: Keithley, channel #5; mode:  DCV; scale:  0.10; X converted, conversion factor:1.000000E+0
Y channel: Lock-in, mkV
II channel: B7-78, Ohm; scale:  10000.000000
X channel	Y channel	II channel	timestamp, sec
1.510896E-2	3.877810E+3	0.000000E+0	5.789500E+1
1.510863E-2	3.877573E+3	0.000000E+0	5.808000E+1
1.510858E-2	3.877417E+3	0.000000E+0	5.826200E+1
1.510887E-2	3.876620E+3	0.000000E+0	5.844300E+1
1.510860E-2	3.876300E+3	0.000000E+0	5.862400E+1
1.510858E-2	3.875830E+3	0.000000E+0	5.880600E+1
1.511693E-2	3.875830E+3	0.000000E+0	5.898800E+1
1.512529E-2	3.876380E+3	0.000000E+0	5.916500E+1
1.513489E-2	3.877180E+3	0.000000E+0	5.934500E+1
1.515318E-2	3.877573E+3	0.000000E+0	5.952400E+1
1.516013E-2	3.877970E+3	0.000000E+0	5.970700E+1
1.518202E-2	3.878610E+3	0.000000E+0	5.988800E+1
1.518633E-2	3.879167E+3	0.000000E+0	6.007100E+1
1.521035E-2	3.879560E+3	0.000000E+0	6.025400E+1
1.521619E-2	3.879880E+3	0.000000E+0	6.043700E+1
1.523493E-2	3.879720E+3	0.000000E+0	6.061700E+1
1.524749E-2	3.879560E+3	0.000000E+0	6.079500E+1
1.526206E-2	3.879480E+3	0.000000E+0	6.097600E+1
1.527732E-2	3.879090E+3	0.000000E+0	6.115600E+1
1.528510E-2	3.879090E+3	0.000000E+0	6.134100E+1
1.530700E-2	3.879090E+3	0.000000E+0	6.152000E+1
1.531462E-2	3.879167E+3	0.000000E+0	6.170200E+1
1.533777E-2	3.879400E+3	0.000000E+0	6.188300E+1
1.534275E-2	3.879480E+3	0.000000E+0	6.206600E+1
1.536611E-2	3.880040E+3	0.000000E+0	6.224600E+1
1.537276E-2	3.881310E+3	0.000000E+0	6.242600E+1
1.539212E-2	3.881710E+3	0.000000E+0	6.260900E+1
1.540354E-2	3.881790E+3	0.000000E+0	6.279200E+1
1.541840E-2	3.882180E+3	0.000000E+0	6.297200E+1
1.543465E-2	3.882027E+3	0.000000E+0	6.315500E+1
1.544381E-2	3.882103E+3	0.000000E+0	6.333400E+1
1.546454E-2	3.882500E+3	0.000000E+0	6.351400E+1
1.547107E-2	3.882980E+3	0.000000E+0	6.369300E+1
1.549507E-2	3.882980E+3	0.000000E+0	6.387700E+1
1.550006E-2	3.882420E+3	0.000000E+0	6.406000E+1
1.552223E-2	3.881950E+3	0.000000E+0	6.424100E+1
1.553148E-2	3.882027E+3	0.000000E+0	6.442100E+1
1.554915E-2	3.882580E+3	0.000000E+0	6.460000E+1
1.556215E-2	3.882820E+3	0.000000E+0	6.478400E+1
1.557601E-2	3.882660E+3	0.000000E+0	6.496700E+1
1.559409E-2	3.882340E+3	0.000000E+0	6.514700E+1
1.560219E-2	3.883457E+3	0.000000E+0	6.533300E+1
1.562322E-2	3.884890E+3	0.000000E+0	6.551200E+1
1.563018E-2	3.885050E+3	0.000000E+0	6.569600E+1
1.565342E-2	3.885050E+3	0.000000E+0	6.587700E+1
1.565898E-2	3.885363E+3	0.000000E+0	6.605700E+1
1.568243E-2	3.886000E+3	0.000000E+0	6.623900E+1
1.568958E-2	3.886320E+3	0.000000E+0	6.641600E+1
1.570596E-2	3.886790E+3	0.000000E+0	6.659500E+1
1.572109E-2	3.886950E+3	0.000000E+0	6.677700E+1
1.573402E-2	3.886790E+3	0.000000E+0	6.695900E+1
1.575183E-2	3.886557E+3	0.000000E+0	6.714300E+1
1.576063E-2	3.886557E+3	0.000000E+0	6.732200E+1
1.578298E-2	3.886710E+3	0.000000E+0	6.750700E+1
1.578784E-2	3.886710E+3	0.000000E+0	6.768900E+1
1.581201E-2	3.886557E+3	0.000000E+0	6.787100E+1
1.581827E-2	3.887270E+3	0.000000E+0	6.805200E+1
1.584086E-2	3.887990E+3	0.000000E+0	6.823500E+1
1.584979E-2	3.887990E+3	0.000000E+0	6.841900E+1
1.586763E-2	3.887670E+3	0.000000E+0	6.860200E+1
1.588086E-2	3.887190E+3	0.000000E+0	6.878600E+1
1.589394E-2	3.887350E+3	0.000000E+0	6.897000E+1
1.591155E-2	3.888147E+3	0.000000E+0	6.915300E+1
1.592095E-2	3.888780E+3	0.000000E+0	6.933300E+1
1.594177E-2	3.889260E+3	0.000000E+0	6.951300E+1
1.594794E-2	3.890130E+3	0.000000E+0	6.969300E+1
1.597146E-2	3.891083E+3	0.000000E+0	6.987500E+1
1.597730E-2	3.891240E+3	0.000000E+0	7.005200E+1
1.599872E-2	3.891087E+3	0.000000E+0	7.023500E+1
1.600810E-2	3.890690E+3	0.000000E+0	7.041500E+1
1.602498E-2	3.890770E+3	0.000000E+0	7.059500E+1
1.603911E-2	3.890370E+3	0.000000E+0	7.077800E+1
1.605202E-2	3.889497E+3	0.000000E+0	7.095800E+1
1.607111E-2	3.888700E+3	0.000000E+0	7.113900E+1
1.607786E-2	3.888380E+3	0.000000E+0	7.131700E+1
1.610054E-2	3.888780E+3	0.000000E+0	7.149700E+1
1.610573E-2	3.888860E+3	0.000000E+0	7.167900E+1
1.613029E-2	3.889180E+3	0.000000E+0	7.186100E+1
1.613667E-2	3.889340E+3	0.000000E+0	7.204300E+1
1.615759E-2	3.889420E+3	0.000000E+0	7.222300E+1
1.616852E-2	3.889893E+3	0.000000E+0	7.240500E+1
1.618330E-2	3.890290E+3	0.000000E+0	7.259000E+1
1.619961E-2	3.890530E+3	0.000000E+0	7.277200E+1
1.621055E-2	3.891163E+3	0.000000E+0	7.295300E+1
1.623052E-2	3.892280E+3	0.000000E+0	7.313600E+1
1.623555E-2	3.892910E+3	0.000000E+0	7.331600E+1
1.625982E-2	3.892120E+3	0.000000E+0	7.349900E+1
1.626574E-2	3.891320E+3	0.000000E+0	7.368300E+1
1.628981E-2	3.890930E+3	0.000000E+0	7.386300E+1
1.629713E-2	3.890610E+3	0.000000E+0	7.404600E+1
1.631800E-2	3.890370E+3	0.000000E+0	7.423000E+1
1.632883E-2	3.890927E+3	0.000000E+0	7.441300E+1
1.634618E-2	3.891480E+3	0.000000E+0	7.459300E+1
1.636003E-2	3.891320E+3	0.000000E+0	7.477900E+1
1.637202E-2	3.891087E+3	0.000000E+0	7.496000E+1
1.639073E-2	3.891240E+3	0.000000E+0	7.514200E+1
1.640033E-2	3.891240E+3	0.000000E+0	7.532600E+1
1.642234E-2	3.891320E+3	0.000000E+0	7.551000E+1
1.642793E-2	3.892357E+3	0.000000E+0	7.569300E+1
1.645158E-2	3.893230E+3	0.000000E+0	7.587400E+1
1.645761E-2	3.893630E+3	0.000000E+0	7.605700E+1
1.647867E-2	3.893870E+3	0.000000E+0	7.623900E+1
1.648898E-2	3.893630E+3	0.000000E+0	7.641900E+1
1.650607E-2	3.893870E+3	0.000000E+0	7.660000E+1
1.651995E-2	3.895060E+3	0.000000E+0	7.678100E+1
1.652834E-2	3.896490E+3	0.000000E+0	7.696300E+1
1.655010E-2	3.897280E+3	0.000000E+0	7.714500E+1
1.656031E-2	3.897280E+3	0.000000E+0	7.732600E+1
1.658166E-2	3.896810E+3	0.000000E+0	7.750600E+1
1.658673E-2	3.896330E+3	0.000000E+0	7.768500E+1
1.661034E-2	3.896170E+3	0.000000E+0	7.786500E+1
1.661779E-2	3.896250E+3	0.000000E+0	7.804500E+1
1.663930E-2	3.895933E+3	0.000000E+0	7.822800E+1
1.664940E-2	3.895060E+3	0.000000E+0	7.840800E+1
1.666652E-2	3.895140E+3	0.000000E+0	7.859000E+1
1.668023E-2	3.896410E+3	0.000000E+0	7.877100E+1
1.669160E-2	3.896730E+3	0.000000E+0	7.895300E+1
1.671121E-2	3.896810E+3	0.000000E+0	7.913200E+1
1.671977E-2	3.897360E+3	0.000000E+0	7.931300E+1
1.674202E-2	3.898000E+3	0.000000E+0	7.949700E+1
1.674736E-2	3.898480E+3	0.000000E+0	7.968000E+1
1.677048E-2	3.898870E+3	0.000000E+0	7.986300E+1
1.677803E-2	3.898320E+3	0.000000E+0	8.004400E+1
1.679954E-2	3.897680E+3	0.000000E+0	8.022300E+1
1.680947E-2	3.897043E+3	0.000000E+0	8.040300E+1
1.682546E-2	3.896410E+3	0.000000E+0	8.058600E+1
1.684105E-2	3.896250E+3	0.000000E+0	8.076700E+1
1.685272E-2	3.897123E+3	0.000000E+0	8.094900E+1
1.687195E-2	3.898160E+3	0.000000E+0	8.113400E+1
1.688086E-2	3.898953E+3	0.000000E+0	8.132300E+1
1.690324E-2	3.899910E+3	0.000000E+0	8.150300E+1
1.690882E-2	3.900070E+3	0.000000E+0	8.168600E+1
1.693265E-2	3.900460E+3	0.000000E+0	8.186800E+1
1.693927E-2	3.900700E+3	0.000000E+0	8.205000E+1
1.696145E-2	3.901020E+3	0.000000E+0	8.223400E+1
1.697071E-2	3.901020E+3	0.000000E+0	8.241600E+1
1.698619E-2	3.900940E+3	0.000000E+0	8.259300E+1
1.700201E-2	3.900303E+3	0.000000E+0	8.277300E+1
1.701480E-2	3.899670E+3	0.000000E+0	8.295600E+1
1.703333E-2	3.899670E+3	0.000000E+0	8.314000E+1
1.703939E-2	3.900070E+3	0.000000E+0	8.332200E+1
1.706278E-2	3.900070E+3	0.000000E+0	8.350300E+1
1.706906E-2	3.899990E+3	0.000000E+0	8.368500E+1
1.709306E-2	3.899750E+3	0.000000E+0	8.386500E+1
1.709909E-2	3.900067E+3	0.000000E+0	8.404200E+1
1.712042E-2	3.900620E+3	0.000000E+0	8.422400E+1
1.713046E-2	3.900940E+3	0.000000E+0	8.440500E+1
1.714587E-2	3.900780E+3	0.000000E+0	8.458700E+1
1.716182E-2	3.900860E+3	0.000000E+0	8.476800E+1
1.717242E-2	3.901497E+3	0.000000E+0	8.494700E+1
1.719300E-2	3.902290E+3	0.000000E+0	8.513000E+1
1.719997E-2	3.902450E+3	0.000000E+0	8.531300E+1
1.722340E-2	3.902130E+3	0.000000E+0	8.549400E+1
1.722882E-2	3.901653E+3	0.000000E+0	8.567400E+1
1.725258E-2	3.901577E+3	0.000000E+0	8.586000E+1
1.726004E-2	3.902210E+3	0.000000E+0	8.604100E+1
1.728014E-2	3.902930E+3	0.000000E+0	8.622200E+1
1.729148E-2	3.902930E+3	0.000000E+0	8.640400E+1
1.730723E-2	3.902290E+3	0.000000E+0	8.658700E+1
1.732322E-2	3.901810E+3	0.000000E+0	8.677100E+1
1.733088E-2	3.901260E+3	0.000000E+0	8.695000E+1
1.735309E-2	3.900780E+3	0.000000E+0	8.713100E+1
1.736136E-2	3.900940E+3	0.000000E+0	8.731100E+1
1.738441E-2	3.901260E+3	0.000000E+0	8.749400E+1
1.739023E-2	3.901260E+3	0.000000E+0	8.767800E+1
1.741346E-2	3.901260E+3	0.000000E+0	8.786100E+1
1.742154E-2	3.901100E+3	0.000000E+0	8.804100E+1
1.744066E-2	3.901020E+3	0.000000E+0	8.822400E+1
1.745193E-2	3.901573E+3	0.000000E+0	8.840400E+1
1.746728E-2	3.902290E+3	0.000000E+0	8.858400E+1
1.748346E-2	3.902850E+3	0.000000E+0	8.876500E+1
1.749603E-2	3.903323E+3	0.000000E+0	8.894500E+1
1.751525E-2	3.903880E+3	0.000000E+0	8.913000E+1
1.752199E-2	3.904360E+3	0.000000E+0	8.931300E+1
1.754495E-2	3.904360E+3	0.000000E+0	8.949300E+1
1.755044E-2	3.904597E+3	0.000000E+0	8.967300E+1
1.757366E-2	3.905150E+3	0.000000E+0	8.985300E+1
1.758153E-2	3.904437E+3	0.000000E+0	9.003200E+1
1.760053E-2	3.903960E+3	0.000000E+0	9.021300E+1
1.761314E-2	3.904040E+3	0.000000E+0	9.039500E+1
1.762351E-2	3.903560E+3	0.000000E+0	9.057500E+1
1.764384E-2	3.903247E+3	0.000000E+0	9.075500E+1
1.765309E-2	3.903640E+3	0.000000E+0	9.093800E+1
1.767568E-2	3.904440E+3	0.000000E+0	9.112000E+1
1.768162E-2	3.904677E+3	0.000000E+0	9.130100E+1
1.770529E-2	3.904440E+3	0.000000E+0	9.148500E+1
1.771059E-2	3.904360E+3	0.000000E+0	9.166800E+1
1.773482E-2	3.904360E+3	0.000000E+0	9.184900E+1
1.774215E-2	3.904990E+3	0.000000E+0	9.203000E+1
1.776001E-2	3.905070E+3	0.000000E+0	9.221400E+1
1.777318E-2	3.904833E+3	0.000000E+0	9.239700E+1
1.778851E-2	3.904600E+3	0.000000E+0	9.257700E+1
1.780482E-2	3.904753E+3	0.000000E+0	9.275800E+1
1.781527E-2	3.905310E+3	0.000000E+0	9.294100E+1
1.783634E-2	3.906193E+3	0.000000E+0	9.312300E+1
1.784209E-2	3.906760E+3	0.000000E+0	9.330700E+1
1.786644E-2	3.906520E+3	0.000000E+0	9.349300E+1
1.787168E-2	3.905790E+3	0.000000E+0	9.367400E+1
1.789486E-2	3.905550E+3	0.000000E+0	9.385500E+1
1.790332E-2	3.905710E+3	0.000000E+0	9.403800E+1
1.791844E-2	3.906030E+3	0.000000E+0	9.421800E+1
1.793374E-2	3.906030E+3	0.000000E+0	9.440000E+1
1.795017E-2	3.906837E+3	0.000000E+0	9.458000E+1
1.796627E-2	3.907470E+3	0.000000E+0	9.476100E+1
1.797665E-2	3.907470E+3	0.000000E+0	9.494300E+1
1.799657E-2	3.906997E+3	0.000000E+0	9.512000E+1
1.800371E-2	3.906760E+3	0.000000E+0	9.530200E+1
1.802677E-2	3.907153E+3	0.000000E+0	9.548300E+1
1.803270E-2	3.907550E+3	0.000000E+0	9.566600E+1
1.805616E-2	3.907710E+3	0.000000E+0	9.584600E+1
1.806335E-2	3.907630E+3	0.000000E+0	9.602800E+1
1.808254E-2	3.907390E+3	0.000000E+0	9.621000E+1
1.809575E-2	3.907230E+3	0.000000E+0	9.639100E+1
1.810953E-2	3.907470E+3	0.000000E+0	9.657100E+1
1.812674E-2	3.908190E+3	0.000000E+0	9.675600E+1
1.813421E-2	3.908190E+3	0.000000E+0	9.693900E+1
1.815673E-2	3.907710E+3	0.000000E+0	9.711900E+1
1.816436E-2	3.907950E+3	0.000000E+0	9.730200E+1
1.818820E-2	3.908350E+3	0.000000E+0	9.748500E+1
1.819252E-2	3.908663E+3	0.000000E+0	9.766000E+1
1.821609E-2	3.909540E+3	0.000000E+0	9.783900E+1
1.822489E-2	3.910170E+3	0.000000E+0	9.802100E+1
1.824283E-2	3.910570E+3	0.000000E+0	9.820400E+1
1.825600E-2	3.910330E+3	0.000000E+0	9.838700E+1
1.826945E-2	3.910570E+3	0.000000E+0	9.857000E+1
1.828710E-2	3.911210E+3	0.000000E+0	9.875100E+1
1.829640E-2	3.911130E+3	0.000000E+0	9.893700E+1
1.831762E-2	3.910650E+3	0.000000E+0	9.911800E+1
1.832420E-2	3.910650E+3	0.000000E+0	9.929800E+1
1.834759E-2	3.911130E+3	0.000000E+0	9.948000E+1
1.835325E-2	3.911607E+3	0.000000E+0	9.965700E+1
1.837596E-2	3.911370E+3	0.000000E+0	9.983900E+1
1.838495E-2	3.910810E+3	0.000000E+0	1.000240E+2
1.840379E-2	3.910490E+3	0.000000E+0	1.002070E+2
1.841646E-2	3.910090E+3	0.000000E+0	1.003900E+2
1.843014E-2	3.910330E+3	0.000000E+0	1.005710E+2
1.844750E-2	3.910810E+3	0.000000E+0	1.007530E+2
1.845681E-2	3.911130E+3	0.000000E+0	1.009340E+2
1.847885E-2	3.911290E+3	0.000000E+0	1.011170E+2
1.848537E-2	3.911290E+3	0.000000E+0	1.012970E+2
1.850908E-2	3.911527E+3	0.000000E+0	1.014830E+2
1.851381E-2	3.912480E+3	0.000000E+0	1.016640E+2
1.853776E-2	3.912957E+3	0.000000E+0	1.018430E+2
1.854551E-2	3.913113E+3	0.000000E+0	1.020230E+2
1.856282E-2	3.912640E+3	0.000000E+0	1.022060E+2
1.857673E-2	3.912000E+3	0.000000E+0	1.023870E+2
1.859045E-2	3.911840E+3	0.000000E+0	1.025670E+2
1.860822E-2	3.912160E+3	0.000000E+0	1.027510E+2
1.861703E-2	3.912240E+3	0.000000E+0	1.029320E+2
1.863875E-2	3.912640E+3	0.000000E+0	1.031130E+2
1.864489E-2	3.913670E+3	0.000000E+0	1.032980E+2
1.866890E-2	3.914070E+3	0.000000E+0	1.034790E+2
1.867464E-2	3.913990E+3	0.000000E+0	1.036630E+2
1.869798E-2	3.913350E+3	0.000000E+0	1.038450E+2
1.870598E-2	3.912960E+3	0.000000E+0	1.040220E+2
1.872302E-2	3.912640E+3	0.000000E+0	1.042000E+2
1.873722E-2	3.912720E+3	0.000000E+0	1.043820E+2
1.874931E-2	3.913510E+3	0.000000E+0	1.045650E+2
1.876790E-2	3.913910E+3	0.000000E+0	1.047480E+2
1.877719E-2	3.914230E+3	0.000000E+0	1.049290E+2
1.879901E-2	3.914703E+3	0.000000E+0	1.051090E+2
1.880364E-2	3.915580E+3	0.000000E+0	1.052910E+2
1.882693E-2	3.916290E+3	0.000000E+0	1.054720E+2
1.883496E-2	3.916770E+3	0.000000E+0	1.056560E+2
1.885656E-2	3.916290E+3	0.000000E+0	1.058350E+2
1.886621E-2	3.915660E+3	0.000000E+0	1.060170E+2
1.888178E-2	3.915817E+3	0.000000E+0	1.061940E+2
1.889759E-2	3.916130E+3	0.000000E+0	1.063800E+2
1.890644E-2	3.916290E+3	0.000000E+0	1.065570E+2
1.892921E-2	3.916050E+3	0.000000E+0	1.067370E+2
1.893408E-2	3.916050E+3	0.000000E+0	1.069200E+2
1.895559E-2	3.916210E+3	0.000000E+0	1.071030E+2
1.896627E-2	3.916450E+3	0.000000E+0	1.072870E+2
1.897917E-2	3.916530E+3	0.000000E+0	1.074700E+2
1.899620E-2	3.916210E+3	0.000000E+0	1.076500E+2
1.900899E-2	3.915817E+3	0.000000E+0	1.078330E+2
1.901982E-2	3.915660E+3	0.000000E+0	1.080150E+2
1.903023E-2	3.916210E+3	0.000000E+0	1.081970E+2
1.903675E-2	3.916770E+3	0.000000E+0	1.083770E+2
1.904299E-2	3.916530E+3	0.000000E+0	1.085600E+2
1.904821E-2	3.916050E+3	0.000000E+0	1.087400E+2
1.905255E-2	3.915817E+3	0.000000E+0	1.089250E+2
1.906405E-2	3.915260E+3	0.000000E+0	1.091070E+2
1.911854E-2	3.915100E+3	0.000000E+0	1.092890E+2
1.912777E-2	3.915737E+3	0.000000E+0	1.094700E+2
1.915388E-2	3.916770E+3	0.000000E+0	1.096530E+2
1.916046E-2	3.917330E+3	0.000000E+0	1.098370E+2
1.917993E-2	3.917410E+3	0.000000E+0	1.100170E+2
1.919206E-2	3.917250E+3	0.000000E+0	1.101960E+2
1.920656E-2	3.917170E+3	0.000000E+0	1.103760E+2
1.922380E-2	3.916610E+3	0.000000E+0	1.105580E+2
1.923321E-2	3.916050E+3	0.000000E+0	1.107400E+2
1.925433E-2	3.916770E+3	0.000000E+0	1.109220E+2
1.926235E-2	3.917643E+3	0.000000E+0	1.111090E+2
1.928568E-2	3.917800E+3	0.000000E+0	1.112900E+2
1.928987E-2	3.917487E+3	0.000000E+0	1.114730E+2
1.931213E-2	3.916850E+3	0.000000E+0	1.116530E+2
1.932170E-2	3.916133E+3	0.000000E+0	1.118320E+2
1.934168E-2	3.915260E+3	0.000000E+0	1.120140E+2
1.935371E-2	3.914860E+3	0.000000E+0	1.121980E+2
1.936877E-2	3.914700E+3	0.000000E+0	1.123810E+2
1.938546E-2	3.914860E+3	0.000000E+0	1.125650E+2
1.939621E-2	3.914700E+3	0.000000E+0	1.127460E+2
1.941605E-2	3.915180E+3	0.000000E+0	1.129330E+2
1.942430E-2	3.915020E+3	0.000000E+0	1.131150E+2
1.944709E-2	3.914230E+3	0.000000E+0	1.132980E+2
1.945166E-2	3.914547E+3	0.000000E+0	1.134800E+2
1.947609E-2	3.915100E+3	0.000000E+0	1.136640E+2
1.948316E-2	3.915100E+3	0.000000E+0	1.138450E+2
1.950401E-2	3.915100E+3	0.000000E+0	1.140280E+2
1.951361E-2	3.915500E+3	0.000000E+0	1.142100E+2
1.952957E-2	3.915897E+3	0.000000E+0	1.143940E+2
1.954467E-2	3.916050E+3	0.000000E+0	1.145750E+2
1.955705E-2	3.916130E+3	0.000000E+0	1.147550E+2
1.957606E-2	3.916290E+3	0.000000E+0	1.149340E+2
1.958108E-2	3.916053E+3	0.000000E+0	1.151140E+2
1.960536E-2	3.915340E+3	0.000000E+0	1.152960E+2
1.961120E-2	3.915260E+3	0.000000E+0	1.154770E+2
1.963532E-2	3.915260E+3	0.000000E+0	1.156590E+2
1.964229E-2	3.914860E+3	0.000000E+0	1.158390E+2
1.966247E-2	3.914620E+3	0.000000E+0	1.160200E+2
1.967418E-2	3.915180E+3	0.000000E+0	1.162020E+2
1.968870E-2	3.915973E+3	0.000000E+0	1.163850E+2
1.970461E-2	3.915500E+3	0.000000E+0	1.165680E+2
1.971668E-2	3.914623E+3	0.000000E+0	1.167520E+2
1.973600E-2	3.915100E+3	0.000000E+0	1.169350E+2
1.974531E-2	3.916293E+3	0.000000E+0	1.171150E+2
1.976742E-2	3.916690E+3	0.000000E+0	1.173020E+2
1.977235E-2	3.916130E+3	0.000000E+0	1.174820E+2
1.979550E-2	3.916050E+3	0.000000E+0	1.176610E+2
1.980257E-2	3.915660E+3	0.000000E+0	1.178430E+2
1.982200E-2	3.915660E+3	0.000000E+0	1.180230E+2
1.983385E-2	3.916050E+3	0.000000E+0	1.182050E+2
1.984997E-2	3.916450E+3	0.000000E+0	1.183880E+2
1.986511E-2	3.916450E+3	0.000000E+0	1.185690E+2
1.987639E-2	3.915657E+3	0.000000E+0	1.187510E+2
1.989620E-2	3.915340E+3	0.000000E+0	1.189370E+2
1.990370E-2	3.915660E+3	0.000000E+0	1.191200E+2
1.992614E-2	3.916370E+3	0.000000E+0	1.193040E+2
1.993166E-2	3.917010E+3	0.000000E+0	1.194850E+2
1.995604E-2	3.917250E+3	0.000000E+0	1.196690E+2
1.996262E-2	3.916610E+3	0.000000E+0	1.198530E+2
1.998057E-2	3.915660E+3	0.000000E+0	1.200350E+2
1.999379E-2	3.915420E+3	0.000000E+0	1.202150E+2
2.001062E-2	3.915660E+3	0.000000E+0	1.203990E+2
2.002444E-2	3.916370E+3	0.000000E+0	1.205820E+2
2.003688E-2	3.917010E+3	0.000000E+0	1.207640E+2
2.005580E-2	3.916770E+3	0.000000E+0	1.209450E+2
2.006528E-2	3.916770E+3	0.000000E+0	1.211250E+2
2.008693E-2	3.916770E+3	0.000000E+0	1.213070E+2
2.009455E-2	3.916770E+3	0.000000E+0	1.214920E+2
2.011735E-2	3.917250E+3	0.000000E+0	1.216740E+2
2.012259E-2	3.917720E+3	0.000000E+0	1.218540E+2
2.014528E-2	3.917720E+3	0.000000E+0	1.220380E+2
2.015351E-2	3.917170E+3	0.000000E+0	1.222150E+2
2.017110E-2	3.916053E+3	0.000000E+0	1.223970E+2
2.018420E-2	3.915580E+3	0.000000E+0	1.225780E+2
2.019526E-2	3.915260E+3	0.000000E+0	1.227580E+2
2.021483E-2	3.915580E+3	0.000000E+0	1.229380E+2
2.022453E-2	3.916450E+3	0.000000E+0	1.231210E+2
2.024611E-2	3.916770E+3	0.000000E+0	1.233010E+2
2.025287E-2	3.916530E+3	0.000000E+0	1.234840E+2
2.027641E-2	3.915580E+3	0.000000E+0	1.236660E+2
2.028217E-2	3.915500E+3	0.000000E+0	1.238510E+2
2.030454E-2	3.915973E+3	0.000000E+0	1.240310E+2
2.031307E-2	3.915973E+3	0.000000E+0	1.242130E+2
2.033075E-2	3.915500E+3	0.000000E+0	1.243990E+2
2.034393E-2	3.915100E+3	0.000000E+0	1.245800E+2
2.035740E-2	3.915100E+3	0.000000E+0	1.247650E+2
2.037470E-2	3.915500E+3	0.000000E+0	1.249460E+2
2.038429E-2	3.915973E+3	0.000000E+0	1.251280E+2
2.040498E-2	3.915973E+3	0.000000E+0	1.253080E+2
2.041138E-2	3.915420E+3	0.000000E+0	1.254880E+2
2.043467E-2	3.914227E+3	0.000000E+0	1.256680E+2
2.044033E-2	3.913037E+3	0.000000E+0	1.258460E+2
2.046202E-2	3.912880E+3	0.000000E+0	1.260260E+2
2.047184E-2	3.913350E+3	0.000000E+0	1.262120E+2
2.048929E-2	3.913830E+3	0.000000E+0	1.263930E+2
2.050329E-2	3.913830E+3	0.000000E+0	1.265740E+2
2.051536E-2	3.913510E+3	0.000000E+0	1.267570E+2
2.053339E-2	3.912480E+3	0.000000E+0	1.269340E+2
2.054237E-2	3.911683E+3	0.000000E+0	1.271160E+2
2.056440E-2	3.910730E+3	0.000000E+0	1.272970E+2
2.056872E-2	3.910330E+3	0.000000E+0	1.274790E+2
2.059217E-2	3.910570E+3	0.000000E+0	1.276630E+2
2.060000E-2	3.910490E+3	0.000000E+0	1.278440E+2
2.062076E-2	3.910090E+3	0.000000E+0	1.280230E+2
2.063090E-2	3.910090E+3	0.000000E+0	1.282060E+2
2.064737E-2	3.910250E+3	0.000000E+0	1.283870E+2
2.066214E-2	3.910570E+3	0.000000E+0	1.285660E+2
2.067305E-2	3.910490E+3	0.000000E+0	1.287480E+2
2.069235E-2	3.909540E+3	0.000000E+0	1.289300E+2
2.070032E-2	3.908980E+3	0.000000E+0	1.291150E+2
2.072341E-2	3.908900E+3	0.000000E+0	1.292960E+2
2.072873E-2	3.908740E+3	0.000000E+0	1.294750E+2
2.075109E-2	3.908507E+3	0.000000E+0	1.296550E+2
2.075855E-2	3.907630E+3	0.000000E+0	1.298350E+2
2.077867E-2	3.907390E+3	0.000000E+0	1.300220E+2
2.078933E-2	3.907630E+3	0.000000E+0	1.302020E+2
2.080355E-2	3.906917E+3	0.000000E+0	1.303800E+2
2.081993E-2	3.906113E+3	0.000000E+0	1.305600E+2
2.083106E-2	3.906030E+3	0.000000E+0	1.307410E+2
2.085073E-2	3.905710E+3	0.000000E+0	1.309230E+2
2.085581E-2	3.904597E+3	0.000000E+0	1.311040E+2
2.087941E-2	3.903720E+3	0.000000E+0	1.312890E+2
2.088647E-2	3.902930E+3	0.000000E+0	1.314710E+2
2.090885E-2	3.902370E+3	0.000000E+0	1.316520E+2
2.091695E-2	3.901813E+3	0.000000E+0	1.318340E+2
2.093585E-2	3.900860E+3	0.000000E+0	1.320160E+2
2.094847E-2	3.899750E+3	0.000000E+0	1.321970E+2
2.096173E-2	3.898160E+3	0.000000E+0	1.323800E+2
2.097813E-2	3.897200E+3	0.000000E+0	1.325580E+2
2.098834E-2	3.896967E+3	0.000000E+0	1.327400E+2
2.100906E-2	3.896013E+3	0.000000E+0	1.329190E+2
2.101503E-2	3.893867E+3	0.000000E+0	1.330990E+2
2.103763E-2	3.891720E+3	0.000000E+0	1.332810E+2
2.104433E-2	3.890290E+3	0.000000E+0	1.334610E+2
2.106594E-2	3.888383E+3	0.000000E+0	1.336420E+2
2.107452E-2	3.885840E+3	0.000000E+0	1.338200E+2
2.109110E-2	3.883457E+3	0.000000E+0	1.340010E+2
2.110574E-2	3.881387E+3	0.000000E+0	1.341800E+2
2.111758E-2	3.879720E+3	0.000000E+0	1.343600E+2
2.113577E-2	3.879560E+3	0.000000E+0	1.345400E+2
2.114137E-2	3.879480E+3	0.000000E+0	1.347220E+2
2.116435E-2	3.878930E+3	0.000000E+0	1.349030E+2
2.117044E-2	3.877813E+3	0.000000E+0	1.350820E+2
2.119425E-2	3.876463E+3	0.000000E+0	1.352650E+2
2.120134E-2	3.874477E+3	0.000000E+0	1.354460E+2
2.122114E-2	3.872173E+3	0.000000E+0	1.356280E+2
2.123165E-2	3.869310E+3	0.000000E+0	1.358090E+2
2.124737E-2	3.866133E+3	0.000000E+0	1.359910E+2
2.126260E-2	3.863350E+3	0.000000E+0	1.361720E+2
2.127355E-2	3.860327E+3	0.000000E+0	1.363550E+2
2.129298E-2	3.857787E+3	0.000000E+0	1.365350E+2
2.129961E-2	3.854290E+3	0.000000E+0	1.367140E+2
2.132312E-2	3.850393E+3	0.000000E+0	1.368940E+2
2.132767E-2	3.846420E+3	0.000000E+0	1.370740E+2
2.135136E-2	3.843560E+3	0.000000E+0	1.372560E+2
2.135875E-2	3.839983E+3	0.000000E+0	1.374360E+2
2.137710E-2	3.835850E+3	0.000000E+0	1.376190E+2
2.138958E-2	3.831400E+3	0.000000E+0	1.378000E+2
2.140348E-2	3.826470E+3	0.000000E+0	1.379800E+2
2.142059E-2	3.820673E+3	0.000000E+0	1.381590E+2
2.142787E-2	3.813837E+3	0.000000E+0	1.383410E+2
2.144947E-2	3.808037E+3	0.000000E+0	1.385240E+2
2.145647E-2	3.801597E+3	0.000000E+0	1.387040E+2
2.147975E-2	3.795720E+3	0.000000E+0	1.388860E+2
2.148542E-2	3.788803E+3	0.000000E+0	1.390650E+2
2.150803E-2	3.781573E+3	0.000000E+0	1.392430E+2
2.151699E-2	3.773470E+3	0.000000E+0	1.394270E+2
2.153590E-2	3.764960E+3	0.000000E+0	1.396070E+2
2.154718E-2	3.755663E+3	0.000000E+0	1.397890E+2
2.155988E-2	3.745970E+3	0.000000E+0	1.399700E+2
2.157701E-2	3.736910E+3	0.000000E+0	1.401530E+2
2.158706E-2	3.726340E+3	0.000000E+0	1.403330E+2
2.160740E-2	3.716167E+3	0.000000E+0	1.405130E+2
2.161425E-2	3.704167E+3	0.000000E+0	1.406950E+2
2.163706E-2	3.692563E+3	0.000000E+0	1.408740E+2
2.164305E-2	3.679847E+3	0.000000E+0	1.410550E+2
2.166290E-2	3.668403E+3	0.000000E+0	1.412350E+2
2.167319E-2	3.656720E+3	0.000000E+0	1.414150E+2
2.168864E-2	3.644720E+3	0.000000E+0	1.415970E+2
2.170373E-2	3.633357E+3	0.000000E+0	1.417740E+2
2.171553E-2	3.621753E+3	0.000000E+0	1.419560E+2
2.173442E-2	3.611580E+3	0.000000E+0	1.421400E+2
2.174154E-2	3.601803E+3	0.000000E+0	1.423210E+2
2.176433E-2	3.593777E+3	0.000000E+0	1.425030E+2
2.176960E-2	3.586783E+3	0.000000E+0	1.426820E+2
2.179319E-2	3.581380E+3	0.000000E+0	1.428640E+2
2.179937E-2	3.578360E+3	0.000000E+0	1.430430E+2
2.182013E-2	3.576930E+3	0.000000E+0	1.432290E+2
2.183085E-2	3.577327E+3	0.000000E+0	1.434100E+2
2.184550E-2	3.579713E+3	0.000000E+0	1.435920E+2
2.186122E-2	3.583290E+3	0.000000E+0	1.437730E+2
2.187254E-2	3.588293E+3	0.000000E+0	1.439590E+2
2.189156E-2	3.594970E+3	0.000000E+0	1.441400E+2
2.189741E-2	3.603870E+3	0.000000E+0	1.443260E+2
2.192018E-2	3.612370E+3	0.000000E+0	1.445070E+2
2.192838E-2	3.622863E+3	0.000000E+0	1.446930E+2
2.195051E-2	3.634387E+3	0.000000E+0	1.448740E+2
2.195665E-2	3.647103E+3	0.000000E+0	1.450540E+2
2.197914E-2	3.658627E+3	0.000000E+0	1.452380E+2
2.198719E-2	3.670470E+3	0.000000E+0	1.454170E+2
2.200379E-2	3.681833E+3	0.000000E+0	1.455960E+2
2.201683E-2	3.692960E+3	0.000000E+0	1.457760E+2
2.203037E-2	3.704880E+3	0.000000E+0	1.459580E+2
2.204704E-2	3.716800E+3	0.000000E+0	1.461370E+2
2.205577E-2	3.728963E+3	0.000000E+0	1.463180E+2
2.207755E-2	3.738977E+3	0.000000E+0	1.464970E+2
2.208200E-2	3.749623E+3	0.000000E+0	1.466770E+2
2.210555E-2	3.758840E+3	0.000000E+0	1.468610E+2
2.211300E-2	3.768460E+3	0.000000E+0	1.470390E+2
2.213117E-2	3.777200E+3	0.000000E+0	1.472270E+2
2.214296E-2	3.785703E+3	0.000000E+0	1.474070E+2
2.216066E-2	3.794130E+3	0.000000E+0	1.475910E+2
2.217390E-2	3.801600E+3	0.000000E+0	1.477780E+2
2.218745E-2	3.809147E+3	0.000000E+0	1.479590E+2
2.220394E-2	3.816223E+3	0.000000E+0	1.481420E+2
2.221307E-2	3.823137E+3	0.000000E+0	1.483240E+2
2.223327E-2	3.828620E+3	0.000000E+0	1.485050E+2
2.224013E-2	3.833710E+3	0.000000E+0	1.486880E+2
2.226321E-2	3.838240E+3	0.000000E+0	1.488710E+2
2.226904E-2	3.842847E+3	0.000000E+0	1.490510E+2
2.228993E-2	3.847690E+3	0.000000E+0	1.492330E+2
2.229910E-2	3.851747E+3	0.000000E+0	1.494160E+2
2.231598E-2	3.855323E+3	0.000000E+0	1.495950E+2
2.232978E-2	3.858980E+3	0.000000E+0	1.497780E+2
2.234217E-2	3.862713E+3	0.000000E+0	1.499620E+2
2.235976E-2	3.865970E+3	0.000000E+0	1.501410E+2
2.236873E-2	3.869550E+3	0.000000E+0	1.503210E+2
2.238976E-2	3.872887E+3	0.000000E+0	1.505040E+2
2.239426E-2	3.875747E+3	0.000000E+0	1.506860E+2
2.241695E-2	3.877177E+3	0.000000E+0	1.508690E+2
2.242405E-2	3.878847E+3	0.000000E+0	1.510520E+2
2.244698E-2	3.880673E+3	0.000000E+0	1.512360E+2
2.245502E-2	3.882583E+3	0.000000E+0	1.514180E+2
2.247289E-2	3.885127E+3	0.000000E+0	1.516010E+2
2.248571E-2	3.887270E+3	0.000000E+0	1.517810E+2
2.249816E-2	3.889177E+3	0.000000E+0	1.519610E+2
2.251489E-2	3.891087E+3	0.000000E+0	1.521440E+2
2.252438E-2	3.893550E+3	0.000000E+0	1.523240E+2
2.254479E-2	3.895060E+3	0.000000E+0	1.525030E+2
2.255044E-2	3.896410E+3	0.000000E+0	1.526820E+2
2.257309E-2	3.897600E+3	0.000000E+0	1.528590E+2
2.258023E-2	3.898873E+3	0.000000E+0	1.530410E+2
2.260005E-2	3.900543E+3	0.000000E+0	1.532220E+2
2.261039E-2	3.902927E+3	0.000000E+0	1.534040E+2
2.262442E-2	3.904993E+3	0.000000E+0	1.535810E+2
2.264041E-2	3.906033E+3	0.000000E+0	1.537610E+2
2.265051E-2	3.907233E+3	0.000000E+0	1.539400E+2
2.266949E-2	3.908903E+3	0.000000E+0	1.541200E+2
2.267559E-2	3.910493E+3	0.000000E+0	1.543030E+2
2.269800E-2	3.912477E+3	0.000000E+0	1.544870E+2
2.270489E-2	3.914387E+3	0.000000E+0	1.546680E+2
2.272715E-2	3.915020E+3	0.000000E+0	1.548480E+2
2.273502E-2	3.914940E+3	0.000000E+0	1.550300E+2
2.275288E-2	3.915340E+3	0.000000E+0	1.552090E+2
2.276440E-2	3.916690E+3	0.000000E+0	1.553890E+2
2.277779E-2	3.918360E+3	0.000000E+0	1.555710E+2
2.279413E-2	3.919790E+3	0.000000E+0	1.557520E+2
2.280493E-2	3.920503E+3	0.000000E+0	1.559360E+2
2.282391E-2	3.921060E+3	0.000000E+0	1.561190E+2
2.283013E-2	3.921860E+3	0.000000E+0	1.562990E+2
2.285274E-2	3.922250E+3	0.000000E+0	1.564780E+2
2.285888E-2	3.922490E+3	0.000000E+0	1.566570E+2
2.288000E-2	3.923287E+3	0.000000E+0	1.568410E+2
2.288925E-2	3.924480E+3	0.000000E+0	1.570220E+2
2.290578E-2	3.924880E+3	0.000000E+0	1.572060E+2
2.291894E-2	3.924957E+3	0.000000E+0	1.573890E+2
2.293325E-2	3.924957E+3	0.000000E+0	1.575750E+2
2.294898E-2	3.925670E+3	0.000000E+0	1.577560E+2
2.295591E-2	3.926703E+3	0.000000E+0	1.579370E+2
2.297751E-2	3.927817E+3	0.000000E+0	1.581150E+2
2.298454E-2	3.928370E+3	0.000000E+0	1.582950E+2
2.300731E-2	3.928690E+3	0.000000E+0	1.584770E+2
2.301386E-2	3.928690E+3	0.000000E+0	1.586620E+2
2.303550E-2	3.928850E+3	0.000000E+0	1.588480E+2
2.304314E-2	3.929250E+3	0.000000E+0	1.590290E+2
2.306039E-2	3.929410E+3	0.000000E+0	1.592100E+2
2.307313E-2	3.929487E+3	0.000000E+0	1.593910E+2
2.308740E-2	3.929960E+3	0.000000E+0	1.595720E+2
2.310342E-2	3.930360E+3	0.000000E+0	1.597530E+2
2.311286E-2	3.930360E+3	0.000000E+0	1.599310E+2
2.313303E-2	3.930520E+3	0.000000E+0	1.601140E+2
2.314054E-2	3.931157E+3	0.000000E+0	1.602980E+2
2.316157E-2	3.931550E+3	0.000000E+0	1.604800E+2
2.316722E-2	3.932030E+3	0.000000E+0	1.606610E+2
2.319687E-2	3.932587E+3	0.000000E+0	1.610230E+2
2.321311E-2	3.932190E+3	0.000000E+0	1.612040E+2
2.322658E-2	3.931630E+3	0.000000E+0	1.613880E+2
2.323651E-2	3.931157E+3	0.000000E+0	1.615670E+2
2.325565E-2	3.930920E+3	0.000000E+0	1.617510E+2
2.326578E-2	3.931080E+3	0.000000E+0	1.619320E+2
2.328552E-2	3.931080E+3	0.000000E+0	1.621090E+2
2.329115E-2	3.931630E+3	0.000000E+0	1.622890E+2
2.331370E-2	3.932743E+3	0.000000E+0	1.624690E+2
2.332005E-2	3.934413E+3	0.000000E+0	1.626520E+2
2.334230E-2	3.935763E+3	0.000000E+0	1.628360E+2
2.335049E-2	3.936480E+3	0.000000E+0	1.630170E+2
2.336739E-2	3.937353E+3	0.000000E+0	1.631990E+2
2.338031E-2	3.937430E+3	0.000000E+0	1.633820E+2
2.339373E-2	3.937117E+3	0.000000E+0	1.635660E+2
2.341002E-2	3.937430E+3	0.000000E+0	1.637460E+2
2.341931E-2	3.937273E+3	0.000000E+0	1.639290E+2
2.343930E-2	3.937273E+3	0.000000E+0	1.641110E+2
2.344435E-2	3.937510E+3	0.000000E+0	1.642900E+2
2.346624E-2	3.937037E+3	0.000000E+0	1.644720E+2
2.347368E-2	3.936640E+3	0.000000E+0	1.646510E+2
2.350641E-2	3.937353E+3	0.000000E+0	1.650810E+2
2.352861E-2	3.938307E+3	0.000000E+0	1.652640E+2
2.353450E-2	3.939020E+3	0.000000E+0	1.654440E+2
2.355454E-2	3.939260E+3	0.000000E+0	1.656240E+2
2.356425E-2	3.939420E+3	0.000000E+0	1.658030E+2
2.357869E-2	3.939420E+3	0.000000E+0	1.659830E+2
2.359322E-2	3.939740E+3	0.000000E+0	1.661650E+2
2.360404E-2	3.940060E+3	0.000000E+0	1.663460E+2
2.362237E-2	3.939980E+3	0.000000E+0	1.665290E+2
2.362982E-2	3.940293E+3	0.000000E+0	1.667070E+2
2.365170E-2	3.940530E+3	0.000000E+0	1.668870E+2
2.365639E-2	3.940293E+3	0.000000E+0	1.670670E+2
2.367897E-2	3.939660E+3	0.000000E+0	1.672480E+2
2.368647E-2	3.938780E+3	0.000000E+0	1.674300E+2
2.370436E-2	3.938623E+3	0.000000E+0	1.676100E+2
2.371581E-2	3.938700E+3	0.000000E+0	1.677890E+2
2.372972E-2	3.938940E+3	0.000000E+0	1.679700E+2
2.374576E-2	3.939660E+3	0.000000E+0	1.681500E+2
2.375411E-2	3.940137E+3	0.000000E+0	1.683330E+2
2.377451E-2	3.940370E+3	0.000000E+0	1.685130E+2
2.378139E-2	3.940370E+3	0.000000E+0	1.686950E+2
2.380325E-2	3.940140E+3	0.000000E+0	1.688760E+2
2.380880E-2	3.940450E+3	0.000000E+0	1.690600E+2
2.383115E-2	3.941170E+3	0.000000E+0	1.692430E+2
2.383856E-2	3.941570E+3	0.000000E+0	1.694230E+2
2.385490E-2	3.941490E+3	0.000000E+0	1.696050E+2
2.386781E-2	3.941250E+3	0.000000E+0	1.697860E+2
2.388200E-2	3.941330E+3	0.000000E+0	1.699670E+2
2.389745E-2	3.941090E+3	0.000000E+0	1.701520E+2
2.390696E-2	3.941490E+3	0.000000E+0	1.703350E+2
2.392664E-2	3.942120E+3	0.000000E+0	1.705160E+2
2.393285E-2	3.941803E+3	0.000000E+0	1.706980E+2
2.395407E-2	3.941410E+3	0.000000E+0	1.708790E+2
2.395991E-2	3.941090E+3	0.000000E+0	1.710590E+2
2.398191E-2	3.941330E+3	0.000000E+0	1.712410E+2
2.398936E-2	3.941570E+3	0.000000E+0	1.714220E+2
2.400635E-2	3.941570E+3	0.000000E+0	1.716030E+2
2.401881E-2	3.941803E+3	0.000000E+0	1.717850E+2
2.403135E-2	3.942520E+3	0.000000E+0	1.719650E+2
2.404832E-2	3.942920E+3	0.000000E+0	1.721440E+2
2.405662E-2	3.943230E+3	0.000000E+0	1.723240E+2
2.407711E-2	3.943550E+3	0.000000E+0	1.725060E+2
2.408131E-2	3.943870E+3	0.000000E+0	1.726830E+2
2.410340E-2	3.944747E+3	0.000000E+0	1.728670E+2
2.411036E-2	3.945380E+3	0.000000E+0	1.730500E+2
2.413097E-2	3.945860E+3	0.000000E+0	1.732320E+2
2.414059E-2	3.946650E+3	0.000000E+0	1.734120E+2
2.415589E-2	3.947290E+3	0.000000E+0	1.735940E+2
2.416912E-2	3.948000E+3	0.000000E+0	1.737780E+2
2.418150E-2	3.948640E+3	0.000000E+0	1.739600E+2
2.419833E-2	3.948720E+3	0.000000E+0	1.741420E+2
2.420712E-2	3.948160E+3	0.000000E+0	1.743200E+2
2.422734E-2	3.946970E+3	0.000000E+0	1.745010E+2
2.423289E-2	3.946177E+3	0.000000E+0	1.746840E+2
2.425432E-2	3.946100E+3	0.000000E+0	1.748650E+2
2.426124E-2	3.946100E+3	0.000000E+0	1.750420E+2
2.428103E-2	3.946333E+3	0.000000E+0	1.752240E+2
2.429110E-2	3.946650E+3	0.000000E+0	1.754070E+2
2.430414E-2	3.947050E+3	0.000000E+0	1.755860E+2
2.431934E-2	3.947050E+3	0.000000E+0	1.757710E+2
2.433116E-2	3.947210E+3	0.000000E+0	1.759560E+2
2.434908E-2	3.947370E+3	0.000000E+0	1.761420E+2
2.435490E-2	3.948160E+3	0.000000E+0	1.763230E+2
2.437693E-2	3.948960E+3	0.000000E+0	1.765090E+2
2.438276E-2	3.949430E+3	0.000000E+0	1.766890E+2
2.440522E-2	3.949510E+3	0.000000E+0	1.768690E+2
2.441125E-2	3.949197E+3	0.000000E+0	1.770520E+2
2.443181E-2	3.948800E+3	0.000000E+0	1.772330E+2
2.444075E-2	3.948640E+3	0.000000E+0	1.774140E+2
2.445547E-2	3.947843E+3	0.000000E+0	1.775960E+2
2.446923E-2	3.947130E+3	0.000000E+0	1.777780E+2
2.448134E-2	3.947683E+3	0.000000E+0	1.779590E+2
2.449888E-2	3.948640E+3	0.000000E+0	1.781490E+2
2.450805E-2	3.949277E+3	0.000000E+0	1.783300E+2
2.452776E-2	3.949510E+3	0.000000E+0	1.785130E+2
2.453435E-2	3.950150E+3	0.000000E+0	1.787000E+2
2.455691E-2	3.950390E+3	0.000000E+0	1.788790E+2
2.456193E-2	3.950150E+3	0.000000E+0	1.790630E+2
2.458250E-2	3.949670E+3	0.000000E+0	1.792510E+2
2.459070E-2	3.948800E+3	0.000000E+0	1.794310E+2
2.460825E-2	3.948960E+3	0.000000E+0	1.796140E+2
2.461954E-2	3.949430E+3	0.000000E+0	1.797960E+2
2.462948E-2	3.949273E+3	0.000000E+0	1.799740E+2
2.464779E-2	3.948400E+3	0.000000E+0	1.801570E+2
2.465667E-2	3.947920E+3	0.000000E+0	1.803370E+2
2.467684E-2	3.947760E+3	0.000000E+0	1.805180E+2
2.468322E-2	3.947840E+3	0.000000E+0	1.807030E+2
2.470427E-2	3.948480E+3	0.000000E+0	1.808860E+2
2.471067E-2	3.949197E+3	0.000000E+0	1.810670E+2
2.473232E-2	3.949200E+3	0.000000E+0	1.812490E+2
2.473886E-2	3.949670E+3	0.000000E+0	1.814290E+2
2.475570E-2	3.949830E+3	0.000000E+0	1.816120E+2
2.476751E-2	3.949197E+3	0.000000E+0	1.817910E+2
2.478184E-2	3.948560E+3	0.000000E+0	1.819730E+2
2.479665E-2	3.948880E+3	0.000000E+0	1.821550E+2
2.480680E-2	3.949830E+3	0.000000E+0	1.823360E+2
2.482537E-2	3.949670E+3	0.000000E+0	1.825180E+2
2.483044E-2	3.949750E+3	0.000000E+0	1.826990E+2
2.485185E-2	3.949433E+3	0.000000E+0	1.828790E+2
2.485893E-2	3.948960E+3	0.000000E+0	1.830600E+2
2.488071E-2	3.949670E+3	0.000000E+0	1.832420E+2
2.488781E-2	3.950707E+3	0.000000E+0	1.834250E+2
2.490032E-2	3.951340E+3	0.000000E+0	1.836050E+2
2.491486E-2	3.951740E+3	0.000000E+0	1.837860E+2
2.492890E-2	3.952137E+3	0.000000E+0	1.839680E+2
2.494493E-2	3.952450E+3	0.000000E+0	1.841490E+2
2.495436E-2	3.952610E+3	0.000000E+0	1.843300E+2
2.497358E-2	3.953330E+3	0.000000E+0	1.845090E+2
2.497912E-2	3.954200E+3	0.000000E+0	1.846890E+2
2.500108E-2	3.953963E+3	0.000000E+0	1.848690E+2
2.500615E-2	3.953490E+3	0.000000E+0	1.850500E+2
2.502697E-2	3.953010E+3	0.000000E+0	1.852310E+2
2.503527E-2	3.952610E+3	0.000000E+0	1.854090E+2
2.504997E-2	3.952450E+3	0.000000E+0	1.855910E+2
2.506360E-2	3.953330E+3	0.000000E+0	1.857720E+2
2.507515E-2	3.954043E+3	0.000000E+0	1.859550E+2
2.509167E-2	3.954440E+3	0.000000E+0	1.861390E+2
2.509780E-2	3.953727E+3	0.000000E+0	1.863210E+2
2.511896E-2	3.952530E+3	0.000000E+0	1.865020E+2
2.512548E-2	3.952450E+3	0.000000E+0	1.866850E+2
2.514682E-2	3.952293E+3	0.000000E+0	1.868650E+2
2.515238E-2	3.951580E+3	0.000000E+0	1.870450E+2
2.517241E-2	3.951340E+3	0.000000E+0	1.872240E+2
2.518174E-2	3.951100E+3	0.000000E+0	1.874070E+2
2.519607E-2	3.951500E+3	0.000000E+0	1.875900E+2
2.521005E-2	3.952613E+3	0.000000E+0	1.877700E+2
2.522086E-2	3.954123E+3	0.000000E+0	1.879530E+2
2.523812E-2	3.954440E+3	0.000000E+0	1.881330E+2
2.524544E-2	3.954120E+3	0.000000E+0	1.883140E+2
2.526604E-2	3.954200E+3	0.000000E+0	1.884970E+2
2.527148E-2	3.954840E+3	0.000000E+0	1.886770E+2
2.529328E-2	3.955950E+3	0.000000E+0	1.888590E+2
2.529948E-2	3.956590E+3	0.000000E+0	1.890420E+2
2.531783E-2	3.956270E+3	0.000000E+0	1.892260E+2
2.532739E-2	3.955157E+3	0.000000E+0	1.894070E+2
2.534366E-2	3.954920E+3	0.000000E+0	1.895930E+2
2.535671E-2	3.955470E+3	0.000000E+0	1.897780E+2
2.536896E-2	3.956190E+3	0.000000E+0	1.899600E+2
2.538464E-2	3.957300E+3	0.000000E+0	1.901420E+2
2.539266E-2	3.957540E+3	0.000000E+0	1.903240E+2
2.541218E-2	3.957540E+3	0.000000E+0	1.905070E+2
2.541802E-2	3.957540E+3	0.000000E+0	1.906820E+2
2.543956E-2	3.957860E+3	0.000000E+0	1.908620E+2
2.544578E-2	3.958260E+3	0.000000E+0	1.910430E+2
2.546468E-2	3.958260E+3	0.000000E+0	1.912240E+2
2.547357E-2	3.958020E+3	0.000000E+0	1.914050E+2
2.548729E-2	3.957540E+3	0.000000E+0	1.915860E+2
2.550170E-2	3.956823E+3	0.000000E+0	1.917690E+2
2.551250E-2	3.956190E+3	0.000000E+0	1.919500E+2
2.552985E-2	3.955790E+3	0.000000E+0	1.921320E+2
2.553689E-2	3.955870E+3	0.000000E+0	1.923140E+2
2.555797E-2	3.956823E+3	0.000000E+0	1.924960E+2
2.556232E-2	3.957460E+3	0.000000E+0	1.926800E+2
2.558412E-2	3.957540E+3	0.000000E+0	1.928630E+2
2.559029E-2	3.957540E+3	0.000000E+0	1.930430E+2
2.560944E-2	3.957380E+3	0.000000E+0	1.932260E+2
2.561899E-2	3.957700E+3	0.000000E+0	1.934090E+2
2.563407E-2	3.958653E+3	0.000000E+0	1.935900E+2
2.564710E-2	3.959607E+3	0.000000E+0	1.937720E+2
2.565678E-2	3.959920E+3	0.000000E+0	1.939510E+2
2.567485E-2	3.959690E+3	0.000000E+0	1.941350E+2
2.568230E-2	3.959843E+3	0.000000E+0	1.943160E+2
2.570258E-2	3.960160E+3	0.000000E+0	1.944980E+2
2.570829E-2	3.960160E+3	0.000000E+0	1.946850E+2
2.572966E-2	3.959687E+3	0.000000E+0	1.948630E+2
2.573553E-2	3.959210E+3	0.000000E+0	1.950450E+2
2.575301E-2	3.958970E+3	0.000000E+0	1.952220E+2
2.576340E-2	3.958970E+3	0.000000E+0	1.954030E+2
2.577711E-2	3.959290E+3	0.000000E+0	1.955850E+2
2.579147E-2	3.959843E+3	0.000000E+0	1.957670E+2
2.580225E-2	3.960000E+3	0.000000E+0	1.959480E+2
2.581988E-2	3.960160E+3	0.000000E+0	1.961320E+2
2.582597E-2	3.960080E+3	0.000000E+0	1.963130E+2
2.584573E-2	3.960080E+3	0.000000E+0	1.964930E+2
2.585093E-2	3.960400E+3	0.000000E+0	1.966720E+2
2.587197E-2	3.960400E+3	0.000000E+0	1.968520E+2
2.587889E-2	3.960400E+3	0.000000E+0	1.970340E+2
2.589650E-2	3.960080E+3	0.000000E+0	1.972110E+2
2.590659E-2	3.959687E+3	0.000000E+0	1.973930E+2
2.591868E-2	3.959130E+3	0.000000E+0	1.975740E+2
2.593350E-2	3.959050E+3	0.000000E+0	1.977540E+2
2.594310E-2	3.959290E+3	0.000000E+0	1.979360E+2
2.596220E-2	3.959843E+3	0.000000E+0	1.981200E+2
2.596638E-2	3.959610E+3	0.000000E+0	1.983000E+2
2.598720E-2	3.959530E+3	0.000000E+0	1.984790E+2
2.599449E-2	3.959690E+3	0.000000E+0	1.986600E+2
2.601353E-2	3.959690E+3	0.000000E+0	1.988390E+2
2.602220E-2	3.959690E+3	0.000000E+0	1.990190E+2
2.603742E-2	3.959610E+3	0.000000E+0	1.992020E+2
2.605021E-2	3.958970E+3	0.000000E+0	1.993850E+2
2.606332E-2	3.958730E+3	0.000000E+0	1.995670E+2
2.607823E-2	3.958730E+3	0.000000E+0	1.997490E+2
2.608517E-2	3.959050E+3	0.000000E+0	1.999320E+2
2.610509E-2	3.959370E+3	0.000000E+0	2.001110E+2
2.611174E-2	3.959450E+3	0.000000E+0	2.002920E+2
2.613249E-2	3.959920E+3	0.000000E+0	2.004750E+2
2.613781E-2	3.960160E+3	0.000000E+0	2.006590E+2
2.615850E-2	3.960800E+3	0.000000E+0	2.008380E+2
2.616573E-2	3.960960E+3	0.000000E+0	2.010180E+2
2.617893E-2	3.960640E+3	0.000000E+0	2.011970E+2
2.619279E-2	3.959923E+3	0.000000E+0	2.013800E+2
2.620405E-2	3.959290E+3	0.000000E+0	2.015610E+2
2.622036E-2	3.959130E+3	0.000000E+0	2.017400E+2
2.622548E-2	3.958810E+3	0.000000E+0	2.019240E+2
2.624647E-2	3.959130E+3	0.000000E+0	2.021060E+2
2.625388E-2	3.959843E+3	0.000000E+0	2.022870E+2
2.627472E-2	3.959687E+3	0.000000E+0	2.024690E+2
2.628009E-2	3.959210E+3	0.000000E+0	2.026490E+2
2.629813E-2	3.959050E+3	0.000000E+0	2.028300E+2
2.630765E-2	3.958890E+3	0.000000E+0	2.030130E+2
2.632258E-2	3.958970E+3	0.000000E+0	2.031930E+2
2.633544E-2	3.959050E+3	0.000000E+0	2.033760E+2
2.634541E-2	3.959370E+3	0.000000E+0	2.035560E+2
2.636244E-2	3.959610E+3	0.000000E+0	2.037400E+2
2.636971E-2	3.959687E+3	0.000000E+0	2.039210E+2
2.638967E-2	3.960000E+3	0.000000E+0	2.041010E+2
2.639488E-2	3.960400E+3	0.000000E+0	2.042810E+2
2.641574E-2	3.960400E+3	0.000000E+0	2.044620E+2
2.642178E-2	3.960720E+3	0.000000E+0	2.046430E+2
2.643777E-2	3.960800E+3	0.000000E+0	2.048240E+2
2.644836E-2	3.960400E+3	0.000000E+0	2.050060E+2
2.646495E-2	3.959527E+3	0.000000E+0	2.051940E+2
2.647641E-2	3.958730E+3	0.000000E+0	2.053770E+2
2.648456E-2	3.959210E+3	0.000000E+0	2.055580E+2
2.650248E-2	3.960400E+3	0.000000E+0	2.057400E+2
2.651121E-2	3.961117E+3	0.000000E+0	2.059200E+2
2.653053E-2	3.961830E+3	0.000000E+0	2.061000E+2
2.653550E-2	3.962310E+3	0.000000E+0	2.062790E+2
2.655613E-2	3.962550E+3	0.000000E+0	2.064550E+2
2.656124E-2	3.961910E+3	0.000000E+0	2.066360E+2
2.657947E-2	3.961353E+3	0.000000E+0	2.068170E+2
2.658936E-2	3.960960E+3	0.000000E+0	2.069980E+2
2.660289E-2	3.960800E+3	0.000000E+0	2.071790E+2
2.661691E-2	3.960400E+3	0.000000E+0	2.073610E+2
2.662608E-2	3.960800E+3	0.000000E+0	2.075420E+2
2.664378E-2	3.960960E+3	0.000000E+0	2.077240E+2
2.665085E-2	3.961273E+3	0.000000E+0	2.079070E+2
2.667068E-2	3.961590E+3	0.000000E+0	2.080870E+2
2.667447E-2	3.961990E+3	0.000000E+0	2.082650E+2
2.669352E-2	3.962470E+3	0.000000E+0	2.084490E+2
2.670159E-2	3.963260E+3	0.000000E+0	2.086320E+2
2.671986E-2	3.963980E+3	0.000000E+0	2.088120E+2
2.672974E-2	3.964220E+3	0.000000E+0	2.089920E+2
2.674284E-2	3.964297E+3	0.000000E+0	2.091730E+2
2.675701E-2	3.964610E+3	0.000000E+0	2.093560E+2
2.675945E-2	3.964220E+3	0.000000E+0	2.095370E+2
2.676148E-2	3.964140E+3	0.000000E+0	2.097180E+2
2.676175E-2	3.963660E+3	0.000000E+0	2.098960E+2
2.676234E-2	3.963340E+3	0.000000E+0	2.100770E+2
2.676279E-2	3.963340E+3	0.000000E+0	2.102590E+2
2.676291E-2	3.963500E+3	0.000000E+0	2.104420E+2
2.676276E-2	3.963740E+3	0.000000E+0	2.106210E+2
2.676296E-2	3.963660E+3	0.000000E+0	2.108020E+2
2.676358E-2	3.963580E+3	0.000000E+0	2.109810E+2
2.676317E-2	3.964060E+3	0.000000E+0	2.111630E+2
2.676342E-2	3.964533E+3	0.000000E+0	2.113480E+2
2.676311E-2	3.964930E+3	0.000000E+0	2.115280E+2
2.676300E-2	3.964297E+3	0.000000E+0	2.117090E+2
2.676355E-2	3.963740E+3	0.000000E+0	2.118870E+2
2.676321E-2	3.964140E+3	0.000000E+0	2.120670E+2
2.676342E-2	3.964453E+3	0.000000E+0	2.122480E+2
2.676345E-2	3.964930E+3	0.000000E+0	2.124310E+2
2.676333E-2	3.964453E+3	0.000000E+0	2.126140E+2
2.676340E-2	3.963900E+3	0.000000E+0	2.127950E+2
2.676349E-2	3.962867E+3	0.000000E+0	2.129770E+2
2.676341E-2	3.961830E+3	0.000000E+0	2.131570E+2
2.676331E-2	3.961590E+3	0.000000E+0	2.133400E+2
2.676353E-2	3.962150E+3	0.000000E+0	2.135220E+2
2.676335E-2	3.963660E+3	0.000000E+0	2.137010E+2
2.676361E-2	3.964530E+3	0.000000E+0	2.138820E+2
2.676335E-2	3.963820E+3	0.000000E+0	2.140660E+2
2.676342E-2	3.962867E+3	0.000000E+0	2.142490E+2
2.676375E-2	3.962150E+3	0.000000E+0	2.144290E+2
2.676408E-2	3.961910E+3	0.000000E+0	2.146090E+2
2.676334E-2	3.961830E+3	0.000000E+0	2.147880E+2
2.676381E-2	3.962310E+3	0.000000E+0	2.149720E+2
2.676341E-2	3.962787E+3	0.000000E+0	2.151530E+2
2.676075E-2	3.962943E+3	0.000000E+0	2.153350E+2
2.676050E-2	3.962790E+3	0.000000E+0	2.155170E+2
2.675945E-2	3.963020E+3	0.000000E+0	2.156980E+2
2.676017E-2	3.962943E+3	0.000000E+0	2.158780E+2
2.675971E-2	3.962310E+3	0.000000E+0	2.160600E+2
2.675956E-2	3.962070E+3	0.000000E+0	2.162410E+2
2.675965E-2	3.962150E+3	0.000000E+0	2.164240E+2
2.675965E-2	3.962550E+3	0.000000E+0	2.166040E+2
2.675924E-2	3.962710E+3	0.000000E+0	2.167860E+2
2.675957E-2	3.962310E+3	0.000000E+0	2.169710E+2
2.675971E-2	3.961910E+3	0.000000E+0	2.171530E+2
2.675967E-2	3.962070E+3	0.000000E+0	2.173330E+2
2.675945E-2	3.963183E+3	0.000000E+0	2.175120E+2
2.675963E-2	3.964453E+3	0.000000E+0	2.176920E+2
2.675983E-2	3.964930E+3	0.000000E+0	2.178730E+2
2.675999E-2	3.965010E+3	0.000000E+0	2.180570E+2
2.675944E-2	3.965410E+3	0.000000E+0	2.182400E+2
2.675956E-2	3.965650E+3	0.000000E+0	2.184220E+2
2.675951E-2	3.965650E+3	0.000000E+0	2.186030E+2
2.676011E-2	3.965410E+3	0.000000E+0	2.187790E+2
2.675982E-2	3.965090E+3	0.000000E+0	2.189580E+2
2.675933E-2	3.964297E+3	0.000000E+0	2.191360E+2
2.675938E-2	3.963740E+3	0.000000E+0	2.193170E+2
2.675954E-2	3.963740E+3	0.000000E+0	2.195010E+2
2.675931E-2	3.963660E+3	0.000000E+0	2.196830E+2
2.675951E-2	3.963023E+3	0.000000E+0	2.198620E+2
2.675923E-2	3.962470E+3	0.000000E+0	2.200420E+2
2.675929E-2	3.962150E+3	0.000000E+0	2.202220E+2
2.675902E-2	3.962390E+3	0.000000E+0	2.204000E+2
2.675755E-2	3.962550E+3	0.000000E+0	2.205850E+2
2.675630E-2	3.962150E+3	0.000000E+0	2.207660E+2
2.675665E-2	3.962627E+3	0.000000E+0	2.209480E+2
2.675608E-2	3.963820E+3	0.000000E+0	2.211280E+2
2.675576E-2	3.964220E+3	0.000000E+0	2.213090E+2
2.675590E-2	3.963980E+3	0.000000E+0	2.214910E+2
2.675586E-2	3.964060E+3	0.000000E+0	2.216710E+2
2.675615E-2	3.964220E+3	0.000000E+0	2.218510E+2
2.675570E-2	3.964060E+3	0.000000E+0	2.220320E+2
2.675596E-2	3.963900E+3	0.000000E+0	2.222140E+2
2.675538E-2	3.964850E+3	0.000000E+0	2.223960E+2
2.675589E-2	3.965330E+3	0.000000E+0	2.225800E+2
2.675579E-2	3.965647E+3	0.000000E+0	2.227610E+2
2.675585E-2	3.966120E+3	0.000000E+0	2.229450E+2
2.675595E-2	3.966600E+3	0.000000E+0	2.231270E+2
2.675561E-2	3.965963E+3	0.000000E+0	2.233080E+2
2.675592E-2	3.965170E+3	0.000000E+0	2.234900E+2
2.675597E-2	3.964453E+3	0.000000E+0	2.236710E+2
2.675523E-2	3.963980E+3	0.000000E+0	2.238540E+2
2.675591E-2	3.964297E+3	0.000000E+0	2.240340E+2
2.675540E-2	3.965090E+3	0.000000E+0	2.242140E+2
2.675562E-2	3.965803E+3	0.000000E+0	2.243960E+2
2.675536E-2	3.965647E+3	0.000000E+0	2.245770E+2
2.675546E-2	3.965410E+3	0.000000E+0	2.247590E+2
2.675595E-2	3.965727E+3	0.000000E+0	2.249430E+2
2.675577E-2	3.965803E+3	0.000000E+0	2.251220E+2
2.675601E-2	3.965170E+3	0.000000E+0	2.253030E+2
2.675618E-2	3.964530E+3	0.000000E+0	2.254860E+2
2.675576E-2	3.964220E+3	0.000000E+0	2.256660E+2
2.675552E-2	3.964450E+3	0.000000E+0	2.258460E+2
2.675574E-2	3.964450E+3	0.000000E+0	2.260280E+2
2.675601E-2	3.964297E+3	0.000000E+0	2.262120E+2
2.675557E-2	3.963820E+3	0.000000E+0	2.263930E+2
2.675610E-2	3.963340E+3	0.000000E+0	2.265720E+2
2.675585E-2	3.963260E+3	0.000000E+0	2.267530E+2
2.675599E-2	3.963980E+3	0.000000E+0	2.269360E+2
2.675556E-2	3.964450E+3	0.000000E+0	2.271140E+2
2.675605E-2	3.964450E+3	0.000000E+0	2.272960E+2
2.675566E-2	3.964690E+3	0.000000E+0	2.274770E+2
2.675574E-2	3.964610E+3	0.000000E+0	2.276630E+2
2.675592E-2	3.964373E+3	0.000000E+0	2.278440E+2
2.675607E-2	3.965010E+3	0.000000E+0	2.280260E+2
2.675556E-2	3.965250E+3	0.000000E+0	2.282070E+2
2.675646E-2	3.964533E+3	0.000000E+0	2.283870E+2
2.675606E-2	3.964060E+3	0.000000E+0	2.285700E+2
2.675572E-2	3.964930E+3	0.000000E+0	2.287500E+2
2.675598E-2	3.965410E+3	0.000000E+0	2.289320E+2
2.675552E-2	3.965250E+3	0.000000E+0	2.291120E+2
2.675635E-2	3.964930E+3	0.000000E+0	2.292920E+2
2.675585E-2	3.964930E+3	0.000000E+0	2.294710E+2
2.675567E-2	3.965330E+3	0.000000E+0	2.296520E+2
2.675574E-2	3.965410E+3	0.000000E+0	2.298340E+2
2.675582E-2	3.965650E+3	0.000000E+0	2.300150E+2
2.675564E-2	3.965410E+3	0.000000E+0	2.301940E+2
2.675608E-2	3.965010E+3	0.000000E+0	2.303740E+2
2.675594E-2	3.965090E+3	0.000000E+0	2.305540E+2
2.675546E-2	3.964533E+3	0.000000E+0	2.307330E+2
2.675593E-2	3.964060E+3	0.000000E+0	2.309160E+2
2.675570E-2	3.964297E+3	0.000000E+0	2.310950E+2
2.675576E-2	3.964850E+3	0.000000E+0	2.312760E+2
2.675592E-2	3.964690E+3	0.000000E+0	2.314590E+2
2.675582E-2	3.963980E+3	0.000000E+0	2.316390E+2
2.675597E-2	3.963740E+3	0.000000E+0	2.318190E+2
2.675562E-2	3.963820E+3	0.000000E+0	2.319980E+2
2.675582E-2	3.964377E+3	0.000000E+0	2.321780E+2
2.675590E-2	3.965170E+3	0.000000E+0	2.323600E+2
2.675600E-2	3.965883E+3	0.000000E+0	2.325410E+2
2.675540E-2	3.966680E+3	0.000000E+0	2.327230E+2
2.675601E-2	3.967080E+3	0.000000E+0	2.329070E+2
2.675580E-2	3.966600E+3	0.000000E+0	2.330880E+2
2.675589E-2	3.966360E+3	0.000000E+0	2.332710E+2
2.675580E-2	3.966997E+3	0.000000E+0	2.334540E+2
2.675591E-2	3.967950E+3	0.000000E+0	2.336350E+2
2.675603E-2	3.968270E+3	0.000000E+0	2.338180E+2
2.675585E-2	3.967950E+3	0.000000E+0	2.340000E+2
2.675585E-2	3.967077E+3	0.000000E+0	2.341820E+2
2.675598E-2	3.966520E+3	0.000000E+0	2.343620E+2
2.675578E-2	3.965803E+3	0.000000E+0	2.345460E+2
2.675618E-2	3.965410E+3	0.000000E+0	2.347320E+2
2.675566E-2	3.966280E+3	0.000000E+0	2.349170E+2
2.675568E-2	3.967000E+3	0.000000E+0	2.351010E+2
2.675592E-2	3.967313E+3	0.000000E+0	2.352850E+2
2.675595E-2	3.967630E+3	0.000000E+0	2.354680E+2
2.675549E-2	3.967710E+3	0.000000E+0	2.356530E+2
2.675570E-2	3.967550E+3	0.000000E+0	2.358340E+2
2.675576E-2	3.967550E+3	0.000000E+0	2.360150E+2
2.675624E-2	3.967233E+3	0.000000E+0	2.361960E+2
2.675570E-2	3.966040E+3	0.000000E+0	2.363780E+2
2.675593E-2	3.965490E+3	0.000000E+0	2.365590E+2
2.675583E-2	3.965647E+3	0.000000E+0	2.367420E+2
2.675624E-2	3.966280E+3	0.000000E+0	2.369220E+2
2.675582E-2	3.966600E+3	0.000000E+0	2.371050E+2
2.675590E-2	3.966600E+3	0.000000E+0	2.372850E+2
2.675601E-2	3.966920E+3	0.000000E+0	2.374670E+2
2.675596E-2	3.967870E+3	0.000000E+0	2.376470E+2
2.675642E-2	3.968670E+3	0.000000E+0	2.378250E+2
2.675618E-2	3.968750E+3	0.000000E+0	2.380060E+2
2.675585E-2	3.967870E+3	0.000000E+0	2.381870E+2
2.675609E-2	3.966840E+3	0.000000E+0	2.383700E+2
2.675623E-2	3.966760E+3	0.000000E+0	2.385480E+2
2.675636E-2	3.966840E+3	0.000000E+0	2.387260E+2
2.675628E-2	3.966840E+3	0.000000E+0	2.389080E+2
2.675639E-2	3.966600E+3	0.000000E+0	2.390950E+2
2.675581E-2	3.966360E+3	0.000000E+0	2.392760E+2
2.675582E-2	3.965880E+3	0.000000E+0	2.394560E+2
2.675609E-2	3.965880E+3	0.000000E+0	2.396370E+2
2.675603E-2	3.966280E+3	0.000000E+0	2.398150E+2
2.675598E-2	3.966280E+3	0.000000E+0	2.399950E+2
2.675594E-2	3.966440E+3	0.000000E+0	2.401780E+2
2.675599E-2	3.967157E+3	0.000000E+0	2.403580E+2
2.675563E-2	3.967710E+3	0.000000E+0	2.405400E+2
2.675591E-2	3.967950E+3	0.000000E+0	2.407210E+2
2.675616E-2	3.968510E+3	0.000000E+0	2.409030E+2
2.675595E-2	3.968750E+3	0.000000E+0	2.410820E+2
2.675581E-2	3.968510E+3	0.000000E+0	2.412600E+2
2.675583E-2	3.967553E+3	0.000000E+0	2.414430E+2
2.675561E-2	3.966360E+3	0.000000E+0	2.416270E+2
2.675620E-2	3.966120E+3	0.000000E+0	2.418090E+2
2.675627E-2	3.966840E+3	0.000000E+0	2.419900E+2
2.675568E-2	3.967630E+3	0.000000E+0	2.421730E+2
2.675606E-2	3.968030E+3	0.000000E+0	2.423570E+2
2.675623E-2	3.968270E+3	0.000000E+0	2.425390E+2
2.675553E-2	3.968590E+3	0.000000E+0	2.427220E+2
2.675548E-2	3.969300E+3	0.000000E+0	2.429050E+2
2.675590E-2	3.969220E+3	0.000000E+0	2.430880E+2
2.675562E-2	3.968827E+3	0.000000E+0	2.432650E+2
2.675573E-2	3.968350E+3	0.000000E+0	2.434480E+2
2.675600E-2	3.968350E+3	0.000000E+0	2.436290E+2
2.675593E-2	3.968750E+3	0.000000E+0	2.438110E+2
2.675542E-2	3.968510E+3	0.000000E+0	2.439870E+2
2.675558E-2	3.968110E+3	0.000000E+0	2.441680E+2
2.675604E-2	3.968190E+3	0.000000E+0	2.443470E+2
2.675544E-2	3.968270E+3	0.000000E+0	2.445310E+2
2.675606E-2	3.968270E+3	0.000000E+0	2.447160E+2
2.675564E-2	3.968270E+3	0.000000E+0	2.448970E+2
2.675576E-2	3.967790E+3	0.000000E+0	2.450760E+2
2.675597E-2	3.967470E+3	0.000000E+0	2.452600E+2
2.675523E-2	3.967077E+3	0.000000E+0	2.454430E+2
2.675562E-2	3.966840E+3	0.000000E+0	2.456240E+2
2.675516E-2	3.967000E+3	0.000000E+0	2.458050E+2
2.675561E-2	3.968030E+3	0.000000E+0	2.459860E+2
2.675588E-2	3.969380E+3	0.000000E+0	2.461670E+2
2.675589E-2	3.970257E+3	0.000000E+0	2.463490E+2
2.675597E-2	3.970333E+3	0.000000E+0	2.465300E+2
2.675553E-2	3.970257E+3	0.000000E+0	2.467130E+2
2.675565E-2	3.969780E+3	0.000000E+0	2.468930E+2
2.675567E-2	3.969140E+3	0.000000E+0	2.470730E+2
2.675599E-2	3.968750E+3	0.000000E+0	2.472550E+2
2.675590E-2	3.968750E+3	0.000000E+0	2.474360E+2
2.675581E-2	3.968750E+3	0.000000E+0	2.476180E+2
2.675649E-2	3.968983E+3	0.000000E+0	2.477970E+2
2.675555E-2	3.969700E+3	0.000000E+0	2.479790E+2
2.675584E-2	3.969940E+3	0.000000E+0	2.481610E+2
2.675574E-2	3.969540E+3	0.000000E+0	2.483420E+2
2.675578E-2	3.969300E+3	0.000000E+0	2.485240E+2
2.675588E-2	3.969860E+3	0.000000E+0	2.487040E+2
2.675618E-2	3.969460E+3	0.000000E+0	2.488840E+2
2.675606E-2	3.969060E+3	0.000000E+0	2.490680E+2
2.675612E-2	3.969220E+3	0.000000E+0	2.492500E+2
2.675523E-2	3.969220E+3	0.000000E+0	2.494310E+2
2.675607E-2	3.969460E+3	0.000000E+0	2.496110E+2
2.675601E-2	3.970333E+3	0.000000E+0	2.497920E+2
2.675637E-2	3.971370E+3	0.000000E+0	2.499740E+2
2.675615E-2	3.971607E+3	0.000000E+0	2.501550E+2
2.675615E-2	3.970970E+3	0.000000E+0	2.503360E+2
2.675612E-2	3.970177E+3	0.000000E+0	2.505170E+2
2.675585E-2	3.969940E+3	0.000000E+0	2.506980E+2
2.675598E-2	3.970020E+3	0.000000E+0	2.508820E+2
2.675557E-2	3.970410E+3	0.000000E+0	2.510650E+2
2.675602E-2	3.969780E+3	0.000000E+0	2.512430E+2
2.675615E-2	3.969220E+3	0.000000E+0	2.514230E+2
2.675566E-2	3.969060E+3	0.000000E+0	2.516040E+2
2.675554E-2	3.968903E+3	0.000000E+0	2.517860E+2
2.675596E-2	3.968670E+3	0.000000E+0	2.519670E+2
2.675586E-2	3.968190E+3	0.000000E+0	2.521490E+2
2.675634E-2	3.967790E+3	0.000000E+0	2.523330E+2
2.675614E-2	3.968190E+3	0.000000E+0	2.525160E+2
2.675587E-2	3.968510E+3	0.000000E+0	2.526960E+2
2.675557E-2	3.968903E+3	0.000000E+0	2.528770E+2
2.675580E-2	3.968827E+3	0.000000E+0	2.530610E+2
2.675646E-2	3.968270E+3	0.000000E+0	2.532400E+2
2.675649E-2	3.968110E+3	0.000000E+0	2.534210E+2
2.675615E-2	3.968590E+3	0.000000E+0	2.536030E+2
2.675602E-2	3.969220E+3	0.000000E+0	2.537850E+2
2.675601E-2	3.969060E+3	0.000000E+0	2.539700E+2
2.675608E-2	3.968750E+3	0.000000E+0	2.541560E+2
2.675606E-2	3.968750E+3	0.000000E+0	2.543410E+2
2.675592E-2	3.968750E+3	0.000000E+0	2.545230E+2
2.675573E-2	3.968750E+3	0.000000E+0	2.547080E+2
2.675576E-2	3.968907E+3	0.000000E+0	2.548940E+2
2.675622E-2	3.969380E+3	0.000000E+0	2.550790E+2
2.675573E-2	3.969220E+3	0.000000E+0	2.552600E+2
2.675585E-2	3.969220E+3	0.000000E+0	2.554390E+2
2.675566E-2	3.969220E+3	0.000000E+0	2.556240E+2
2.675691E-2	3.969220E+3	0.000000E+0	2.558050E+2
2.675604E-2	3.969220E+3	0.000000E+0	2.559850E+2
2.675567E-2	3.969540E+3	0.000000E+0	2.561680E+2
2.675626E-2	3.970413E+3	0.000000E+0	2.563480E+2
2.675669E-2	3.970970E+3	0.000000E+0	2.565300E+2
2.675594E-2	3.971607E+3	0.000000E+0	2.567110E+2
2.675639E-2	3.971920E+3	0.000000E+0	2.568940E+2
2.675623E-2	3.971610E+3	0.000000E+0	2.570740E+2
2.675607E-2	3.971450E+3	0.000000E+0	2.572540E+2
2.675602E-2	3.970810E+3	0.000000E+0	2.574350E+2
2.675595E-2	3.969940E+3	0.000000E+0	2.576130E+2
2.675515E-2	3.969460E+3	0.000000E+0	2.578020E+2
2.675543E-2	3.969700E+3	0.000000E+0	2.579840E+2
2.675596E-2	3.969940E+3	0.000000E+0	2.581660E+2
2.675619E-2	3.969940E+3	0.000000E+0	2.583470E+2
2.675602E-2	3.970253E+3	0.000000E+0	2.585300E+2
2.675576E-2	3.970570E+3	0.000000E+0	2.587130E+2
2.675557E-2	3.970257E+3	0.000000E+0	2.588900E+2
2.675582E-2	3.969860E+3	0.000000E+0	2.590690E+2
2.675583E-2	3.969140E+3	0.000000E+0	2.592490E+2
2.675580E-2	3.968980E+3	0.000000E+0	2.594320E+2
2.675611E-2	3.968827E+3	0.000000E+0	2.596120E+2
2.675538E-2	3.968510E+3	0.000000E+0	2.597920E+2
2.675600E-2	3.968270E+3	0.000000E+0	2.599740E+2
2.675553E-2	3.968670E+3	0.000000E+0	2.601530E+2
2.675605E-2	3.969220E+3	0.000000E+0	2.603340E+2
2.675603E-2	3.969940E+3	0.000000E+0	2.605130E+2
2.675578E-2	3.970410E+3	0.000000E+0	2.606960E+2
2.675589E-2	3.970020E+3	0.000000E+0	2.608770E+2
2.675566E-2	3.969380E+3	0.000000E+0	2.610570E+2
2.675580E-2	3.969300E+3	0.000000E+0	2.612400E+2
2.675575E-2	3.969380E+3	0.000000E+0	2.614200E+2
2.675586E-2	3.969300E+3	0.000000E+0	2.616020E+2
2.675639E-2	3.969700E+3	0.000000E+0	2.617800E+2
2.675546E-2	3.969860E+3	0.000000E+0	2.619620E+2
2.675591E-2	3.969860E+3	0.000000E+0	2.621460E+2
2.675588E-2	3.970180E+3	0.000000E+0	2.623230E+2
2.675557E-2	3.970020E+3	0.000000E+0	2.625050E+2
2.675614E-2	3.969540E+3	0.000000E+0	2.626870E+2
2.675604E-2	3.969220E+3	0.000000E+0	2.628680E+2
2.675558E-2	3.969540E+3	0.000000E+0	2.630490E+2
2.675550E-2	3.970020E+3	0.000000E+0	2.632290E+2
2.675591E-2	3.970020E+3	0.000000E+0	2.634110E+2
2.675547E-2	3.969700E+3	0.000000E+0	2.635920E+2
2.675598E-2	3.969460E+3	0.000000E+0	2.637740E+2
2.675553E-2	3.970097E+3	0.000000E+0	2.639550E+2
2.675586E-2	3.970730E+3	0.000000E+0	2.641360E+2
2.675624E-2	3.970650E+3	0.000000E+0	2.643190E+2
2.675553E-2	3.970410E+3	0.000000E+0	2.645020E+2
2.675561E-2	3.970490E+3	0.000000E+0	2.646830E+2
2.675590E-2	3.971290E+3	0.000000E+0	2.648630E+2
2.675536E-2	3.971840E+3	0.000000E+0	2.650420E+2
2.675610E-2	3.971920E+3	0.000000E+0	2.652220E+2
2.675557E-2	3.971450E+3	0.000000E+0	2.654040E+2
2.675558E-2	3.971210E+3	0.000000E+0	2.655840E+2
2.675594E-2	3.970810E+3	0.000000E+0	2.657670E+2
2.675532E-2	3.970810E+3	0.000000E+0	2.659480E+2
2.675579E-2	3.971130E+3	0.000000E+0	2.661280E+2
2.675561E-2	3.970810E+3	0.000000E+0	2.663100E+2
2.675542E-2	3.970333E+3	0.000000E+0	2.664910E+2
2.675562E-2	3.970020E+3	0.000000E+0	2.666700E+2
2.675594E-2	3.969860E+3	0.000000E+0	2.668510E+2
2.675522E-2	3.970100E+3	0.000000E+0	2.670320E+2
2.675582E-2	3.970413E+3	0.000000E+0	2.672170E+2
2.675532E-2	3.971290E+3	0.000000E+0	2.673970E+2
2.675555E-2	3.971840E+3	0.000000E+0	2.675790E+2
2.675574E-2	3.971763E+3	0.000000E+0	2.677600E+2
2.675574E-2	3.971763E+3	0.000000E+0	2.679400E+2
2.675517E-2	3.971290E+3	0.000000E+0	2.681230E+2
2.675556E-2	3.971210E+3	0.000000E+0	2.683090E+2
2.675576E-2	3.971290E+3	0.000000E+0	2.684900E+2
2.675547E-2	3.970970E+3	0.000000E+0	2.686720E+2
2.675592E-2	3.970890E+3	0.000000E+0	2.688530E+2
2.675589E-2	3.970890E+3	0.000000E+0	2.690360E+2
2.675603E-2	3.971210E+3	0.000000E+0	2.692150E+2
2.675533E-2	3.971450E+3	0.000000E+0	2.693960E+2
2.675525E-2	3.972080E+3	0.000000E+0	2.695780E+2
2.675524E-2	3.972560E+3	0.000000E+0	2.697590E+2
2.675554E-2	3.972320E+3	0.000000E+0	2.699450E+2
2.675569E-2	3.971687E+3	0.000000E+0	2.701260E+2
2.675492E-2	3.971450E+3	0.000000E+0	2.703090E+2
2.675536E-2	3.971370E+3	0.000000E+0	2.704910E+2
2.675602E-2	3.970890E+3	0.000000E+0	2.706690E+2
2.675549E-2	3.970410E+3	0.000000E+0	2.708490E+2
2.675547E-2	3.970100E+3	0.000000E+0	2.710310E+2
2.675583E-2	3.969700E+3	0.000000E+0	2.712110E+2
2.675572E-2	3.969540E+3	0.000000E+0	2.713900E+2
2.675554E-2	3.970097E+3	0.000000E+0	2.715730E+2
2.675582E-2	3.970333E+3	0.000000E+0	2.717540E+2
2.675579E-2	3.970100E+3	0.000000E+0	2.719340E+2
2.675577E-2	3.970410E+3	0.000000E+0	2.721160E+2
2.675554E-2	3.970570E+3	0.000000E+0	2.722930E+2
2.675521E-2	3.970410E+3	0.000000E+0	2.724760E+2
2.675554E-2	3.970410E+3	0.000000E+0	2.726560E+2
2.675627E-2	3.970410E+3	0.000000E+0	2.728390E+2
2.675520E-2	3.970410E+3	0.000000E+0	2.730200E+2
2.675629E-2	3.970257E+3	0.000000E+0	2.732010E+2
2.675575E-2	3.970020E+3	0.000000E+0	2.733820E+2
2.675569E-2	3.969780E+3	0.000000E+0	2.735620E+2
2.675550E-2	3.969300E+3	0.000000E+0	2.737450E+2
2.675555E-2	3.970017E+3	0.000000E+0	2.739230E+2
2.675602E-2	3.971290E+3	0.000000E+0	2.741030E+2
2.675540E-2	3.972000E+3	0.000000E+0	2.742830E+2
2.675609E-2	3.972160E+3	0.000000E+0	2.744630E+2
2.675545E-2	3.972560E+3	0.000000E+0	2.746430E+2
2.675585E-2	3.972800E+3	0.000000E+0	2.748260E+2
2.675596E-2	3.972720E+3	0.000000E+0	2.750090E+2
2.675579E-2	3.972640E+3	0.000000E+0	2.751900E+2
2.675612E-2	3.972800E+3	0.000000E+0	2.753720E+2
2.675610E-2	3.972480E+3	0.000000E+0	2.755490E+2
2.675543E-2	3.972080E+3	0.000000E+0	2.757320E+2
2.675606E-2	3.972080E+3	0.000000E+0	2.759120E+2
2.675563E-2	3.972080E+3	0.000000E+0	2.760910E+2
2.675596E-2	3.972560E+3	0.000000E+0	2.762740E+2
2.675581E-2	3.974230E+3	0.000000E+0	2.764550E+2
2.675627E-2	3.974787E+3	0.000000E+0	2.766350E+2
2.675620E-2	3.974630E+3	0.000000E+0	2.768170E+2
2.675553E-2	3.974230E+3	0.000000E+0	2.769980E+2
2.675625E-2	3.974470E+3	0.000000E+0	2.771810E+2
2.675617E-2	3.974310E+3	0.000000E+0	2.773630E+2
2.675604E-2	3.974230E+3	0.000000E+0	2.775420E+2
2.675582E-2	3.974230E+3	0.000000E+0	2.777300E+2
2.675581E-2	3.974707E+3	0.000000E+0	2.779150E+2
2.675599E-2	3.975180E+3	0.000000E+0	2.780980E+2
2.675530E-2	3.974787E+3	0.000000E+0	2.782790E+2
2.675653E-2	3.974230E+3	0.000000E+0	2.784620E+2
2.675619E-2	3.973513E+3	0.000000E+0	2.786420E+2
2.675588E-2	3.972960E+3	0.000000E+0	2.788210E+2
2.675580E-2	3.972720E+3	0.000000E+0	2.790010E+2
2.675549E-2	3.973200E+3	0.000000E+0	2.791850E+2
2.675556E-2	3.973510E+3	0.000000E+0	2.793710E+2
2.675610E-2	3.973590E+3	0.000000E+0	2.795520E+2
2.675601E-2	3.973750E+3	0.000000E+0	2.797320E+2
2.675561E-2	3.973910E+3	0.000000E+0	2.799110E+2
2.675545E-2	3.973990E+3	0.000000E+0	2.800900E+2
2.675584E-2	3.973830E+3	0.000000E+0	2.802730E+2
2.675595E-2	3.974230E+3	0.000000E+0	2.804540E+2
2.675579E-2	3.974310E+3	0.000000E+0	2.806320E+2
2.675563E-2	3.974150E+3	0.000000E+0	2.808120E+2
2.675632E-2	3.974070E+3	0.000000E+0	2.809920E+2
2.675575E-2	3.975183E+3	0.000000E+0	2.811770E+2
2.675578E-2	3.976060E+3	0.000000E+0	2.813570E+2
2.675500E-2	3.976060E+3	0.000000E+0	2.815340E+2
2.675562E-2	3.975500E+3	0.000000E+0	2.817120E+2
2.675572E-2	3.975100E+3	0.000000E+0	2.818940E+2
2.675529E-2	3.974710E+3	0.000000E+0	2.820760E+2
2.675611E-2	3.974710E+3	0.000000E+0	2.822570E+2
2.675587E-2	3.974943E+3	0.000000E+0	2.824380E+2
2.675605E-2	3.975340E+3	0.000000E+0	2.826170E+2
2.675550E-2	3.975180E+3	0.000000E+0	2.827970E+2
2.675585E-2	3.975500E+3	0.000000E+0	2.829780E+2
2.675535E-2	3.976293E+3	0.000000E+0	2.831580E+2
2.675522E-2	3.976293E+3	0.000000E+0	2.833400E+2
2.675588E-2	3.975820E+3	0.000000E+0	2.835220E+2
2.675600E-2	3.975420E+3	0.000000E+0	2.837030E+2
2.675531E-2	3.975500E+3	0.000000E+0	2.838870E+2
2.675568E-2	3.975900E+3	0.000000E+0	2.840690E+2
2.675527E-2	3.975500E+3	0.000000E+0	2.842510E+2
2.675587E-2	3.974707E+3	0.000000E+0	2.844300E+2
2.675593E-2	3.974150E+3	0.000000E+0	2.846150E+2
2.675545E-2	3.973830E+3	0.000000E+0	2.848000E+2
2.675508E-2	3.974943E+3	0.000000E+0	2.849820E+2
2.675537E-2	3.975900E+3	0.000000E+0	2.851630E+2
2.675564E-2	3.976850E+3	0.000000E+0	2.853430E+2
2.675559E-2	3.977410E+3	0.000000E+0	2.855250E+2
2.675568E-2	3.977570E+3	0.000000E+0	2.857060E+2
2.675572E-2	3.977570E+3	0.000000E+0	2.858880E+2
2.675619E-2	3.977490E+3	0.000000E+0	2.860710E+2
2.675543E-2	3.976850E+3	0.000000E+0	2.862530E+2
2.675598E-2	3.976370E+3	0.000000E+0	2.864360E+2
2.675578E-2	3.976850E+3	0.000000E+0	2.866200E+2
2.675517E-2	3.977490E+3	0.000000E+0	2.867990E+2
2.675553E-2	3.977410E+3	0.000000E+0	2.869790E+2
2.675537E-2	3.976610E+3	0.000000E+0	2.871590E+2
2.675592E-2	3.976137E+3	0.000000E+0	2.873420E+2
2.675578E-2	3.976137E+3	0.000000E+0	2.875230E+2
2.675583E-2	3.976450E+3	0.000000E+0	2.877050E+2
2.675580E-2	3.976213E+3	0.000000E+0	2.878880E+2
2.675577E-2	3.975660E+3	0.000000E+0	2.880730E+2
2.675560E-2	3.975580E+3	0.000000E+0	2.882560E+2
2.675575E-2	3.976293E+3	0.000000E+0	2.884340E+2
2.675575E-2	3.977010E+3	0.000000E+0	2.886110E+2
2.675571E-2	3.977490E+3	0.000000E+0	2.887930E+2
2.675503E-2	3.977570E+3	0.000000E+0	2.889730E+2
2.675545E-2	3.977570E+3	0.000000E+0	2.891520E+2
2.675533E-2	3.977250E+3	0.000000E+0	2.893360E+2
2.675554E-2	3.976770E+3	0.000000E+0	2.895150E+2
2.675492E-2	3.976370E+3	0.000000E+0	2.896970E+2
2.675533E-2	3.976850E+3	0.000000E+0	2.898780E+2
2.675518E-2	3.977963E+3	0.000000E+0	2.900600E+2
2.675557E-2	3.978760E+3	0.000000E+0	2.902410E+2
2.675540E-2	3.978360E+3	0.000000E+0	2.904230E+2
2.675526E-2	3.977963E+3	0.000000E+0	2.906040E+2
2.675511E-2	3.977570E+3	0.000000E+0	2.907860E+2
2.675592E-2	3.977963E+3	0.000000E+0	2.909700E+2
2.675521E-2	3.978280E+3	0.000000E+0	2.911510E+2
2.675542E-2	3.978280E+3	0.000000E+0	2.913320E+2
2.675505E-2	3.977887E+3	0.000000E+0	2.915120E+2
2.675512E-2	3.977570E+3	0.000000E+0	2.916930E+2
2.675563E-2	3.977410E+3	0.000000E+0	2.918760E+2
2.675550E-2	3.977170E+3	0.000000E+0	2.920580E+2
2.675537E-2	3.977090E+3	0.000000E+0	2.922400E+2
2.675528E-2	3.976850E+3	0.000000E+0	2.924220E+2
2.675555E-2	3.977010E+3	0.000000E+0	2.926020E+2
2.675548E-2	3.977090E+3	0.000000E+0	2.927830E+2
2.675518E-2	3.977090E+3	0.000000E+0	2.929650E+2
2.675540E-2	3.977010E+3	0.000000E+0	2.931460E+2
2.675485E-2	3.976610E+3	0.000000E+0	2.933280E+2
2.675574E-2	3.976850E+3	0.000000E+0	2.935050E+2
2.675519E-2	3.977250E+3	0.000000E+0	2.936850E+2
2.675521E-2	3.977570E+3	0.000000E+0	2.938660E+2
2.675545E-2	3.977570E+3	0.000000E+0	2.940480E+2
2.675520E-2	3.977490E+3	0.000000E+0	2.942300E+2
2.675554E-2	3.977090E+3	0.000000E+0	2.944110E+2
2.675541E-2	3.977090E+3	0.000000E+0	2.945930E+2
2.675487E-2	3.976930E+3	0.000000E+0	2.947740E+2
2.675522E-2	3.977410E+3	0.000000E+0	2.949540E+2
2.675520E-2	3.978123E+3	0.000000E+0	2.951360E+2
2.675541E-2	3.978760E+3	0.000000E+0	2.953170E+2
2.675507E-2	3.978280E+3	0.000000E+0	2.955010E+2
2.675541E-2	3.977807E+3	0.000000E+0	2.956830E+2
2.675516E-2	3.977410E+3	0.000000E+0	2.958660E+2
2.675567E-2	3.977090E+3	0.000000E+0	2.960470E+2
2.675503E-2	3.977330E+3	0.000000E+0	2.962300E+2
2.675506E-2	3.977963E+3	0.000000E+0	2.964110E+2
2.675473E-2	3.978280E+3	0.000000E+0	2.965920E+2
2.675519E-2	3.978280E+3	0.000000E+0	2.967730E+2
2.675518E-2	3.977963E+3	0.000000E+0	2.969530E+2
2.675532E-2	3.977570E+3	0.000000E+0	2.971330E+2
2.675525E-2	3.977090E+3	0.000000E+0	2.973130E+2
2.675490E-2	3.977090E+3	0.000000E+0	2.974950E+2
2.675545E-2	3.977250E+3	0.000000E+0	2.976750E+2
2.675477E-2	3.977727E+3	0.000000E+0	2.978530E+2
2.675486E-2	3.978120E+3	0.000000E+0	2.980330E+2
2.675455E-2	3.978680E+3	0.000000E+0	2.982150E+2
2.675479E-2	3.978760E+3	0.000000E+0	2.983950E+2
2.675557E-2	3.977963E+3	0.000000E+0	2.985770E+2
2.675532E-2	3.977330E+3	0.000000E+0	2.987660E+2
2.675496E-2	3.976930E+3	0.000000E+0	2.989490E+2
2.675525E-2	3.976610E+3	0.000000E+0	2.991310E+2
2.675512E-2	3.976850E+3	0.000000E+0	2.993170E+2
2.675503E-2	3.977250E+3	0.000000E+0	2.994990E+2
2.675522E-2	3.977490E+3	0.000000E+0	2.996820E+2
2.675523E-2	3.977807E+3	0.000000E+0	2.998690E+2
2.675553E-2	3.977650E+3	0.000000E+0	3.000500E+2
2.675500E-2	3.977410E+3	0.000000E+0	3.002280E+2
2.675532E-2	3.976930E+3	0.000000E+0	3.004110E+2
2.675525E-2	3.976370E+3	0.000000E+0	3.005940E+2
2.675539E-2	3.976450E+3	0.000000E+0	3.007770E+2
2.675604E-2	3.977330E+3	0.000000E+0	3.009580E+2
2.675533E-2	3.977570E+3	0.000000E+0	3.011410E+2
2.675492E-2	3.977170E+3	0.000000E+0	3.013240E+2
2.675557E-2	3.976373E+3	0.000000E+0	3.015070E+2
2.675551E-2	3.975183E+3	0.000000E+0	3.016910E+2
2.675565E-2	3.974470E+3	0.000000E+0	3.018710E+2
2.675561E-2	3.974470E+3	0.000000E+0	3.020500E+2
2.675579E-2	3.974550E+3	0.000000E+0	3.022290E+2
2.675519E-2	3.974943E+3	0.000000E+0	3.024130E+2
2.675535E-2	3.975420E+3	0.000000E+0	3.025940E+2
2.675511E-2	3.975340E+3	0.000000E+0	3.027760E+2
2.675541E-2	3.975180E+3	0.000000E+0	3.029570E+2
2.675506E-2	3.975340E+3	0.000000E+0	3.031400E+2
2.675502E-2	3.975180E+3	0.000000E+0	3.033220E+2
2.675511E-2	3.975340E+3	0.000000E+0	3.035020E+2
2.675553E-2	3.975740E+3	0.000000E+0	3.036830E+2
2.675530E-2	3.976217E+3	0.000000E+0	3.038630E+2
2.675544E-2	3.976610E+3	0.000000E+0	3.040440E+2
2.675499E-2	3.976690E+3	0.000000E+0	3.042250E+2
2.675555E-2	3.975660E+3	0.000000E+0	3.044120E+2
2.675509E-2	3.974310E+3	0.000000E+0	3.045950E+2
2.675514E-2	3.973830E+3	0.000000E+0	3.047750E+2
2.675514E-2	3.974150E+3	0.000000E+0	3.049560E+2
2.675536E-2	3.973750E+3	0.000000E+0	3.051420E+2
2.675527E-2	3.974547E+3	0.000000E+0	3.053270E+2
2.675530E-2	3.975897E+3	0.000000E+0	3.055100E+2
2.675496E-2	3.976370E+3	0.000000E+0	3.056930E+2
2.675538E-2	3.976450E+3	0.000000E+0	3.058760E+2
2.675543E-2	3.977010E+3	0.000000E+0	3.060570E+2
2.675518E-2	3.977090E+3	0.000000E+0	3.062380E+2
2.675467E-2	3.976770E+3	0.000000E+0	3.064200E+2
2.675493E-2	3.976370E+3	0.000000E+0	3.065980E+2
2.675526E-2	3.976450E+3	0.000000E+0	3.067790E+2
2.675483E-2	3.977250E+3	0.000000E+0	3.069590E+2
2.675461E-2	3.977330E+3	0.000000E+0	3.071390E+2
2.675504E-2	3.976373E+3	0.000000E+0	3.073230E+2
2.675597E-2	3.976373E+3	0.000000E+0	3.075060E+2
