X channel: Keithley, channel #5; mode:  DCV; scale:  0.10; X converted, conversion factor:1.000000E+0
Y channel: Lock-in, mkV
II channel: B7-78, Ohm; scale:  10000.000000
X channel	Y channel	II channel	timestamp, sec
1.516478E-2	3.898400E+3	0.000000E+0	0.000000E+0
1.516476E-2	3.898160E+3	0.000000E+0	1.860000E-1
1.516466E-2	3.897600E+3	0.000000E+0	3.650000E-1
1.516496E-2	3.896810E+3	0.000000E+0	5.460000E-1
1.516450E-2	3.896330E+3	0.000000E+0	7.300000E-1
1.516479E-2	3.896490E+3	0.000000E+0	9.090000E-1
1.516452E-2	3.896967E+3	0.000000E+0	1.091000E+0
1.516437E-2	3.898160E+3	0.000000E+0	1.274000E+0
1.516499E-2	3.899190E+3	0.000000E+0	1.454000E+0
1.516496E-2	3.899830E+3	0.000000E+0	1.637000E+0
1.516411E-2	3.899830E+3	0.000000E+0	1.820000E+0
1.516451E-2	3.899910E+3	0.000000E+0	2.000000E+0
1.516498E-2	3.900147E+3	0.000000E+0	2.178000E+0
1.516497E-2	3.900223E+3	0.000000E+0	2.360000E+0
1.516441E-2	3.899590E+3	0.000000E+0	2.544000E+0
1.516419E-2	3.899110E+3	0.000000E+0	2.726000E+0
1.517881E-2	3.898950E+3	0.000000E+0	2.904000E+0
1.518295E-2	3.898870E+3	0.000000E+0	3.090000E+0
1.519787E-2	3.898950E+3	0.000000E+0	3.275000E+0
1.521101E-2	3.899670E+3	0.000000E+0	3.455000E+0
1.522169E-2	3.900620E+3	0.000000E+0	3.638000E+0
1.524004E-2	3.900940E+3	0.000000E+0	3.824000E+0
1.524822E-2	3.900383E+3	0.000000E+0	4.005000E+0
1.526916E-2	3.899910E+3	0.000000E+0	4.185000E+0
1.527417E-2	3.899510E+3	0.000000E+0	4.364000E+0
1.529752E-2	3.898873E+3	0.000000E+0	4.544000E+0
1.530269E-2	3.898640E+3	0.000000E+0	4.730000E+0
1.532395E-2	3.898870E+3	0.000000E+0	4.914000E+0
1.533316E-2	3.898950E+3	0.000000E+0	5.096000E+0
1.534967E-2	3.899350E+3	0.000000E+0	5.279000E+0
1.536270E-2	3.899750E+3	0.000000E+0	5.461000E+0
1.537565E-2	3.899830E+3	0.000000E+0	5.641000E+0
1.539323E-2	3.899670E+3	0.000000E+0	5.823000E+0
1.540008E-2	3.899510E+3	0.000000E+0	6.005000E+0
1.542217E-2	3.898950E+3	0.000000E+0	6.185000E+0
1.543006E-2	3.898870E+3	0.000000E+0	6.368000E+0
1.545267E-2	3.899110E+3	0.000000E+0	6.550000E+0
1.545699E-2	3.899830E+3	0.000000E+0	6.734000E+0
1.547903E-2	3.900070E+3	0.000000E+0	6.914000E+0
1.548654E-2	3.900147E+3	0.000000E+0	7.095000E+0
1.550290E-2	3.900300E+3	0.000000E+0	7.278000E+0
1.551705E-2	3.900540E+3	0.000000E+0	7.458000E+0
1.553221E-2	3.900303E+3	0.000000E+0	7.639000E+0
1.554785E-2	3.899670E+3	0.000000E+0	7.821000E+0
1.555516E-2	3.899830E+3	0.000000E+0	8.000000E+0
1.557756E-2	3.900540E+3	0.000000E+0	8.180000E+0
1.558276E-2	3.901180E+3	0.000000E+0	8.362000E+0
1.560591E-2	3.901497E+3	0.000000E+0	8.543000E+0
1.561193E-2	3.901730E+3	0.000000E+0	8.727000E+0
1.563547E-2	3.901890E+3	0.000000E+0	8.909000E+0
1.564312E-2	3.901653E+3	0.000000E+0	9.094000E+0
1.565971E-2	3.901020E+3	0.000000E+0	9.275000E+0
1.567324E-2	3.900780E+3	0.000000E+0	9.455000E+0
1.568338E-2	3.900940E+3	0.000000E+0	9.636000E+0
1.570231E-2	3.901020E+3	0.000000E+0	9.814000E+0
1.571152E-2	3.901180E+3	0.000000E+0	9.994000E+0
1.573353E-2	3.901577E+3	0.000000E+0	1.017600E+1
1.573675E-2	3.901577E+3	0.000000E+0	1.035500E+1
1.575789E-2	3.901100E+3	0.000000E+0	1.053900E+1
1.576707E-2	3.901180E+3	0.000000E+0	1.072000E+1
1.578962E-2	3.901100E+3	0.000000E+0	1.090300E+1
1.579814E-2	3.900620E+3	0.000000E+0	1.108300E+1
1.581479E-2	3.900303E+3	0.000000E+0	1.126200E+1
1.582902E-2	3.900147E+3	0.000000E+0	1.144200E+1
1.584031E-2	3.900940E+3	0.000000E+0	1.162200E+1
1.585867E-2	3.901653E+3	0.000000E+0	1.180100E+1
1.586689E-2	3.902210E+3	0.000000E+0	1.198100E+1
1.588973E-2	3.902210E+3	0.000000E+0	1.216700E+1
1.589412E-2	3.901810E+3	0.000000E+0	1.234700E+1
1.591799E-2	3.901810E+3	0.000000E+0	1.252800E+1
1.592385E-2	3.901970E+3	0.000000E+0	1.271000E+1
1.594507E-2	3.901970E+3	0.000000E+0	1.289100E+1
1.595501E-2	3.902130E+3	0.000000E+0	1.307300E+1
1.597103E-2	3.902690E+3	0.000000E+0	1.325400E+1
1.599146E-2	3.902690E+3	0.000000E+0	1.357500E+1
1.601377E-2	3.902050E+3	0.000000E+0	1.375700E+1
1.601876E-2	3.901810E+3	0.000000E+0	1.393500E+1
1.604249E-2	3.901970E+3	0.000000E+0	1.411300E+1
1.604979E-2	3.901417E+3	0.000000E+0	1.429200E+1
1.606384E-2	3.900620E+3	0.000000E+0	1.447200E+1
1.607998E-2	3.900940E+3	0.000000E+0	1.465200E+1
1.609290E-2	3.900780E+3	0.000000E+0	1.483100E+1
1.611046E-2	3.900147E+3	0.000000E+0	1.501100E+1
1.611899E-2	3.900303E+3	0.000000E+0	1.519300E+1
1.614929E-2	3.902210E+3	0.000000E+0	1.558500E+1
1.617240E-2	3.903010E+3	0.000000E+0	1.576800E+1
1.617720E-2	3.903090E+3	0.000000E+0	1.594800E+1
1.620094E-2	3.902930E+3	0.000000E+0	1.612800E+1
1.620729E-2	3.903167E+3	0.000000E+0	1.631100E+1
1.622699E-2	3.903400E+3	0.000000E+0	1.649100E+1
1.623792E-2	3.903400E+3	0.000000E+0	1.667300E+1
1.625308E-2	3.903010E+3	0.000000E+0	1.685400E+1
1.626918E-2	3.902930E+3	0.000000E+0	1.703700E+1
1.627924E-2	3.902850E+3	0.000000E+0	1.722200E+1
1.629935E-2	3.902690E+3	0.000000E+0	1.740000E+1
1.630681E-2	3.902770E+3	0.000000E+0	1.758000E+1
1.633013E-2	3.903323E+3	0.000000E+0	1.776200E+1
1.633468E-2	3.903880E+3	0.000000E+0	1.794300E+1
1.635501E-2	3.903880E+3	0.000000E+0	1.812100E+1
1.636478E-2	3.903640E+3	0.000000E+0	1.830200E+1
1.638337E-2	3.903087E+3	0.000000E+0	1.848200E+1
1.639624E-2	3.903087E+3	0.000000E+0	1.866200E+1
1.641048E-2	3.903880E+3	0.000000E+0	1.884500E+1
1.642739E-2	3.904360E+3	0.000000E+0	1.902500E+1
1.643640E-2	3.904280E+3	0.000000E+0	1.920800E+1
1.645794E-2	3.903960E+3	0.000000E+0	1.938800E+1
1.646394E-2	3.903880E+3	0.000000E+0	1.957100E+1
1.648758E-2	3.903880E+3	0.000000E+0	1.975400E+1
1.649290E-2	3.904120E+3	0.000000E+0	1.993300E+1
1.651438E-2	3.904360E+3	0.000000E+0	2.011300E+1
1.652291E-2	3.904360E+3	0.000000E+0	2.029400E+1
1.654031E-2	3.904677E+3	0.000000E+0	2.047600E+1
1.655437E-2	3.904600E+3	0.000000E+0	2.065700E+1
1.656587E-2	3.904600E+3	0.000000E+0	2.083600E+1
1.658470E-2	3.905150E+3	0.000000E+0	2.102100E+1
1.659341E-2	3.906030E+3	0.000000E+0	2.120600E+1
1.661549E-2	3.906197E+3	0.000000E+0	2.138700E+1
1.662002E-2	3.906440E+3	0.000000E+0	2.156900E+1
1.664362E-2	3.906680E+3	0.000000E+0	2.175400E+1
1.665049E-2	3.906437E+3	0.000000E+0	2.193700E+1
1.667426E-2	3.905390E+3	0.000000E+0	2.212100E+1
1.668250E-2	3.904360E+3	0.000000E+0	2.230300E+1
1.670070E-2	3.903960E+3	0.000000E+0	2.248400E+1
1.671277E-2	3.904833E+3	0.000000E+0	2.266400E+1
1.672776E-2	3.905790E+3	0.000000E+0	2.284300E+1
1.674399E-2	3.906030E+3	0.000000E+0	2.302300E+1
1.675180E-2	3.906197E+3	0.000000E+0	2.320200E+1
1.677437E-2	3.906360E+3	0.000000E+0	2.338600E+1
1.678096E-2	3.906030E+3	0.000000E+0	2.356600E+1
1.680465E-2	3.905790E+3	0.000000E+0	2.374600E+1
1.681001E-2	3.906193E+3	0.000000E+0	2.392600E+1
1.683302E-2	3.906680E+3	0.000000E+0	2.410900E+1
1.684131E-2	3.906113E+3	0.000000E+0	2.429400E+1
1.685707E-2	3.905630E+3	0.000000E+0	2.447600E+1
1.687162E-2	3.905310E+3	0.000000E+0	2.465700E+1
1.688514E-2	3.904833E+3	0.000000E+0	2.484200E+1
1.690326E-2	3.904833E+3	0.000000E+0	2.502700E+1
1.690969E-2	3.906113E+3	0.000000E+0	2.521000E+1
1.693271E-2	3.907710E+3	0.000000E+0	2.538800E+1
1.694016E-2	3.908743E+3	0.000000E+0	2.557100E+1
1.696392E-2	3.909300E+3	0.000000E+0	2.575200E+1
1.696914E-2	3.909380E+3	0.000000E+0	2.593300E+1
1.699280E-2	3.909380E+3	0.000000E+0	2.611500E+1
1.700001E-2	3.909300E+3	0.000000E+0	2.629600E+1
1.701872E-2	3.908267E+3	0.000000E+0	2.647800E+1
1.703098E-2	3.907233E+3	0.000000E+0	2.665900E+1
1.704497E-2	3.907550E+3	0.000000E+0	2.683900E+1
1.706210E-2	3.908663E+3	0.000000E+0	2.702100E+1
1.707073E-2	3.908980E+3	0.000000E+0	2.720200E+1
1.709239E-2	3.908663E+3	0.000000E+0	2.738400E+1
1.709912E-2	3.908270E+3	0.000000E+0	2.756500E+1
1.712305E-2	3.907790E+3	0.000000E+0	2.774700E+1
1.712819E-2	3.907550E+3	0.000000E+0	2.793100E+1
1.714885E-2	3.907790E+3	0.000000E+0	2.811200E+1
1.715915E-2	3.908430E+3	0.000000E+0	2.829300E+1
1.717768E-2	3.908660E+3	0.000000E+0	2.847500E+1
1.719076E-2	3.908660E+3	0.000000E+0	2.865800E+1
1.720502E-2	3.908820E+3	0.000000E+0	2.884000E+1
1.722189E-2	3.908900E+3	0.000000E+0	2.902100E+1
1.723088E-2	3.908507E+3	0.000000E+0	2.920100E+1
1.725238E-2	3.908270E+3	0.000000E+0	2.938400E+1
1.725933E-2	3.908270E+3	0.000000E+0	2.956800E+1
1.728286E-2	3.908507E+3	0.000000E+0	2.975400E+1
1.728768E-2	3.908660E+3	0.000000E+0	2.993500E+1
1.731161E-2	3.908507E+3	0.000000E+0	3.011800E+1
1.731871E-2	3.907790E+3	0.000000E+0	3.029800E+1
1.733796E-2	3.907710E+3	0.000000E+0	3.048400E+1
1.734975E-2	3.907790E+3	0.000000E+0	3.066500E+1
1.736401E-2	3.908427E+3	0.000000E+0	3.084800E+1
1.738107E-2	3.908980E+3	0.000000E+0	3.103100E+1
1.739052E-2	3.909140E+3	0.000000E+0	3.120800E+1
1.741178E-2	3.908900E+3	0.000000E+0	3.139000E+1
1.741605E-2	3.908900E+3	0.000000E+0	3.157100E+1
1.744034E-2	3.909060E+3	0.000000E+0	3.175300E+1
1.744606E-2	3.908663E+3	0.000000E+0	3.193400E+1
1.747007E-2	3.908663E+3	0.000000E+0	3.211400E+1
1.747758E-2	3.909460E+3	0.000000E+0	3.229700E+1
1.749605E-2	3.910013E+3	0.000000E+0	3.247900E+1
1.750943E-2	3.910650E+3	0.000000E+0	3.266000E+1
1.752258E-2	3.911290E+3	0.000000E+0	3.284000E+1
1.754015E-2	3.911130E+3	0.000000E+0	3.302200E+1
1.754918E-2	3.910810E+3	0.000000E+0	3.320300E+1
1.757059E-2	3.910410E+3	0.000000E+0	3.338500E+1
1.757694E-2	3.910410E+3	0.000000E+0	3.356500E+1
1.760067E-2	3.910570E+3	0.000000E+0	3.374400E+1
1.760710E-2	3.910490E+3	0.000000E+0	3.392500E+1
1.762923E-2	3.910170E+3	0.000000E+0	3.410700E+1
1.763782E-2	3.910090E+3	0.000000E+0	3.429100E+1
1.765401E-2	3.909220E+3	0.000000E+0	3.447200E+1
1.766832E-2	3.908270E+3	0.000000E+0	3.465300E+1
1.768128E-2	3.908110E+3	0.000000E+0	3.483500E+1
1.769961E-2	3.908110E+3	0.000000E+0	3.501500E+1
1.770571E-2	3.907950E+3	0.000000E+0	3.519800E+1
1.772938E-2	3.908427E+3	0.000000E+0	3.538000E+1
1.773604E-2	3.908820E+3	0.000000E+0	3.556300E+1
1.776021E-2	3.908900E+3	0.000000E+0	3.574500E+1
1.776595E-2	3.908820E+3	0.000000E+0	3.592400E+1
1.778808E-2	3.908190E+3	0.000000E+0	3.610700E+1
1.779722E-2	3.907470E+3	0.000000E+0	3.629100E+1
1.781344E-2	3.907310E+3	0.000000E+0	3.647100E+1
1.782828E-2	3.908110E+3	0.000000E+0	3.665100E+1
1.784057E-2	3.908820E+3	0.000000E+0	3.683400E+1
1.785939E-2	3.908820E+3	0.000000E+0	3.701400E+1
1.786903E-2	3.908660E+3	0.000000E+0	3.719700E+1
1.789028E-2	3.908900E+3	0.000000E+0	3.737900E+1
1.789624E-2	3.909220E+3	0.000000E+0	3.756300E+1
1.792009E-2	3.909540E+3	0.000000E+0	3.774600E+1
1.792586E-2	3.909220E+3	0.000000E+0	3.793000E+1
1.794802E-2	3.908427E+3	0.000000E+0	3.811100E+1
1.795708E-2	3.907870E+3	0.000000E+0	3.829400E+1
1.797409E-2	3.907790E+3	0.000000E+0	3.847300E+1
1.798856E-2	3.908427E+3	0.000000E+0	3.865400E+1
1.800083E-2	3.908820E+3	0.000000E+0	3.883700E+1
1.801954E-2	3.908980E+3	0.000000E+0	3.901600E+1
1.802753E-2	3.909220E+3	0.000000E+0	3.919900E+1
1.805028E-2	3.908820E+3	0.000000E+0	3.938100E+1
1.805624E-2	3.908430E+3	0.000000E+0	3.956600E+1
1.808077E-2	3.908430E+3	0.000000E+0	3.975200E+1
1.808587E-2	3.907950E+3	0.000000E+0	3.993300E+1
1.810572E-2	3.907630E+3	0.000000E+0	4.011700E+1
1.811719E-2	3.907710E+3	0.000000E+0	4.029800E+1
1.813429E-2	3.907870E+3	0.000000E+0	4.048000E+1
1.814757E-2	3.908030E+3	0.000000E+0	4.066100E+1
1.816117E-2	3.908350E+3	0.000000E+0	4.084500E+1
1.817888E-2	3.908430E+3	0.000000E+0	4.102500E+1
1.818968E-2	3.908110E+3	0.000000E+0	4.120800E+1
1.821088E-2	3.908110E+3	0.000000E+0	4.139100E+1
1.821760E-2	3.907630E+3	0.000000E+0	4.157100E+1
1.824107E-2	3.906193E+3	0.000000E+0	4.175500E+1
1.824585E-2	3.905550E+3	0.000000E+0	4.193700E+1
1.826939E-2	3.905950E+3	0.000000E+0	4.212100E+1
1.827692E-2	3.906030E+3	0.000000E+0	4.230100E+1
1.829705E-2	3.906030E+3	0.000000E+0	4.248400E+1
1.830821E-2	3.906030E+3	0.000000E+0	4.266500E+1
1.833784E-2	3.905910E+3	0.000000E+0	4.295700E+1
1.834144E-2	3.906030E+3	0.000000E+0	4.313700E+1
1.836301E-2	3.906277E+3	0.000000E+0	4.330100E+1
1.837265E-2	3.906760E+3	0.000000E+0	4.346900E+1
1.838148E-2	3.906760E+3	0.000000E+0	4.364100E+1
1.840214E-2	3.906520E+3	0.000000E+0	4.382300E+1
1.841269E-2	3.906520E+3	0.000000E+0	4.400300E+1
1.843440E-2	3.906280E+3	0.000000E+0	4.418600E+1
1.844157E-2	3.906680E+3	0.000000E+0	4.437000E+1
1.846467E-2	3.907153E+3	0.000000E+0	4.455300E+1
1.846989E-2	3.906840E+3	0.000000E+0	4.473300E+1
1.849322E-2	3.906520E+3	0.000000E+0	4.491600E+1
1.850076E-2	3.906030E+3	0.000000E+0	4.509700E+1
1.851999E-2	3.906280E+3	0.000000E+0	4.527700E+1
1.853246E-2	3.906197E+3	0.000000E+0	4.546000E+1
1.854596E-2	3.906030E+3	0.000000E+0	4.564000E+1
1.856285E-2	3.906357E+3	0.000000E+0	4.582200E+1
1.857150E-2	3.906997E+3	0.000000E+0	4.600300E+1
1.859397E-2	3.907230E+3	0.000000E+0	4.618300E+1
1.859898E-2	3.907230E+3	0.000000E+0	4.636500E+1
1.862161E-2	3.907230E+3	0.000000E+0	4.654600E+1
1.862950E-2	3.906840E+3	0.000000E+0	4.672900E+1
1.864826E-2	3.907000E+3	0.000000E+0	4.690500E+1
1.866184E-2	3.907230E+3	0.000000E+0	4.708400E+1
1.867166E-2	3.906680E+3	0.000000E+0	4.726400E+1
1.869370E-2	3.905710E+3	0.000000E+0	4.744400E+1
1.869960E-2	3.905630E+3	0.000000E+0	4.762600E+1
1.871520E-2	3.906113E+3	0.000000E+0	4.780500E+1
1.872876E-2	3.906680E+3	0.000000E+0	4.798500E+1
1.874116E-2	3.907000E+3	0.000000E+0	4.816900E+1
1.874994E-2	3.907230E+3	0.000000E+0	4.835200E+1
1.875797E-2	3.907310E+3	0.000000E+0	4.853500E+1
1.876368E-2	3.907710E+3	0.000000E+0	4.871700E+1
1.876891E-2	3.907710E+3	0.000000E+0	4.889900E+1
1.880105E-2	3.907153E+3	0.000000E+0	4.908000E+1
1.883543E-2	3.906520E+3	0.000000E+0	4.926200E+1
1.884878E-2	3.906280E+3	0.000000E+0	4.944200E+1
1.886921E-2	3.906030E+3	0.000000E+0	4.962200E+1
1.887927E-2	3.906193E+3	0.000000E+0	4.980200E+1
1.890091E-2	3.906440E+3	0.000000E+0	4.998200E+1
1.890777E-2	3.905950E+3	0.000000E+0	5.016500E+1
1.893133E-2	3.905790E+3	0.000000E+0	5.034500E+1
1.893704E-2	3.906113E+3	0.000000E+0	5.053300E+1
1.896153E-2	3.906520E+3	0.000000E+0	5.071200E+1
1.896858E-2	3.906760E+3	0.000000E+0	5.089100E+1
1.898602E-2	3.907073E+3	0.000000E+0	5.107400E+1
1.900027E-2	3.907153E+3	0.000000E+0	5.125800E+1
1.901568E-2	3.906680E+3	0.000000E+0	5.144200E+1
1.903179E-2	3.905953E+3	0.000000E+0	5.162200E+1
1.904305E-2	3.905150E+3	0.000000E+0	5.180500E+1
1.906297E-2	3.905150E+3	0.000000E+0	5.199100E+1
1.906886E-2	3.905790E+3	0.000000E+0	5.217200E+1
1.909191E-2	3.906520E+3	0.000000E+0	5.235400E+1
1.909838E-2	3.906520E+3	0.000000E+0	5.253300E+1
1.911982E-2	3.906030E+3	0.000000E+0	5.271100E+1
1.912888E-2	3.905870E+3	0.000000E+0	5.289400E+1
1.914306E-2	3.905470E+3	0.000000E+0	5.307700E+1
1.915944E-2	3.905390E+3	0.000000E+0	5.325400E+1
1.917435E-2	3.905310E+3	0.000000E+0	5.343300E+1
1.918830E-2	3.905310E+3	0.000000E+0	5.361700E+1
1.920052E-2	3.905470E+3	0.000000E+0	5.379900E+1
1.921636E-2	3.905550E+3	0.000000E+0	5.398000E+1
1.923017E-2	3.905870E+3	0.000000E+0	5.416300E+1
1.924572E-2	3.905790E+3	0.000000E+0	5.434300E+1
1.925953E-2	3.904833E+3	0.000000E+0	5.452500E+1
1.927470E-2	3.905070E+3	0.000000E+0	5.470600E+1
1.928931E-2	3.905870E+3	0.000000E+0	5.489300E+1
1.930500E-2	3.905790E+3	0.000000E+0	5.507300E+1
1.931837E-2	3.904753E+3	0.000000E+0	5.525300E+1
1.933322E-2	3.903880E+3	0.000000E+0	5.543600E+1
1.934687E-2	3.903247E+3	0.000000E+0	5.561900E+1
1.936048E-2	3.903323E+3	0.000000E+0	5.580200E+1
1.937547E-2	3.903400E+3	0.000000E+0	5.598300E+1
1.939047E-2	3.902930E+3	0.000000E+0	5.616300E+1
1.940415E-2	3.902930E+3	0.000000E+0	5.634600E+1
1.941913E-2	3.902770E+3	0.000000E+0	5.652600E+1
1.943433E-2	3.902690E+3	0.000000E+0	5.670800E+1
1.944768E-2	3.902610E+3	0.000000E+0	5.688700E+1
1.946294E-2	3.902210E+3	0.000000E+0	5.706700E+1
1.947477E-2	3.901653E+3	0.000000E+0	5.724700E+1
1.949161E-2	3.901730E+3	0.000000E+0	5.742800E+1
1.950496E-2	3.901810E+3	0.000000E+0	5.761100E+1
1.952011E-2	3.902210E+3	0.000000E+0	5.779300E+1
1.953411E-2	3.902210E+3	0.000000E+0	5.797000E+1
1.954901E-2	3.902210E+3	0.000000E+0	5.815000E+1
1.956417E-2	3.902050E+3	0.000000E+0	5.833400E+1
1.957871E-2	3.902210E+3	0.000000E+0	5.851800E+1
1.959336E-2	3.902530E+3	0.000000E+0	5.869900E+1
1.960810E-2	3.902930E+3	0.000000E+0	5.888800E+1
1.962311E-2	3.902850E+3	0.000000E+0	5.907200E+1
1.963763E-2	3.902610E+3	0.000000E+0	5.925700E+1
1.965231E-2	3.902450E+3	0.000000E+0	5.943900E+1
1.966640E-2	3.902290E+3	0.000000E+0	5.961900E+1
1.967977E-2	3.901653E+3	0.000000E+0	5.979900E+1
1.969381E-2	3.900307E+3	0.000000E+0	5.998300E+1
1.970812E-2	3.899830E+3	0.000000E+0	6.016200E+1
1.972272E-2	3.899830E+3	0.000000E+0	6.034500E+1
1.973766E-2	3.900070E+3	0.000000E+0	6.052500E+1
1.975291E-2	3.899910E+3	0.000000E+0	6.070400E+1
1.976665E-2	3.899113E+3	0.000000E+0	6.088400E+1
1.978113E-2	3.898240E+3	0.000000E+0	6.106600E+1
1.979441E-2	3.897840E+3	0.000000E+0	6.124700E+1
1.981007E-2	3.897600E+3	0.000000E+0	6.142700E+1
1.982341E-2	3.897280E+3	0.000000E+0	6.160900E+1
1.983845E-2	3.896967E+3	0.000000E+0	6.178600E+1
1.985094E-2	3.896250E+3	0.000000E+0	6.196900E+1
1.986611E-2	3.895770E+3	0.000000E+0	6.215200E+1
1.988168E-2	3.895850E+3	0.000000E+0	6.233300E+1
1.989685E-2	3.896250E+3	0.000000E+0	6.251600E+1
1.991121E-2	3.896090E+3	0.000000E+0	6.269600E+1
1.992610E-2	3.896090E+3	0.000000E+0	6.287700E+1
1.993848E-2	3.896330E+3	0.000000E+0	6.305500E+1
1.995331E-2	3.896810E+3	0.000000E+0	6.323700E+1
1.996769E-2	3.897123E+3	0.000000E+0	6.341700E+1
1.998215E-2	3.897200E+3	0.000000E+0	6.359400E+1
1.999673E-2	3.897047E+3	0.000000E+0	6.377300E+1
2.001010E-2	3.896730E+3	0.000000E+0	6.395300E+1
2.002495E-2	3.896730E+3	0.000000E+0	6.413300E+1
2.003796E-2	3.896490E+3	0.000000E+0	6.431600E+1
2.005557E-2	3.895377E+3	0.000000E+0	6.450000E+1
2.006464E-2	3.894660E+3	0.000000E+0	6.467900E+1
2.007862E-2	3.894580E+3	0.000000E+0	6.485900E+1
2.009460E-2	3.894580E+3	0.000000E+0	6.504200E+1
2.010793E-2	3.894027E+3	0.000000E+0	6.522600E+1
2.012524E-2	3.893710E+3	0.000000E+0	6.540800E+1
2.013517E-2	3.893390E+3	0.000000E+0	6.559200E+1
2.015645E-2	3.893390E+3	0.000000E+0	6.577500E+1
2.016229E-2	3.893390E+3	0.000000E+0	6.595600E+1
2.018602E-2	3.893390E+3	0.000000E+0	6.613800E+1
2.019210E-2	3.893630E+3	0.000000E+0	6.632100E+1
2.021368E-2	3.893390E+3	0.000000E+0	6.649900E+1
2.022282E-2	3.892833E+3	0.000000E+0	6.667800E+1
2.023875E-2	3.892360E+3	0.000000E+0	6.686100E+1
2.025379E-2	3.891960E+3	0.000000E+0	6.704400E+1
2.026606E-2	3.891720E+3	0.000000E+0	6.722500E+1
2.028460E-2	3.890847E+3	0.000000E+0	6.740900E+1
2.029274E-2	3.889813E+3	0.000000E+0	6.759200E+1
2.031503E-2	3.889580E+3	0.000000E+0	6.777600E+1
2.032143E-2	3.889500E+3	0.000000E+0	6.795900E+1
2.034497E-2	3.888940E+3	0.000000E+0	6.814200E+1
2.035095E-2	3.888303E+3	0.000000E+0	6.832200E+1
2.037314E-2	3.887590E+3	0.000000E+0	6.850300E+1
2.038154E-2	3.886633E+3	0.000000E+0	6.868100E+1
2.039747E-2	3.886633E+3	0.000000E+0	6.886100E+1
2.041283E-2	3.886557E+3	0.000000E+0	6.904200E+1
2.042480E-2	3.886320E+3	0.000000E+0	6.922400E+1
2.044363E-2	3.885920E+3	0.000000E+0	6.940600E+1
2.045217E-2	3.885520E+3	0.000000E+0	6.958700E+1
2.047370E-2	3.885680E+3	0.000000E+0	6.976900E+1
2.047859E-2	3.885283E+3	0.000000E+0	6.994900E+1
2.050264E-2	3.884490E+3	0.000000E+0	7.013000E+1
2.050943E-2	3.883220E+3	0.000000E+0	7.031600E+1
2.053176E-2	3.882500E+3	0.000000E+0	7.050300E+1
2.054038E-2	3.882027E+3	0.000000E+0	7.068400E+1
2.055407E-2	3.881790E+3	0.000000E+0	7.086400E+1
2.057052E-2	3.881230E+3	0.000000E+0	7.104700E+1
2.058281E-2	3.880750E+3	0.000000E+0	7.122700E+1
2.060150E-2	3.880673E+3	0.000000E+0	7.140800E+1
2.060881E-2	3.879563E+3	0.000000E+0	7.158600E+1
2.063112E-2	3.878210E+3	0.000000E+0	7.176600E+1
2.063717E-2	3.877340E+3	0.000000E+0	7.194700E+1
2.066007E-2	3.876940E+3	0.000000E+0	7.212900E+1
2.066671E-2	3.875987E+3	0.000000E+0	7.230700E+1
2.068633E-2	3.875670E+3	0.000000E+0	7.248700E+1
2.069790E-2	3.874713E+3	0.000000E+0	7.266800E+1
2.071150E-2	3.873283E+3	0.000000E+0	7.285000E+1
2.072805E-2	3.871853E+3	0.000000E+0	7.303100E+1
2.073889E-2	3.870740E+3	0.000000E+0	7.321600E+1
2.075909E-2	3.869870E+3	0.000000E+0	7.339800E+1
2.076553E-2	3.868833E+3	0.000000E+0	7.357700E+1
2.078837E-2	3.867323E+3	0.000000E+0	7.375700E+1
2.079393E-2	3.865733E+3	0.000000E+0	7.393700E+1
2.081716E-2	3.864380E+3	0.000000E+0	7.411800E+1
2.082466E-2	3.862633E+3	0.000000E+0	7.429600E+1
2.083905E-2	3.860967E+3	0.000000E+0	7.447400E+1
2.085483E-2	3.859930E+3	0.000000E+0	7.465300E+1
2.086800E-2	3.858580E+3	0.000000E+0	7.483500E+1
2.088600E-2	3.856913E+3	0.000000E+0	7.501600E+1
2.089468E-2	3.855003E+3	0.000000E+0	7.519800E+1
2.091626E-2	3.853337E+3	0.000000E+0	7.537700E+1
2.092188E-2	3.851430E+3	0.000000E+0	7.555500E+1
2.094511E-2	3.850473E+3	0.000000E+0	7.573800E+1
2.095157E-2	3.848963E+3	0.000000E+0	7.592400E+1
2.097302E-2	3.846897E+3	0.000000E+0	7.610500E+1
2.098241E-2	3.844197E+3	0.000000E+0	7.628700E+1
2.099806E-2	3.841973E+3	0.000000E+0	7.646700E+1
2.101326E-2	3.840223E+3	0.000000E+0	7.665000E+1
2.102479E-2	3.838713E+3	0.000000E+0	7.683100E+1
2.104360E-2	3.836727E+3	0.000000E+0	7.700900E+1
2.105031E-2	3.834263E+3	0.000000E+0	7.718600E+1
2.107330E-2	3.832513E+3	0.000000E+0	7.737000E+1
2.107919E-2	3.830527E+3	0.000000E+0	7.755200E+1
2.110310E-2	3.827587E+3	0.000000E+0	7.773300E+1
2.110932E-2	3.824490E+3	0.000000E+0	7.791200E+1
2.112576E-2	3.821707E+3	0.000000E+0	7.809600E+1
2.114003E-2	3.819003E+3	0.000000E+0	7.827600E+1
2.115444E-2	3.816063E+3	0.000000E+0	7.845500E+1
2.117093E-2	3.813043E+3	0.000000E+0	7.863500E+1
2.118170E-2	3.809230E+3	0.000000E+0	7.881900E+1
2.120177E-2	3.805890E+3	0.000000E+0	7.900200E+1
2.120975E-2	3.801997E+3	0.000000E+0	7.918200E+1
2.123206E-2	3.798260E+3	0.000000E+0	7.936400E+1
2.123676E-2	3.793410E+3	0.000000E+0	7.954500E+1
2.125895E-2	3.788960E+3	0.000000E+0	7.972600E+1
2.126710E-2	3.784510E+3	0.000000E+0	7.990800E+1
2.128816E-2	3.780060E+3	0.000000E+0	8.009100E+1
2.129792E-2	3.774660E+3	0.000000E+0	8.027100E+1
2.131479E-2	3.769253E+3	0.000000E+0	8.045400E+1
2.132911E-2	3.763690E+3	0.000000E+0	8.063700E+1
2.133762E-2	3.757410E+3	0.000000E+0	8.081700E+1
2.135817E-2	3.751293E+3	0.000000E+0	8.099700E+1
2.136541E-2	3.743903E+3	0.000000E+0	8.117700E+1
2.138780E-2	3.737067E+3	0.000000E+0	8.135600E+1
2.139372E-2	3.728403E+3	0.000000E+0	8.153600E+1
2.141234E-2	3.719743E+3	0.000000E+0	8.171800E+1
2.142403E-2	3.711240E+3	0.000000E+0	8.190200E+1
2.144407E-2	3.702813E+3	0.000000E+0	8.208500E+1
2.145507E-2	3.693357E+3	0.000000E+0	8.226600E+1
2.147007E-2	3.682470E+3	0.000000E+0	8.244400E+1
2.148529E-2	3.671343E+3	0.000000E+0	8.262500E+1
2.149541E-2	3.659103E+3	0.000000E+0	8.280500E+1
2.151549E-2	3.647500E+3	0.000000E+0	8.298700E+1
2.152282E-2	3.634470E+3	0.000000E+0	8.316800E+1
2.154559E-2	3.620640E+3	0.000000E+0	8.334800E+1
2.155071E-2	3.603870E+3	0.000000E+0	8.353000E+1
2.157313E-2	3.587260E+3	0.000000E+0	8.370700E+1
2.158102E-2	3.568903E+3	0.000000E+0	8.388600E+1
2.159887E-2	3.549430E+3	0.000000E+0	8.406900E+1
2.161161E-2	3.528610E+3	0.000000E+0	8.424700E+1
2.162232E-2	3.505643E+3	0.000000E+0	8.442900E+1
2.164210E-2	3.484580E+3	0.000000E+0	8.461100E+1
2.165150E-2	3.459307E+3	0.000000E+0	8.479100E+1
2.167229E-2	3.434197E+3	0.000000E+0	8.497600E+1
2.167903E-2	3.404473E+3	0.000000E+0	8.515800E+1
2.170224E-2	3.375783E+3	0.000000E+0	8.533900E+1
2.170800E-2	3.343357E+3	0.000000E+0	8.551900E+1
2.172875E-2	3.311093E+3	0.000000E+0	8.569700E+1
2.173836E-2	3.275807E+3	0.000000E+0	8.587800E+1
2.175387E-2	3.239567E+3	0.000000E+0	8.605700E+1
2.176882E-2	3.202690E+3	0.000000E+0	8.623700E+1
2.178026E-2	3.162240E+3	0.000000E+0	8.642100E+1
2.179897E-2	3.124333E+3	0.000000E+0	8.660200E+1
2.180714E-2	3.082767E+3	0.000000E+0	8.678400E+1
2.182790E-2	3.046210E+3	0.000000E+0	8.696300E+1
2.183404E-2	3.007027E+3	0.000000E+0	8.714400E+1
2.185705E-2	2.972220E+3	0.000000E+0	8.732600E+1
2.186397E-2	2.938287E+3	0.000000E+0	8.751000E+1
2.188474E-2	2.909117E+3	0.000000E+0	8.769200E+1
2.189463E-2	2.884800E+3	0.000000E+0	8.787600E+1
2.190781E-2	2.865407E+3	0.000000E+0	8.805900E+1
2.192420E-2	2.852850E+3	0.000000E+0	8.824000E+1
2.193678E-2	2.846493E+3	0.000000E+0	8.842200E+1
2.195485E-2	2.847847E+3	0.000000E+0	8.860200E+1
2.196362E-2	2.858417E+3	0.000000E+0	8.878300E+1
2.198491E-2	2.873917E+3	0.000000E+0	8.896600E+1
2.199092E-2	2.899027E+3	0.000000E+0	8.914700E+1
2.201375E-2	2.926840E+3	0.000000E+0	8.932800E+1
2.202049E-2	2.962127E+3	0.000000E+0	8.951300E+1
2.204090E-2	2.999877E+3	0.000000E+0	8.969300E+1
2.205135E-2	3.041360E+3	0.000000E+0	8.988000E+1
2.206696E-2	3.083963E+3	0.000000E+0	9.006300E+1
2.208153E-2	3.126557E+3	0.000000E+0	9.024300E+1
2.209388E-2	3.171540E+3	0.000000E+0	9.042500E+1
2.211171E-2	3.213180E+3	0.000000E+0	9.061100E+1
2.211971E-2	3.256577E+3	0.000000E+0	9.079200E+1
2.214122E-2	3.295437E+3	0.000000E+0	9.097300E+1
2.214760E-2	3.335653E+3	0.000000E+0	9.115300E+1
2.217046E-2	3.371017E+3	0.000000E+0	9.133500E+1
2.217711E-2	3.406857E+3	0.000000E+0	9.151400E+1
2.219680E-2	3.439043E+3	0.000000E+0	9.169200E+1
2.220681E-2	3.470120E+3	0.000000E+0	9.187400E+1
2.222130E-2	3.499443E+3	0.000000E+0	9.205500E+1
2.223685E-2	3.525990E+3	0.000000E+0	9.223400E+1
2.224780E-2	3.551020E+3	0.000000E+0	9.241400E+1
2.226697E-2	3.572800E+3	0.000000E+0	9.260000E+1
2.227520E-2	3.595523E+3	0.000000E+0	9.278100E+1
2.229644E-2	3.615077E+3	0.000000E+0	9.296300E+1
2.230212E-2	3.634867E+3	0.000000E+0	9.314400E+1
2.232418E-2	3.651633E+3	0.000000E+0	9.332500E+1
2.233207E-2	3.668083E+3	0.000000E+0	9.350800E+1
2.235160E-2	3.682550E+3	0.000000E+0	9.369000E+1
2.236212E-2	3.696853E+3	0.000000E+0	9.387200E+1
2.237377E-2	3.710283E+3	0.000000E+0	9.405300E+1
2.239149E-2	3.722047E+3	0.000000E+0	9.423200E+1
2.240286E-2	3.733810E+3	0.000000E+0	9.441400E+1
2.242185E-2	3.744217E+3	0.000000E+0	9.459400E+1
2.242984E-2	3.755823E+3	0.000000E+0	9.477800E+1
2.245221E-2	3.765680E+3	0.000000E+0	9.496100E+1
2.245721E-2	3.775133E+3	0.000000E+0	9.514400E+1
2.247920E-2	3.782763E+3	0.000000E+0	9.532400E+1
2.248724E-2	3.790077E+3	0.000000E+0	9.550700E+1
2.250685E-2	3.797067E+3	0.000000E+0	9.569100E+1
2.251730E-2	3.804380E+3	0.000000E+0	9.587000E+1
2.253174E-2	3.811373E+3	0.000000E+0	9.605400E+1
2.254767E-2	3.817653E+3	0.000000E+0	9.623300E+1
2.255701E-2	3.823610E+3	0.000000E+0	9.641600E+1
2.257754E-2	3.828300E+3	0.000000E+0	9.659500E+1
2.258333E-2	3.832990E+3	0.000000E+0	9.677200E+1
2.260595E-2	3.836967E+3	0.000000E+0	9.695200E+1
2.261198E-2	3.841417E+3	0.000000E+0	9.713200E+1
2.263358E-2	3.845867E+3	0.000000E+0	9.731500E+1
2.264156E-2	3.850473E+3	0.000000E+0	9.749500E+1
2.265592E-2	3.854450E+3	0.000000E+0	9.767700E+1
2.267148E-2	3.857630E+3	0.000000E+0	9.785800E+1
2.268462E-2	3.861123E+3	0.000000E+0	9.803900E+1
2.270195E-2	3.864063E+3	0.000000E+0	9.821900E+1
2.271046E-2	3.867083E+3	0.000000E+0	9.840300E+1
2.273115E-2	3.869707E+3	0.000000E+0	9.858400E+1
2.273836E-2	3.872407E+3	0.000000E+0	9.876400E+1
2.276084E-2	3.874873E+3	0.000000E+0	9.894500E+1
2.276647E-2	3.877417E+3	0.000000E+0	9.912500E+1
2.278635E-2	3.879087E+3	0.000000E+0	9.930500E+1
2.279627E-2	3.880993E+3	0.000000E+0	9.948300E+1
2.281315E-2	3.883137E+3	0.000000E+0	9.966200E+1
2.282653E-2	3.885287E+3	0.000000E+0	9.984800E+1
2.283914E-2	3.887270E+3	0.000000E+0	1.000250E+2
2.285617E-2	3.888780E+3	0.000000E+0	1.002070E+2
2.286274E-2	3.889813E+3	0.000000E+0	1.003850E+2
2.288452E-2	3.891163E+3	0.000000E+0	1.005650E+2
2.289038E-2	3.893313E+3	0.000000E+0	1.007460E+2
2.291266E-2	3.894980E+3	0.000000E+0	1.009270E+2
2.292022E-2	3.896567E+3	0.000000E+0	1.011060E+2
2.293522E-2	3.898397E+3	0.000000E+0	1.012860E+2
2.294978E-2	3.899590E+3	0.000000E+0	1.014710E+2
2.296593E-2	3.900940E+3	0.000000E+0	1.016530E+2
2.297972E-2	3.902290E+3	0.000000E+0	1.018360E+2
2.299122E-2	3.904120E+3	0.000000E+0	1.020150E+2
2.300986E-2	3.905310E+3	0.000000E+0	1.021950E+2
2.301683E-2	3.906277E+3	0.000000E+0	1.023780E+2
2.303871E-2	3.907233E+3	0.000000E+0	1.025600E+2
2.304437E-2	3.908823E+3	0.000000E+0	1.027440E+2
2.306664E-2	3.909380E+3	0.000000E+0	1.029220E+2
2.307361E-2	3.909380E+3	0.000000E+0	1.031040E+2
2.309245E-2	3.909380E+3	0.000000E+0	1.032850E+2
2.310415E-2	3.909857E+3	0.000000E+0	1.034650E+2
2.311851E-2	3.910570E+3	0.000000E+0	1.036480E+2
2.313400E-2	3.911447E+3	0.000000E+0	1.038260E+2
2.314148E-2	3.912717E+3	0.000000E+0	1.040100E+2
2.316206E-2	3.913830E+3	0.000000E+0	1.041910E+2
2.317008E-2	3.914623E+3	0.000000E+0	1.043720E+2
2.319179E-2	3.915340E+3	0.000000E+0	1.045500E+2
2.319678E-2	3.915580E+3	0.000000E+0	1.047300E+2
2.321955E-2	3.915340E+3	0.000000E+0	1.049120E+2
2.322723E-2	3.913593E+3	0.000000E+0	1.050930E+2
2.324517E-2	3.911207E+3	0.000000E+0	1.052770E+2
2.325668E-2	3.910730E+3	0.000000E+0	1.054570E+2
2.327043E-2	3.912003E+3	0.000000E+0	1.056380E+2
2.328620E-2	3.913673E+3	0.000000E+0	1.058150E+2
2.329474E-2	3.915897E+3	0.000000E+0	1.059970E+2
2.331570E-2	3.917883E+3	0.000000E+0	1.061780E+2
2.332202E-2	3.919393E+3	0.000000E+0	1.063610E+2
2.334452E-2	3.920663E+3	0.000000E+0	1.065420E+2
2.335022E-2	3.921620E+3	0.000000E+0	1.067250E+2
2.337203E-2	3.922970E+3	0.000000E+0	1.069090E+2
2.338037E-2	3.923923E+3	0.000000E+0	1.070910E+2
2.339831E-2	3.925113E+3	0.000000E+0	1.072750E+2
2.340939E-2	3.925830E+3	0.000000E+0	1.074550E+2
2.342026E-2	3.926150E+3	0.000000E+0	1.076400E+2
2.343867E-2	3.926310E+3	0.000000E+0	1.078180E+2
2.344802E-2	3.926783E+3	0.000000E+0	1.079980E+2
2.346870E-2	3.927180E+3	0.000000E+0	1.081810E+2
2.347478E-2	3.927260E+3	0.000000E+0	1.083610E+2
2.349687E-2	3.927260E+3	0.000000E+0	1.085420E+2
2.350304E-2	3.927340E+3	0.000000E+0	1.087240E+2
2.352361E-2	3.927740E+3	0.000000E+0	1.089040E+2
2.353277E-2	3.928213E+3	0.000000E+0	1.090860E+2
2.354869E-2	3.928850E+3	0.000000E+0	1.092670E+2
2.356220E-2	3.929250E+3	0.000000E+0	1.094460E+2
2.357294E-2	3.929410E+3	0.000000E+0	1.096260E+2
2.359127E-2	3.929330E+3	0.000000E+0	1.098060E+2
2.359927E-2	3.929170E+3	0.000000E+0	1.099880E+2
2.361999E-2	3.929883E+3	0.000000E+0	1.101690E+2
2.362514E-2	3.931000E+3	0.000000E+0	1.103490E+2
2.364733E-2	3.931000E+3	0.000000E+0	1.105280E+2
2.365474E-2	3.930680E+3	0.000000E+0	1.107110E+2
2.367431E-2	3.931077E+3	0.000000E+0	1.108920E+2
2.368486E-2	3.931950E+3	0.000000E+0	1.110760E+2
2.369701E-2	3.932587E+3	0.000000E+0	1.112580E+2
2.371344E-2	3.932980E+3	0.000000E+0	1.114390E+2
2.372419E-2	3.933540E+3	0.000000E+0	1.116210E+2
2.374333E-2	3.933940E+3	0.000000E+0	1.117980E+2
2.375055E-2	3.933940E+3	0.000000E+0	1.119800E+2
2.377257E-2	3.933700E+3	0.000000E+0	1.121640E+2
2.377767E-2	3.933460E+3	0.000000E+0	1.123440E+2
2.379906E-2	3.933700E+3	0.000000E+0	1.125270E+2
2.380658E-2	3.934093E+3	0.000000E+0	1.127080E+2
2.382478E-2	3.934017E+3	0.000000E+0	1.128910E+2
2.383593E-2	3.933940E+3	0.000000E+0	1.130750E+2
2.385021E-2	3.934173E+3	0.000000E+0	1.132580E+2
2.386557E-2	3.934890E+3	0.000000E+0	1.134410E+2
2.387631E-2	3.935450E+3	0.000000E+0	1.136290E+2
2.389441E-2	3.936003E+3	0.000000E+0	1.138090E+2
2.390262E-2	3.937037E+3	0.000000E+0	1.139920E+2
2.392369E-2	3.937990E+3	0.000000E+0	1.141800E+2
2.392987E-2	3.937990E+3	0.000000E+0	1.143620E+2
2.395198E-2	3.937830E+3	0.000000E+0	1.145430E+2
2.395799E-2	3.937670E+3	0.000000E+0	1.147220E+2
2.397474E-2	3.936880E+3	0.000000E+0	1.149050E+2
2.398692E-2	3.936560E+3	0.000000E+0	1.150880E+2
2.400216E-2	3.936480E+3	0.000000E+0	1.152650E+2
2.401637E-2	3.936080E+3	0.000000E+0	1.154420E+2
2.402753E-2	3.936480E+3	0.000000E+0	1.156240E+2
2.404636E-2	3.936960E+3	0.000000E+0	1.158040E+2
2.405443E-2	3.937040E+3	0.000000E+0	1.159860E+2
2.407550E-2	3.937273E+3	0.000000E+0	1.161720E+2
2.408017E-2	3.937750E+3	0.000000E+0	1.163560E+2
2.410223E-2	3.937750E+3	0.000000E+0	1.165350E+2
2.410856E-2	3.937670E+3	0.000000E+0	1.167160E+2
2.412941E-2	3.937910E+3	0.000000E+0	1.168980E+2
2.413833E-2	3.939100E+3	0.000000E+0	1.170790E+2
2.415460E-2	3.939900E+3	0.000000E+0	1.172620E+2
2.416783E-2	3.939900E+3	0.000000E+0	1.174420E+2
2.417744E-2	3.939900E+3	0.000000E+0	1.176250E+2
2.419657E-2	3.940137E+3	0.000000E+0	1.178050E+2
2.420350E-2	3.940450E+3	0.000000E+0	1.179850E+2
2.422427E-2	3.940770E+3	0.000000E+0	1.181680E+2
2.422929E-2	3.940850E+3	0.000000E+0	1.183480E+2
2.424927E-2	3.940930E+3	0.000000E+0	1.185310E+2
2.425865E-2	3.941490E+3	0.000000E+0	1.187110E+2
2.427859E-2	3.941723E+3	0.000000E+0	1.188900E+2
2.428837E-2	3.941800E+3	0.000000E+0	1.190700E+2
2.430333E-2	3.941570E+3	0.000000E+0	1.192540E+2
2.431752E-2	3.941170E+3	0.000000E+0	1.194330E+2
2.432818E-2	3.940530E+3	0.000000E+0	1.196170E+2
2.434597E-2	3.940293E+3	0.000000E+0	1.197980E+2
2.435351E-2	3.940217E+3	0.000000E+0	1.199800E+2
2.437472E-2	3.940770E+3	0.000000E+0	1.201610E+2
2.438006E-2	3.941567E+3	0.000000E+0	1.203420E+2
2.440247E-2	3.942040E+3	0.000000E+0	1.205250E+2
2.440885E-2	3.942120E+3	0.000000E+0	1.207060E+2
2.442849E-2	3.942680E+3	0.000000E+0	1.208880E+2
2.443781E-2	3.943153E+3	0.000000E+0	1.210690E+2
2.445056E-2	3.942840E+3	0.000000E+0	1.212500E+2
2.446641E-2	3.942120E+3	0.000000E+0	1.214310E+2
2.447841E-2	3.942040E+3	0.000000E+0	1.216120E+2
2.449583E-2	3.942200E+3	0.000000E+0	1.217940E+2
2.450375E-2	3.942200E+3	0.000000E+0	1.219750E+2
2.452403E-2	3.941960E+3	0.000000E+0	1.221580E+2
2.452931E-2	3.942040E+3	0.000000E+0	1.223410E+2
2.455197E-2	3.942040E+3	0.000000E+0	1.225250E+2
2.455830E-2	3.941647E+3	0.000000E+0	1.227080E+2
2.457678E-2	3.941410E+3	0.000000E+0	1.228890E+2
2.458708E-2	3.941330E+3	0.000000E+0	1.230700E+2
2.460091E-2	3.941170E+3	0.000000E+0	1.232500E+2
2.461540E-2	3.941090E+3	0.000000E+0	1.234330E+2
2.462653E-2	3.941010E+3	0.000000E+0	1.236150E+2
2.464438E-2	3.941010E+3	0.000000E+0	1.237950E+2
2.465140E-2	3.941647E+3	0.000000E+0	1.239780E+2
2.467263E-2	3.942200E+3	0.000000E+0	1.241610E+2
2.467796E-2	3.942680E+3	0.000000E+0	1.243410E+2
2.469985E-2	3.943470E+3	0.000000E+0	1.245210E+2
2.470649E-2	3.943470E+3	0.000000E+0	1.247020E+2
2.472530E-2	3.942840E+3	0.000000E+0	1.248840E+2
2.473584E-2	3.942840E+3	0.000000E+0	1.250660E+2
2.474869E-2	3.943000E+3	0.000000E+0	1.252470E+2
2.476369E-2	3.943233E+3	0.000000E+0	1.254270E+2
2.477426E-2	3.943950E+3	0.000000E+0	1.256080E+2
2.479235E-2	3.944350E+3	0.000000E+0	1.257900E+2
2.480016E-2	3.944430E+3	0.000000E+0	1.259720E+2
2.482098E-2	3.944430E+3	0.000000E+0	1.261530E+2
2.482590E-2	3.944667E+3	0.000000E+0	1.263360E+2
2.484714E-2	3.944900E+3	0.000000E+0	1.265160E+2
2.485462E-2	3.944510E+3	0.000000E+0	1.266980E+2
2.487315E-2	3.944667E+3	0.000000E+0	1.268830E+2
2.488326E-2	3.944900E+3	0.000000E+0	1.270640E+2
2.489423E-2	3.945140E+3	0.000000E+0	1.272440E+2
2.491118E-2	3.945860E+3	0.000000E+0	1.274260E+2
2.492142E-2	3.946100E+3	0.000000E+0	1.276050E+2
2.494094E-2	3.946100E+3	0.000000E+0	1.277850E+2
2.494731E-2	3.945620E+3	0.000000E+0	1.279650E+2
2.496858E-2	3.945380E+3	0.000000E+0	1.281490E+2
2.497354E-2	3.944903E+3	0.000000E+0	1.283310E+2
2.499449E-2	3.944190E+3	0.000000E+0	1.285130E+2
2.500181E-2	3.943950E+3	0.000000E+0	1.286920E+2
2.501755E-2	3.944430E+3	0.000000E+0	1.288710E+2
2.503089E-2	3.944590E+3	0.000000E+0	1.290520E+2
2.504230E-2	3.944030E+3	0.000000E+0	1.292340E+2
2.505868E-2	3.943233E+3	0.000000E+0	1.294160E+2
2.506748E-2	3.942760E+3	0.000000E+0	1.295980E+2
2.508715E-2	3.943073E+3	0.000000E+0	1.297790E+2
2.509230E-2	3.943470E+3	0.000000E+0	1.299590E+2
2.511376E-2	3.943153E+3	0.000000E+0	1.301410E+2
2.512001E-2	3.942760E+3	0.000000E+0	1.303180E+2
2.514023E-2	3.943153E+3	0.000000E+0	1.305000E+2
2.514882E-2	3.943630E+3	0.000000E+0	1.306810E+2
2.516118E-2	3.944350E+3	0.000000E+0	1.308650E+2
2.517652E-2	3.944667E+3	0.000000E+0	1.310470E+2
2.518878E-2	3.945380E+3	0.000000E+0	1.312280E+2
2.520617E-2	3.945860E+3	0.000000E+0	1.314150E+2
2.521294E-2	3.945620E+3	0.000000E+0	1.315950E+2
2.523357E-2	3.944823E+3	0.000000E+0	1.317750E+2
2.523906E-2	3.943950E+3	0.000000E+0	1.319580E+2
2.526063E-2	3.943710E+3	0.000000E+0	1.321410E+2
2.526675E-2	3.943870E+3	0.000000E+0	1.323240E+2
2.528630E-2	3.943950E+3	0.000000E+0	1.325040E+2
2.529525E-2	3.944110E+3	0.000000E+0	1.326870E+2
2.531166E-2	3.944350E+3	0.000000E+0	1.328700E+2
2.532310E-2	3.944823E+3	0.000000E+0	1.330500E+2
2.533414E-2	3.945060E+3	0.000000E+0	1.332310E+2
2.535064E-2	3.945460E+3	0.000000E+0	1.334140E+2
2.535914E-2	3.945860E+3	0.000000E+0	1.335960E+2
2.537941E-2	3.945940E+3	0.000000E+0	1.337800E+2
2.538513E-2	3.946100E+3	0.000000E+0	1.339610E+2
2.540693E-2	3.945780E+3	0.000000E+0	1.341430E+2
2.541216E-2	3.945380E+3	0.000000E+0	1.343240E+2
2.542878E-2	3.944903E+3	0.000000E+0	1.345100E+2
2.544051E-2	3.944430E+3	0.000000E+0	1.346900E+2
2.545629E-2	3.944190E+3	0.000000E+0	1.348700E+2
2.546872E-2	3.943950E+3	0.000000E+0	1.350540E+2
2.548191E-2	3.943950E+3	0.000000E+0	1.352380E+2
2.549676E-2	3.944110E+3	0.000000E+0	1.354200E+2
2.550698E-2	3.943710E+3	0.000000E+0	1.356010E+2
2.552528E-2	3.944190E+3	0.000000E+0	1.357840E+2
2.553093E-2	3.944823E+3	0.000000E+0	1.359670E+2
2.555259E-2	3.945780E+3	0.000000E+0	1.361470E+2
2.555831E-2	3.946020E+3	0.000000E+0	1.363340E+2
2.557934E-2	3.945063E+3	0.000000E+0	1.365170E+2
2.558599E-2	3.943870E+3	0.000000E+0	1.366970E+2
2.560463E-2	3.943230E+3	0.000000E+0	1.368800E+2
2.561508E-2	3.943630E+3	0.000000E+0	1.370650E+2
2.562666E-2	3.943310E+3	0.000000E+0	1.372480E+2
2.564241E-2	3.943310E+3	0.000000E+0	1.374270E+2
2.565090E-2	3.944350E+3	0.000000E+0	1.376070E+2
2.566952E-2	3.944900E+3	0.000000E+0	1.377870E+2
2.567402E-2	3.944900E+3	0.000000E+0	1.379670E+2
2.569516E-2	3.944667E+3	0.000000E+0	1.381480E+2
2.570185E-2	3.944430E+3	0.000000E+0	1.383330E+2
2.572420E-2	3.944510E+3	0.000000E+0	1.385130E+2
2.573059E-2	3.944983E+3	0.000000E+0	1.386950E+2
2.574614E-2	3.945940E+3	0.000000E+0	1.388730E+2
2.575817E-2	3.946330E+3	0.000000E+0	1.390560E+2
2.577134E-2	3.946330E+3	0.000000E+0	1.392380E+2
2.578683E-2	3.946253E+3	0.000000E+0	1.394190E+2
2.579602E-2	3.946100E+3	0.000000E+0	1.395990E+2
2.581438E-2	3.946020E+3	0.000000E+0	1.397820E+2
2.581960E-2	3.945380E+3	0.000000E+0	1.399580E+2
2.584045E-2	3.944667E+3	0.000000E+0	1.401370E+2
2.584669E-2	3.944190E+3	0.000000E+0	1.403170E+2
2.586596E-2	3.944823E+3	0.000000E+0	1.404980E+2
2.587433E-2	3.945780E+3	0.000000E+0	1.406800E+2
2.588699E-2	3.946333E+3	0.000000E+0	1.408590E+2
2.590198E-2	3.946570E+3	0.000000E+0	1.410390E+2
2.591410E-2	3.946177E+3	0.000000E+0	1.412220E+2
2.593006E-2	3.946100E+3	0.000000E+0	1.414030E+2
2.593428E-2	3.946490E+3	0.000000E+0	1.415850E+2
2.595541E-2	3.946810E+3	0.000000E+0	1.417660E+2
2.596191E-2	3.947527E+3	0.000000E+0	1.419480E+2
2.598349E-2	3.948080E+3	0.000000E+0	1.421280E+2
2.598956E-2	3.948400E+3	0.000000E+0	1.423080E+2
2.600865E-2	3.948720E+3	0.000000E+0	1.424910E+2
2.601770E-2	3.948720E+3	0.000000E+0	1.426680E+2
2.603092E-2	3.948720E+3	0.000000E+0	1.428500E+2
2.604536E-2	3.948800E+3	0.000000E+0	1.430310E+2
2.605498E-2	3.948480E+3	0.000000E+0	1.432140E+2
2.607221E-2	3.947840E+3	0.000000E+0	1.433940E+2
2.607852E-2	3.947760E+3	0.000000E+0	1.435740E+2
2.609907E-2	3.947840E+3	0.000000E+0	1.437560E+2
2.610470E-2	3.948000E+3	0.000000E+0	1.439370E+2
2.612504E-2	3.948160E+3	0.000000E+0	1.441180E+2
2.613220E-2	3.948240E+3	0.000000E+0	1.443000E+2
2.614960E-2	3.948080E+3	0.000000E+0	1.444790E+2
2.615965E-2	3.948000E+3	0.000000E+0	1.446590E+2
2.617119E-2	3.947763E+3	0.000000E+0	1.448390E+2
2.618669E-2	3.946970E+3	0.000000E+0	1.450180E+2
2.619553E-2	3.946490E+3	0.000000E+0	1.451980E+2
2.621444E-2	3.946100E+3	0.000000E+0	1.453780E+2
2.622070E-2	3.946100E+3	0.000000E+0	1.455580E+2
2.624120E-2	3.946333E+3	0.000000E+0	1.457420E+2
2.624613E-2	3.946570E+3	0.000000E+0	1.459250E+2
2.626584E-2	3.946020E+3	0.000000E+0	1.461090E+2
2.627376E-2	3.945860E+3	0.000000E+0	1.462910E+2
2.628937E-2	3.946333E+3	0.000000E+0	1.464680E+2
2.630150E-2	3.946970E+3	0.000000E+0	1.466480E+2
2.631301E-2	3.947050E+3	0.000000E+0	1.468310E+2
2.632843E-2	3.947527E+3	0.000000E+0	1.470090E+2
2.633499E-2	3.948160E+3	0.000000E+0	1.471880E+2
2.635557E-2	3.948240E+3	0.000000E+0	1.473700E+2
2.636081E-2	3.948000E+3	0.000000E+0	1.475530E+2
2.638186E-2	3.947603E+3	0.000000E+0	1.477350E+2
2.638774E-2	3.947050E+3	0.000000E+0	1.479200E+2
2.640732E-2	3.947527E+3	0.000000E+0	1.481000E+2
2.641506E-2	3.947760E+3	0.000000E+0	1.482830E+2
2.642941E-2	3.947607E+3	0.000000E+0	1.484670E+2
2.644226E-2	3.947130E+3	0.000000E+0	1.486460E+2
2.645394E-2	3.947130E+3	0.000000E+0	1.488310E+2
2.646968E-2	3.947683E+3	0.000000E+0	1.490100E+2
2.647754E-2	3.948160E+3	0.000000E+0	1.491920E+2
2.649686E-2	3.948480E+3	0.000000E+0	1.493760E+2
2.650187E-2	3.948000E+3	0.000000E+0	1.495590E+2
2.652260E-2	3.947760E+3	0.000000E+0	1.497400E+2
2.652804E-2	3.947683E+3	0.000000E+0	1.499220E+2
2.654774E-2	3.947290E+3	0.000000E+0	1.501060E+2
2.655574E-2	3.947370E+3	0.000000E+0	1.502870E+2
2.657163E-2	3.948000E+3	0.000000E+0	1.504690E+2
2.658321E-2	3.948400E+3	0.000000E+0	1.506500E+2
2.659348E-2	3.948080E+3	0.000000E+0	1.508290E+2
2.660987E-2	3.947367E+3	0.000000E+0	1.510130E+2
2.661805E-2	3.947050E+3	0.000000E+0	1.511950E+2
2.663690E-2	3.947290E+3	0.000000E+0	1.513760E+2
2.664284E-2	3.947130E+3	0.000000E+0	1.515590E+2
2.666294E-2	3.947050E+3	0.000000E+0	1.517390E+2
2.666850E-2	3.947050E+3	0.000000E+0	1.519190E+2
2.668590E-2	3.946970E+3	0.000000E+0	1.520980E+2
2.669582E-2	3.946490E+3	0.000000E+0	1.522780E+2
2.670920E-2	3.946490E+3	0.000000E+0	1.524600E+2
2.672289E-2	3.947210E+3	0.000000E+0	1.526410E+2
2.673328E-2	3.948160E+3	0.000000E+0	1.528210E+2
2.674955E-2	3.948880E+3	0.000000E+0	1.530040E+2
2.675326E-2	3.948720E+3	0.000000E+0	1.531840E+2
2.675498E-2	3.948160E+3	0.000000E+0	1.533670E+2
2.675549E-2	3.947840E+3	0.000000E+0	1.535490E+2
2.675634E-2	3.948000E+3	0.000000E+0	1.537270E+2
2.675646E-2	3.947840E+3	0.000000E+0	1.539060E+2
2.675671E-2	3.947760E+3	0.000000E+0	1.540890E+2
2.675688E-2	3.947607E+3	0.000000E+0	1.542730E+2
2.675698E-2	3.947530E+3	0.000000E+0	1.544560E+2
2.675739E-2	3.947840E+3	0.000000E+0	1.546360E+2
2.675664E-2	3.948480E+3	0.000000E+0	1.548160E+2
2.675696E-2	3.948720E+3	0.000000E+0	1.549970E+2
2.675708E-2	3.948400E+3	0.000000E+0	1.551780E+2
2.675706E-2	3.948240E+3	0.000000E+0	1.553610E+2
2.675761E-2	3.948000E+3	0.000000E+0	1.555450E+2
2.675730E-2	3.948240E+3	0.000000E+0	1.557220E+2
2.675707E-2	3.948160E+3	0.000000E+0	1.559040E+2
2.675700E-2	3.947840E+3	0.000000E+0	1.560850E+2
2.675717E-2	3.947760E+3	0.000000E+0	1.562670E+2
2.675740E-2	3.947840E+3	0.000000E+0	1.564480E+2
2.675710E-2	3.948240E+3	0.000000E+0	1.566280E+2
2.675725E-2	3.948240E+3	0.000000E+0	1.568110E+2
2.675688E-2	3.948240E+3	0.000000E+0	1.569910E+2
2.675742E-2	3.948480E+3	0.000000E+0	1.571700E+2
2.675739E-2	3.948720E+3	0.000000E+0	1.573460E+2
2.675736E-2	3.948560E+3	0.000000E+0	1.575280E+2
2.675750E-2	3.949353E+3	0.000000E+0	1.577080E+2
2.675725E-2	3.950230E+3	0.000000E+0	1.578850E+2
2.675745E-2	3.950550E+3	0.000000E+0	1.580670E+2
2.675751E-2	3.950310E+3	0.000000E+0	1.582480E+2
2.675770E-2	3.949830E+3	0.000000E+0	1.584310E+2
2.675748E-2	3.949197E+3	0.000000E+0	1.586110E+2
2.675779E-2	3.948480E+3	0.000000E+0	1.587910E+2
2.675694E-2	3.948240E+3	0.000000E+0	1.589730E+2
2.675804E-2	3.948480E+3	0.000000E+0	1.591540E+2
2.675775E-2	3.948960E+3	0.000000E+0	1.593330E+2
2.675718E-2	3.949120E+3	0.000000E+0	1.595120E+2
2.675723E-2	3.948960E+3	0.000000E+0	1.596920E+2
2.675760E-2	3.948720E+3	0.000000E+0	1.598720E+2
2.675719E-2	3.948240E+3	0.000000E+0	1.600520E+2
2.675697E-2	3.947447E+3	0.000000E+0	1.602340E+2
2.675499E-2	3.946810E+3	0.000000E+0	1.604150E+2
2.675458E-2	3.946570E+3	0.000000E+0	1.605970E+2
2.675475E-2	3.946570E+3	0.000000E+0	1.607770E+2
2.675467E-2	3.946570E+3	0.000000E+0	1.609560E+2
2.675438E-2	3.946810E+3	0.000000E+0	1.611330E+2
2.675439E-2	3.947050E+3	0.000000E+0	1.613170E+2
2.675454E-2	3.947130E+3	0.000000E+0	1.614990E+2
2.675453E-2	3.947683E+3	0.000000E+0	1.616800E+2
2.675488E-2	3.948320E+3	0.000000E+0	1.618690E+2
2.675407E-2	3.949197E+3	0.000000E+0	1.620510E+2
2.675460E-2	3.949430E+3	0.000000E+0	1.622330E+2
2.675429E-2	3.949430E+3	0.000000E+0	1.624180E+2
2.675449E-2	3.949200E+3	0.000000E+0	1.625990E+2
2.675452E-2	3.948880E+3	0.000000E+0	1.627810E+2
2.675479E-2	3.948320E+3	0.000000E+0	1.629610E+2
2.675432E-2	3.948480E+3	0.000000E+0	1.631410E+2
2.675455E-2	3.948720E+3	0.000000E+0	1.633210E+2
2.675434E-2	3.948640E+3	0.000000E+0	1.635000E+2
2.675391E-2	3.948320E+3	0.000000E+0	1.636840E+2
2.675444E-2	3.947920E+3	0.000000E+0	1.638660E+2
2.675424E-2	3.947683E+3	0.000000E+0	1.640460E+2
2.675407E-2	3.947370E+3	0.000000E+0	1.642270E+2
2.675413E-2	3.947760E+3	0.000000E+0	1.644080E+2
2.675468E-2	3.948000E+3	0.000000E+0	1.645860E+2
2.675415E-2	3.948560E+3	0.000000E+0	1.647700E+2
2.675439E-2	3.949273E+3	0.000000E+0	1.649490E+2
2.675439E-2	3.949830E+3	0.000000E+0	1.651330E+2
2.675479E-2	3.949910E+3	0.000000E+0	1.653160E+2
2.675454E-2	3.949910E+3	0.000000E+0	1.654960E+2
2.675460E-2	3.950310E+3	0.000000E+0	1.656780E+2
2.675437E-2	3.950940E+3	0.000000E+0	1.658550E+2
2.675438E-2	3.951100E+3	0.000000E+0	1.660380E+2
2.675434E-2	3.951340E+3	0.000000E+0	1.662220E+2
2.675428E-2	3.951977E+3	0.000000E+0	1.664040E+2
2.675335E-2	3.952770E+3	0.000000E+0	1.665850E+2
2.675173E-2	3.952690E+3	0.000000E+0	1.667670E+2
2.675135E-2	3.952057E+3	0.000000E+0	1.669480E+2
2.675155E-2	3.950627E+3	0.000000E+0	1.671280E+2
2.675124E-2	3.949990E+3	0.000000E+0	1.673100E+2
2.675133E-2	3.950627E+3	0.000000E+0	1.674900E+2
2.675141E-2	3.951180E+3	0.000000E+0	1.676700E+2
2.675137E-2	3.951020E+3	0.000000E+0	1.678470E+2
2.675093E-2	3.950310E+3	0.000000E+0	1.680260E+2
2.675154E-2	3.950470E+3	0.000000E+0	1.682080E+2
2.675198E-2	3.951180E+3	0.000000E+0	1.683890E+2
2.675140E-2	3.951580E+3	0.000000E+0	1.685700E+2
2.675155E-2	3.951980E+3	0.000000E+0	1.687520E+2
2.675188E-2	3.952290E+3	0.000000E+0	1.689320E+2
2.675168E-2	3.951980E+3	0.000000E+0	1.691140E+2
2.675166E-2	3.951340E+3	0.000000E+0	1.692950E+2
2.675157E-2	3.950707E+3	0.000000E+0	1.694760E+2
2.675138E-2	3.950940E+3	0.000000E+0	1.696580E+2
2.675114E-2	3.951100E+3	0.000000E+0	1.698430E+2
2.675128E-2	3.951100E+3	0.000000E+0	1.700250E+2
2.675127E-2	3.951100E+3	0.000000E+0	1.702080E+2
2.675129E-2	3.951580E+3	0.000000E+0	1.703880E+2
2.675152E-2	3.951660E+3	0.000000E+0	1.705680E+2
2.675148E-2	3.951580E+3	0.000000E+0	1.707540E+2
2.675116E-2	3.951580E+3	0.000000E+0	1.709310E+2
2.675139E-2	3.951340E+3	0.000000E+0	1.711100E+2
2.675124E-2	3.950787E+3	0.000000E+0	1.712890E+2
2.675154E-2	3.950390E+3	0.000000E+0	1.714710E+2
2.675178E-2	3.950627E+3	0.000000E+0	1.716520E+2
2.675129E-2	3.950940E+3	0.000000E+0	1.718350E+2
2.675153E-2	3.951020E+3	0.000000E+0	1.720150E+2
2.675119E-2	3.950627E+3	0.000000E+0	1.721920E+2
2.675167E-2	3.950390E+3	0.000000E+0	1.723740E+2
2.675163E-2	3.950390E+3	0.000000E+0	1.725590E+2
2.675134E-2	3.950390E+3	0.000000E+0	1.727380E+2
2.675142E-2	3.950470E+3	0.000000E+0	1.729180E+2
2.675160E-2	3.951020E+3	0.000000E+0	1.730960E+2
2.675116E-2	3.951340E+3	0.000000E+0	1.732770E+2
2.675154E-2	3.951580E+3	0.000000E+0	1.734600E+2
2.675181E-2	3.951580E+3	0.000000E+0	1.736430E+2
2.675126E-2	3.951820E+3	0.000000E+0	1.738230E+2
2.675128E-2	3.951820E+3	0.000000E+0	1.740030E+2
2.675138E-2	3.951023E+3	0.000000E+0	1.741850E+2
2.675100E-2	3.950310E+3	0.000000E+0	1.743630E+2
2.675110E-2	3.950390E+3	0.000000E+0	1.745420E+2
2.675115E-2	3.950150E+3	0.000000E+0	1.747250E+2
2.675102E-2	3.949510E+3	0.000000E+0	1.749050E+2
2.675119E-2	3.949430E+3	0.000000E+0	1.750880E+2
2.675197E-2	3.949430E+3	0.000000E+0	1.752690E+2
2.675123E-2	3.949510E+3	0.000000E+0	1.754480E+2
2.675104E-2	3.950150E+3	0.000000E+0	1.756280E+2
2.675166E-2	3.950783E+3	0.000000E+0	1.758110E+2
2.675187E-2	3.951420E+3	0.000000E+0	1.759910E+2
2.675120E-2	3.951340E+3	0.000000E+0	1.761730E+2
2.675155E-2	3.951100E+3	0.000000E+0	1.763540E+2
2.675191E-2	3.951260E+3	0.000000E+0	1.765330E+2
2.675136E-2	3.951820E+3	0.000000E+0	1.767130E+2
2.675145E-2	3.952373E+3	0.000000E+0	1.768930E+2
2.675126E-2	3.952770E+3	0.000000E+0	1.770740E+2
2.675136E-2	3.952770E+3	0.000000E+0	1.772550E+2
2.675096E-2	3.952293E+3	0.000000E+0	1.774380E+2
2.675155E-2	3.951500E+3	0.000000E+0	1.776230E+2
2.675120E-2	3.950863E+3	0.000000E+0	1.778030E+2
2.675133E-2	3.950390E+3	0.000000E+0	1.779840E+2
2.675169E-2	3.950863E+3	0.000000E+0	1.781590E+2
2.675151E-2	3.951660E+3	0.000000E+0	1.783430E+2
2.675121E-2	3.952213E+3	0.000000E+0	1.785250E+2
2.675125E-2	3.951820E+3	0.000000E+0	1.787110E+2
2.675130E-2	3.951180E+3	0.000000E+0	1.788950E+2
2.675115E-2	3.950940E+3	0.000000E+0	1.790770E+2
2.675120E-2	3.951340E+3	0.000000E+0	1.792590E+2
2.675110E-2	3.951580E+3	0.000000E+0	1.794420E+2
2.675116E-2	3.951340E+3	0.000000E+0	1.796260E+2
2.675128E-2	3.950150E+3	0.000000E+0	1.798060E+2
2.675096E-2	3.949510E+3	0.000000E+0	1.799880E+2
2.675130E-2	3.949353E+3	0.000000E+0	1.801700E+2
2.675145E-2	3.950150E+3	0.000000E+0	1.803480E+2
2.675111E-2	3.950703E+3	0.000000E+0	1.805280E+2
2.675137E-2	3.951100E+3	0.000000E+0	1.807110E+2
2.675050E-2	3.951100E+3	0.000000E+0	1.808880E+2
2.675106E-2	3.950150E+3	0.000000E+0	1.810680E+2
2.675086E-2	3.949510E+3	0.000000E+0	1.812530E+2
2.675118E-2	3.949353E+3	0.000000E+0	1.814350E+2
2.675077E-2	3.949040E+3	0.000000E+0	1.816140E+2
2.675094E-2	3.949040E+3	0.000000E+0	1.817970E+2
2.675080E-2	3.949353E+3	0.000000E+0	1.819800E+2
2.675053E-2	3.949670E+3	0.000000E+0	1.821610E+2
2.675063E-2	3.950783E+3	0.000000E+0	1.823410E+2
2.675108E-2	3.951100E+3	0.000000E+0	1.825200E+2
2.675071E-2	3.950627E+3	0.000000E+0	1.827000E+2
2.675060E-2	3.949990E+3	0.000000E+0	1.828800E+2
2.675117E-2	3.949670E+3	0.000000E+0	1.830630E+2
2.675099E-2	3.949670E+3	0.000000E+0	1.832430E+2
2.675127E-2	3.949273E+3	0.000000E+0	1.834250E+2
2.675109E-2	3.948800E+3	0.000000E+0	1.836060E+2
2.675102E-2	3.949197E+3	0.000000E+0	1.837870E+2
2.675067E-2	3.950150E+3	0.000000E+0	1.839690E+2
2.675058E-2	3.951100E+3	0.000000E+0	1.841500E+2
2.675101E-2	3.951660E+3	0.000000E+0	1.843300E+2
2.675083E-2	3.951980E+3	0.000000E+0	1.845120E+2
2.675105E-2	3.951500E+3	0.000000E+0	1.846950E+2
2.675114E-2	3.951500E+3	0.000000E+0	1.848750E+2
2.675127E-2	3.951420E+3	0.000000E+0	1.850600E+2
2.675108E-2	3.950707E+3	0.000000E+0	1.852420E+2
2.675054E-2	3.950150E+3	0.000000E+0	1.854240E+2
2.675102E-2	3.950310E+3	0.000000E+0	1.856050E+2
2.675054E-2	3.950863E+3	0.000000E+0	1.857870E+2
2.675144E-2	3.951100E+3	0.000000E+0	1.859680E+2
2.675090E-2	3.951180E+3	0.000000E+0	1.861490E+2
2.675091E-2	3.951580E+3	0.000000E+0	1.863290E+2
2.675099E-2	3.951500E+3	0.000000E+0	1.865070E+2
2.675066E-2	3.951180E+3	0.000000E+0	1.866890E+2
2.675102E-2	3.952057E+3	0.000000E+0	1.868700E+2
2.675110E-2	3.953170E+3	0.000000E+0	1.870560E+2
2.675124E-2	3.953730E+3	0.000000E+0	1.872370E+2
2.675094E-2	3.953490E+3	0.000000E+0	1.874200E+2
2.675071E-2	3.952850E+3	0.000000E+0	1.876000E+2
2.675120E-2	3.952930E+3	0.000000E+0	1.877800E+2
2.675093E-2	3.953090E+3	0.000000E+0	1.879590E+2
2.675128E-2	3.952610E+3	0.000000E+0	1.881410E+2
2.675139E-2	3.951740E+3	0.000000E+0	1.883210E+2
2.675119E-2	3.951820E+3	0.000000E+0	1.885020E+2
2.675074E-2	3.952060E+3	0.000000E+0	1.886840E+2
2.675128E-2	3.951900E+3	0.000000E+0	1.888640E+2
2.675117E-2	3.952060E+3	0.000000E+0	1.890450E+2
2.675154E-2	3.952370E+3	0.000000E+0	1.892270E+2
2.675115E-2	3.952770E+3	0.000000E+0	1.894080E+2
2.675103E-2	3.952137E+3	0.000000E+0	1.895900E+2
2.675103E-2	3.951260E+3	0.000000E+0	1.897710E+2
2.675147E-2	3.951180E+3	0.000000E+0	1.899510E+2
2.675110E-2	3.951660E+3	0.000000E+0	1.901340E+2
2.675134E-2	3.951660E+3	0.000000E+0	1.903120E+2
2.675043E-2	3.951580E+3	0.000000E+0	1.904960E+2
2.675055E-2	3.951580E+3	0.000000E+0	1.906770E+2
2.675099E-2	3.951580E+3	0.000000E+0	1.908600E+2
2.675108E-2	3.951660E+3	0.000000E+0	1.910400E+2
2.675143E-2	3.952060E+3	0.000000E+0	1.912210E+2
2.675064E-2	3.952060E+3	0.000000E+0	1.914060E+2
2.675089E-2	3.951660E+3	0.000000E+0	1.915870E+2
2.675135E-2	3.951580E+3	0.000000E+0	1.917690E+2
2.675111E-2	3.951580E+3	0.000000E+0	1.919500E+2
2.675035E-2	3.951580E+3	0.000000E+0	1.921330E+2
2.675081E-2	3.951740E+3	0.000000E+0	1.923170E+2
2.675080E-2	3.952060E+3	0.000000E+0	1.924990E+2
2.675125E-2	3.952060E+3	0.000000E+0	1.926800E+2
2.675096E-2	3.952060E+3	0.000000E+0	1.928620E+2
2.675122E-2	3.951980E+3	0.000000E+0	1.930430E+2
2.675142E-2	3.951660E+3	0.000000E+0	1.932260E+2
2.675117E-2	3.951740E+3	0.000000E+0	1.934090E+2
2.675126E-2	3.951340E+3	0.000000E+0	1.935920E+2
2.675110E-2	3.951180E+3	0.000000E+0	1.937730E+2
2.675087E-2	3.951660E+3	0.000000E+0	1.939570E+2
2.675111E-2	3.952060E+3	0.000000E+0	1.941380E+2
2.675135E-2	3.951660E+3	0.000000E+0	1.943190E+2
2.675094E-2	3.950783E+3	0.000000E+0	1.944990E+2
2.675138E-2	3.950070E+3	0.000000E+0	1.946800E+2
2.675128E-2	3.949830E+3	0.000000E+0	1.948620E+2
2.675085E-2	3.949750E+3	0.000000E+0	1.950460E+2
2.675131E-2	3.950150E+3	0.000000E+0	1.952320E+2
2.675113E-2	3.950703E+3	0.000000E+0	1.954170E+2
2.675143E-2	3.950783E+3	0.000000E+0	1.955990E+2
2.675144E-2	3.950470E+3	0.000000E+0	1.957810E+2
2.675155E-2	3.951100E+3	0.000000E+0	1.959620E+2
2.675146E-2	3.951660E+3	0.000000E+0	1.961420E+2
2.675176E-2	3.951660E+3	0.000000E+0	1.963210E+2
2.675120E-2	3.951580E+3	0.000000E+0	1.965020E+2
2.675093E-2	3.951660E+3	0.000000E+0	1.966820E+2
2.675083E-2	3.952060E+3	0.000000E+0	1.968640E+2
2.675114E-2	3.952137E+3	0.000000E+0	1.970450E+2
2.675122E-2	3.952690E+3	0.000000E+0	1.972270E+2
2.675142E-2	3.953010E+3	0.000000E+0	1.974080E+2
2.675131E-2	3.953170E+3	0.000000E+0	1.975880E+2
2.675138E-2	3.952770E+3	0.000000E+0	1.977670E+2
2.675118E-2	3.952850E+3	0.000000E+0	1.979520E+2
2.675126E-2	3.952850E+3	0.000000E+0	1.981350E+2
2.675108E-2	3.952370E+3	0.000000E+0	1.983150E+2
2.675061E-2	3.952290E+3	0.000000E+0	1.984960E+2
2.675150E-2	3.952370E+3	0.000000E+0	1.986770E+2
2.675116E-2	3.953010E+3	0.000000E+0	1.988580E+2
2.675081E-2	3.953883E+3	0.000000E+0	1.990410E+2
2.675123E-2	3.953570E+3	0.000000E+0	1.992210E+2
2.675133E-2	3.952850E+3	0.000000E+0	1.994020E+2
2.675130E-2	3.952850E+3	0.000000E+0	1.995840E+2
2.675112E-2	3.953410E+3	0.000000E+0	1.997670E+2
2.675133E-2	3.953730E+3	0.000000E+0	1.999510E+2
2.675125E-2	3.953330E+3	0.000000E+0	2.001340E+2
2.675116E-2	3.952850E+3	0.000000E+0	2.003150E+2
2.675103E-2	3.953250E+3	0.000000E+0	2.004970E+2
2.675093E-2	3.953963E+3	0.000000E+0	2.006770E+2
2.675101E-2	3.953963E+3	0.000000E+0	2.008570E+2
2.675104E-2	3.953410E+3	0.000000E+0	2.010460E+2
2.675064E-2	3.953250E+3	0.000000E+0	2.012280E+2
2.675090E-2	3.953570E+3	0.000000E+0	2.014100E+2
2.675106E-2	3.953650E+3	0.000000E+0	2.015910E+2
2.675112E-2	3.953090E+3	0.000000E+0	2.017740E+2
2.675139E-2	3.953170E+3	0.000000E+0	2.019580E+2
2.675131E-2	3.953410E+3	0.000000E+0	2.021410E+2
2.675097E-2	3.953330E+3	0.000000E+0	2.023210E+2
2.675072E-2	3.953250E+3	0.000000E+0	2.025030E+2
2.675133E-2	3.953490E+3	0.000000E+0	2.026800E+2
2.675123E-2	3.953883E+3	0.000000E+0	2.028590E+2
2.675129E-2	3.953883E+3	0.000000E+0	2.030390E+2
2.675132E-2	3.953250E+3	0.000000E+0	2.032200E+2
2.675164E-2	3.953090E+3	0.000000E+0	2.033990E+2
2.675106E-2	3.954043E+3	0.000000E+0	2.035810E+2
2.675128E-2	3.954200E+3	0.000000E+0	2.037610E+2
2.675146E-2	3.953807E+3	0.000000E+0	2.039410E+2
2.675098E-2	3.953807E+3	0.000000E+0	2.041210E+2
2.675149E-2	3.953883E+3	0.000000E+0	2.043010E+2
2.675055E-2	3.953650E+3	0.000000E+0	2.044800E+2
2.675116E-2	3.953330E+3	0.000000E+0	2.046600E+2
2.675097E-2	3.953250E+3	0.000000E+0	2.048390E+2
2.675132E-2	3.953410E+3	0.000000E+0	2.050190E+2
2.675139E-2	3.953730E+3	0.000000E+0	2.051990E+2
2.675122E-2	3.953730E+3	0.000000E+0	2.053800E+2
2.675125E-2	3.953730E+3	0.000000E+0	2.055600E+2
2.675115E-2	3.953330E+3	0.000000E+0	2.057430E+2
2.675131E-2	3.953250E+3	0.000000E+0	2.059230E+2
2.675157E-2	3.953570E+3	0.000000E+0	2.061050E+2
2.675149E-2	3.953730E+3	0.000000E+0	2.062860E+2
2.675092E-2	3.953490E+3	0.000000E+0	2.064680E+2
2.675154E-2	3.953650E+3	0.000000E+0	2.066470E+2
2.675086E-2	3.953730E+3	0.000000E+0	2.068290E+2
2.675093E-2	3.953410E+3	0.000000E+0	2.070110E+2
2.675147E-2	3.953250E+3	0.000000E+0	2.072000E+2
2.675115E-2	3.953170E+3	0.000000E+0	2.073820E+2
2.675170E-2	3.952690E+3	0.000000E+0	2.075630E+2
2.675157E-2	3.952530E+3	0.000000E+0	2.077500E+2
2.675098E-2	3.952610E+3	0.000000E+0	2.079300E+2
2.675125E-2	3.952850E+3	0.000000E+0	2.081130E+2
2.675088E-2	3.953490E+3	0.000000E+0	2.082960E+2
2.675129E-2	3.954203E+3	0.000000E+0	2.084790E+2
2.675096E-2	3.955080E+3	0.000000E+0	2.086620E+2
2.675071E-2	3.955080E+3	0.000000E+0	2.088460E+2
2.675085E-2	3.954280E+3	0.000000E+0	2.090270E+2
2.675110E-2	3.953730E+3	0.000000E+0	2.092070E+2
2.675069E-2	3.953807E+3	0.000000E+0	2.093860E+2
2.675092E-2	3.954200E+3	0.000000E+0	2.095660E+2
2.675134E-2	3.954040E+3	0.000000E+0	2.097450E+2
2.675107E-2	3.954440E+3	0.000000E+0	2.099320E+2
2.675083E-2	3.955000E+3	0.000000E+0	2.101120E+2
2.675085E-2	3.955080E+3	0.000000E+0	2.102950E+2
2.675076E-2	3.954680E+3	0.000000E+0	2.104780E+2
2.675091E-2	3.954200E+3	0.000000E+0	2.106630E+2
2.675163E-2	3.954200E+3	0.000000E+0	2.108430E+2
2.675045E-2	3.954200E+3	0.000000E+0	2.110250E+2
2.675081E-2	3.954680E+3	0.000000E+0	2.112040E+2
2.675107E-2	3.954920E+3	0.000000E+0	2.113880E+2
2.675068E-2	3.955160E+3	0.000000E+0	2.115730E+2
2.675075E-2	3.954920E+3	0.000000E+0	2.117560E+2
2.675086E-2	3.955080E+3	0.000000E+0	2.119380E+2
2.675100E-2	3.955390E+3	0.000000E+0	2.121180E+2
2.675069E-2	3.954920E+3	0.000000E+0	2.122990E+2
2.675070E-2	3.954280E+3	0.000000E+0	2.124790E+2
2.675069E-2	3.953807E+3	0.000000E+0	2.126620E+2
2.675088E-2	3.953650E+3	0.000000E+0	2.128480E+2
2.675125E-2	3.953250E+3	0.000000E+0	2.130330E+2
2.675070E-2	3.952850E+3	0.000000E+0	2.132150E+2
2.675151E-2	3.952690E+3	0.000000E+0	2.133920E+2
2.675123E-2	3.951977E+3	0.000000E+0	2.135720E+2
2.675169E-2	3.951580E+3	0.000000E+0	2.137550E+2
2.675180E-2	3.951340E+3	0.000000E+0	2.139350E+2
2.675138E-2	3.951340E+3	0.000000E+0	2.141190E+2
2.675117E-2	3.951980E+3	0.000000E+0	2.143020E+2
2.675100E-2	3.952060E+3	0.000000E+0	2.144820E+2
2.675130E-2	3.952290E+3	0.000000E+0	2.146640E+2
2.675126E-2	3.952450E+3	0.000000E+0	2.148450E+2
2.675102E-2	3.952850E+3	0.000000E+0	2.150280E+2
2.675147E-2	3.953490E+3	0.000000E+0	2.152100E+2
2.675132E-2	3.954280E+3	0.000000E+0	2.153900E+2
2.675080E-2	3.954600E+3	0.000000E+0	2.155700E+2
2.675100E-2	3.955080E+3	0.000000E+0	2.157540E+2
2.675111E-2	3.955080E+3	0.000000E+0	2.159370E+2
2.675097E-2	3.954680E+3	0.000000E+0	2.161170E+2
2.675110E-2	3.954120E+3	0.000000E+0	2.162970E+2
2.675106E-2	3.953490E+3	0.000000E+0	2.164780E+2
2.675101E-2	3.952453E+3	0.000000E+0	2.166590E+2
2.675104E-2	3.951500E+3	0.000000E+0	2.168370E+2
2.675137E-2	3.951420E+3	0.000000E+0	2.170170E+2
2.675127E-2	3.952057E+3	0.000000E+0	2.171990E+2
2.675128E-2	3.953010E+3	0.000000E+0	2.173800E+2
2.675171E-2	3.953250E+3	0.000000E+0	2.175660E+2
2.675117E-2	3.952930E+3	0.000000E+0	2.177470E+2
2.675154E-2	3.952450E+3	0.000000E+0	2.179290E+2
2.675165E-2	3.952137E+3	0.000000E+0	2.181090E+2
2.675137E-2	3.952530E+3	0.000000E+0	2.182940E+2
2.675133E-2	3.952530E+3	0.000000E+0	2.184750E+2
2.675068E-2	3.952770E+3	0.000000E+0	2.186560E+2
2.675112E-2	3.953170E+3	0.000000E+0	2.188360E+2
2.675061E-2	3.953170E+3	0.000000E+0	2.190140E+2
2.675133E-2	3.952930E+3	0.000000E+0	2.191980E+2
2.675101E-2	3.952690E+3	0.000000E+0	2.193790E+2
2.675123E-2	3.952690E+3	0.000000E+0	2.195610E+2
2.675141E-2	3.953330E+3	0.000000E+0	2.197420E+2
2.675119E-2	3.954600E+3	0.000000E+0	2.199280E+2
2.675158E-2	3.955390E+3	0.000000E+0	2.201090E+2
2.675160E-2	3.955157E+3	0.000000E+0	2.202890E+2
2.675151E-2	3.954520E+3	0.000000E+0	2.204720E+2
2.675129E-2	3.953883E+3	0.000000E+0	2.206520E+2
2.675160E-2	3.954280E+3	0.000000E+0	2.208360E+2
2.675131E-2	3.954440E+3	0.000000E+0	2.210150E+2
2.675104E-2	3.953807E+3	0.000000E+0	2.211980E+2
2.675107E-2	3.953807E+3	0.000000E+0	2.213780E+2
2.675097E-2	3.953883E+3	0.000000E+0	2.215590E+2
2.675084E-2	3.953730E+3	0.000000E+0	2.217420E+2
2.675158E-2	3.953330E+3	0.000000E+0	2.219210E+2
2.675146E-2	3.953250E+3	0.000000E+0	2.221030E+2
2.675131E-2	3.953570E+3	0.000000E+0	2.222840E+2
2.675084E-2	3.953730E+3	0.000000E+0	2.224630E+2
2.675147E-2	3.953730E+3	0.000000E+0	2.226460E+2
2.675224E-2	3.953730E+3	0.000000E+0	2.228290E+2
2.675089E-2	3.954120E+3	0.000000E+0	2.230110E+2
2.675150E-2	3.954200E+3	0.000000E+0	2.231940E+2
2.675110E-2	3.954280E+3	0.000000E+0	2.233760E+2
2.675126E-2	3.954360E+3	0.000000E+0	2.235550E+2
2.675068E-2	3.954200E+3	0.000000E+0	2.237390E+2
2.675158E-2	3.954360E+3	0.000000E+0	2.239220E+2
2.675091E-2	3.955000E+3	0.000000E+0	2.241030E+2
2.675090E-2	3.955630E+3	0.000000E+0	2.242860E+2
2.675067E-2	3.955870E+3	0.000000E+0	2.244660E+2
2.675111E-2	3.955630E+3	0.000000E+0	2.246460E+2
2.675172E-2	3.954920E+3	0.000000E+0	2.248250E+2
2.675087E-2	3.954120E+3	0.000000E+0	2.250080E+2
2.675109E-2	3.954280E+3	0.000000E+0	2.251890E+2
2.675098E-2	3.955790E+3	0.000000E+0	2.253720E+2
2.675131E-2	3.956823E+3	0.000000E+0	2.255520E+2
2.675145E-2	3.957220E+3	0.000000E+0	2.257340E+2
2.675091E-2	3.957060E+3	0.000000E+0	2.259140E+2
2.675142E-2	3.956900E+3	0.000000E+0	2.260950E+2
2.675103E-2	3.956743E+3	0.000000E+0	2.262780E+2
2.675125E-2	3.956190E+3	0.000000E+0	2.264540E+2
2.675109E-2	3.955470E+3	0.000000E+0	2.266400E+2
2.675104E-2	3.955870E+3	0.000000E+0	2.268190E+2
2.675148E-2	3.956903E+3	0.000000E+0	2.270000E+2
2.675109E-2	3.957700E+3	0.000000E+0	2.271800E+2
2.675106E-2	3.957780E+3	0.000000E+0	2.273600E+2
2.675096E-2	3.957540E+3	0.000000E+0	2.275410E+2
2.675108E-2	3.956587E+3	0.000000E+0	2.277210E+2
2.675141E-2	3.956030E+3	0.000000E+0	2.279010E+2
2.675119E-2	3.956190E+3	0.000000E+0	2.280820E+2
2.675124E-2	3.956590E+3	0.000000E+0	2.282620E+2
2.675117E-2	3.956667E+3	0.000000E+0	2.284430E+2
2.675098E-2	3.956743E+3	0.000000E+0	2.286230E+2
2.675109E-2	3.957060E+3	0.000000E+0	2.288070E+2
2.675129E-2	3.957060E+3	0.000000E+0	2.289860E+2
2.675094E-2	3.956823E+3	0.000000E+0	2.291640E+2
2.675076E-2	3.956030E+3	0.000000E+0	2.293420E+2
2.675150E-2	3.955237E+3	0.000000E+0	2.295230E+2
2.675116E-2	3.955630E+3	0.000000E+0	2.297060E+2
2.675053E-2	3.956110E+3	0.000000E+0	2.298900E+2
2.675172E-2	3.956510E+3	0.000000E+0	2.300720E+2
2.675130E-2	3.957060E+3	0.000000E+0	2.302520E+2
2.675106E-2	3.956980E+3	0.000000E+0	2.304350E+2
2.675130E-2	3.956980E+3	0.000000E+0	2.306190E+2
2.675133E-2	3.957060E+3	0.000000E+0	2.307970E+2
2.675091E-2	3.957220E+3	0.000000E+0	2.309790E+2
2.675095E-2	3.957060E+3	0.000000E+0	2.311590E+2
2.675119E-2	3.957140E+3	0.000000E+0	2.313430E+2
2.675119E-2	3.956030E+3	0.000000E+0	2.315260E+2
2.675125E-2	3.954283E+3	0.000000E+0	2.317080E+2
2.675064E-2	3.953170E+3	0.000000E+0	2.318890E+2
2.675146E-2	3.953170E+3	0.000000E+0	2.320700E+2
2.675129E-2	3.953650E+3	0.000000E+0	2.322530E+2
2.675102E-2	3.954120E+3	0.000000E+0	2.324370E+2
2.675122E-2	3.954600E+3	0.000000E+0	2.326170E+2
2.675087E-2	3.954680E+3	0.000000E+0	2.327990E+2
2.675091E-2	3.955080E+3	0.000000E+0	2.329810E+2
2.675108E-2	3.955390E+3	0.000000E+0	2.331590E+2
2.675071E-2	3.955630E+3	0.000000E+0	2.333420E+2
2.675043E-2	3.955870E+3	0.000000E+0	2.335260E+2
2.675122E-2	3.955870E+3	0.000000E+0	2.337080E+2
