X channel: Keithley, channel #5; mode:  DCV; scale:  0.10; X converted, conversion factor:1.000000E+0
Y channel: Lock-in, mkV
II channel: B7-78, Ohm; scale:  10000.000000
X channel	Y channel	II channel	timestamp, sec
2.675175E-2	3.954920E+3	0.000000E+0	0.000000E+0
2.675167E-2	3.954680E+3	0.000000E+0	1.810000E-1
2.675208E-2	3.954680E+3	0.000000E+0	3.660000E-1
2.675186E-2	3.954760E+3	0.000000E+0	5.450000E-1
2.675178E-2	3.955157E+3	0.000000E+0	7.210000E-1
2.675185E-2	3.955710E+3	0.000000E+0	9.010000E-1
2.675099E-2	3.955790E+3	0.000000E+0	1.083000E+0
2.675220E-2	3.955313E+3	0.000000E+0	1.264000E+0
2.675203E-2	3.955160E+3	0.000000E+0	1.447000E+0
2.675183E-2	3.955390E+3	0.000000E+0	1.628000E+0
2.675124E-2	3.955710E+3	0.000000E+0	1.809000E+0
2.673892E-2	3.955790E+3	0.000000E+0	1.988000E+0
2.673509E-2	3.955710E+3	0.000000E+0	2.166000E+0
2.672135E-2	3.956110E+3	0.000000E+0	2.349000E+0
2.671215E-2	3.956590E+3	0.000000E+0	2.531000E+0
2.670252E-2	3.956980E+3	0.000000E+0	2.708000E+0
2.668904E-2	3.957300E+3	0.000000E+0	2.886000E+0
2.668190E-2	3.957300E+3	0.000000E+0	3.067000E+0
2.666484E-2	3.957380E+3	0.000000E+0	3.247000E+0
2.666122E-2	3.957540E+3	0.000000E+0	3.431000E+0
2.664179E-2	3.957460E+3	0.000000E+0	3.613000E+0
2.663772E-2	3.956823E+3	0.000000E+0	3.797000E+0
2.662046E-2	3.956510E+3	0.000000E+0	3.977000E+0
2.661338E-2	3.956510E+3	0.000000E+0	4.158000E+0
2.660067E-2	3.957300E+3	0.000000E+0	4.340000E+0
2.658964E-2	3.958020E+3	0.000000E+0	4.519000E+0
2.657945E-2	3.957940E+3	0.000000E+0	4.703000E+0
2.656476E-2	3.958020E+3	0.000000E+0	4.889000E+0
2.655761E-2	3.958337E+3	0.000000E+0	5.068000E+0
2.654079E-2	3.958413E+3	0.000000E+0	5.250000E+0
2.653753E-2	3.958337E+3	0.000000E+0	5.430000E+0
2.651768E-2	3.958970E+3	0.000000E+0	5.609000E+0
2.651286E-2	3.959450E+3	0.000000E+0	5.788000E+0
2.649599E-2	3.959050E+3	0.000000E+0	5.968000E+0
2.648830E-2	3.958570E+3	0.000000E+0	6.148000E+0
2.647817E-2	3.958180E+3	0.000000E+0	6.332000E+0
2.646411E-2	3.957540E+3	0.000000E+0	6.513000E+0
2.645536E-2	3.957140E+3	0.000000E+0	6.694000E+0
2.643874E-2	3.957780E+3	0.000000E+0	6.874000E+0
2.643280E-2	3.958493E+3	0.000000E+0	7.057000E+0
2.641382E-2	3.958730E+3	0.000000E+0	7.239000E+0
2.641054E-2	3.958730E+3	0.000000E+0	7.422000E+0
2.639201E-2	3.958890E+3	0.000000E+0	7.604000E+0
2.638643E-2	3.959607E+3	0.000000E+0	7.788000E+0
2.636983E-2	3.960560E+3	0.000000E+0	7.971000E+0
2.636141E-2	3.960560E+3	0.000000E+0	8.154000E+0
2.634878E-2	3.960320E+3	0.000000E+0	8.337000E+0
2.633640E-2	3.960480E+3	0.000000E+0	8.518000E+0
2.632710E-2	3.960880E+3	0.000000E+0	8.701000E+0
2.631154E-2	3.960880E+3	0.000000E+0	8.881000E+0
2.630553E-2	3.960800E+3	0.000000E+0	9.063000E+0
2.628754E-2	3.960320E+3	0.000000E+0	9.242000E+0
2.628268E-2	3.960080E+3	0.000000E+0	9.426000E+0
2.626227E-2	3.960160E+3	0.000000E+0	9.611000E+0
2.625781E-2	3.960320E+3	0.000000E+0	9.793000E+0
2.624374E-2	3.960640E+3	0.000000E+0	9.973000E+0
2.623277E-2	3.960640E+3	0.000000E+0	1.015800E+1
2.621972E-2	3.961117E+3	0.000000E+0	1.033700E+1
2.620747E-2	3.961590E+3	0.000000E+0	1.051900E+1
2.619766E-2	3.962150E+3	0.000000E+0	1.070300E+1
2.618226E-2	3.962470E+3	0.000000E+0	1.088700E+1
2.617602E-2	3.963340E+3	0.000000E+0	1.106700E+1
2.615753E-2	3.964453E+3	0.000000E+0	1.125100E+1
2.615272E-2	3.964610E+3	0.000000E+0	1.143500E+1
2.613335E-2	3.964220E+3	0.000000E+0	1.161600E+1
2.612875E-2	3.964140E+3	0.000000E+0	1.179900E+1
2.611170E-2	3.963980E+3	0.000000E+0	1.198000E+1
2.610278E-2	3.963980E+3	0.000000E+0	1.216100E+1
2.608965E-2	3.963740E+3	0.000000E+0	1.234400E+1
2.607701E-2	3.963740E+3	0.000000E+0	1.252800E+1
2.606711E-2	3.963340E+3	0.000000E+0	1.271000E+1
2.605166E-2	3.962867E+3	0.000000E+0	1.289300E+1
2.604497E-2	3.962550E+3	0.000000E+0	1.307500E+1
2.602658E-2	3.962390E+3	0.000000E+0	1.325400E+1
2.602298E-2	3.962390E+3	0.000000E+0	1.343600E+1
2.600392E-2	3.962550E+3	0.000000E+0	1.361700E+1
2.599690E-2	3.962390E+3	0.000000E+0	1.379800E+1
2.597866E-2	3.961830E+3	0.000000E+0	1.398300E+1
2.597130E-2	3.961670E+3	0.000000E+0	1.416600E+1
2.595631E-2	3.962470E+3	0.000000E+0	1.434700E+1
2.594498E-2	3.963180E+3	0.000000E+0	1.453000E+1
2.593347E-2	3.963500E+3	0.000000E+0	1.471300E+1
2.591908E-2	3.963580E+3	0.000000E+0	1.489200E+1
2.591260E-2	3.963260E+3	0.000000E+0	1.507100E+1
2.589413E-2	3.963580E+3	0.000000E+0	1.525300E+1
2.588882E-2	3.963740E+3	0.000000E+0	1.543500E+1
2.586838E-2	3.963980E+3	0.000000E+0	1.561800E+1
2.586344E-2	3.964060E+3	0.000000E+0	1.579900E+1
2.584687E-2	3.963340E+3	0.000000E+0	1.597900E+1
2.583828E-2	3.963260E+3	0.000000E+0	1.616100E+1
2.582523E-2	3.963260E+3	0.000000E+0	1.634300E+1
2.581163E-2	3.963500E+3	0.000000E+0	1.652200E+1
2.580215E-2	3.964140E+3	0.000000E+0	1.670500E+1
2.578577E-2	3.964690E+3	0.000000E+0	1.688500E+1
2.578188E-2	3.965330E+3	0.000000E+0	1.706500E+1
2.576174E-2	3.964850E+3	0.000000E+0	1.724000E+1
2.575586E-2	3.963660E+3	0.000000E+0	1.742000E+1
2.573516E-2	3.963023E+3	0.000000E+0	1.760100E+1
2.572931E-2	3.963023E+3	0.000000E+0	1.778100E+1
2.571448E-2	3.963500E+3	0.000000E+0	1.796200E+1
2.570293E-2	3.963820E+3	0.000000E+0	1.814200E+1
2.569071E-2	3.964220E+3	0.000000E+0	1.832200E+1
2.567618E-2	3.964220E+3	0.000000E+0	1.850100E+1
2.566794E-2	3.964453E+3	0.000000E+0	1.868100E+1
2.565116E-2	3.964850E+3	0.000000E+0	1.886000E+1
2.564566E-2	3.965170E+3	0.000000E+0	1.904300E+1
2.562560E-2	3.965803E+3	0.000000E+0	1.922000E+1
2.562085E-2	3.966120E+3	0.000000E+0	1.940100E+1
2.560160E-2	3.966120E+3	0.000000E+0	1.957900E+1
2.559395E-2	3.966040E+3	0.000000E+0	1.976200E+1
2.558163E-2	3.965803E+3	0.000000E+0	1.994100E+1
2.556738E-2	3.965410E+3	0.000000E+0	2.012300E+1
2.555610E-2	3.965650E+3	0.000000E+0	2.030500E+1
2.554082E-2	3.966120E+3	0.000000E+0	2.048500E+1
2.553439E-2	3.966120E+3	0.000000E+0	2.066500E+1
2.551514E-2	3.965330E+3	0.000000E+0	2.084500E+1
2.551050E-2	3.965090E+3	0.000000E+0	2.102800E+1
2.549033E-2	3.965090E+3	0.000000E+0	2.121200E+1
2.548361E-2	3.964533E+3	0.000000E+0	2.139200E+1
2.546465E-2	3.963820E+3	0.000000E+0	2.157400E+1
2.545612E-2	3.963660E+3	0.000000E+0	2.175500E+1
2.544326E-2	3.964693E+3	0.000000E+0	2.193900E+1
2.543006E-2	3.965803E+3	0.000000E+0	2.212000E+1
2.542129E-2	3.966600E+3	0.000000E+0	2.230400E+1
2.540323E-2	3.966600E+3	0.000000E+0	2.248400E+1
2.539532E-2	3.966360E+3	0.000000E+0	2.266500E+1
2.537655E-2	3.966520E+3	0.000000E+0	2.284700E+1
2.537223E-2	3.966840E+3	0.000000E+0	2.302800E+1
2.535144E-2	3.966280E+3	0.000000E+0	2.321100E+1
2.534504E-2	3.965090E+3	0.000000E+0	2.339100E+1
2.532940E-2	3.965010E+3	0.000000E+0	2.357500E+1
2.531853E-2	3.965723E+3	0.000000E+0	2.375600E+1
2.530319E-2	3.966120E+3	0.000000E+0	2.393500E+1
2.528996E-2	3.966040E+3	0.000000E+0	2.411800E+1
2.527973E-2	3.965647E+3	0.000000E+0	2.429700E+1
2.526297E-2	3.965010E+3	0.000000E+0	2.448100E+1
2.525714E-2	3.964930E+3	0.000000E+0	2.466200E+1
2.523624E-2	3.964930E+3	0.000000E+0	2.484400E+1
2.523177E-2	3.964850E+3	0.000000E+0	2.502500E+1
2.521106E-2	3.964297E+3	0.000000E+0	2.520700E+1
2.520510E-2	3.963820E+3	0.000000E+0	2.538800E+1
2.518729E-2	3.963740E+3	0.000000E+0	2.557000E+1
2.517782E-2	3.964533E+3	0.000000E+0	2.574900E+1
2.516379E-2	3.965330E+3	0.000000E+0	2.593100E+1
2.514999E-2	3.965410E+3	0.000000E+0	2.611300E+1
2.514135E-2	3.965410E+3	0.000000E+0	2.629400E+1
2.512331E-2	3.965410E+3	0.000000E+0	2.647600E+1
2.511684E-2	3.966200E+3	0.000000E+0	2.665700E+1
2.509660E-2	3.967313E+3	0.000000E+0	2.683700E+1
2.509141E-2	3.967710E+3	0.000000E+0	2.701900E+1
2.507010E-2	3.968030E+3	0.000000E+0	2.719800E+1
2.506375E-2	3.968190E+3	0.000000E+0	2.738000E+1
2.504814E-2	3.967550E+3	0.000000E+0	2.755900E+1
2.503584E-2	3.967390E+3	0.000000E+0	2.774300E+1
2.502298E-2	3.968110E+3	0.000000E+0	2.792600E+1
2.500845E-2	3.968750E+3	0.000000E+0	2.810900E+1
2.499884E-2	3.968750E+3	0.000000E+0	2.828900E+1
2.498088E-2	3.968270E+3	0.000000E+0	2.847200E+1
2.497498E-2	3.968270E+3	0.000000E+0	2.865500E+1
2.495395E-2	3.968270E+3	0.000000E+0	2.883800E+1
2.494902E-2	3.968270E+3	0.000000E+0	2.901700E+1
2.492768E-2	3.968190E+3	0.000000E+0	2.919900E+1
2.492110E-2	3.967790E+3	0.000000E+0	2.938200E+1
2.490468E-2	3.967550E+3	0.000000E+0	2.955800E+1
2.489295E-2	3.967790E+3	0.000000E+0	2.974100E+1
2.488136E-2	3.968030E+3	0.000000E+0	2.992500E+1
2.486530E-2	3.967630E+3	0.000000E+0	3.010500E+1
2.485648E-2	3.967077E+3	0.000000E+0	3.028800E+1
2.483802E-2	3.965963E+3	0.000000E+0	3.046800E+1
2.483127E-2	3.966120E+3	0.000000E+0	3.064700E+1
2.481066E-2	3.967000E+3	0.000000E+0	3.083100E+1
2.480544E-2	3.967390E+3	0.000000E+0	3.101400E+1
2.478524E-2	3.967550E+3	0.000000E+0	3.119400E+1
2.477736E-2	3.967550E+3	0.000000E+0	3.137600E+1
2.476097E-2	3.967870E+3	0.000000E+0	3.155700E+1
2.474905E-2	3.968110E+3	0.000000E+0	3.173900E+1
2.474030E-2	3.968350E+3	0.000000E+0	3.191900E+1
2.472191E-2	3.968750E+3	0.000000E+0	3.210000E+1
2.471365E-2	3.968670E+3	0.000000E+0	3.228200E+1
2.469376E-2	3.968030E+3	0.000000E+0	3.246600E+1
2.468756E-2	3.968030E+3	0.000000E+0	3.264900E+1
2.466610E-2	3.968510E+3	0.000000E+0	3.283000E+1
2.466098E-2	3.969060E+3	0.000000E+0	3.301200E+1
2.464075E-2	3.968827E+3	0.000000E+0	3.319400E+1
2.463274E-2	3.968750E+3	0.000000E+0	3.337300E+1
2.461757E-2	3.968827E+3	0.000000E+0	3.355500E+1
2.460489E-2	3.969140E+3	0.000000E+0	3.373400E+1
2.459185E-2	3.968750E+3	0.000000E+0	3.391500E+1
2.457642E-2	3.969063E+3	0.000000E+0	3.409500E+1
2.456920E-2	3.969220E+3	0.000000E+0	3.427500E+1
2.454866E-2	3.968907E+3	0.000000E+0	3.445700E+1
2.454379E-2	3.968750E+3	0.000000E+0	3.463800E+1
2.452171E-2	3.968827E+3	0.000000E+0	3.482000E+1
2.451571E-2	3.969300E+3	0.000000E+0	3.500200E+1
2.449575E-2	3.969700E+3	0.000000E+0	3.518300E+1
2.448692E-2	3.969700E+3	0.000000E+0	3.536300E+1
2.447540E-2	3.969620E+3	0.000000E+0	3.554000E+1
2.445931E-2	3.969300E+3	0.000000E+0	3.572200E+1
2.444714E-2	3.969060E+3	0.000000E+0	3.590200E+1
2.443005E-2	3.968827E+3	0.000000E+0	3.608200E+1
2.442300E-2	3.968030E+3	0.000000E+0	3.626600E+1
2.440182E-2	3.967550E+3	0.000000E+0	3.644800E+1
2.439662E-2	3.967550E+3	0.000000E+0	3.662900E+1
2.437459E-2	3.967550E+3	0.000000E+0	3.681300E+1
2.436845E-2	3.968190E+3	0.000000E+0	3.699500E+1
2.434866E-2	3.968983E+3	0.000000E+0	3.717700E+1
2.434005E-2	3.969140E+3	0.000000E+0	3.735600E+1
2.432497E-2	3.968980E+3	0.000000E+0	3.753600E+1
2.431149E-2	3.968747E+3	0.000000E+0	3.771900E+1
2.430027E-2	3.967790E+3	0.000000E+0	3.789900E+1
2.428208E-2	3.967080E+3	0.000000E+0	3.808500E+1
2.427632E-2	3.967000E+3	0.000000E+0	3.826900E+1
2.425437E-2	3.967000E+3	0.000000E+0	3.845000E+1
2.424868E-2	3.966680E+3	0.000000E+0	3.863200E+1
2.422717E-2	3.966760E+3	0.000000E+0	3.881200E+1
2.422097E-2	3.966680E+3	0.000000E+0	3.899200E+1
2.420053E-2	3.966600E+3	0.000000E+0	3.917400E+1
2.419141E-2	3.966760E+3	0.000000E+0	3.935700E+1
2.417644E-2	3.967080E+3	0.000000E+0	3.953900E+1
2.416318E-2	3.967233E+3	0.000000E+0	3.972100E+1
2.415160E-2	3.967000E+3	0.000000E+0	3.990200E+1
2.413399E-2	3.966840E+3	0.000000E+0	4.008800E+1
2.412568E-2	3.966840E+3	0.000000E+0	4.026900E+1
2.410531E-2	3.966680E+3	0.000000E+0	4.044900E+1
2.410025E-2	3.966520E+3	0.000000E+0	4.063100E+1
2.407870E-2	3.965803E+3	0.000000E+0	4.081000E+1
2.407225E-2	3.965410E+3	0.000000E+0	4.099000E+1
2.405347E-2	3.965410E+3	0.000000E+0	4.117100E+1
2.404366E-2	3.965410E+3	0.000000E+0	4.135100E+1
2.402858E-2	3.965410E+3	0.000000E+0	4.153400E+1
2.401351E-2	3.965727E+3	0.000000E+0	4.171700E+1
2.400542E-2	3.965803E+3	0.000000E+0	4.190000E+1
2.398574E-2	3.965410E+3	0.000000E+0	4.208100E+1
2.397743E-2	3.965650E+3	0.000000E+0	4.226300E+1
2.395710E-2	3.965490E+3	0.000000E+0	4.244700E+1
2.395115E-2	3.965410E+3	0.000000E+0	4.262700E+1
2.392871E-2	3.965570E+3	0.000000E+0	4.280700E+1
2.392257E-2	3.965883E+3	0.000000E+0	4.298900E+1
2.390335E-2	3.966600E+3	0.000000E+0	4.317000E+1
2.389326E-2	3.966840E+3	0.000000E+0	4.335000E+1
2.387942E-2	3.966600E+3	0.000000E+0	4.353200E+1
2.386404E-2	3.966440E+3	0.000000E+0	4.371300E+1
2.385479E-2	3.966680E+3	0.000000E+0	4.389500E+1
2.383528E-2	3.967080E+3	0.000000E+0	4.407600E+1
2.382782E-2	3.967080E+3	0.000000E+0	4.426100E+1
2.380682E-2	3.967390E+3	0.000000E+0	4.444300E+1
2.380166E-2	3.967710E+3	0.000000E+0	4.462600E+1
2.377965E-2	3.967630E+3	0.000000E+0	4.480900E+1
2.377208E-2	3.967550E+3	0.000000E+0	4.499000E+1
2.375332E-2	3.967157E+3	0.000000E+0	4.517100E+1
2.374251E-2	3.967080E+3	0.000000E+0	4.535300E+1
2.373068E-2	3.966600E+3	0.000000E+0	4.553600E+1
2.371346E-2	3.965883E+3	0.000000E+0	4.571600E+1
2.370360E-2	3.965410E+3	0.000000E+0	4.589700E+1
2.368437E-2	3.965250E+3	0.000000E+0	4.607900E+1
2.367740E-2	3.965647E+3	0.000000E+0	4.625800E+1
2.365583E-2	3.966120E+3	0.000000E+0	4.643800E+1
2.365023E-2	3.966040E+3	0.000000E+0	4.661800E+1
2.362873E-2	3.966360E+3	0.000000E+0	4.680000E+1
2.362101E-2	3.966600E+3	0.000000E+0	4.697900E+1
2.360364E-2	3.965960E+3	0.000000E+0	4.715900E+1
2.359139E-2	3.965570E+3	0.000000E+0	4.734400E+1
2.357831E-2	3.965090E+3	0.000000E+0	4.752400E+1
2.356179E-2	3.964297E+3	0.000000E+0	4.770800E+1
2.355313E-2	3.964060E+3	0.000000E+0	4.788700E+1
2.353250E-2	3.963980E+3	0.000000E+0	4.806900E+1
2.352694E-2	3.964140E+3	0.000000E+0	4.825000E+1
2.350470E-2	3.963500E+3	0.000000E+0	4.843100E+1
2.349873E-2	3.962630E+3	0.000000E+0	4.861300E+1
2.347671E-2	3.962150E+3	0.000000E+0	4.879600E+1
2.346879E-2	3.961830E+3	0.000000E+0	4.897500E+1
2.345465E-2	3.962070E+3	0.000000E+0	4.915900E+1
2.344016E-2	3.962310E+3	0.000000E+0	4.934100E+1
2.342654E-2	3.962070E+3	0.000000E+0	4.952100E+1
2.340973E-2	3.961353E+3	0.000000E+0	4.970500E+1
2.340059E-2	3.960480E+3	0.000000E+0	4.988600E+1
2.337997E-2	3.959290E+3	0.000000E+0	5.006900E+1
2.337453E-2	3.958730E+3	0.000000E+0	5.024900E+1
2.335166E-2	3.958490E+3	0.000000E+0	5.043100E+1
2.334601E-2	3.958337E+3	0.000000E+0	5.060800E+1
2.332534E-2	3.957460E+3	0.000000E+0	5.078900E+1
2.331641E-2	3.956110E+3	0.000000E+0	5.096700E+1
2.329859E-2	3.954760E+3	0.000000E+0	5.115000E+1
2.328643E-2	3.953727E+3	0.000000E+0	5.133100E+1
2.327261E-2	3.952850E+3	0.000000E+0	5.151300E+1
2.325625E-2	3.951500E+3	0.000000E+0	5.169500E+1
2.324889E-2	3.949673E+3	0.000000E+0	5.187700E+1
2.322790E-2	3.947367E+3	0.000000E+0	5.205700E+1
2.322139E-2	3.943950E+3	0.000000E+0	5.224100E+1
2.319867E-2	3.942040E+3	0.000000E+0	5.243000E+1
2.319257E-2	3.943553E+3	0.000000E+0	5.260700E+1
2.317604E-2	3.946017E+3	0.000000E+0	5.278700E+1
2.316312E-2	3.947367E+3	0.000000E+0	5.297000E+1
2.314443E-2	3.948797E+3	0.000000E+0	5.315100E+1
2.313249E-2	3.949830E+3	0.000000E+0	5.333300E+1
2.312038E-2	3.949830E+3	0.000000E+0	5.351600E+1
2.310293E-2	3.949117E+3	0.000000E+0	5.369500E+1
2.309344E-2	3.948960E+3	0.000000E+0	5.387600E+1
2.307265E-2	3.949353E+3	0.000000E+0	5.405500E+1
2.306720E-2	3.949120E+3	0.000000E+0	5.423800E+1
2.304437E-2	3.948800E+3	0.000000E+0	5.441600E+1
2.303808E-2	3.948240E+3	0.000000E+0	5.459900E+1
2.301745E-2	3.948000E+3	0.000000E+0	5.477900E+1
2.300884E-2	3.947760E+3	0.000000E+0	5.495900E+1
2.299189E-2	3.947527E+3	0.000000E+0	5.514100E+1
2.297876E-2	3.946890E+3	0.000000E+0	5.532200E+1
2.296784E-2	3.946097E+3	0.000000E+0	5.550400E+1
2.294956E-2	3.945220E+3	0.000000E+0	5.568700E+1
2.294006E-2	3.944510E+3	0.000000E+0	5.586800E+1
2.291869E-2	3.944430E+3	0.000000E+0	5.605100E+1
2.291276E-2	3.944030E+3	0.000000E+0	5.623200E+1
2.288968E-2	3.942677E+3	0.000000E+0	5.641500E+1
2.288386E-2	3.940693E+3	0.000000E+0	5.659500E+1
2.286283E-2	3.938547E+3	0.000000E+0	5.677600E+1
2.285380E-2	3.938150E+3	0.000000E+0	5.695400E+1
2.283826E-2	3.937670E+3	0.000000E+0	5.713400E+1
2.282336E-2	3.936560E+3	0.000000E+0	5.731500E+1
2.281337E-2	3.934493E+3	0.000000E+0	5.749300E+1
2.279387E-2	3.932267E+3	0.000000E+0	5.767200E+1
2.278675E-2	3.930520E+3	0.000000E+0	5.785500E+1
2.276498E-2	3.929327E+3	0.000000E+0	5.803200E+1
2.275942E-2	3.928213E+3	0.000000E+0	5.821400E+1
2.273729E-2	3.927103E+3	0.000000E+0	5.839500E+1
2.272906E-2	3.925670E+3	0.000000E+0	5.857400E+1
2.271124E-2	3.924400E+3	0.000000E+0	5.875400E+1
2.269860E-2	3.922730E+3	0.000000E+0	5.893300E+1
2.268885E-2	3.920903E+3	0.000000E+0	5.911300E+1
2.266934E-2	3.918997E+3	0.000000E+0	5.929300E+1
2.265999E-2	3.916373E+3	0.000000E+0	5.947600E+1
2.263915E-2	3.913987E+3	0.000000E+0	5.966000E+1
2.263220E-2	3.911763E+3	0.000000E+0	5.984200E+1
2.260944E-2	3.909380E+3	0.000000E+0	6.002300E+1
2.260391E-2	3.906273E+3	0.000000E+0	6.020600E+1
2.258278E-2	3.903563E+3	0.000000E+0	6.038600E+1
2.257345E-2	3.900460E+3	0.000000E+0	6.056600E+1
2.255695E-2	3.896730E+3	0.000000E+0	6.074500E+1
2.254354E-2	3.892910E+3	0.000000E+0	6.092400E+1
2.253321E-2	3.888860E+3	0.000000E+0	6.110400E+1
2.251347E-2	3.884890E+3	0.000000E+0	6.128400E+1
2.250538E-2	3.880280E+3	0.000000E+0	6.146400E+1
2.248368E-2	3.875750E+3	0.000000E+0	6.164300E+1
2.247892E-2	3.870343E+3	0.000000E+0	6.182300E+1
2.245542E-2	3.864143E+3	0.000000E+0	6.200700E+1
2.244763E-2	3.857787E+3	0.000000E+0	6.218600E+1
2.242803E-2	3.851667E+3	0.000000E+0	6.236900E+1
2.241707E-2	3.844753E+3	0.000000E+0	6.254900E+1
2.240242E-2	3.837680E+3	0.000000E+0	6.272900E+1
2.238746E-2	3.830763E+3	0.000000E+0	6.291000E+1
2.237783E-2	3.822977E+3	0.000000E+0	6.309200E+1
2.235711E-2	3.814790E+3	0.000000E+0	6.327500E+1
2.234966E-2	3.804780E+3	0.000000E+0	6.345500E+1
2.232745E-2	3.795480E+3	0.000000E+0	6.363800E+1
2.232226E-2	3.784433E+3	0.000000E+0	6.382100E+1
2.230172E-2	3.774020E+3	0.000000E+0	6.400000E+1
2.229169E-2	3.762500E+3	0.000000E+0	6.418100E+1
2.227266E-2	3.749783E+3	0.000000E+0	6.436400E+1
2.226112E-2	3.735557E+3	0.000000E+0	6.454400E+1
2.224638E-2	3.719820E+3	0.000000E+0	6.472800E+1
2.223080E-2	3.703130E+3	0.000000E+0	6.490700E+1
2.222188E-2	3.683340E+3	0.000000E+0	6.508600E+1
2.220096E-2	3.664507E+3	0.000000E+0	6.526300E+1
2.219500E-2	3.642413E+3	0.000000E+0	6.544200E+1
2.217162E-2	3.620560E+3	0.000000E+0	6.562200E+1
2.216551E-2	3.593380E+3	0.000000E+0	6.580400E+1
2.214439E-2	3.566757E+3	0.000000E+0	6.598500E+1
2.213433E-2	3.536877E+3	0.000000E+0	6.616600E+1
2.211854E-2	3.505723E+3	0.000000E+0	6.634700E+1
2.210383E-2	3.471467E+3	0.000000E+0	6.652800E+1
2.209246E-2	3.432447E+3	0.000000E+0	6.671000E+1
2.207405E-2	3.393187E+3	0.000000E+0	6.689100E+1
2.206556E-2	3.346853E+3	0.000000E+0	6.707100E+1
2.204366E-2	3.300363E+3	0.000000E+0	6.725300E+1
2.203881E-2	3.244733E+3	0.000000E+0	6.743700E+1
2.201678E-2	3.193313E+3	0.000000E+0	6.761900E+1
2.200840E-2	3.135777E+3	0.000000E+0	6.779700E+1
2.198766E-2	3.073550E+3	0.000000E+0	6.797900E+1
2.197725E-2	3.006473E+3	0.000000E+0	6.816000E+1
2.196232E-2	2.935743E+3	0.000000E+0	6.833900E+1
2.194669E-2	2.865887E+3	0.000000E+0	6.852200E+1
2.193576E-2	2.792850E+3	0.000000E+0	6.870300E+1
2.191651E-2	2.726490E+3	0.000000E+0	6.888500E+1
2.190874E-2	2.657983E+3	0.000000E+0	6.906600E+1
2.188606E-2	2.598060E+3	0.000000E+0	6.924800E+1
2.187997E-2	2.540763E+3	0.000000E+0	6.942900E+1
2.185649E-2	2.494987E+3	0.000000E+0	6.961000E+1
2.184983E-2	2.459777E+3	0.000000E+0	6.979200E+1
2.183175E-2	2.436493E+3	0.000000E+0	6.996800E+1
2.181885E-2	2.427197E+3	0.000000E+0	7.015000E+1
2.180574E-2	2.430377E+3	0.000000E+0	7.033100E+1
2.178916E-2	2.445950E+3	0.000000E+0	7.051300E+1
2.177854E-2	2.474560E+3	0.000000E+0	7.069600E+1
2.175876E-2	2.509607E+3	0.000000E+0	7.087900E+1
2.175283E-2	2.558720E+3	0.000000E+0	7.106100E+1
2.172971E-2	2.606563E+3	0.000000E+0	7.124600E+1
2.172338E-2	2.663703E+3	0.000000E+0	7.142800E+1
2.169945E-2	2.722593E+3	0.000000E+0	7.161000E+1
2.169176E-2	2.788320E+3	0.000000E+0	7.179000E+1
2.167328E-2	2.849753E+3	0.000000E+0	7.196900E+1
2.166090E-2	2.909837E+3	0.000000E+0	7.214700E+1
2.164640E-2	2.970950E+3	0.000000E+0	7.232700E+1
2.163040E-2	3.028650E+3	0.000000E+0	7.250900E+1
2.161945E-2	3.085783E+3	0.000000E+0	7.268800E+1
2.159946E-2	3.135857E+3	0.000000E+0	7.287000E+1
2.159237E-2	3.186717E+3	0.000000E+0	7.305100E+1
2.156950E-2	3.229633E+3	0.000000E+0	7.323300E+1
2.156343E-2	3.273743E+3	0.000000E+0	7.341500E+1
2.154082E-2	3.312127E+3	0.000000E+0	7.359600E+1
2.153232E-2	3.350193E+3	0.000000E+0	7.378100E+1
2.151670E-2	3.383810E+3	0.000000E+0	7.396300E+1
2.150253E-2	3.414010E+3	0.000000E+0	7.414500E+1
2.148728E-2	3.443970E+3	0.000000E+0	7.432500E+1
2.147113E-2	3.471547E+3	0.000000E+0	7.450400E+1
2.146079E-2	3.499363E+3	0.000000E+0	7.468700E+1
2.144020E-2	3.522570E+3	0.000000E+0	7.487000E+1
2.143385E-2	3.545857E+3	0.000000E+0	7.505000E+1
2.141034E-2	3.565720E+3	0.000000E+0	7.523200E+1
2.140441E-2	3.585433E+3	0.000000E+0	7.541000E+1
2.138146E-2	3.602997E+3	0.000000E+0	7.559300E+1
2.137352E-2	3.619290E+3	0.000000E+0	7.577300E+1
2.135584E-2	3.634310E+3	0.000000E+0	7.595500E+1
2.134305E-2	3.648137E+3	0.000000E+0	7.613600E+1
2.132854E-2	3.661887E+3	0.000000E+0	7.631900E+1
2.131180E-2	3.674840E+3	0.000000E+0	7.650300E+1
2.130299E-2	3.687953E+3	0.000000E+0	7.668600E+1
2.128123E-2	3.698523E+3	0.000000E+0	7.686600E+1
2.127428E-2	3.709090E+3	0.000000E+0	7.704600E+1
2.125118E-2	3.718550E+3	0.000000E+0	7.722900E+1
2.124523E-2	3.728483E+3	0.000000E+0	7.740900E+1
2.122626E-2	3.737463E+3	0.000000E+0	7.759100E+1
2.121528E-2	3.745570E+3	0.000000E+0	7.777200E+1
2.119650E-2	3.753597E+3	0.000000E+0	7.795500E+1
2.118362E-2	3.761070E+3	0.000000E+0	7.813500E+1
2.116943E-2	3.768617E+3	0.000000E+0	7.831800E+1
2.115258E-2	3.775690E+3	0.000000E+0	7.850200E+1
2.114277E-2	3.782923E+3	0.000000E+0	7.868500E+1
2.112092E-2	3.788567E+3	0.000000E+0	7.886500E+1
2.111500E-2	3.794130E+3	0.000000E+0	7.904500E+1
2.109156E-2	3.798900E+3	0.000000E+0	7.922600E+1
2.108548E-2	3.803983E+3	0.000000E+0	7.940800E+1
2.106313E-2	3.809070E+3	0.000000E+0	7.959400E+1
2.105460E-2	3.814237E+3	0.000000E+0	7.977500E+1
2.103674E-2	3.818687E+3	0.000000E+0	7.995600E+1
2.102340E-2	3.822500E+3	0.000000E+0	8.013400E+1
2.101148E-2	3.826393E+3	0.000000E+0	8.031400E+1
2.099204E-2	3.829810E+3	0.000000E+0	8.049500E+1
2.098462E-2	3.833710E+3	0.000000E+0	8.067300E+1
2.096181E-2	3.837760E+3	0.000000E+0	8.085500E+1
2.095778E-2	3.841493E+3	0.000000E+0	8.103800E+1
2.093486E-2	3.843797E+3	0.000000E+0	8.121700E+1
2.092658E-2	3.846343E+3	0.000000E+0	8.139900E+1
2.090589E-2	3.849203E+3	0.000000E+0	8.158100E+1
2.089550E-2	3.852143E+3	0.000000E+0	8.176300E+1
2.087847E-2	3.854447E+3	0.000000E+0	8.194600E+1
2.086353E-2	3.856277E+3	0.000000E+0	8.212700E+1
2.085231E-2	3.859137E+3	0.000000E+0	8.230900E+1
2.083386E-2	3.862157E+3	0.000000E+0	8.249100E+1
2.082440E-2	3.864620E+3	0.000000E+0	8.267200E+1
2.080284E-2	3.866607E+3	0.000000E+0	8.285200E+1
2.079742E-2	3.869153E+3	0.000000E+0	8.303000E+1
2.077405E-2	3.871773E+3	0.000000E+0	8.320800E+1
2.076641E-2	3.874873E+3	0.000000E+0	8.339000E+1
2.074654E-2	3.876780E+3	0.000000E+0	8.357300E+1
2.073517E-2	3.878687E+3	0.000000E+0	8.375600E+1
2.071988E-2	3.880673E+3	0.000000E+0	8.393700E+1
2.070370E-2	3.882423E+3	0.000000E+0	8.411700E+1
2.069398E-2	3.884093E+3	0.000000E+0	8.429600E+1
2.067297E-2	3.885683E+3	0.000000E+0	8.447600E+1
2.066572E-2	3.886950E+3	0.000000E+0	8.465600E+1
2.064276E-2	3.887910E+3	0.000000E+0	8.483900E+1
2.063720E-2	3.888860E+3	0.000000E+0	8.501900E+1
2.061580E-2	3.889973E+3	0.000000E+0	8.519600E+1
2.060723E-2	3.891243E+3	0.000000E+0	8.537800E+1
2.058942E-2	3.892280E+3	0.000000E+0	8.555700E+1
2.057595E-2	3.893390E+3	0.000000E+0	8.573700E+1
2.056166E-2	3.895060E+3	0.000000E+0	8.591800E+1
2.054442E-2	3.896490E+3	0.000000E+0	8.609900E+1
2.053600E-2	3.898317E+3	0.000000E+0	8.627900E+1
2.051409E-2	3.899667E+3	0.000000E+0	8.645900E+1
2.050726E-2	3.901417E+3	0.000000E+0	8.664300E+1
2.048352E-2	3.902770E+3	0.000000E+0	8.682300E+1
2.047706E-2	3.903480E+3	0.000000E+0	8.700600E+1
2.045537E-2	3.903880E+3	0.000000E+0	8.718600E+1
2.044542E-2	3.904040E+3	0.000000E+0	8.736900E+1
2.042967E-2	3.905150E+3	0.000000E+0	8.754900E+1
2.041437E-2	3.906357E+3	0.000000E+0	8.773200E+1
2.040163E-2	3.907470E+3	0.000000E+0	8.791200E+1
2.038336E-2	3.908507E+3	0.000000E+0	8.809500E+1
2.037699E-2	3.909460E+3	0.000000E+0	8.827500E+1
2.035331E-2	3.910410E+3	0.000000E+0	8.845800E+1
2.034677E-2	3.911447E+3	0.000000E+0	8.864100E+1
2.032309E-2	3.912400E+3	0.000000E+0	8.882200E+1
2.031662E-2	3.912800E+3	0.000000E+0	8.900500E+1
2.029467E-2	3.913350E+3	0.000000E+0	8.918500E+1
2.028496E-2	3.913670E+3	0.000000E+0	8.936700E+1
2.026893E-2	3.914467E+3	0.000000E+0	8.954900E+1
2.025376E-2	3.915897E+3	0.000000E+0	8.973200E+1
2.024072E-2	3.917407E+3	0.000000E+0	8.991600E+1
2.022230E-2	3.918600E+3	0.000000E+0	9.009800E+1
2.021255E-2	3.919390E+3	0.000000E+0	9.028200E+1
2.019104E-2	3.919630E+3	0.000000E+0	9.046400E+1
2.018394E-2	3.920110E+3	0.000000E+0	9.064500E+1
2.016014E-2	3.920820E+3	0.000000E+0	9.082800E+1
2.015436E-2	3.921540E+3	0.000000E+0	9.101100E+1
2.013398E-2	3.922490E+3	0.000000E+0	9.118900E+1
2.012368E-2	3.923447E+3	0.000000E+0	9.137200E+1
2.010694E-2	3.924480E+3	0.000000E+0	9.155400E+1
2.009129E-2	3.924880E+3	0.000000E+0	9.173800E+1
2.008288E-2	3.925033E+3	0.000000E+0	9.191900E+1
2.006082E-2	3.925510E+3	0.000000E+0	9.210200E+1
2.005018E-2	3.925590E+3	0.000000E+0	9.228600E+1
2.002971E-2	3.925670E+3	0.000000E+0	9.246500E+1
2.002374E-2	3.926230E+3	0.000000E+0	9.264900E+1
2.000001E-2	3.926783E+3	0.000000E+0	9.282900E+1
1.999458E-2	3.927180E+3	0.000000E+0	9.300800E+1
1.997055E-2	3.927340E+3	0.000000E+0	9.318800E+1
1.996191E-2	3.927897E+3	0.000000E+0	9.337000E+1
1.994411E-2	3.928850E+3	0.000000E+0	9.355100E+1
1.993130E-2	3.929643E+3	0.000000E+0	9.373300E+1
1.991657E-2	3.929800E+3	0.000000E+0	9.391800E+1
1.989923E-2	3.929800E+3	0.000000E+0	9.410000E+1
1.988973E-2	3.930280E+3	0.000000E+0	9.428100E+1
1.986764E-2	3.930840E+3	0.000000E+0	9.446100E+1
1.986302E-2	3.931000E+3	0.000000E+0	9.464400E+1
1.983911E-2	3.931080E+3	0.000000E+0	9.482600E+1
1.983235E-2	3.931313E+3	0.000000E+0	9.500700E+1
1.980840E-2	3.932190E+3	0.000000E+0	9.518700E+1
1.980054E-2	3.932980E+3	0.000000E+0	9.536900E+1
1.978744E-2	3.933460E+3	0.000000E+0	9.554900E+1
1.976964E-2	3.933300E+3	0.000000E+0	9.573000E+1
1.975603E-2	3.933220E+3	0.000000E+0	9.591300E+1
1.973762E-2	3.933300E+3	0.000000E+0	9.609300E+1
1.972924E-2	3.933460E+3	0.000000E+0	9.627200E+1
1.970679E-2	3.933140E+3	0.000000E+0	9.645400E+1
1.970087E-2	3.933140E+3	0.000000E+0	9.663800E+1
1.967626E-2	3.933700E+3	0.000000E+0	9.681900E+1
1.967044E-2	3.934650E+3	0.000000E+0	9.699900E+1
1.964786E-2	3.935050E+3	0.000000E+0	9.718100E+1
1.963869E-2	3.935607E+3	0.000000E+0	9.736200E+1
1.962187E-2	3.935920E+3	0.000000E+0	9.754500E+1
1.960773E-2	3.936080E+3	0.000000E+0	9.772500E+1
1.959624E-2	3.936160E+3	0.000000E+0	9.790500E+1
1.957614E-2	3.936480E+3	0.000000E+0	9.808900E+1
1.956930E-2	3.936880E+3	0.000000E+0	9.827100E+1
1.954558E-2	3.937353E+3	0.000000E+0	9.845000E+1
1.953884E-2	3.938150E+3	0.000000E+0	9.863100E+1
1.951471E-2	3.938230E+3	0.000000E+0	9.881000E+1
1.950835E-2	3.938150E+3	0.000000E+0	9.899300E+1
1.948595E-2	3.937750E+3	0.000000E+0	9.917700E+1
1.947642E-2	3.937430E+3	0.000000E+0	9.935700E+1
1.945960E-2	3.936880E+3	0.000000E+0	9.954300E+1
1.944499E-2	3.936560E+3	0.000000E+0	9.972400E+1
1.943196E-2	3.936800E+3	0.000000E+0	9.990600E+1
1.941410E-2	3.937590E+3	0.000000E+0	1.000910E+2
1.940500E-2	3.938467E+3	0.000000E+0	1.002770E+2
1.938261E-2	3.938780E+3	0.000000E+0	1.004570E+2
1.937621E-2	3.939100E+3	0.000000E+0	1.006360E+2
1.935205E-2	3.939740E+3	0.000000E+0	1.008210E+2
1.934619E-2	3.940770E+3	0.000000E+0	1.010020E+2
1.932442E-2	3.941570E+3	0.000000E+0	1.011840E+2
1.931451E-2	3.941570E+3	0.000000E+0	1.013670E+2
1.929655E-2	3.941010E+3	0.000000E+0	1.015490E+2
1.928263E-2	3.940850E+3	0.000000E+0	1.017300E+2
1.926877E-2	3.940930E+3	0.000000E+0	1.019140E+2
1.925074E-2	3.941567E+3	0.000000E+0	1.020970E+2
1.924284E-2	3.942040E+3	0.000000E+0	1.022760E+2
1.921990E-2	3.942040E+3	0.000000E+0	1.024550E+2
1.921364E-2	3.941647E+3	0.000000E+0	1.026370E+2
1.918989E-2	3.941727E+3	0.000000E+0	1.028190E+2
1.918323E-2	3.942280E+3	0.000000E+0	1.030000E+2
1.916053E-2	3.942917E+3	0.000000E+0	1.031820E+2
1.915196E-2	3.943230E+3	0.000000E+0	1.033630E+2
1.913540E-2	3.943550E+3	0.000000E+0	1.035450E+2
1.912030E-2	3.944110E+3	0.000000E+0	1.037260E+2
1.910656E-2	3.944590E+3	0.000000E+0	1.039090E+2
1.908864E-2	3.944747E+3	0.000000E+0	1.040890E+2
1.907954E-2	3.944590E+3	0.000000E+0	1.042720E+2
1.905712E-2	3.944270E+3	0.000000E+0	1.044590E+2
1.905138E-2	3.944430E+3	0.000000E+0	1.046420E+2
1.902660E-2	3.944430E+3	0.000000E+0	1.048250E+2
1.902098E-2	3.945300E+3	0.000000E+0	1.050050E+2
1.899802E-2	3.945860E+3	0.000000E+0	1.051840E+2
1.898898E-2	3.945460E+3	0.000000E+0	1.053640E+2
1.897188E-2	3.944980E+3	0.000000E+0	1.055440E+2
1.895693E-2	3.945220E+3	0.000000E+0	1.057270E+2
1.894550E-2	3.945540E+3	0.000000E+0	1.059070E+2
1.892422E-2	3.945860E+3	0.000000E+0	1.060900E+2
1.891737E-2	3.946413E+3	0.000000E+0	1.062700E+2
1.889339E-2	3.946890E+3	0.000000E+0	1.064530E+2
1.888804E-2	3.947050E+3	0.000000E+0	1.066360E+2
1.886456E-2	3.946890E+3	0.000000E+0	1.068160E+2
1.885532E-2	3.946410E+3	0.000000E+0	1.069960E+2
1.884256E-2	3.946570E+3	0.000000E+0	1.071760E+2
1.882208E-2	3.947447E+3	0.000000E+0	1.073570E+2
1.881430E-2	3.948160E+3	0.000000E+0	1.075400E+2
1.879848E-2	3.948640E+3	0.000000E+0	1.077240E+2
1.878448E-2	3.948640E+3	0.000000E+0	1.079050E+2
1.877377E-2	3.948400E+3	0.000000E+0	1.080860E+2
1.876494E-2	3.948240E+3	0.000000E+0	1.082660E+2
1.875773E-2	3.948240E+3	0.000000E+0	1.084480E+2
1.875142E-2	3.947760E+3	0.000000E+0	1.086300E+2
1.874584E-2	3.947760E+3	0.000000E+0	1.088110E+2
1.874143E-2	3.947760E+3	0.000000E+0	1.089920E+2
1.873728E-2	3.947683E+3	0.000000E+0	1.091740E+2
1.873473E-2	3.948160E+3	0.000000E+0	1.093570E+2
1.873223E-2	3.948240E+3	0.000000E+0	1.095400E+2
1.872969E-2	3.948240E+3	0.000000E+0	1.097230E+2
1.872800E-2	3.948240E+3	0.000000E+0	1.099040E+2
1.866165E-2	3.948800E+3	0.000000E+0	1.100860E+2
1.861729E-2	3.950070E+3	0.000000E+0	1.102670E+2
1.860760E-2	3.951180E+3	0.000000E+0	1.104490E+2
1.858365E-2	3.951660E+3	0.000000E+0	1.106330E+2
1.857881E-2	3.951820E+3	0.000000E+0	1.108100E+2
1.855587E-2	3.951740E+3	0.000000E+0	1.109930E+2
1.854644E-2	3.951580E+3	0.000000E+0	1.111770E+2
1.852703E-2	3.951340E+3	0.000000E+0	1.113600E+2
1.851474E-2	3.950783E+3	0.000000E+0	1.115400E+2
1.849963E-2	3.950310E+3	0.000000E+0	1.117220E+2
1.848277E-2	3.950390E+3	0.000000E+0	1.119060E+2
1.847326E-2	3.950707E+3	0.000000E+0	1.120870E+2
1.845155E-2	3.950707E+3	0.000000E+0	1.122700E+2
1.844447E-2	3.950860E+3	0.000000E+0	1.124500E+2
1.842019E-2	3.950630E+3	0.000000E+0	1.126320E+2
1.841470E-2	3.950390E+3	0.000000E+0	1.128170E+2
1.839154E-2	3.949750E+3	0.000000E+0	1.129960E+2
1.838291E-2	3.949590E+3	0.000000E+0	1.131790E+2
1.836644E-2	3.949750E+3	0.000000E+0	1.133560E+2
1.835144E-2	3.949910E+3	0.000000E+0	1.135380E+2
1.833791E-2	3.949990E+3	0.000000E+0	1.137190E+2
1.831943E-2	3.950070E+3	0.000000E+0	1.139020E+2
1.831019E-2	3.950150E+3	0.000000E+0	1.140800E+2
1.828800E-2	3.950390E+3	0.000000E+0	1.142610E+2
1.828336E-2	3.950150E+3	0.000000E+0	1.144410E+2
1.825838E-2	3.949910E+3	0.000000E+0	1.146240E+2
1.825201E-2	3.949670E+3	0.000000E+0	1.148050E+2
1.822963E-2	3.949830E+3	0.000000E+0	1.149880E+2
1.822000E-2	3.950230E+3	0.000000E+0	1.151700E+2
1.820211E-2	3.950863E+3	0.000000E+0	1.153510E+2
1.818874E-2	3.951020E+3	0.000000E+0	1.155330E+2
1.817636E-2	3.950470E+3	0.000000E+0	1.157170E+2
1.815680E-2	3.950390E+3	0.000000E+0	1.159010E+2
1.814882E-2	3.951020E+3	0.000000E+0	1.160810E+2
1.812562E-2	3.951500E+3	0.000000E+0	1.162610E+2
1.811910E-2	3.951100E+3	0.000000E+0	1.164440E+2
1.809446E-2	3.950470E+3	0.000000E+0	1.166280E+2
1.808895E-2	3.950390E+3	0.000000E+0	1.168110E+2
1.806659E-2	3.951020E+3	0.000000E+0	1.169920E+2
1.805717E-2	3.951820E+3	0.000000E+0	1.171730E+2
1.803921E-2	3.952290E+3	0.000000E+0	1.173550E+2
1.802472E-2	3.952290E+3	0.000000E+0	1.175400E+2
1.801145E-2	3.951980E+3	0.000000E+0	1.177210E+2
1.799308E-2	3.951500E+3	0.000000E+0	1.179020E+2
1.798505E-2	3.951100E+3	0.000000E+0	1.180830E+2
1.796240E-2	3.951340E+3	0.000000E+0	1.182620E+2
1.795676E-2	3.951420E+3	0.000000E+0	1.184420E+2
1.793176E-2	3.951740E+3	0.000000E+0	1.186230E+2
1.792590E-2	3.952060E+3	0.000000E+0	1.188050E+2
1.790329E-2	3.951820E+3	0.000000E+0	1.189900E+2
1.789403E-2	3.951580E+3	0.000000E+0	1.191720E+2
1.787719E-2	3.951580E+3	0.000000E+0	1.193530E+2
1.786236E-2	3.951660E+3	0.000000E+0	1.195290E+2
1.784963E-2	3.952137E+3	0.000000E+0	1.197110E+2
1.783059E-2	3.952290E+3	0.000000E+0	1.198940E+2
1.782254E-2	3.952060E+3	0.000000E+0	1.200750E+2
1.779916E-2	3.951580E+3	0.000000E+0	1.202550E+2
1.779409E-2	3.951580E+3	0.000000E+0	1.204380E+2
1.777069E-2	3.951660E+3	0.000000E+0	1.206190E+2
1.776305E-2	3.952217E+3	0.000000E+0	1.207960E+2
1.774416E-2	3.952850E+3	0.000000E+0	1.209750E+2
1.773166E-2	3.953250E+3	0.000000E+0	1.211550E+2
1.771969E-2	3.953410E+3	0.000000E+0	1.213370E+2
1.770049E-2	3.953490E+3	0.000000E+0	1.215180E+2
1.768740E-2	3.953410E+3	0.000000E+0	1.217010E+2
1.766762E-2	3.953250E+3	0.000000E+0	1.218840E+2
1.766095E-2	3.953330E+3	0.000000E+0	1.220640E+2
1.763687E-2	3.953490E+3	0.000000E+0	1.222450E+2
1.763080E-2	3.953410E+3	0.000000E+0	1.224260E+2
1.760611E-2	3.953330E+3	0.000000E+0	1.226090E+2
1.759997E-2	3.953410E+3	0.000000E+0	1.227890E+2
1.757849E-2	3.953010E+3	0.000000E+0	1.229710E+2
1.756802E-2	3.952453E+3	0.000000E+0	1.231520E+2
1.755220E-2	3.951980E+3	0.000000E+0	1.233320E+2
1.753542E-2	3.952137E+3	0.000000E+0	1.235160E+2
1.752519E-2	3.953010E+3	0.000000E+0	1.236950E+2
1.750430E-2	3.953727E+3	0.000000E+0	1.238760E+2
1.749859E-2	3.954040E+3	0.000000E+0	1.240580E+2
1.747437E-2	3.953490E+3	0.000000E+0	1.242410E+2
1.746786E-2	3.952850E+3	0.000000E+0	1.244250E+2
1.744261E-2	3.952770E+3	0.000000E+0	1.246080E+2
1.743551E-2	3.952610E+3	0.000000E+0	1.247890E+2
1.741504E-2	3.952450E+3	0.000000E+0	1.249690E+2
1.740417E-2	3.952057E+3	0.000000E+0	1.251520E+2
1.738847E-2	3.951500E+3	0.000000E+0	1.253320E+2
1.737178E-2	3.951580E+3	0.000000E+0	1.255150E+2
1.736192E-2	3.952060E+3	0.000000E+0	1.256950E+2
1.734063E-2	3.951900E+3	0.000000E+0	1.258780E+2
1.733316E-2	3.951740E+3	0.000000E+0	1.260610E+2
1.730997E-2	3.952060E+3	0.000000E+0	1.262440E+2
1.730410E-2	3.952137E+3	0.000000E+0	1.264250E+2
1.727910E-2	3.953010E+3	0.000000E+0	1.266110E+2
1.727283E-2	3.953730E+3	0.000000E+0	1.267920E+2
1.725174E-2	3.953730E+3	0.000000E+0	1.269740E+2
1.724058E-2	3.953730E+3	0.000000E+0	1.271570E+2
1.722407E-2	3.953807E+3	0.000000E+0	1.273350E+2
1.720825E-2	3.954280E+3	0.000000E+0	1.275160E+2
1.720025E-2	3.954840E+3	0.000000E+0	1.276960E+2
1.717761E-2	3.954680E+3	0.000000E+0	1.278780E+2
1.717048E-2	3.953963E+3	0.000000E+0	1.280590E+2
1.714612E-2	3.953650E+3	0.000000E+0	1.282410E+2
1.714040E-2	3.953330E+3	0.000000E+0	1.284210E+2
1.711612E-2	3.953490E+3	0.000000E+0	1.286020E+2
1.710876E-2	3.953730E+3	0.000000E+0	1.287860E+2
1.708890E-2	3.953730E+3	0.000000E+0	1.289690E+2
1.707656E-2	3.953490E+3	0.000000E+0	1.291520E+2
1.706150E-2	3.953330E+3	0.000000E+0	1.293360E+2
1.704457E-2	3.953963E+3	0.000000E+0	1.295180E+2
1.703440E-2	3.954840E+3	0.000000E+0	1.296990E+2
1.701325E-2	3.955080E+3	0.000000E+0	1.298810E+2
1.700617E-2	3.954840E+3	0.000000E+0	1.300580E+2
1.698284E-2	3.954200E+3	0.000000E+0	1.302380E+2
1.697715E-2	3.953650E+3	0.000000E+0	1.304210E+2
1.695334E-2	3.953170E+3	0.000000E+0	1.306020E+2
1.694522E-2	3.953170E+3	0.000000E+0	1.307840E+2
1.692582E-2	3.953650E+3	0.000000E+0	1.309650E+2
1.691407E-2	3.953883E+3	0.000000E+0	1.311450E+2
1.690316E-2	3.954280E+3	0.000000E+0	1.313260E+2
1.688225E-2	3.955077E+3	0.000000E+0	1.315070E+2
1.687293E-2	3.955390E+3	0.000000E+0	1.316890E+2
1.685026E-2	3.955390E+3	0.000000E+0	1.318700E+2
1.684391E-2	3.955000E+3	0.000000E+0	1.320520E+2
1.681906E-2	3.954680E+3	0.000000E+0	1.322340E+2
1.681334E-2	3.954200E+3	0.000000E+0	1.324190E+2
1.679058E-2	3.954120E+3	0.000000E+0	1.325990E+2
1.678201E-2	3.953883E+3	0.000000E+0	1.327830E+2
1.676333E-2	3.953570E+3	0.000000E+0	1.329630E+2
1.674935E-2	3.953250E+3	0.000000E+0	1.331430E+2
1.673717E-2	3.953250E+3	0.000000E+0	1.333220E+2
1.671800E-2	3.953410E+3	0.000000E+0	1.335020E+2
1.670908E-2	3.953730E+3	0.000000E+0	1.336840E+2
1.668633E-2	3.953410E+3	0.000000E+0	1.338690E+2
1.668085E-2	3.953090E+3	0.000000E+0	1.340510E+2
1.665619E-2	3.953170E+3	0.000000E+0	1.342320E+2
1.665014E-2	3.953250E+3	0.000000E+0	1.344170E+2
1.662584E-2	3.953490E+3	0.000000E+0	1.346000E+2
1.661766E-2	3.953963E+3	0.000000E+0	1.347850E+2
1.660229E-2	3.954200E+3	0.000000E+0	1.349660E+2
1.658609E-2	3.954280E+3	0.000000E+0	1.351480E+2
1.657203E-2	3.954680E+3	0.000000E+0	1.353320E+2
1.655337E-2	3.954600E+3	0.000000E+0	1.355120E+2
1.654402E-2	3.954280E+3	0.000000E+0	1.356920E+2
1.652191E-2	3.954200E+3	0.000000E+0	1.358750E+2
1.651561E-2	3.954120E+3	0.000000E+0	1.360580E+2
1.649187E-2	3.953883E+3	0.000000E+0	1.362390E+2
1.648626E-2	3.953730E+3	0.000000E+0	1.364210E+2
1.646251E-2	3.953490E+3	0.000000E+0	1.366010E+2
1.645383E-2	3.953170E+3	0.000000E+0	1.367850E+2
1.643309E-2	3.952770E+3	0.000000E+0	1.369670E+2
1.642139E-2	3.952770E+3	0.000000E+0	1.371470E+2
1.640805E-2	3.952770E+3	0.000000E+0	1.373280E+2
1.639021E-2	3.953330E+3	0.000000E+0	1.375080E+2
1.638164E-2	3.954280E+3	0.000000E+0	1.376870E+2
1.635872E-2	3.954760E+3	0.000000E+0	1.378710E+2
1.635161E-2	3.954200E+3	0.000000E+0	1.380510E+2
1.632759E-2	3.953490E+3	0.000000E+0	1.382340E+2
1.632168E-2	3.953250E+3	0.000000E+0	1.384140E+2
1.629875E-2	3.953250E+3	0.000000E+0	1.385930E+2
1.628948E-2	3.953250E+3	0.000000E+0	1.387750E+2
1.627253E-2	3.953727E+3	0.000000E+0	1.389560E+2
1.625749E-2	3.954440E+3	0.000000E+0	1.391360E+2
1.624568E-2	3.954600E+3	0.000000E+0	1.393160E+2
1.622582E-2	3.954120E+3	0.000000E+0	1.394950E+2
1.621777E-2	3.953730E+3	0.000000E+0	1.396740E+2
1.619435E-2	3.953650E+3	0.000000E+0	1.398540E+2
1.618936E-2	3.953883E+3	0.000000E+0	1.400380E+2
1.616500E-2	3.953883E+3	0.000000E+0	1.402180E+2
1.615794E-2	3.953490E+3	0.000000E+0	1.404040E+2
1.613643E-2	3.953727E+3	0.000000E+0	1.405810E+2
1.612537E-2	3.954760E+3	0.000000E+0	1.407620E+2
1.611040E-2	3.955470E+3	0.000000E+0	1.409400E+2
1.609389E-2	3.955710E+3	0.000000E+0	1.411230E+2
1.608404E-2	3.955390E+3	0.000000E+0	1.413030E+2
1.606313E-2	3.955157E+3	0.000000E+0	1.414830E+2
1.605559E-2	3.954360E+3	0.000000E+0	1.416660E+2
1.603196E-2	3.953650E+3	0.000000E+0	1.418420E+2
1.602622E-2	3.953250E+3	0.000000E+0	1.420250E+2
1.600204E-2	3.953250E+3	0.000000E+0	1.422060E+2
1.599402E-2	3.953250E+3	0.000000E+0	1.423860E+2
1.597637E-2	3.953410E+3	0.000000E+0	1.425680E+2
1.596205E-2	3.953730E+3	0.000000E+0	1.427490E+2
1.594780E-2	3.953730E+3	0.000000E+0	1.429310E+2
1.593021E-2	3.953883E+3	0.000000E+0	1.431120E+2
1.592315E-2	3.954200E+3	0.000000E+0	1.432940E+2
1.589953E-2	3.954200E+3	0.000000E+0	1.434780E+2
1.589051E-2	3.953330E+3	0.000000E+0	1.436610E+2
1.586643E-2	3.952770E+3	0.000000E+0	1.438420E+2
1.586186E-2	3.953010E+3	0.000000E+0	1.440230E+2
1.583776E-2	3.953170E+3	0.000000E+0	1.442040E+2
1.582978E-2	3.952530E+3	0.000000E+0	1.443910E+2
1.580879E-2	3.952530E+3	0.000000E+0	1.445680E+2
1.579737E-2	3.953250E+3	0.000000E+0	1.447490E+2
1.578369E-2	3.953963E+3	0.000000E+0	1.449300E+2
1.576545E-2	3.954760E+3	0.000000E+0	1.451110E+2
1.575513E-2	3.954680E+3	0.000000E+0	1.452930E+2
1.573345E-2	3.953727E+3	0.000000E+0	1.454740E+2
1.572709E-2	3.952610E+3	0.000000E+0	1.456500E+2
1.570280E-2	3.952137E+3	0.000000E+0	1.458330E+2
1.569788E-2	3.952770E+3	0.000000E+0	1.460150E+2
1.567540E-2	3.953170E+3	0.000000E+0	1.461990E+2
1.566554E-2	3.953490E+3	0.000000E+0	1.463800E+2
1.564532E-2	3.953730E+3	0.000000E+0	1.465630E+2
1.563333E-2	3.953490E+3	0.000000E+0	1.467460E+2
1.561773E-2	3.952690E+3	0.000000E+0	1.469270E+2
1.560160E-2	3.952060E+3	0.000000E+0	1.471060E+2
1.559175E-2	3.951820E+3	0.000000E+0	1.472870E+2
1.556961E-2	3.951180E+3	0.000000E+0	1.474650E+2
1.556288E-2	3.951180E+3	0.000000E+0	1.476520E+2
1.553830E-2	3.951740E+3	0.000000E+0	1.478320E+2
1.553332E-2	3.952610E+3	0.000000E+0	1.480130E+2
1.551067E-2	3.953170E+3	0.000000E+0	1.481910E+2
1.550061E-2	3.953250E+3	0.000000E+0	1.483710E+2
1.548246E-2	3.953090E+3	0.000000E+0	1.485540E+2
1.546901E-2	3.952217E+3	0.000000E+0	1.487370E+2
1.545616E-2	3.951900E+3	0.000000E+0	1.489180E+2
1.543701E-2	3.952060E+3	0.000000E+0	1.491000E+2
1.542729E-2	3.952610E+3	0.000000E+0	1.492850E+2
1.540497E-2	3.953010E+3	0.000000E+0	1.494650E+2
1.540065E-2	3.953250E+3	0.000000E+0	1.496440E+2
1.537656E-2	3.953250E+3	0.000000E+0	1.498230E+2
1.536857E-2	3.952930E+3	0.000000E+0	1.500030E+2
1.534639E-2	3.952610E+3	0.000000E+0	1.501830E+2
1.533652E-2	3.952530E+3	0.000000E+0	1.503630E+2
1.531901E-2	3.952293E+3	0.000000E+0	1.505460E+2
1.530427E-2	3.951180E+3	0.000000E+0	1.507260E+2
1.529118E-2	3.951020E+3	0.000000E+0	1.509130E+2
1.527225E-2	3.951740E+3	0.000000E+0	1.510930E+2
1.526466E-2	3.952610E+3	0.000000E+0	1.512720E+2
1.524204E-2	3.952930E+3	0.000000E+0	1.514520E+2
1.523619E-2	3.953090E+3	0.000000E+0	1.516340E+2
1.521186E-2	3.953883E+3	0.000000E+0	1.518170E+2
1.520419E-2	3.954680E+3	0.000000E+0	1.520010E+2
1.518236E-2	3.954920E+3	0.000000E+0	1.521850E+2
1.517239E-2	3.954600E+3	0.000000E+0	1.523650E+2
1.516990E-2	3.953727E+3	0.000000E+0	1.525410E+2
1.516868E-2	3.953727E+3	0.000000E+0	1.527230E+2
1.516767E-2	3.954200E+3	0.000000E+0	1.529030E+2
1.516698E-2	3.954200E+3	0.000000E+0	1.530860E+2
1.516624E-2	3.954200E+3	0.000000E+0	1.532740E+2
1.516611E-2	3.954040E+3	0.000000E+0	1.534510E+2
1.516601E-2	3.953730E+3	0.000000E+0	1.536310E+2
1.516538E-2	3.954120E+3	0.000000E+0	1.538130E+2
1.516519E-2	3.954440E+3	0.000000E+0	1.539940E+2
1.516514E-2	3.955157E+3	0.000000E+0	1.541750E+2
1.516522E-2	3.956110E+3	0.000000E+0	1.543570E+2
1.516511E-2	3.956270E+3	0.000000E+0	1.545390E+2
1.516524E-2	3.956030E+3	0.000000E+0	1.547200E+2
1.516507E-2	3.955870E+3	0.000000E+0	1.549030E+2
1.516455E-2	3.956030E+3	0.000000E+0	1.550860E+2
1.516505E-2	3.956030E+3	0.000000E+0	1.552670E+2
1.516489E-2	3.955550E+3	0.000000E+0	1.554460E+2
1.516446E-2	3.954920E+3	0.000000E+0	1.556220E+2
1.516514E-2	3.954920E+3	0.000000E+0	1.558040E+2
1.516434E-2	3.954920E+3	0.000000E+0	1.559840E+2
1.516427E-2	3.954920E+3	0.000000E+0	1.561670E+2
1.516453E-2	3.955080E+3	0.000000E+0	1.563510E+2
1.516428E-2	3.955393E+3	0.000000E+0	1.565300E+2
1.516446E-2	3.956110E+3	0.000000E+0	1.567100E+2
1.516447E-2	3.956510E+3	0.000000E+0	1.568940E+2
1.516471E-2	3.956590E+3	0.000000E+0	1.570760E+2
1.516504E-2	3.956747E+3	0.000000E+0	1.572540E+2
1.516450E-2	3.957300E+3	0.000000E+0	1.574370E+2
1.516435E-2	3.957780E+3	0.000000E+0	1.576170E+2
1.516433E-2	3.958413E+3	0.000000E+0	1.577970E+2
1.516447E-2	3.958337E+3	0.000000E+0	1.579760E+2
1.516419E-2	3.957940E+3	0.000000E+0	1.581560E+2
1.516460E-2	3.957620E+3	0.000000E+0	1.583390E+2
1.516450E-2	3.957140E+3	0.000000E+0	1.585190E+2
1.516419E-2	3.956820E+3	0.000000E+0	1.586990E+2
1.516436E-2	3.957060E+3	0.000000E+0	1.588810E+2
1.516389E-2	3.956980E+3	0.000000E+0	1.590620E+2
1.516360E-2	3.956510E+3	0.000000E+0	1.592440E+2
1.516418E-2	3.956350E+3	0.000000E+0	1.594250E+2
1.516437E-2	3.956980E+3	0.000000E+0	1.596060E+2
1.516382E-2	3.957060E+3	0.000000E+0	1.597850E+2
1.516468E-2	3.956820E+3	0.000000E+0	1.599640E+2
1.516378E-2	3.956900E+3	0.000000E+0	1.601430E+2
1.516421E-2	3.956510E+3	0.000000E+0	1.603240E+2
1.516410E-2	3.956110E+3	0.000000E+0	1.605060E+2
1.516455E-2	3.956350E+3	0.000000E+0	1.606870E+2
1.516433E-2	3.956590E+3	0.000000E+0	1.608670E+2
1.516445E-2	3.956110E+3	0.000000E+0	1.610480E+2
1.516420E-2	3.955313E+3	0.000000E+0	1.612270E+2
1.516442E-2	3.954760E+3	0.000000E+0	1.614060E+2
1.516372E-2	3.954920E+3	0.000000E+0	1.615940E+2
1.516427E-2	3.955550E+3	0.000000E+0	1.617750E+2
1.516481E-2	3.956030E+3	0.000000E+0	1.619520E+2
1.516432E-2	3.955630E+3	0.000000E+0	1.621340E+2
1.516432E-2	3.955390E+3	0.000000E+0	1.623170E+2
1.516426E-2	3.955630E+3	0.000000E+0	1.624930E+2
1.516382E-2	3.956030E+3	0.000000E+0	1.626760E+2
1.516372E-2	3.955710E+3	0.000000E+0	1.628560E+2
1.516368E-2	3.954520E+3	0.000000E+0	1.630420E+2
1.516446E-2	3.953960E+3	0.000000E+0	1.632270E+2
1.516350E-2	3.954520E+3	0.000000E+0	1.634110E+2
1.516371E-2	3.955630E+3	0.000000E+0	1.635950E+2
1.516380E-2	3.956030E+3	0.000000E+0	1.637780E+2
1.516418E-2	3.955790E+3	0.000000E+0	1.639560E+2
1.516410E-2	3.955313E+3	0.000000E+0	1.641370E+2
1.516359E-2	3.954920E+3	0.000000E+0	1.643190E+2
1.516385E-2	3.954440E+3	0.000000E+0	1.645000E+2
1.516379E-2	3.954120E+3	0.000000E+0	1.646820E+2
1.516403E-2	3.954200E+3	0.000000E+0	1.648630E+2
1.516426E-2	3.954600E+3	0.000000E+0	1.650440E+2
1.516341E-2	3.954600E+3	0.000000E+0	1.652260E+2
1.516390E-2	3.954200E+3	0.000000E+0	1.654120E+2
1.516389E-2	3.954440E+3	0.000000E+0	1.655930E+2
1.516407E-2	3.954840E+3	0.000000E+0	1.657750E+2
1.516408E-2	3.954280E+3	0.000000E+0	1.659550E+2
1.516369E-2	3.953883E+3	0.000000E+0	1.661380E+2
1.516436E-2	3.953807E+3	0.000000E+0	1.663190E+2
1.516391E-2	3.954200E+3	0.000000E+0	1.665020E+2
1.516384E-2	3.954920E+3	0.000000E+0	1.667910E+2
1.516380E-2	3.955313E+3	0.000000E+0	1.669720E+2
1.516400E-2	3.955550E+3	0.000000E+0	1.671400E+2
1.516430E-2	3.955870E+3	0.000000E+0	1.673070E+2
1.516373E-2	3.955870E+3	0.000000E+0	1.674830E+2
1.516418E-2	3.956030E+3	0.000000E+0	1.676640E+2
1.516368E-2	3.956430E+3	0.000000E+0	1.678440E+2
1.516363E-2	3.956823E+3	0.000000E+0	1.680220E+2
1.516397E-2	3.957380E+3	0.000000E+0	1.682060E+2
1.516379E-2	3.957540E+3	0.000000E+0	1.683850E+2
1.516409E-2	3.957380E+3	0.000000E+0	1.685660E+2
1.516399E-2	3.957300E+3	0.000000E+0	1.687480E+2
1.516402E-2	3.957780E+3	0.000000E+0	1.689310E+2
1.516410E-2	3.958100E+3	0.000000E+0	1.691110E+2
1.516396E-2	3.957140E+3	0.000000E+0	1.692910E+2
1.516375E-2	3.956820E+3	0.000000E+0	1.694720E+2
1.516371E-2	3.956980E+3	0.000000E+0	1.696500E+2
1.516378E-2	3.957460E+3	0.000000E+0	1.698300E+2
1.516430E-2	3.957060E+3	0.000000E+0	1.700160E+2
1.516412E-2	3.956190E+3	0.000000E+0	1.701990E+2
1.516417E-2	3.955870E+3	0.000000E+0	1.703810E+2
1.516384E-2	3.955710E+3	0.000000E+0	1.705610E+2
1.516364E-2	3.955233E+3	0.000000E+0	1.707420E+2
1.516428E-2	3.954200E+3	0.000000E+0	1.709230E+2
1.516345E-2	3.954040E+3	0.000000E+0	1.711040E+2
1.516386E-2	3.954600E+3	0.000000E+0	1.712860E+2
1.516424E-2	3.955313E+3	0.000000E+0	1.714680E+2
1.516384E-2	3.955870E+3	0.000000E+0	1.716520E+2
1.516332E-2	3.956510E+3	0.000000E+0	1.718340E+2
1.516412E-2	3.956350E+3	0.000000E+0	1.720140E+2
1.516427E-2	3.955870E+3	0.000000E+0	1.721950E+2
1.516370E-2	3.955550E+3	0.000000E+0	1.723750E+2
1.516386E-2	3.955630E+3	0.000000E+0	1.725550E+2
1.516400E-2	3.955790E+3	0.000000E+0	1.727340E+2
1.516395E-2	3.955710E+3	0.000000E+0	1.729140E+2
1.516374E-2	3.955870E+3	0.000000E+0	1.730940E+2
1.516398E-2	3.955950E+3	0.000000E+0	1.732760E+2
1.516403E-2	3.956350E+3	0.000000E+0	1.734570E+2
1.516418E-2	3.956590E+3	0.000000E+0	1.736390E+2
1.516415E-2	3.956590E+3	0.000000E+0	1.738200E+2
1.516392E-2	3.956350E+3	0.000000E+0	1.740020E+2
1.516419E-2	3.956590E+3	0.000000E+0	1.741830E+2
1.516397E-2	3.956667E+3	0.000000E+0	1.743660E+2
1.516368E-2	3.956590E+3	0.000000E+0	1.745460E+2
1.516414E-2	3.957060E+3	0.000000E+0	1.747260E+2
1.516351E-2	3.957540E+3	0.000000E+0	1.749080E+2
1.516391E-2	3.957540E+3	0.000000E+0	1.750890E+2
1.516364E-2	3.957460E+3	0.000000E+0	1.752710E+2
1.516417E-2	3.956980E+3	0.000000E+0	1.754520E+2
1.516448E-2	3.956350E+3	0.000000E+0	1.756320E+2
1.516388E-2	3.955870E+3	0.000000E+0	1.758150E+2
1.516396E-2	3.956110E+3	0.000000E+0	1.759980E+2
1.516385E-2	3.956430E+3	0.000000E+0	1.761780E+2
1.516355E-2	3.956823E+3	0.000000E+0	1.763590E+2
1.516411E-2	3.957380E+3	0.000000E+0	1.765410E+2
1.516399E-2	3.957540E+3	0.000000E+0	1.767210E+2
1.516359E-2	3.957540E+3	0.000000E+0	1.769070E+2
1.516394E-2	3.957460E+3	0.000000E+0	1.770890E+2
1.516374E-2	3.957060E+3	0.000000E+0	1.772690E+2
1.516381E-2	3.957140E+3	0.000000E+0	1.774490E+2
1.516384E-2	3.957780E+3	0.000000E+0	1.776300E+2
1.516336E-2	3.958573E+3	0.000000E+0	1.778120E+2
1.516414E-2	3.959050E+3	0.000000E+0	1.779930E+2
1.516393E-2	3.958890E+3	0.000000E+0	1.781790E+2
1.516411E-2	3.958493E+3	0.000000E+0	1.783590E+2
1.516381E-2	3.957620E+3	0.000000E+0	1.785410E+2
1.516397E-2	3.956507E+3	0.000000E+0	1.787230E+2
1.516422E-2	3.956030E+3	0.000000E+0	1.789070E+2
1.516408E-2	3.956590E+3	0.000000E+0	1.790900E+2
1.516372E-2	3.956590E+3	0.000000E+0	1.792770E+2
1.516452E-2	3.956590E+3	0.000000E+0	1.794570E+2
1.516381E-2	3.956590E+3	0.000000E+0	1.796400E+2
1.516366E-2	3.956820E+3	0.000000E+0	1.798280E+2
1.516386E-2	3.956667E+3	0.000000E+0	1.800090E+2
1.516373E-2	3.956900E+3	0.000000E+0	1.801870E+2
1.516414E-2	3.957060E+3	0.000000E+0	1.803710E+2
1.516395E-2	3.956587E+3	0.000000E+0	1.805540E+2
1.516373E-2	3.955630E+3	0.000000E+0	1.807340E+2
1.516365E-2	3.955390E+3	0.000000E+0	1.809150E+2
1.516443E-2	3.956030E+3	0.000000E+0	1.810960E+2
1.516389E-2	3.957060E+3	0.000000E+0	1.812770E+2
1.516375E-2	3.957940E+3	0.000000E+0	1.814600E+2
1.516421E-2	3.958260E+3	0.000000E+0	1.816400E+2
1.516423E-2	3.957780E+3	0.000000E+0	1.818210E+2
1.516372E-2	3.957220E+3	0.000000E+0	1.819990E+2
1.516324E-2	3.957460E+3	0.000000E+0	1.821810E+2
1.516409E-2	3.957620E+3	0.000000E+0	1.823620E+2
1.516392E-2	3.957780E+3	0.000000E+0	1.825380E+2
1.516378E-2	3.957780E+3	0.000000E+0	1.827170E+2
1.516434E-2	3.957780E+3	0.000000E+0	1.828970E+2
1.516369E-2	3.957780E+3	0.000000E+0	1.830790E+2
1.516374E-2	3.958180E+3	0.000000E+0	1.832600E+2
1.516377E-2	3.958413E+3	0.000000E+0	1.834400E+2
1.516437E-2	3.958180E+3	0.000000E+0	1.836190E+2
1.516397E-2	3.957620E+3	0.000000E+0	1.837990E+2
1.516427E-2	3.957460E+3	0.000000E+0	1.839800E+2
1.516446E-2	3.957060E+3	0.000000E+0	1.841620E+2
1.516416E-2	3.956667E+3	0.000000E+0	1.843420E+2
1.516372E-2	3.956270E+3	0.000000E+0	1.845260E+2
1.516403E-2	3.956190E+3	0.000000E+0	1.847110E+2
1.516451E-2	3.956590E+3	0.000000E+0	1.848910E+2
1.516449E-2	3.956350E+3	0.000000E+0	1.850700E+2
1.516434E-2	3.955550E+3	0.000000E+0	1.852540E+2
1.516393E-2	3.955470E+3	0.000000E+0	1.854350E+2
1.516416E-2	3.955870E+3	0.000000E+0	1.856170E+2
1.516349E-2	3.956110E+3	0.000000E+0	1.857980E+2
1.516377E-2	3.955870E+3	0.000000E+0	1.859820E+2
1.516366E-2	3.955390E+3	0.000000E+0	1.861620E+2
1.516375E-2	3.955390E+3	0.000000E+0	1.863460E+2
1.516368E-2	3.955470E+3	0.000000E+0	1.865290E+2
1.516395E-2	3.955790E+3	0.000000E+0	1.867100E+2
1.516386E-2	3.956110E+3	0.000000E+0	1.868920E+2
1.516411E-2	3.956667E+3	0.000000E+0	1.870730E+2
1.516371E-2	3.956980E+3	0.000000E+0	1.872550E+2
1.516366E-2	3.957380E+3	0.000000E+0	1.874360E+2
1.516410E-2	3.957300E+3	0.000000E+0	1.876180E+2
1.516388E-2	3.957140E+3	0.000000E+0	1.877990E+2
1.516391E-2	3.956820E+3	0.000000E+0	1.879790E+2
1.516346E-2	3.956980E+3	0.000000E+0	1.881600E+2
1.516389E-2	3.957380E+3	0.000000E+0	1.883410E+2
1.516412E-2	3.957540E+3	0.000000E+0	1.885240E+2
1.516419E-2	3.956983E+3	0.000000E+0	1.887050E+2
1.516400E-2	3.956190E+3	0.000000E+0	1.888880E+2
