X channel: Keithley, channel #5; mode:  DCV; scale:  0.10; X converted, conversion factor:1.000000E+0
Y channel: Lock-in, mkV
II channel: B7-78, Ohm; scale:  10000.000000
X channel	Y channel	II channel	timestamp, sec
1.516332E-2	3.960160E+3	0.000000E+0	0.000000E+0
1.516349E-2	3.960400E+3	0.000000E+0	1.840000E-1
1.516329E-2	3.960880E+3	0.000000E+0	3.610000E-1
1.516345E-2	3.961273E+3	0.000000E+0	5.430000E-1
1.516355E-2	3.960960E+3	0.000000E+0	7.230000E-1
1.516364E-2	3.960320E+3	0.000000E+0	9.040000E-1
1.516379E-2	3.959920E+3	0.000000E+0	1.086000E+0
1.516295E-2	3.960480E+3	0.000000E+0	1.267000E+0
1.516341E-2	3.960880E+3	0.000000E+0	1.450000E+0
1.516329E-2	3.960560E+3	0.000000E+0	1.631000E+0
1.517487E-2	3.959843E+3	0.000000E+0	1.813000E+0
1.518210E-2	3.959050E+3	0.000000E+0	1.998000E+0
1.519405E-2	3.958337E+3	0.000000E+0	2.177000E+0
1.520991E-2	3.957780E+3	0.000000E+0	2.357000E+0
1.522127E-2	3.958180E+3	0.000000E+0	2.537000E+0
1.523923E-2	3.958490E+3	0.000000E+0	2.720000E+0
1.524535E-2	3.958260E+3	0.000000E+0	2.902000E+0
1.526775E-2	3.957860E+3	0.000000E+0	3.087000E+0
1.527231E-2	3.957460E+3	0.000000E+0	3.268000E+0
1.529401E-2	3.956900E+3	0.000000E+0	3.448000E+0
1.530226E-2	3.956980E+3	0.000000E+0	3.627000E+0
1.532236E-2	3.956980E+3	0.000000E+0	3.809000E+0
1.533189E-2	3.956820E+3	0.000000E+0	3.989000E+0
1.534193E-2	3.956743E+3	0.000000E+0	4.170000E+0
1.536156E-2	3.956510E+3	0.000000E+0	4.352000E+0
1.537218E-2	3.956590E+3	0.000000E+0	4.532000E+0
1.539186E-2	3.956667E+3	0.000000E+0	4.713000E+0
1.539855E-2	3.957140E+3	0.000000E+0	4.896000E+0
1.542101E-2	3.957380E+3	0.000000E+0	5.076000E+0
1.542593E-2	3.957540E+3	0.000000E+0	5.258000E+0
1.544884E-2	3.957300E+3	0.000000E+0	5.441000E+0
1.545597E-2	3.957220E+3	0.000000E+0	5.623000E+0
1.547518E-2	3.957140E+3	0.000000E+0	5.802000E+0
1.548583E-2	3.957060E+3	0.000000E+0	5.985000E+0
1.550010E-2	3.956900E+3	0.000000E+0	6.164000E+0
1.551648E-2	3.956590E+3	0.000000E+0	6.345000E+0
1.552603E-2	3.956430E+3	0.000000E+0	6.528000E+0
1.554604E-2	3.955950E+3	0.000000E+0	6.711000E+0
1.555111E-2	3.955710E+3	0.000000E+0	6.894000E+0
1.557403E-2	3.955390E+3	0.000000E+0	7.076000E+0
1.557962E-2	3.955390E+3	0.000000E+0	7.258000E+0
1.560399E-2	3.955390E+3	0.000000E+0	7.439000E+0
1.561054E-2	3.955390E+3	0.000000E+0	7.620000E+0
1.562979E-2	3.955790E+3	0.000000E+0	7.801000E+0
1.564101E-2	3.955950E+3	0.000000E+0	7.980000E+0
1.565408E-2	3.956350E+3	0.000000E+0	8.162000E+0
1.567180E-2	3.956667E+3	0.000000E+0	8.341000E+0
1.568064E-2	3.957060E+3	0.000000E+0	8.524000E+0
1.570143E-2	3.957060E+3	0.000000E+0	8.707000E+0
1.570666E-2	3.956667E+3	0.000000E+0	8.886000E+0
1.573077E-2	3.956590E+3	0.000000E+0	9.065000E+0
1.573531E-2	3.957140E+3	0.000000E+0	9.243000E+0
1.575881E-2	3.957940E+3	0.000000E+0	9.426000E+0
1.576719E-2	3.958257E+3	0.000000E+0	9.610000E+0
1.578303E-2	3.958413E+3	0.000000E+0	9.793000E+0
1.579744E-2	3.957860E+3	0.000000E+0	9.975000E+0
1.580983E-2	3.957780E+3	0.000000E+0	1.015300E+1
1.582726E-2	3.958020E+3	0.000000E+0	1.033000E+1
1.583322E-2	3.958180E+3	0.000000E+0	1.051200E+1
1.585681E-2	3.957620E+3	0.000000E+0	1.069400E+1
1.586281E-2	3.957220E+3	0.000000E+0	1.087500E+1
1.588602E-2	3.957060E+3	0.000000E+0	1.105300E+1
1.589283E-2	3.957060E+3	0.000000E+0	1.123700E+1
1.591326E-2	3.957300E+3	0.000000E+0	1.141800E+1
1.592310E-2	3.957300E+3	0.000000E+0	1.160000E+1
1.593856E-2	3.956823E+3	0.000000E+0	1.178100E+1
1.595331E-2	3.956350E+3	0.000000E+0	1.195900E+1
1.596402E-2	3.956030E+3	0.000000E+0	1.214000E+1
1.598379E-2	3.955870E+3	0.000000E+0	1.232000E+1
1.598969E-2	3.955950E+3	0.000000E+0	1.250200E+1
1.601343E-2	3.956510E+3	0.000000E+0	1.268300E+1
1.601876E-2	3.956430E+3	0.000000E+0	1.286500E+1
1.604202E-2	3.955870E+3	0.000000E+0	1.304600E+1
1.604936E-2	3.955870E+3	0.000000E+0	1.322800E+1
1.606790E-2	3.956350E+3	0.000000E+0	1.340900E+1
1.607984E-2	3.956980E+3	0.000000E+0	1.359000E+1
1.609463E-2	3.957220E+3	0.000000E+0	1.377200E+1
1.611056E-2	3.956667E+3	0.000000E+0	1.395200E+1
1.611665E-2	3.956590E+3	0.000000E+0	1.413100E+1
1.614025E-2	3.956980E+3	0.000000E+0	1.431300E+1
1.614710E-2	3.957380E+3	0.000000E+0	1.449700E+1
1.617111E-2	3.957460E+3	0.000000E+0	1.467700E+1
1.617638E-2	3.957060E+3	0.000000E+0	1.485800E+1
1.619967E-2	3.957060E+3	0.000000E+0	1.504000E+1
1.620700E-2	3.957060E+3	0.000000E+0	1.522100E+1
1.622474E-2	3.956980E+3	0.000000E+0	1.540400E+1
1.623785E-2	3.956590E+3	0.000000E+0	1.558400E+1
1.625172E-2	3.956590E+3	0.000000E+0	1.577200E+1
1.626866E-2	3.956983E+3	0.000000E+0	1.595100E+1
1.627927E-2	3.957860E+3	0.000000E+0	1.613000E+1
1.629947E-2	3.957780E+3	0.000000E+0	1.631300E+1
1.630539E-2	3.957220E+3	0.000000E+0	1.649400E+1
1.632833E-2	3.956667E+3	0.000000E+0	1.667400E+1
1.633443E-2	3.956590E+3	0.000000E+0	1.685900E+1
1.635561E-2	3.956900E+3	0.000000E+0	1.704100E+1
1.636373E-2	3.956743E+3	0.000000E+0	1.722200E+1
1.638249E-2	3.956110E+3	0.000000E+0	1.740500E+1
1.639582E-2	3.955950E+3	0.000000E+0	1.758500E+1
1.640623E-2	3.956510E+3	0.000000E+0	1.777100E+1
1.642581E-2	3.956590E+3	0.000000E+0	1.795500E+1
1.643703E-2	3.956823E+3	0.000000E+0	1.813500E+1
1.645723E-2	3.957620E+3	0.000000E+0	1.831500E+1
1.646241E-2	3.957700E+3	0.000000E+0	1.849100E+1
1.648594E-2	3.957140E+3	0.000000E+0	1.867300E+1
1.649186E-2	3.956190E+3	0.000000E+0	1.885400E+1
1.651551E-2	3.955870E+3	0.000000E+0	1.904000E+1
1.652270E-2	3.956030E+3	0.000000E+0	1.922100E+1
1.654283E-2	3.956350E+3	0.000000E+0	1.940200E+1
1.655428E-2	3.956590E+3	0.000000E+0	1.958400E+1
1.656853E-2	3.956510E+3	0.000000E+0	1.976700E+1
1.658558E-2	3.955870E+3	0.000000E+0	1.994700E+1
1.659366E-2	3.955710E+3	0.000000E+0	2.012500E+1
1.661521E-2	3.955470E+3	0.000000E+0	2.030600E+1
1.662065E-2	3.954920E+3	0.000000E+0	2.049000E+1
1.664472E-2	3.954280E+3	0.000000E+0	2.067600E+1
1.665061E-2	3.954200E+3	0.000000E+0	2.085700E+1
1.667294E-2	3.954360E+3	0.000000E+0	2.104300E+1
1.668114E-2	3.954200E+3	0.000000E+0	2.122800E+1
1.669699E-2	3.953807E+3	0.000000E+0	2.141100E+1
1.671238E-2	3.954200E+3	0.000000E+0	2.159400E+1
1.672839E-2	3.955157E+3	0.000000E+0	2.177700E+1
1.674375E-2	3.955710E+3	0.000000E+0	2.195700E+1
1.675467E-2	3.955233E+3	0.000000E+0	2.213700E+1
1.677470E-2	3.954760E+3	0.000000E+0	2.231800E+1
1.678113E-2	3.954760E+3	0.000000E+0	2.249700E+1
1.680454E-2	3.955157E+3	0.000000E+0	2.267800E+1
1.680963E-2	3.955157E+3	0.000000E+0	2.286100E+1
1.683355E-2	3.955157E+3	0.000000E+0	2.304200E+1
1.684036E-2	3.955870E+3	0.000000E+0	2.322300E+1
1.685870E-2	3.956110E+3	0.000000E+0	2.340200E+1
1.687161E-2	3.955870E+3	0.000000E+0	2.358200E+1
1.688608E-2	3.955550E+3	0.000000E+0	2.376200E+1
1.690219E-2	3.955000E+3	0.000000E+0	2.394400E+1
1.691048E-2	3.954920E+3	0.000000E+0	2.413000E+1
1.693253E-2	3.955080E+3	0.000000E+0	2.431200E+1
1.694012E-2	3.955390E+3	0.000000E+0	2.449600E+1
1.696343E-2	3.955080E+3	0.000000E+0	2.468300E+1
1.696879E-2	3.955080E+3	0.000000E+0	2.486400E+1
1.699306E-2	3.955550E+3	0.000000E+0	2.504700E+1
1.699983E-2	3.956430E+3	0.000000E+0	2.522800E+1
1.701884E-2	3.956590E+3	0.000000E+0	2.540700E+1
1.703097E-2	3.956350E+3	0.000000E+0	2.558900E+1
1.704568E-2	3.955870E+3	0.000000E+0	2.577000E+1
1.706221E-2	3.955870E+3	0.000000E+0	2.595200E+1
1.707130E-2	3.955233E+3	0.000000E+0	2.613300E+1
1.709243E-2	3.954520E+3	0.000000E+0	2.631200E+1
1.709909E-2	3.953807E+3	0.000000E+0	2.649400E+1
1.712293E-2	3.953330E+3	0.000000E+0	2.667600E+1
1.712744E-2	3.953090E+3	0.000000E+0	2.685500E+1
1.715018E-2	3.953727E+3	0.000000E+0	2.703500E+1
1.715861E-2	3.954280E+3	0.000000E+0	2.721800E+1
1.717705E-2	3.954200E+3	0.000000E+0	2.739800E+1
1.718939E-2	3.953727E+3	0.000000E+0	2.758100E+1
1.719965E-2	3.953410E+3	0.000000E+0	2.776100E+1
1.721944E-2	3.953330E+3	0.000000E+0	2.794700E+1
1.722915E-2	3.954123E+3	0.000000E+0	2.812800E+1
1.725108E-2	3.954840E+3	0.000000E+0	2.830800E+1
1.725717E-2	3.954360E+3	0.000000E+0	2.849000E+1
1.728131E-2	3.954200E+3	0.000000E+0	2.867100E+1
1.728636E-2	3.954200E+3	0.000000E+0	2.885400E+1
1.730903E-2	3.954200E+3	0.000000E+0	2.903400E+1
1.731769E-2	3.953960E+3	0.000000E+0	2.921700E+1
1.733519E-2	3.954520E+3	0.000000E+0	2.939700E+1
1.734928E-2	3.954920E+3	0.000000E+0	2.958300E+1
1.736139E-2	3.954600E+3	0.000000E+0	2.976300E+1
1.738012E-2	3.953960E+3	0.000000E+0	2.994400E+1
1.738874E-2	3.953960E+3	0.000000E+0	3.012700E+1
1.741024E-2	3.953883E+3	0.000000E+0	3.030900E+1
1.741626E-2	3.953570E+3	0.000000E+0	3.048900E+1
1.744014E-2	3.953490E+3	0.000000E+0	3.067000E+1
1.744592E-2	3.953490E+3	0.000000E+0	3.085300E+1
1.746886E-2	3.953170E+3	0.000000E+0	3.103500E+1
1.747747E-2	3.952770E+3	0.000000E+0	3.121700E+1
1.749575E-2	3.952770E+3	0.000000E+0	3.139900E+1
1.750843E-2	3.952450E+3	0.000000E+0	3.157800E+1
1.752117E-2	3.952060E+3	0.000000E+0	3.176200E+1
1.753944E-2	3.952060E+3	0.000000E+0	3.194300E+1
1.754773E-2	3.952530E+3	0.000000E+0	3.212200E+1
1.757054E-2	3.952930E+3	0.000000E+0	3.230700E+1
1.757579E-2	3.952690E+3	0.000000E+0	3.248900E+1
1.759962E-2	3.952850E+3	0.000000E+0	3.267200E+1
1.760542E-2	3.953490E+3	0.000000E+0	3.285600E+1
1.762728E-2	3.953883E+3	0.000000E+0	3.303600E+1
1.763669E-2	3.953490E+3	0.000000E+0	3.321600E+1
1.765469E-2	3.952930E+3	0.000000E+0	3.340000E+1
1.766874E-2	3.952530E+3	0.000000E+0	3.357900E+1
1.768137E-2	3.951980E+3	0.000000E+0	3.376100E+1
1.769945E-2	3.951820E+3	0.000000E+0	3.394400E+1
1.770760E-2	3.951660E+3	0.000000E+0	3.412800E+1
1.772952E-2	3.951980E+3	0.000000E+0	3.430800E+1
1.773557E-2	3.952290E+3	0.000000E+0	3.449100E+1
1.775978E-2	3.952530E+3	0.000000E+0	3.467200E+1
1.776563E-2	3.953010E+3	0.000000E+0	3.485700E+1
1.778872E-2	3.953410E+3	0.000000E+0	3.503900E+1
1.779711E-2	3.953410E+3	0.000000E+0	3.521900E+1
1.781416E-2	3.952930E+3	0.000000E+0	3.540100E+1
1.782778E-2	3.952137E+3	0.000000E+0	3.558200E+1
1.784042E-2	3.952060E+3	0.000000E+0	3.576500E+1
1.785921E-2	3.951660E+3	0.000000E+0	3.594800E+1
1.786548E-2	3.951580E+3	0.000000E+0	3.613100E+1
1.788906E-2	3.951580E+3	0.000000E+0	3.631200E+1
1.789540E-2	3.951180E+3	0.000000E+0	3.649500E+1
1.791994E-2	3.951260E+3	0.000000E+0	3.667800E+1
1.792514E-2	3.951340E+3	0.000000E+0	3.685900E+1
1.794828E-2	3.951500E+3	0.000000E+0	3.704100E+1
1.795712E-2	3.952060E+3	0.000000E+0	3.722200E+1
1.797641E-2	3.951420E+3	0.000000E+0	3.740800E+1
1.798749E-2	3.950627E+3	0.000000E+0	3.758900E+1
1.800097E-2	3.950230E+3	0.000000E+0	3.777200E+1
1.801864E-2	3.949910E+3	0.000000E+0	3.796000E+1
1.803036E-2	3.949910E+3	0.000000E+0	3.814300E+1
1.805009E-2	3.950310E+3	0.000000E+0	3.832600E+1
1.805760E-2	3.950390E+3	0.000000E+0	3.850600E+1
1.808091E-2	3.950390E+3	0.000000E+0	3.868800E+1
1.808527E-2	3.949910E+3	0.000000E+0	3.886900E+1
1.810858E-2	3.949353E+3	0.000000E+0	3.905300E+1
1.811628E-2	3.949277E+3	0.000000E+0	3.923600E+1
1.813875E-2	3.948960E+3	0.000000E+0	3.942000E+1
1.814774E-2	3.948240E+3	0.000000E+0	3.959900E+1
1.815918E-2	3.947840E+3	0.000000E+0	3.978300E+1
1.817804E-2	3.948240E+3	0.000000E+0	3.996200E+1
1.819016E-2	3.948000E+3	0.000000E+0	4.014100E+1
1.820950E-2	3.947130E+3	0.000000E+0	4.032200E+1
1.821809E-2	3.946890E+3	0.000000E+0	4.050400E+1
1.824063E-2	3.947130E+3	0.000000E+0	4.068500E+1
1.824573E-2	3.947527E+3	0.000000E+0	4.086700E+1
1.826935E-2	3.947760E+3	0.000000E+0	4.104800E+1
1.827615E-2	3.947920E+3	0.000000E+0	4.122800E+1
1.829661E-2	3.947760E+3	0.000000E+0	4.140900E+1
1.830792E-2	3.947450E+3	0.000000E+0	4.159100E+1
1.832326E-2	3.947370E+3	0.000000E+0	4.177600E+1
1.833896E-2	3.947210E+3	0.000000E+0	4.195800E+1
1.834989E-2	3.946890E+3	0.000000E+0	4.213800E+1
1.836974E-2	3.946333E+3	0.000000E+0	4.231800E+1
1.837497E-2	3.946100E+3	0.000000E+0	4.249800E+1
1.839839E-2	3.946020E+3	0.000000E+0	4.267700E+1
1.840462E-2	3.945460E+3	0.000000E+0	4.285700E+1
1.842815E-2	3.945220E+3	0.000000E+0	4.304000E+1
1.843595E-2	3.945060E+3	0.000000E+0	4.322000E+1
1.845411E-2	3.945380E+3	0.000000E+0	4.340200E+1
1.846777E-2	3.945380E+3	0.000000E+0	4.358300E+1
1.847820E-2	3.944980E+3	0.000000E+0	4.376300E+1
1.849965E-2	3.944350E+3	0.000000E+0	4.394600E+1
1.850474E-2	3.943153E+3	0.000000E+0	4.412600E+1
1.852630E-2	3.941883E+3	0.000000E+0	4.430800E+1
1.853690E-2	3.941090E+3	0.000000E+0	4.448900E+1
1.854877E-2	3.941330E+3	0.000000E+0	4.466700E+1
1.856314E-2	3.941570E+3	0.000000E+0	4.484400E+1
1.857519E-2	3.941803E+3	0.000000E+0	4.502400E+1
1.858503E-2	3.942360E+3	0.000000E+0	4.520700E+1
1.859335E-2	3.942997E+3	0.000000E+0	4.539000E+1
1.859991E-2	3.943710E+3	0.000000E+0	4.557300E+1
1.860548E-2	3.944030E+3	0.000000E+0	4.575400E+1
1.862748E-2	3.943630E+3	0.000000E+0	4.593400E+1
1.867325E-2	3.942917E+3	0.000000E+0	4.611700E+1
1.868363E-2	3.942120E+3	0.000000E+0	4.629900E+1
1.870705E-2	3.941570E+3	0.000000E+0	4.648000E+1
1.871247E-2	3.941647E+3	0.000000E+0	4.666400E+1
1.873695E-2	3.941570E+3	0.000000E+0	4.684600E+1
1.874458E-2	3.941010E+3	0.000000E+0	4.702700E+1
1.876293E-2	3.939977E+3	0.000000E+0	4.720900E+1
1.877554E-2	3.939420E+3	0.000000E+0	4.739000E+1
1.879021E-2	3.939900E+3	0.000000E+0	4.757200E+1
1.880665E-2	3.940370E+3	0.000000E+0	4.775000E+1
1.881422E-2	3.940850E+3	0.000000E+0	4.793300E+1
1.883713E-2	3.941090E+3	0.000000E+0	4.811600E+1
1.884570E-2	3.941250E+3	0.000000E+0	4.829600E+1
1.886894E-2	3.941647E+3	0.000000E+0	4.847700E+1
1.887459E-2	3.941647E+3	0.000000E+0	4.865900E+1
1.889704E-2	3.941570E+3	0.000000E+0	4.883900E+1
1.890553E-2	3.941570E+3	0.000000E+0	4.902600E+1
1.892627E-2	3.941330E+3	0.000000E+0	4.920800E+1
1.893701E-2	3.940610E+3	0.000000E+0	4.939300E+1
1.895239E-2	3.940370E+3	0.000000E+0	4.957800E+1
1.896742E-2	3.940370E+3	0.000000E+0	4.976000E+1
1.897884E-2	3.940450E+3	0.000000E+0	4.994000E+1
1.899422E-2	3.940690E+3	0.000000E+0	5.011800E+1
1.900776E-2	3.940610E+3	0.000000E+0	5.029900E+1
1.902242E-2	3.939820E+3	0.000000E+0	5.047900E+1
1.903549E-2	3.939180E+3	0.000000E+0	5.066200E+1
1.905081E-2	3.939420E+3	0.000000E+0	5.084400E+1
1.906629E-2	3.939900E+3	0.000000E+0	5.102900E+1
1.908162E-2	3.940140E+3	0.000000E+0	5.121500E+1
1.909541E-2	3.939980E+3	0.000000E+0	5.139600E+1
1.911047E-2	3.939980E+3	0.000000E+0	5.157600E+1
1.912483E-2	3.940293E+3	0.000000E+0	5.175900E+1
1.914014E-2	3.939980E+3	0.000000E+0	5.194300E+1
1.915423E-2	3.939420E+3	0.000000E+0	5.212600E+1
1.916802E-2	3.939340E+3	0.000000E+0	5.230600E+1
1.918250E-2	3.938547E+3	0.000000E+0	5.248800E+1
1.919674E-2	3.938547E+3	0.000000E+0	5.266900E+1
1.921175E-2	3.938467E+3	0.000000E+0	5.285200E+1
1.922629E-2	3.938150E+3	0.000000E+0	5.303600E+1
1.924155E-2	3.937750E+3	0.000000E+0	5.321800E+1
1.925577E-2	3.937510E+3	0.000000E+0	5.340200E+1
1.926966E-2	3.937193E+3	0.000000E+0	5.358300E+1
1.928410E-2	3.936800E+3	0.000000E+0	5.376600E+1
1.929895E-2	3.936080E+3	0.000000E+0	5.395000E+1
1.931314E-2	3.935763E+3	0.000000E+0	5.412900E+1
1.932746E-2	3.935530E+3	0.000000E+0	5.430900E+1
1.934157E-2	3.935130E+3	0.000000E+0	5.449500E+1
1.935757E-2	3.934490E+3	0.000000E+0	5.467600E+1
1.937153E-2	3.934330E+3	0.000000E+0	5.486000E+1
1.938654E-2	3.934650E+3	0.000000E+0	5.504200E+1
1.940166E-2	3.934810E+3	0.000000E+0	5.522200E+1
1.941527E-2	3.933697E+3	0.000000E+0	5.540600E+1
1.942999E-2	3.932740E+3	0.000000E+0	5.558800E+1
1.944454E-2	3.932350E+3	0.000000E+0	5.577100E+1
1.945910E-2	3.932270E+3	0.000000E+0	5.595300E+1
1.947243E-2	3.932190E+3	0.000000E+0	5.613500E+1
1.948754E-2	3.932110E+3	0.000000E+0	5.631600E+1
1.950224E-2	3.932190E+3	0.000000E+0	5.649700E+1
1.951687E-2	3.931790E+3	0.000000E+0	5.667500E+1
1.953046E-2	3.931310E+3	0.000000E+0	5.685400E+1
1.954392E-2	3.931550E+3	0.000000E+0	5.703800E+1
1.955978E-2	3.931237E+3	0.000000E+0	5.721800E+1
1.957460E-2	3.930360E+3	0.000000E+0	5.740100E+1
1.958915E-2	3.929643E+3	0.000000E+0	5.758100E+1
1.960271E-2	3.929010E+3	0.000000E+0	5.776300E+1
1.961620E-2	3.928290E+3	0.000000E+0	5.794400E+1
1.963244E-2	3.928057E+3	0.000000E+0	5.812700E+1
1.964710E-2	3.928133E+3	0.000000E+0	5.831100E+1
1.966046E-2	3.927820E+3	0.000000E+0	5.849400E+1
1.967553E-2	3.927660E+3	0.000000E+0	5.867600E+1
1.968978E-2	3.927180E+3	0.000000E+0	5.886000E+1
1.970575E-2	3.926627E+3	0.000000E+0	5.904400E+1
1.971981E-2	3.926780E+3	0.000000E+0	5.922700E+1
1.973457E-2	3.926547E+3	0.000000E+0	5.940700E+1
1.974792E-2	3.925353E+3	0.000000E+0	5.958700E+1
1.976064E-2	3.924400E+3	0.000000E+0	5.977100E+1
1.977588E-2	3.923840E+3	0.000000E+0	5.995200E+1
1.978692E-2	3.923290E+3	0.000000E+0	6.013400E+1
1.980633E-2	3.923210E+3	0.000000E+0	6.031500E+1
1.981326E-2	3.923210E+3	0.000000E+0	6.049800E+1
1.983653E-2	3.922810E+3	0.000000E+0	6.067700E+1
1.984191E-2	3.922017E+3	0.000000E+0	6.085800E+1
1.986498E-2	3.921540E+3	0.000000E+0	6.104100E+1
1.987230E-2	3.920743E+3	0.000000E+0	6.122100E+1
1.989199E-2	3.919393E+3	0.000000E+0	6.140400E+1
1.990311E-2	3.918440E+3	0.000000E+0	6.158600E+1
1.991811E-2	3.917487E+3	0.000000E+0	6.176700E+1
1.993416E-2	3.916690E+3	0.000000E+0	6.194900E+1
1.994529E-2	3.916290E+3	0.000000E+0	6.212900E+1
1.996467E-2	3.916130E+3	0.000000E+0	6.231200E+1
1.997242E-2	3.915817E+3	0.000000E+0	6.249600E+1
1.999485E-2	3.915420E+3	0.000000E+0	6.267800E+1
2.000128E-2	3.914467E+3	0.000000E+0	6.285900E+1
2.002459E-2	3.913670E+3	0.000000E+0	6.304100E+1
2.003131E-2	3.912480E+3	0.000000E+0	6.322200E+1
2.004799E-2	3.911683E+3	0.000000E+0	6.340500E+1
2.006173E-2	3.910253E+3	0.000000E+0	6.358500E+1
2.007688E-2	3.908980E+3	0.000000E+0	6.376600E+1
2.009286E-2	3.909060E+3	0.000000E+0	6.394400E+1
2.010268E-2	3.908980E+3	0.000000E+0	6.412300E+1
2.012367E-2	3.908663E+3	0.000000E+0	6.430600E+1
2.013011E-2	3.907870E+3	0.000000E+0	6.448700E+1
2.015348E-2	3.906757E+3	0.000000E+0	6.466700E+1
2.015981E-2	3.905233E+3	0.000000E+0	6.485000E+1
2.018166E-2	3.903403E+3	0.000000E+0	6.503300E+1
2.019050E-2	3.902130E+3	0.000000E+0	6.521600E+1
2.020837E-2	3.901730E+3	0.000000E+0	6.539700E+1
2.022164E-2	3.901653E+3	0.000000E+0	6.558300E+1
2.023547E-2	3.900860E+3	0.000000E+0	6.576400E+1
2.025168E-2	3.900067E+3	0.000000E+0	6.594500E+1
2.026121E-2	3.898397E+3	0.000000E+0	6.612300E+1
2.028218E-2	3.897283E+3	0.000000E+0	6.630400E+1
2.028975E-2	3.896570E+3	0.000000E+0	6.648800E+1
2.031325E-2	3.895933E+3	0.000000E+0	6.667400E+1
2.031797E-2	3.895140E+3	0.000000E+0	6.685400E+1
2.033862E-2	3.893947E+3	0.000000E+0	6.703700E+1
2.034938E-2	3.892677E+3	0.000000E+0	6.722200E+1
2.036831E-2	3.891640E+3	0.000000E+0	6.740400E+1
2.037983E-2	3.890290E+3	0.000000E+0	6.758800E+1
2.039585E-2	3.888703E+3	0.000000E+0	6.777300E+1
2.041149E-2	3.886953E+3	0.000000E+0	6.795700E+1
2.042266E-2	3.885127E+3	0.000000E+0	6.814100E+1
2.044167E-2	3.883537E+3	0.000000E+0	6.832600E+1
2.044931E-2	3.881947E+3	0.000000E+0	6.850900E+1
2.047184E-2	3.880673E+3	0.000000E+0	6.869200E+1
2.047758E-2	3.878927E+3	0.000000E+0	6.887200E+1
2.050086E-2	3.877653E+3	0.000000E+0	6.905700E+1
2.050768E-2	3.876620E+3	0.000000E+0	6.923800E+1
2.052814E-2	3.875270E+3	0.000000E+0	6.942200E+1
2.053840E-2	3.873920E+3	0.000000E+0	6.960200E+1
2.055375E-2	3.872410E+3	0.000000E+0	6.978400E+1
2.056974E-2	3.870743E+3	0.000000E+0	6.996100E+1
2.058003E-2	3.869150E+3	0.000000E+0	7.014100E+1
2.059986E-2	3.868037E+3	0.000000E+0	7.032200E+1
2.060499E-2	3.865497E+3	0.000000E+0	7.050000E+1
2.062783E-2	3.862157E+3	0.000000E+0	7.068100E+1
2.063482E-2	3.859773E+3	0.000000E+0	7.086200E+1
2.065739E-2	3.857070E+3	0.000000E+0	7.104300E+1
2.066567E-2	3.853417E+3	0.000000E+0	7.122600E+1
2.068391E-2	3.851190E+3	0.000000E+0	7.140600E+1
2.069726E-2	3.849363E+3	0.000000E+0	7.158500E+1
2.071058E-2	3.847377E+3	0.000000E+0	7.177300E+1
2.072760E-2	3.844753E+3	0.000000E+0	7.195500E+1
2.073716E-2	3.842367E+3	0.000000E+0	7.213400E+1
2.075782E-2	3.840940E+3	0.000000E+0	7.231600E+1
2.076582E-2	3.839033E+3	0.000000E+0	7.249700E+1
2.078896E-2	3.836567E+3	0.000000E+0	7.267900E+1
2.079349E-2	3.833070E+3	0.000000E+0	7.285800E+1
2.081601E-2	3.830050E+3	0.000000E+0	7.304000E+1
2.082415E-2	3.826870E+3	0.000000E+0	7.322200E+1
2.084096E-2	3.823217E+3	0.000000E+0	7.340200E+1
2.085464E-2	3.819400E+3	0.000000E+0	7.357800E+1
2.086701E-2	3.815507E+3	0.000000E+0	7.375800E+1
2.088526E-2	3.812567E+3	0.000000E+0	7.393800E+1
2.089105E-2	3.808750E+3	0.000000E+0	7.412000E+1
2.091424E-2	3.804060E+3	0.000000E+0	7.430100E+1
2.092091E-2	3.798740E+3	0.000000E+0	7.448400E+1
2.094509E-2	3.794450E+3	0.000000E+0	7.466400E+1
2.095082E-2	3.789760E+3	0.000000E+0	7.484700E+1
2.097182E-2	3.785070E+3	0.000000E+0	7.503000E+1
2.098215E-2	3.779427E+3	0.000000E+0	7.521100E+1
2.099908E-2	3.773307E+3	0.000000E+0	7.539000E+1
2.101287E-2	3.767187E+3	0.000000E+0	7.557000E+1
2.102624E-2	3.760353E+3	0.000000E+0	7.575200E+1
2.104399E-2	3.753597E+3	0.000000E+0	7.593300E+1
2.105131E-2	3.746287E+3	0.000000E+0	7.611300E+1
2.107357E-2	3.739533E+3	0.000000E+0	7.628800E+1
2.107895E-2	3.731663E+3	0.000000E+0	7.646800E+1
2.110228E-2	3.723873E+3	0.000000E+0	7.665000E+1
2.110849E-2	3.715290E+3	0.000000E+0	7.683100E+1
2.112690E-2	3.707027E+3	0.000000E+0	7.701400E+1
2.113954E-2	3.697727E+3	0.000000E+0	7.719900E+1
2.115556E-2	3.687557E+3	0.000000E+0	7.737900E+1
2.117054E-2	3.677223E+3	0.000000E+0	7.756100E+1
2.117779E-2	3.665463E+3	0.000000E+0	7.774200E+1
2.119893E-2	3.655290E+3	0.000000E+0	7.792100E+1
2.120805E-2	3.642810E+3	0.000000E+0	7.810300E+1
2.123052E-2	3.629303E+3	0.000000E+0	7.828700E+1
2.123698E-2	3.613327E+3	0.000000E+0	7.846800E+1
2.125992E-2	3.598067E+3	0.000000E+0	7.865000E+1
2.126673E-2	3.580510E+3	0.000000E+0	7.883200E+1
2.128776E-2	3.563340E+3	0.000000E+0	7.901500E+1
2.129790E-2	3.545140E+3	0.000000E+0	7.919700E+1
2.131284E-2	3.526387E+3	0.000000E+0	7.937400E+1
2.132769E-2	3.506833E+3	0.000000E+0	7.955300E+1
2.133873E-2	3.483310E+3	0.000000E+0	7.973800E+1
2.135800E-2	3.459867E+3	0.000000E+0	7.992100E+1
2.136653E-2	3.432607E+3	0.000000E+0	8.010000E+1
2.138771E-2	3.406540E+3	0.000000E+0	8.028000E+1
2.139275E-2	3.374830E+3	0.000000E+0	8.046200E+1
2.141395E-2	3.345423E+3	0.000000E+0	8.064200E+1
2.142312E-2	3.312050E+3	0.000000E+0	8.082500E+1
2.144340E-2	3.275410E+3	0.000000E+0	8.100600E+1
2.145424E-2	3.234800E+3	0.000000E+0	8.118900E+1
2.146971E-2	3.190690E+3	0.000000E+0	8.137200E+1
2.148539E-2	3.145553E+3	0.000000E+0	8.155400E+1
2.149628E-2	3.094687E+3	0.000000E+0	8.173600E+1
2.151525E-2	3.045177E+3	0.000000E+0	8.191800E+1
2.152322E-2	2.987560E+3	0.000000E+0	8.210200E+1
2.154534E-2	2.933913E+3	0.000000E+0	8.227900E+1
2.154992E-2	2.871050E+3	0.000000E+0	8.245800E+1
2.157301E-2	2.810573E+3	0.000000E+0	8.263800E+1
2.158121E-2	2.743180E+3	0.000000E+0	8.282000E+1
2.159885E-2	2.676103E+3	0.000000E+0	8.299900E+1
2.161135E-2	2.608870E+3	0.000000E+0	8.317900E+1
2.162464E-2	2.539570E+3	0.000000E+0	8.335800E+1
2.164185E-2	2.475120E+3	0.000000E+0	8.354000E+1
2.165133E-2	2.408993E+3	0.000000E+0	8.372200E+1
2.167199E-2	2.352730E+3	0.000000E+0	8.390100E+1
2.167815E-2	2.298210E+3	0.000000E+0	8.408300E+1
2.170158E-2	2.257757E+3	0.000000E+0	8.426400E+1
2.170710E-2	2.226687E+3	0.000000E+0	8.444200E+1
2.172860E-2	2.207293E+3	0.000000E+0	8.462500E+1
2.173724E-2	2.203003E+3	0.000000E+0	8.480500E+1
2.175400E-2	2.211267E+3	0.000000E+0	8.498700E+1
2.176814E-2	2.234713E+3	0.000000E+0	8.516800E+1
2.178070E-2	2.272780E+3	0.000000E+0	8.535000E+1
2.179848E-2	2.319827E+3	0.000000E+0	8.553000E+1
2.180652E-2	2.383960E+3	0.000000E+0	8.571100E+1
2.182787E-2	2.447223E+3	0.000000E+0	8.589200E+1
2.183400E-2	2.524393E+3	0.000000E+0	8.607300E+1
2.185674E-2	2.599330E+3	0.000000E+0	8.625400E+1
2.186340E-2	2.683737E+3	0.000000E+0	8.643300E+1
2.188350E-2	2.763843E+3	0.000000E+0	8.661500E+1
2.189362E-2	2.845143E+3	0.000000E+0	8.679600E+1
2.190897E-2	2.924693E+3	0.000000E+0	8.698000E+1
2.192420E-2	2.996460E+3	0.000000E+0	8.716300E+1
2.193648E-2	3.070213E+3	0.000000E+0	8.734700E+1
2.195451E-2	3.136413E+3	0.000000E+0	8.753000E+1
2.196194E-2	3.203647E+3	0.000000E+0	8.771800E+1
2.198351E-2	3.256257E+3	0.000000E+0	8.790000E+1
2.198979E-2	3.308233E+3	0.000000E+0	8.807700E+1
2.201352E-2	3.356077E+3	0.000000E+0	8.825600E+1
2.201916E-2	3.405190E+3	0.000000E+0	8.843900E+1
2.204060E-2	3.448023E+3	0.000000E+0	8.862000E+1
2.205046E-2	3.487443E+3	0.000000E+0	8.880300E+1
2.206570E-2	3.522170E+3	0.000000E+0	8.898300E+1
2.208031E-2	3.553643E+3	0.000000E+0	8.916500E+1
2.209166E-2	3.584800E+3	0.000000E+0	8.934600E+1
2.211016E-2	3.611420E+3	0.000000E+0	8.952900E+1
2.211859E-2	3.638523E+3	0.000000E+0	8.971300E+1
2.213996E-2	3.661570E+3	0.000000E+0	8.989500E+1
2.214618E-2	3.684617E+3	0.000000E+0	9.007600E+1
2.216838E-2	3.704243E+3	0.000000E+0	9.025900E+1
2.217519E-2	3.723480E+3	0.000000E+0	9.044200E+1
2.219560E-2	3.739690E+3	0.000000E+0	9.062300E+1
2.220541E-2	3.755583E+3	0.000000E+0	9.080200E+1
2.222119E-2	3.770050E+3	0.000000E+0	9.098600E+1
2.223567E-2	3.782607E+3	0.000000E+0	9.116800E+1
2.224452E-2	3.794923E+3	0.000000E+0	9.134800E+1
2.226534E-2	3.805653E+3	0.000000E+0	9.152900E+1
2.227356E-2	3.817413E+3	0.000000E+0	9.171100E+1
2.229549E-2	3.827587E+3	0.000000E+0	9.189200E+1
2.230107E-2	3.837280E+3	0.000000E+0	9.207400E+1
2.232373E-2	3.845627E+3	0.000000E+0	9.225500E+1
2.233143E-2	3.853177E+3	0.000000E+0	9.243700E+1
2.235054E-2	3.860407E+3	0.000000E+0	9.261800E+1
2.236072E-2	3.867483E+3	0.000000E+0	9.280000E+1
2.237696E-2	3.874080E+3	0.000000E+0	9.298500E+1
2.239174E-2	3.879880E+3	0.000000E+0	9.316700E+1
2.240397E-2	3.886000E+3	0.000000E+0	9.334800E+1
2.242157E-2	3.891403E+3	0.000000E+0	9.352900E+1
2.242950E-2	3.896570E+3	0.000000E+0	9.371100E+1
2.245080E-2	3.900380E+3	0.000000E+0	9.389100E+1
2.245590E-2	3.905157E+3	0.000000E+0	9.407300E+1
2.247877E-2	3.910570E+3	0.000000E+0	9.425200E+1
2.248582E-2	3.915340E+3	0.000000E+0	9.443500E+1
2.250610E-2	3.918917E+3	0.000000E+0	9.461800E+1
2.251696E-2	3.921937E+3	0.000000E+0	9.480200E+1
2.252887E-2	3.924877E+3	0.000000E+0	9.498500E+1
2.254566E-2	3.927817E+3	0.000000E+0	9.516200E+1
2.255676E-2	3.931157E+3	0.000000E+0	9.533900E+1
2.257637E-2	3.934413E+3	0.000000E+0	9.551600E+1
2.258232E-2	3.937670E+3	0.000000E+0	9.569600E+1
2.260479E-2	3.940613E+3	0.000000E+0	9.587800E+1
2.261075E-2	3.943153E+3	0.000000E+0	9.605700E+1
2.263397E-2	3.945460E+3	0.000000E+0	9.624100E+1
2.264079E-2	3.947683E+3	0.000000E+0	9.642200E+1
2.266014E-2	3.949433E+3	0.000000E+0	9.660200E+1
2.267117E-2	3.951423E+3	0.000000E+0	9.678500E+1
2.268536E-2	3.953090E+3	0.000000E+0	9.697100E+1
2.270096E-2	3.954520E+3	0.000000E+0	9.715200E+1
2.271135E-2	3.956507E+3	0.000000E+0	9.733300E+1
2.273064E-2	3.957300E+3	0.000000E+0	9.751500E+1
2.273628E-2	3.958257E+3	0.000000E+0	9.769500E+1
2.275847E-2	3.959843E+3	0.000000E+0	9.787800E+1
2.276525E-2	3.961353E+3	0.000000E+0	9.805800E+1
2.278797E-2	3.962390E+3	0.000000E+0	9.823900E+1
2.279593E-2	3.963660E+3	0.000000E+0	9.842400E+1
2.281524E-2	3.964613E+3	0.000000E+0	9.860700E+1
2.282554E-2	3.965647E+3	0.000000E+0	9.879000E+1
2.283979E-2	3.966760E+3	0.000000E+0	9.896800E+1
2.285561E-2	3.967710E+3	0.000000E+0	9.915000E+1
2.286569E-2	3.968827E+3	0.000000E+0	9.933100E+1
2.288482E-2	3.970017E+3	0.000000E+0	9.951000E+1
2.289143E-2	3.970890E+3	0.000000E+0	9.969000E+1
2.291421E-2	3.970970E+3	0.000000E+0	9.987200E+1
2.291943E-2	3.971763E+3	0.000000E+0	1.000570E+2
2.294183E-2	3.972720E+3	0.000000E+0	1.002390E+2
2.294907E-2	3.973593E+3	0.000000E+0	1.004200E+2
2.296679E-2	3.974230E+3	0.000000E+0	1.006030E+2
2.297885E-2	3.974707E+3	0.000000E+0	1.007820E+2
2.299339E-2	3.975500E+3	0.000000E+0	1.009630E+2
2.300912E-2	3.976137E+3	0.000000E+0	1.011460E+2
2.301669E-2	3.976850E+3	0.000000E+0	1.013280E+2
2.303770E-2	3.977883E+3	0.000000E+0	1.015090E+2
2.304546E-2	3.978360E+3	0.000000E+0	1.016930E+2
2.306778E-2	3.978840E+3	0.000000E+0	1.018750E+2
2.307299E-2	3.979240E+3	0.000000E+0	1.020590E+2
2.309632E-2	3.979630E+3	0.000000E+0	1.022380E+2
2.310293E-2	3.980030E+3	0.000000E+0	1.024220E+2
2.312106E-2	3.980510E+3	0.000000E+0	1.026030E+2
2.313310E-2	3.980590E+3	0.000000E+0	1.027850E+2
2.314665E-2	3.980030E+3	0.000000E+0	1.029660E+2
2.316283E-2	3.980110E+3	0.000000E+0	1.031480E+2
2.317320E-2	3.980430E+3	0.000000E+0	1.033330E+2
2.319181E-2	3.980430E+3	0.000000E+0	1.035160E+2
2.320008E-2	3.979317E+3	0.000000E+0	1.036960E+2
2.322110E-2	3.977727E+3	0.000000E+0	1.038830E+2
2.322730E-2	3.974390E+3	0.000000E+0	1.040630E+2
2.324846E-2	3.970810E+3	0.000000E+0	1.042450E+2
2.325675E-2	3.969460E+3	0.000000E+0	1.044220E+2
2.327426E-2	3.971447E+3	0.000000E+0	1.046020E+2
2.328688E-2	3.975100E+3	0.000000E+0	1.047830E+2
2.329698E-2	3.978680E+3	0.000000E+0	1.049650E+2
2.331572E-2	3.981463E+3	0.000000E+0	1.051510E+2
2.332581E-2	3.983290E+3	0.000000E+0	1.053320E+2
2.334522E-2	3.984003E+3	0.000000E+0	1.055110E+2
2.335186E-2	3.984640E+3	0.000000E+0	1.056910E+2
2.337453E-2	3.985910E+3	0.000000E+0	1.058710E+2
2.337967E-2	3.987583E+3	0.000000E+0	1.060540E+2
2.340106E-2	3.989010E+3	0.000000E+0	1.062360E+2
2.340945E-2	3.988930E+3	0.000000E+0	1.064170E+2
2.342632E-2	3.988140E+3	0.000000E+0	1.065970E+2
2.343915E-2	3.988297E+3	0.000000E+0	1.067790E+2
2.345116E-2	3.989010E+3	0.000000E+0	1.069580E+2
2.346882E-2	3.989490E+3	0.000000E+0	1.071440E+2
2.347751E-2	3.989570E+3	0.000000E+0	1.073260E+2
2.349798E-2	3.990520E+3	0.000000E+0	1.075070E+2
2.350429E-2	3.992030E+3	0.000000E+0	1.076900E+2
2.352590E-2	3.992827E+3	0.000000E+0	1.078700E+2
2.353216E-2	3.993300E+3	0.000000E+0	1.080520E+2
2.355355E-2	3.993300E+3	0.000000E+0	1.082320E+2
2.356155E-2	3.993060E+3	0.000000E+0	1.084130E+2
2.357539E-2	3.993060E+3	0.000000E+0	1.085950E+2
2.359130E-2	3.993060E+3	0.000000E+0	1.087760E+2
2.360354E-2	3.993140E+3	0.000000E+0	1.089580E+2
2.362062E-2	3.992590E+3	0.000000E+0	1.091390E+2
2.362956E-2	3.991950E+3	0.000000E+0	1.093210E+2
2.365009E-2	3.991870E+3	0.000000E+0	1.095020E+2
2.365606E-2	3.992110E+3	0.000000E+0	1.096860E+2
2.367805E-2	3.992750E+3	0.000000E+0	1.098690E+2
2.368396E-2	3.992590E+3	0.000000E+0	1.100520E+2
2.370463E-2	3.993140E+3	0.000000E+0	1.102310E+2
2.371261E-2	3.993540E+3	0.000000E+0	1.104100E+2
2.373031E-2	3.993540E+3	0.000000E+0	1.105900E+2
2.374329E-2	3.993620E+3	0.000000E+0	1.107710E+2
2.375392E-2	3.994020E+3	0.000000E+0	1.109530E+2
2.377269E-2	3.994260E+3	0.000000E+0	1.111370E+2
2.378029E-2	3.994260E+3	0.000000E+0	1.113200E+2
2.380116E-2	3.994180E+3	0.000000E+0	1.115010E+2
2.380710E-2	3.993620E+3	0.000000E+0	1.116830E+2
2.382955E-2	3.994020E+3	0.000000E+0	1.118640E+2
2.383524E-2	3.994260E+3	0.000000E+0	1.120460E+2
2.385571E-2	3.994260E+3	0.000000E+0	1.122280E+2
2.386496E-2	3.994650E+3	0.000000E+0	1.124120E+2
2.387989E-2	3.994810E+3	0.000000E+0	1.125940E+2
2.389457E-2	3.995210E+3	0.000000E+0	1.127750E+2
2.390604E-2	3.995210E+3	0.000000E+0	1.129570E+2
2.392369E-2	3.994970E+3	0.000000E+0	1.131370E+2
2.393140E-2	3.994970E+3	0.000000E+0	1.133180E+2
2.395232E-2	3.995290E+3	0.000000E+0	1.134970E+2
2.395740E-2	3.995450E+3	0.000000E+0	1.136800E+2
2.397971E-2	3.995130E+3	0.000000E+0	1.138630E+2
2.398687E-2	3.994730E+3	0.000000E+0	1.140440E+2
2.400778E-2	3.994650E+3	0.000000E+0	1.142230E+2
2.401647E-2	3.995050E+3	0.000000E+0	1.144060E+2
2.403108E-2	3.995130E+3	0.000000E+0	1.145870E+2
2.404539E-2	3.994650E+3	0.000000E+0	1.147660E+2
2.405494E-2	3.994337E+3	0.000000E+0	1.149460E+2
2.407350E-2	3.994810E+3	0.000000E+0	1.151280E+2
2.408223E-2	3.995290E+3	0.000000E+0	1.153090E+2
2.410284E-2	3.995210E+3	0.000000E+0	1.154890E+2
2.410765E-2	3.995210E+3	0.000000E+0	1.156710E+2
2.413002E-2	3.995370E+3	0.000000E+0	1.158520E+2
2.413717E-2	3.995450E+3	0.000000E+0	1.160360E+2
2.415446E-2	3.995610E+3	0.000000E+0	1.162190E+2
2.416652E-2	3.996320E+3	0.000000E+0	1.164010E+2
2.418211E-2	3.996320E+3	0.000000E+0	1.165820E+2
2.419554E-2	3.995930E+3	0.000000E+0	1.167650E+2
2.420815E-2	3.996160E+3	0.000000E+0	1.169490E+2
2.422536E-2	3.995850E+3	0.000000E+0	1.171320E+2
2.423323E-2	3.995450E+3	0.000000E+0	1.173120E+2
2.425341E-2	3.995210E+3	0.000000E+0	1.174950E+2
2.425995E-2	3.994650E+3	0.000000E+0	1.176790E+2
2.428217E-2	3.994970E+3	0.000000E+0	1.178650E+2
2.428749E-2	3.995450E+3	0.000000E+0	1.180490E+2
2.430827E-2	3.995530E+3	0.000000E+0	1.182290E+2
2.431689E-2	3.995050E+3	0.000000E+0	1.184100E+2
2.433340E-2	3.994730E+3	0.000000E+0	1.185910E+2
2.434584E-2	3.994730E+3	0.000000E+0	1.187700E+2
2.435743E-2	3.994970E+3	0.000000E+0	1.189500E+2
2.437483E-2	3.995130E+3	0.000000E+0	1.191310E+2
2.438406E-2	3.995450E+3	0.000000E+0	1.193180E+2
2.440381E-2	3.995850E+3	0.000000E+0	1.194960E+2
2.440831E-2	3.995770E+3	0.000000E+0	1.196760E+2
2.443007E-2	3.994970E+3	0.000000E+0	1.198560E+2
2.443733E-2	3.994650E+3	0.000000E+0	1.200390E+2
2.445733E-2	3.994490E+3	0.000000E+0	1.202210E+2
2.446646E-2	3.994810E+3	0.000000E+0	1.204020E+2
2.448158E-2	3.995210E+3	0.000000E+0	1.205820E+2
2.449523E-2	3.995130E+3	0.000000E+0	1.207650E+2
2.450580E-2	3.994337E+3	0.000000E+0	1.209450E+2
2.452383E-2	3.993540E+3	0.000000E+0	1.211250E+2
2.453077E-2	3.993940E+3	0.000000E+0	1.213040E+2
2.455167E-2	3.994337E+3	0.000000E+0	1.214840E+2
2.455716E-2	3.994730E+3	0.000000E+0	1.216660E+2
2.457924E-2	3.994337E+3	0.000000E+0	1.218500E+2
2.458584E-2	3.993620E+3	0.000000E+0	1.220320E+2
2.460502E-2	3.992590E+3	0.000000E+0	1.222130E+2
2.461524E-2	3.992190E+3	0.000000E+0	1.223920E+2
2.462858E-2	3.992750E+3	0.000000E+0	1.225760E+2
2.464384E-2	3.993060E+3	0.000000E+0	1.227570E+2
2.465425E-2	3.993300E+3	0.000000E+0	1.229410E+2
2.467244E-2	3.994177E+3	0.000000E+0	1.231200E+2
2.467727E-2	3.994650E+3	0.000000E+0	1.233020E+2
2.469948E-2	3.994260E+3	0.000000E+0	1.234830E+2
2.470529E-2	3.994260E+3	0.000000E+0	1.236660E+2
2.472750E-2	3.994260E+3	0.000000E+0	1.238490E+2
2.473441E-2	3.994100E+3	0.000000E+0	1.240300E+2
2.475364E-2	3.993540E+3	0.000000E+0	1.242120E+2
2.476376E-2	3.993380E+3	0.000000E+0	1.243930E+2
2.477727E-2	3.993140E+3	0.000000E+0	1.245750E+2
2.479238E-2	3.993140E+3	0.000000E+0	1.247560E+2
2.480244E-2	3.993860E+3	0.000000E+0	1.249380E+2
2.482100E-2	3.994413E+3	0.000000E+0	1.251180E+2
2.482657E-2	3.994730E+3	0.000000E+0	1.252950E+2
2.484806E-2	3.994730E+3	0.000000E+0	1.254740E+2
2.485350E-2	3.994730E+3	0.000000E+0	1.256550E+2
2.487479E-2	3.994650E+3	0.000000E+0	1.258370E+2
2.488205E-2	3.994020E+3	0.000000E+0	1.260210E+2
2.489819E-2	3.993540E+3	0.000000E+0	1.262010E+2
2.491078E-2	3.993540E+3	0.000000E+0	1.263840E+2
2.492417E-2	3.993540E+3	0.000000E+0	1.265640E+2
2.493979E-2	3.993140E+3	0.000000E+0	1.267460E+2
2.494636E-2	3.992510E+3	0.000000E+0	1.269280E+2
2.496738E-2	3.991870E+3	0.000000E+0	1.271110E+2
2.497369E-2	3.991870E+3	0.000000E+0	1.272900E+2
2.499557E-2	3.991790E+3	0.000000E+0	1.274720E+2
2.500006E-2	3.991000E+3	0.000000E+0	1.276500E+2
2.502139E-2	3.990280E+3	0.000000E+0	1.278310E+2
2.502919E-2	3.991000E+3	0.000000E+0	1.280160E+2
2.504574E-2	3.991400E+3	0.000000E+0	1.281960E+2
2.505763E-2	3.991870E+3	0.000000E+0	1.283790E+2
2.507003E-2	3.992430E+3	0.000000E+0	1.285600E+2
2.508624E-2	3.992510E+3	0.000000E+0	1.287390E+2
2.509640E-2	3.992110E+3	0.000000E+0	1.289220E+2
2.511498E-2	3.991870E+3	0.000000E+0	1.291070E+2
2.512066E-2	3.991710E+3	0.000000E+0	1.292890E+2
2.514242E-2	3.991710E+3	0.000000E+0	1.294700E+2
2.514768E-2	3.991950E+3	0.000000E+0	1.296520E+2
2.516817E-2	3.992670E+3	0.000000E+0	1.298370E+2
2.517670E-2	3.993060E+3	0.000000E+0	1.300190E+2
2.519238E-2	3.993460E+3	0.000000E+0	1.302000E+2
2.520499E-2	3.993700E+3	0.000000E+0	1.303820E+2
2.521378E-2	3.993300E+3	0.000000E+0	1.305610E+2
2.523200E-2	3.992907E+3	0.000000E+0	1.307450E+2
2.524206E-2	3.993060E+3	0.000000E+0	1.309270E+2
2.526034E-2	3.993060E+3	0.000000E+0	1.311080E+2
2.526589E-2	3.993220E+3	0.000000E+0	1.312920E+2
2.528838E-2	3.992983E+3	0.000000E+0	1.314710E+2
2.529306E-2	3.992350E+3	0.000000E+0	1.316520E+2
2.531450E-2	3.991950E+3	0.000000E+0	1.318320E+2
2.532165E-2	3.991870E+3	0.000000E+0	1.320150E+2
2.533952E-2	3.992110E+3	0.000000E+0	1.321970E+2
2.535050E-2	3.992350E+3	0.000000E+0	1.323770E+2
2.536349E-2	3.992590E+3	0.000000E+0	1.325600E+2
2.537904E-2	3.993220E+3	0.000000E+0	1.327420E+2
2.538820E-2	3.993460E+3	0.000000E+0	1.329250E+2
2.540670E-2	3.993540E+3	0.000000E+0	1.331050E+2
2.541166E-2	3.992827E+3	0.000000E+0	1.332890E+2
2.543272E-2	3.992030E+3	0.000000E+0	1.334680E+2
2.543872E-2	3.991477E+3	0.000000E+0	1.336510E+2
2.546030E-2	3.991000E+3	0.000000E+0	1.338310E+2
2.546769E-2	3.990920E+3	0.000000E+0	1.340140E+2
2.547960E-2	3.990920E+3	0.000000E+0	1.341970E+2
2.549489E-2	3.990920E+3	0.000000E+0	1.343740E+2
2.550783E-2	3.990440E+3	0.000000E+0	1.345550E+2
2.552362E-2	3.989570E+3	0.000000E+0	1.347330E+2
2.553239E-2	3.989250E+3	0.000000E+0	1.349150E+2
2.555194E-2	3.989170E+3	0.000000E+0	1.350960E+2
