X channel: Keithley, channel #5; mode:  DCV; scale:  0.10; X converted, conversion factor:1.000000E+0
Y channel: Lock-in, mkV
II channel: B7-78, Ohm; scale:  10000.000000
X channel	Y channel	II channel	timestamp, sec
2.675216E-2	3.992590E+3	0.000000E+0	0.000000E+0
2.675224E-2	3.992907E+3	0.000000E+0	1.660000E-1
2.675235E-2	3.993140E+3	0.000000E+0	3.330000E-1
2.675286E-2	3.993300E+3	0.000000E+0	5.140000E-1
2.675217E-2	3.993220E+3	0.000000E+0	6.920000E-1
2.675194E-2	3.993060E+3	0.000000E+0	8.720000E-1
2.674993E-2	3.992983E+3	0.000000E+0	1.051000E+0
2.674496E-2	3.992983E+3	0.000000E+0	1.235000E+0
2.673822E-2	3.993060E+3	0.000000E+0	1.417000E+0
2.672428E-2	3.992983E+3	0.000000E+0	1.599000E+0
2.671552E-2	3.992590E+3	0.000000E+0	1.778000E+0
2.669566E-2	3.992350E+3	0.000000E+0	1.960000E+0
2.669104E-2	3.992190E+3	0.000000E+0	2.141000E+0
2.667572E-2	3.992670E+3	0.000000E+0	2.320000E+0
2.666675E-2	3.993300E+3	0.000000E+0	2.499000E+0
2.665379E-2	3.993620E+3	0.000000E+0	2.679000E+0
2.664219E-2	3.994100E+3	0.000000E+0	2.867000E+0
2.663712E-2	3.994260E+3	0.000000E+0	3.049000E+0
2.661932E-2	3.994260E+3	0.000000E+0	3.226000E+0
2.661358E-2	3.994653E+3	0.000000E+0	3.406000E+0
2.659501E-2	3.995847E+3	0.000000E+0	3.589000E+0
2.659159E-2	3.995927E+3	0.000000E+0	3.769000E+0
2.657268E-2	3.994970E+3	0.000000E+0	3.951000E+0
2.656693E-2	3.994730E+3	0.000000E+0	4.132000E+0
2.655100E-2	3.995210E+3	0.000000E+0	4.311000E+0
2.654254E-2	3.995850E+3	0.000000E+0	4.491000E+0
2.653193E-2	3.996163E+3	0.000000E+0	4.671000E+0
2.651850E-2	3.996400E+3	0.000000E+0	4.850000E+0
2.651066E-2	3.996163E+3	0.000000E+0	5.030000E+0
2.649390E-2	3.995930E+3	0.000000E+0	5.213000E+0
2.648801E-2	3.995930E+3	0.000000E+0	5.397000E+0
2.646974E-2	3.995930E+3	0.000000E+0	5.580000E+0
2.646648E-2	3.995930E+3	0.000000E+0	5.763000E+0
2.644822E-2	3.995930E+3	0.000000E+0	5.944000E+0
2.644101E-2	3.996007E+3	0.000000E+0	6.131000E+0
2.642657E-2	3.996400E+3	0.000000E+0	6.311000E+0
2.641666E-2	3.996163E+3	0.000000E+0	6.493000E+0
2.640792E-2	3.995930E+3	0.000000E+0	6.674000E+0
2.639203E-2	3.995450E+3	0.000000E+0	6.853000E+0
2.638261E-2	3.994730E+3	0.000000E+0	7.037000E+0
2.636716E-2	3.995130E+3	0.000000E+0	7.219000E+0
2.636211E-2	3.995610E+3	0.000000E+0	7.396000E+0
2.634319E-2	3.996400E+3	0.000000E+0	7.575000E+0
2.633869E-2	3.996880E+3	0.000000E+0	7.758000E+0
2.631939E-2	3.997593E+3	0.000000E+0	7.939000E+0
2.631406E-2	3.997750E+3	0.000000E+0	8.121000E+0
2.629833E-2	3.996720E+3	0.000000E+0	8.302000E+0
2.628867E-2	3.996400E+3	0.000000E+0	8.488000E+0
2.627704E-2	3.996400E+3	0.000000E+0	8.673000E+0
2.626400E-2	3.996480E+3	0.000000E+0	8.851000E+0
2.625579E-2	3.996800E+3	0.000000E+0	9.032000E+0
2.623871E-2	3.997200E+3	0.000000E+0	9.212000E+0
2.623485E-2	3.997830E+3	0.000000E+0	9.396000E+0
2.621510E-2	3.998707E+3	0.000000E+0	9.575000E+0
2.620998E-2	3.999020E+3	0.000000E+0	9.758000E+0
2.619114E-2	3.999020E+3	0.000000E+0	9.938000E+0
2.618470E-2	3.999180E+3	0.000000E+0	1.012100E+1
2.616887E-2	3.999980E+3	0.000000E+0	1.030100E+1
2.615910E-2	4.000773E+3	0.000000E+0	1.048500E+1
2.614737E-2	4.001330E+3	0.000000E+0	1.066800E+1
2.613364E-2	4.001410E+3	0.000000E+0	1.084800E+1
2.612603E-2	4.001250E+3	0.000000E+0	1.103000E+1
2.610887E-2	4.001250E+3	0.000000E+0	1.121100E+1
2.610399E-2	4.001887E+3	0.000000E+0	1.139300E+1
2.608399E-2	4.002520E+3	0.000000E+0	1.157500E+1
2.607954E-2	4.002600E+3	0.000000E+0	1.175400E+1
2.606101E-2	4.002840E+3	0.000000E+0	1.193500E+1
2.605389E-2	4.002840E+3	0.000000E+0	1.211300E+1
2.604036E-2	4.002520E+3	0.000000E+0	1.229500E+1
2.602822E-2	4.002440E+3	0.000000E+0	1.247600E+1
2.601714E-2	4.002680E+3	0.000000E+0	1.265600E+1
2.600238E-2	4.002840E+3	0.000000E+0	1.283900E+1
2.599562E-2	4.003160E+3	0.000000E+0	1.302100E+1
2.597683E-2	4.003630E+3	0.000000E+0	1.320100E+1
2.597307E-2	4.004270E+3	0.000000E+0	1.338200E+1
2.595296E-2	4.004750E+3	0.000000E+0	1.356400E+1
2.594741E-2	4.004270E+3	0.000000E+0	1.374500E+1
2.592934E-2	4.003157E+3	0.000000E+0	1.392800E+1
2.592224E-2	4.002600E+3	0.000000E+0	1.410800E+1
2.590811E-2	4.002280E+3	0.000000E+0	1.428800E+1
2.588786E-2	4.001010E+3	0.000000E+0	1.463600E+1
2.587029E-2	4.000930E+3	0.000000E+0	1.482500E+1
2.586381E-2	4.000930E+3	0.000000E+0	1.500600E+1
2.584514E-2	4.001410E+3	0.000000E+0	1.518400E+1
2.584107E-2	4.001890E+3	0.000000E+0	1.536500E+1
2.581965E-2	4.001890E+3	0.000000E+0	1.554500E+1
2.581470E-2	4.001890E+3	0.000000E+0	1.572700E+1
2.579929E-2	4.001967E+3	0.000000E+0	1.590700E+1
2.578848E-2	4.002520E+3	0.000000E+0	1.608800E+1
2.577588E-2	4.002600E+3	0.000000E+0	1.626900E+1
2.576235E-2	4.002360E+3	0.000000E+0	1.644700E+1
2.575390E-2	4.001650E+3	0.000000E+0	1.662800E+1
2.573595E-2	4.000930E+3	0.000000E+0	1.680700E+1
2.570785E-2	4.001887E+3	0.000000E+0	1.723400E+1
2.570156E-2	4.002280E+3	0.000000E+0	1.741400E+1
2.568217E-2	4.001730E+3	0.000000E+0	1.759400E+1
2.567780E-2	4.001650E+3	0.000000E+0	1.777800E+1
2.565808E-2	4.001650E+3	0.000000E+0	1.795900E+1
2.565240E-2	4.001650E+3	0.000000E+0	1.813800E+1
2.563632E-2	4.001490E+3	0.000000E+0	1.831800E+1
2.562616E-2	4.001170E+3	0.000000E+0	1.849800E+1
2.561239E-2	4.001250E+3	0.000000E+0	1.868100E+1
2.559884E-2	4.001490E+3	0.000000E+0	1.886500E+1
2.558945E-2	4.002123E+3	0.000000E+0	1.904400E+1
2.557293E-2	4.002360E+3	0.000000E+0	1.922800E+1
2.556746E-2	4.002600E+3	0.000000E+0	1.941000E+1
2.554714E-2	4.002760E+3	0.000000E+0	1.958700E+1
2.554196E-2	4.003633E+3	0.000000E+0	1.976700E+1
2.552178E-2	4.004670E+3	0.000000E+0	1.995000E+1
2.551551E-2	4.004350E+3	0.000000E+0	2.013000E+1
2.549817E-2	4.003157E+3	0.000000E+0	2.031400E+1
2.548826E-2	4.002600E+3	0.000000E+0	2.049700E+1
2.547628E-2	4.002680E+3	0.000000E+0	2.067900E+1
2.546154E-2	4.003393E+3	0.000000E+0	2.085900E+1
2.545282E-2	4.003870E+3	0.000000E+0	2.104100E+1
2.543488E-2	4.003550E+3	0.000000E+0	2.122200E+1
2.542893E-2	4.003950E+3	0.000000E+0	2.140400E+1
2.540891E-2	4.004670E+3	0.000000E+0	2.158400E+1
2.540448E-2	4.004190E+3	0.000000E+0	2.176400E+1
2.538532E-2	4.003630E+3	0.000000E+0	2.194500E+1
2.537788E-2	4.004190E+3	0.000000E+0	2.213100E+1
2.536102E-2	4.004987E+3	0.000000E+0	2.231300E+1
2.535048E-2	4.004670E+3	0.000000E+0	2.249500E+1
2.533764E-2	4.003397E+3	0.000000E+0	2.267600E+1
2.532291E-2	4.002920E+3	0.000000E+0	2.285300E+1
2.531624E-2	4.003553E+3	0.000000E+0	2.303200E+1
2.529636E-2	4.004270E+3	0.000000E+0	2.321500E+1
2.529051E-2	4.004430E+3	0.000000E+0	2.339600E+1
2.527011E-2	4.004030E+3	0.000000E+0	2.357800E+1
2.526522E-2	4.003710E+3	0.000000E+0	2.376000E+1
2.524795E-2	4.003790E+3	0.000000E+0	2.393900E+1
2.523837E-2	4.004030E+3	0.000000E+0	2.412100E+1
2.522304E-2	4.004030E+3	0.000000E+0	2.430200E+1
2.521075E-2	4.004190E+3	0.000000E+0	2.448400E+1
2.519898E-2	4.004670E+3	0.000000E+0	2.466500E+1
2.518335E-2	4.005380E+3	0.000000E+0	2.484700E+1
2.517437E-2	4.006180E+3	0.000000E+0	2.502700E+1
2.515567E-2	4.006653E+3	0.000000E+0	2.520700E+1
2.515047E-2	4.006890E+3	0.000000E+0	2.538700E+1
2.513030E-2	4.006890E+3	0.000000E+0	2.556700E+1
2.512451E-2	4.006810E+3	0.000000E+0	2.575000E+1
2.510479E-2	4.006420E+3	0.000000E+0	2.593400E+1
2.509659E-2	4.006420E+3	0.000000E+0	2.611700E+1
2.508076E-2	4.006420E+3	0.000000E+0	2.629700E+1
2.506913E-2	4.006970E+3	0.000000E+0	2.648000E+1
2.505937E-2	4.007767E+3	0.000000E+0	2.666300E+1
2.504198E-2	4.008480E+3	0.000000E+0	2.684600E+1
2.503432E-2	4.008003E+3	0.000000E+0	2.702600E+1
2.501511E-2	4.006970E+3	0.000000E+0	2.720700E+1
2.501091E-2	4.006810E+3	0.000000E+0	2.739200E+1
2.499061E-2	4.007370E+3	0.000000E+0	2.757000E+1
2.498286E-2	4.008080E+3	0.000000E+0	2.775200E+1
2.496215E-2	4.008080E+3	0.000000E+0	2.793300E+1
2.495405E-2	4.008080E+3	0.000000E+0	2.811600E+1
2.494030E-2	4.008080E+3	0.000000E+0	2.829900E+1
2.492705E-2	4.007927E+3	0.000000E+0	2.847600E+1
2.491588E-2	4.007610E+3	0.000000E+0	2.865800E+1
2.489899E-2	4.007770E+3	0.000000E+0	2.883800E+1
2.489078E-2	4.008080E+3	0.000000E+0	2.902100E+1
2.487171E-2	4.008720E+3	0.000000E+0	2.920500E+1
2.486678E-2	4.009437E+3	0.000000E+0	2.938500E+1
2.484507E-2	4.010150E+3	0.000000E+0	2.956500E+1
2.483976E-2	4.009990E+3	0.000000E+0	2.974700E+1
2.482076E-2	4.009280E+3	0.000000E+0	2.992400E+1
2.481140E-2	4.009040E+3	0.000000E+0	3.010600E+1
2.479943E-2	4.009517E+3	0.000000E+0	3.028300E+1
2.478389E-2	4.009830E+3	0.000000E+0	3.046500E+1
2.477313E-2	4.009593E+3	0.000000E+0	3.064600E+1
2.475552E-2	4.009040E+3	0.000000E+0	3.082700E+1
2.474852E-2	4.008720E+3	0.000000E+0	3.100600E+1
2.472816E-2	4.008400E+3	0.000000E+0	3.118700E+1
2.472346E-2	4.008320E+3	0.000000E+0	3.136800E+1
2.470138E-2	4.008560E+3	0.000000E+0	3.155200E+1
2.469547E-2	4.009357E+3	0.000000E+0	3.173400E+1
2.467770E-2	4.009990E+3	0.000000E+0	3.191700E+1
2.466695E-2	4.010550E+3	0.000000E+0	3.209800E+1
2.465411E-2	4.010710E+3	0.000000E+0	3.227700E+1
2.463873E-2	4.010710E+3	0.000000E+0	3.245800E+1
2.462914E-2	4.010950E+3	0.000000E+0	3.263900E+1
2.461142E-2	4.010950E+3	0.000000E+0	3.281900E+1
2.460546E-2	4.011103E+3	0.000000E+0	3.299900E+1
2.458344E-2	4.010947E+3	0.000000E+0	3.318100E+1
2.457853E-2	4.010070E+3	0.000000E+0	3.335800E+1
2.455820E-2	4.009437E+3	0.000000E+0	3.353800E+1
2.455003E-2	4.009910E+3	0.000000E+0	3.372000E+1
2.453652E-2	4.010150E+3	0.000000E+0	3.390100E+1
2.452218E-2	4.009830E+3	0.000000E+0	3.408300E+1
2.450973E-2	4.009517E+3	0.000000E+0	3.426500E+1
2.449278E-2	4.009040E+3	0.000000E+0	3.445100E+1
2.448458E-2	4.009120E+3	0.000000E+0	3.463200E+1
2.446481E-2	4.009517E+3	0.000000E+0	3.481200E+1
2.445872E-2	4.009750E+3	0.000000E+0	3.499500E+1
2.443799E-2	4.009750E+3	0.000000E+0	3.517500E+1
2.443288E-2	4.010230E+3	0.000000E+0	3.535700E+1
2.441216E-2	4.011103E+3	0.000000E+0	3.553700E+1
2.440373E-2	4.011820E+3	0.000000E+0	3.572000E+1
2.438809E-2	4.011420E+3	0.000000E+0	3.590000E+1
2.437536E-2	4.010710E+3	0.000000E+0	3.608100E+1
2.436291E-2	4.010390E+3	0.000000E+0	3.626400E+1
2.434656E-2	4.010630E+3	0.000000E+0	3.644400E+1
2.433935E-2	4.010950E+3	0.000000E+0	3.662700E+1
2.431835E-2	4.011180E+3	0.000000E+0	3.680700E+1
2.431307E-2	4.011340E+3	0.000000E+0	3.699100E+1
2.429069E-2	4.010787E+3	0.000000E+0	3.717300E+1
2.428494E-2	4.009990E+3	0.000000E+0	3.735400E+1
2.426777E-2	4.009750E+3	0.000000E+0	3.753500E+1
2.425676E-2	4.009910E+3	0.000000E+0	3.771700E+1
2.424074E-2	4.010630E+3	0.000000E+0	3.789900E+1
2.422736E-2	4.010710E+3	0.000000E+0	3.808000E+1
2.421559E-2	4.010550E+3	0.000000E+0	3.826300E+1
2.419865E-2	4.010947E+3	0.000000E+0	3.844300E+1
2.419075E-2	4.010630E+3	0.000000E+0	3.862600E+1
2.417051E-2	4.010070E+3	0.000000E+0	3.880800E+1
2.416524E-2	4.010390E+3	0.000000E+0	3.898900E+1
2.414251E-2	4.010230E+3	0.000000E+0	3.916900E+1
2.413656E-2	4.009830E+3	0.000000E+0	3.934900E+1
2.411538E-2	4.009517E+3	0.000000E+0	3.953300E+1
2.410727E-2	4.008960E+3	0.000000E+0	3.971100E+1
2.409324E-2	4.008800E+3	0.000000E+0	3.989400E+1
2.407900E-2	4.008560E+3	0.000000E+0	4.007400E+1
2.406871E-2	4.008560E+3	0.000000E+0	4.025700E+1
2.404979E-2	4.008960E+3	0.000000E+0	4.044000E+1
2.404275E-2	4.008960E+3	0.000000E+0	4.061800E+1
2.402159E-2	4.008320E+3	0.000000E+0	4.080100E+1
2.401701E-2	4.008080E+3	0.000000E+0	4.098300E+1
2.399660E-2	4.008640E+3	0.000000E+0	4.116300E+1
2.398803E-2	4.009913E+3	0.000000E+0	4.134400E+1
2.396882E-2	4.010390E+3	0.000000E+0	4.152900E+1
2.395838E-2	4.010230E+3	0.000000E+0	4.171000E+1
2.394415E-2	4.009830E+3	0.000000E+0	4.189200E+1
2.392890E-2	4.009440E+3	0.000000E+0	4.207500E+1
2.391663E-2	4.009200E+3	0.000000E+0	4.225600E+1
2.390035E-2	4.008800E+3	0.000000E+0	4.244000E+1
2.389196E-2	4.008400E+3	0.000000E+0	4.262700E+1
2.387167E-2	4.008640E+3	0.000000E+0	4.280800E+1
2.386579E-2	4.009357E+3	0.000000E+0	4.298600E+1
2.384288E-2	4.009910E+3	0.000000E+0	4.316500E+1
2.383721E-2	4.009990E+3	0.000000E+0	4.334700E+1
2.381657E-2	4.009750E+3	0.000000E+0	4.353000E+1
2.380848E-2	4.009673E+3	0.000000E+0	4.371300E+1
2.379352E-2	4.009120E+3	0.000000E+0	4.389400E+1
2.377862E-2	4.009120E+3	0.000000E+0	4.407600E+1
2.376712E-2	4.009673E+3	0.000000E+0	4.425300E+1
2.374967E-2	4.009750E+3	0.000000E+0	4.443200E+1
2.374567E-2	4.009200E+3	0.000000E+0	4.461200E+1
2.372291E-2	4.008480E+3	0.000000E+0	4.479300E+1
2.371603E-2	4.008080E+3	0.000000E+0	4.497500E+1
2.369287E-2	4.007770E+3	0.000000E+0	4.515700E+1
2.368708E-2	4.007210E+3	0.000000E+0	4.533800E+1
2.366793E-2	4.006730E+3	0.000000E+0	4.551400E+1
2.365710E-2	4.006650E+3	0.000000E+0	4.569600E+1
2.364272E-2	4.006650E+3	0.000000E+0	4.587700E+1
2.362738E-2	4.006650E+3	0.000000E+0	4.606600E+1
2.361618E-2	4.006497E+3	0.000000E+0	4.624800E+1
2.359819E-2	4.006653E+3	0.000000E+0	4.643100E+1
2.359048E-2	4.006890E+3	0.000000E+0	4.661500E+1
2.356911E-2	4.006890E+3	0.000000E+0	4.680000E+1
2.356318E-2	4.007290E+3	0.000000E+0	4.698200E+1
2.354112E-2	4.007290E+3	0.000000E+0	4.716400E+1
2.353501E-2	4.007130E+3	0.000000E+0	4.734500E+1
2.351783E-2	4.007370E+3	0.000000E+0	4.752500E+1
2.350636E-2	4.007290E+3	0.000000E+0	4.770900E+1
2.349097E-2	4.006733E+3	0.000000E+0	4.788600E+1
2.347603E-2	4.005940E+3	0.000000E+0	4.806600E+1
2.346367E-2	4.005223E+3	0.000000E+0	4.824900E+1
2.344632E-2	4.004750E+3	0.000000E+0	4.843300E+1
2.343928E-2	4.005067E+3	0.000000E+0	4.861500E+1
2.341695E-2	4.005220E+3	0.000000E+0	4.879600E+1
2.341192E-2	4.004830E+3	0.000000E+0	4.897800E+1
2.338907E-2	4.004350E+3	0.000000E+0	4.915900E+1
2.338295E-2	4.004190E+3	0.000000E+0	4.934200E+1
2.336459E-2	4.003633E+3	0.000000E+0	4.952000E+1
2.335340E-2	4.002680E+3	0.000000E+0	4.970200E+1
2.333869E-2	4.001650E+3	0.000000E+0	4.988300E+1
2.332346E-2	4.000930E+3	0.000000E+0	5.006300E+1
2.331354E-2	4.000300E+3	0.000000E+0	5.024500E+1
2.329333E-2	3.999820E+3	0.000000E+0	5.042500E+1
2.328634E-2	3.998943E+3	0.000000E+0	5.060800E+1
2.326488E-2	3.997593E+3	0.000000E+0	5.078800E+1
2.325905E-2	3.995847E+3	0.000000E+0	5.097100E+1
2.323696E-2	3.993143E+3	0.000000E+0	5.115100E+1
2.323010E-2	3.988533E+3	0.000000E+0	5.132800E+1
2.321321E-2	3.985197E+3	0.000000E+0	5.150700E+1
2.320025E-2	3.986070E+3	0.000000E+0	5.169000E+1
2.318583E-2	3.989807E+3	0.000000E+0	5.187500E+1
2.316958E-2	3.993303E+3	0.000000E+0	5.205500E+1
2.316005E-2	3.995210E+3	0.000000E+0	5.223700E+1
2.314030E-2	3.996163E+3	0.000000E+0	5.241700E+1
2.313490E-2	3.996880E+3	0.000000E+0	5.259600E+1
2.311198E-2	3.997593E+3	0.000000E+0	5.277600E+1
2.310619E-2	3.998230E+3	0.000000E+0	5.295800E+1
2.308420E-2	3.998943E+3	0.000000E+0	5.314100E+1
2.307609E-2	3.999660E+3	0.000000E+0	5.332400E+1
2.305860E-2	3.999740E+3	0.000000E+0	5.350300E+1
2.304569E-2	3.999740E+3	0.000000E+0	5.369300E+1
2.303265E-2	3.999740E+3	0.000000E+0	5.387400E+1
2.301584E-2	3.999820E+3	0.000000E+0	5.405800E+1
2.300453E-2	3.999660E+3	0.000000E+0	5.424500E+1
2.298523E-2	3.998787E+3	0.000000E+0	5.442500E+1
2.297893E-2	3.997357E+3	0.000000E+0	5.460700E+1
2.295677E-2	3.996007E+3	0.000000E+0	5.478500E+1
2.295182E-2	3.995050E+3	0.000000E+0	5.496800E+1
2.293021E-2	3.994020E+3	0.000000E+0	5.515000E+1
2.292145E-2	3.993300E+3	0.000000E+0	5.533000E+1
2.290343E-2	3.993300E+3	0.000000E+0	5.551300E+1
2.289127E-2	3.993780E+3	0.000000E+0	5.569700E+1
2.288011E-2	3.993620E+3	0.000000E+0	5.587700E+1
2.286191E-2	3.993063E+3	0.000000E+0	5.606000E+1
2.285152E-2	3.992190E+3	0.000000E+0	5.624100E+1
2.283146E-2	3.991477E+3	0.000000E+0	5.642200E+1
2.282421E-2	3.991160E+3	0.000000E+0	5.660200E+1
2.280230E-2	3.990680E+3	0.000000E+0	5.678500E+1
2.279700E-2	3.989170E+3	0.000000E+0	5.696700E+1
2.277400E-2	3.987900E+3	0.000000E+0	5.715000E+1
2.276582E-2	3.986947E+3	0.000000E+0	5.733400E+1
2.274837E-2	3.985910E+3	0.000000E+0	5.751300E+1
2.273551E-2	3.984243E+3	0.000000E+0	5.769700E+1
2.272033E-2	3.983210E+3	0.000000E+0	5.787700E+1
2.270534E-2	3.982650E+3	0.000000E+0	5.805900E+1
2.269615E-2	3.982180E+3	0.000000E+0	5.824000E+1
2.267646E-2	3.980903E+3	0.000000E+0	5.841900E+1
2.266962E-2	3.979237E+3	0.000000E+0	5.859900E+1
2.264642E-2	3.977487E+3	0.000000E+0	5.878500E+1
2.264089E-2	3.975183E+3	0.000000E+0	5.896600E+1
2.261880E-2	3.973117E+3	0.000000E+0	5.914800E+1
2.261048E-2	3.971447E+3	0.000000E+0	5.932900E+1
2.259618E-2	3.970650E+3	0.000000E+0	5.950900E+1
2.258112E-2	3.970333E+3	0.000000E+0	5.969100E+1
2.256847E-2	3.969620E+3	0.000000E+0	5.986800E+1
2.255029E-2	3.967793E+3	0.000000E+0	6.005200E+1
2.254133E-2	3.965803E+3	0.000000E+0	6.023400E+1
2.252000E-2	3.963500E+3	0.000000E+0	6.041400E+1
2.251214E-2	3.960717E+3	0.000000E+0	6.059600E+1
2.249004E-2	3.959130E+3	0.000000E+0	6.077800E+1
2.248498E-2	3.957540E+3	0.000000E+0	6.095900E+1
2.246307E-2	3.955393E+3	0.000000E+0	6.114300E+1
2.245434E-2	3.952693E+3	0.000000E+0	6.132700E+1
2.243651E-2	3.949277E+3	0.000000E+0	6.150600E+1
2.242441E-2	3.945937E+3	0.000000E+0	6.168800E+1
2.240978E-2	3.943233E+3	0.000000E+0	6.186700E+1
2.239325E-2	3.940773E+3	0.000000E+0	6.205100E+1
2.238519E-2	3.937830E+3	0.000000E+0	6.223100E+1
2.236482E-2	3.935050E+3	0.000000E+0	6.241500E+1
2.235762E-2	3.931550E+3	0.000000E+0	6.260300E+1
2.233490E-2	3.928213E+3	0.000000E+0	6.278600E+1
2.232893E-2	3.924877E+3	0.000000E+0	6.296800E+1
2.230981E-2	3.921300E+3	0.000000E+0	6.315000E+1
2.229905E-2	3.917090E+3	0.000000E+0	6.333300E+1
2.227836E-2	3.912240E+3	0.000000E+0	6.351700E+1
2.226729E-2	3.906750E+3	0.000000E+0	6.369800E+1
2.225193E-2	3.901500E+3	0.000000E+0	6.388000E+1
2.223722E-2	3.896570E+3	0.000000E+0	6.405900E+1
2.222651E-2	3.891720E+3	0.000000E+0	6.424300E+1
2.220704E-2	3.886317E+3	0.000000E+0	6.442400E+1
2.219816E-2	3.879247E+3	0.000000E+0	6.460600E+1
2.217637E-2	3.873123E+3	0.000000E+0	6.479100E+1
2.217097E-2	3.865497E+3	0.000000E+0	6.497300E+1
2.214789E-2	3.857947E+3	0.000000E+0	6.515300E+1
2.214030E-2	3.850000E+3	0.000000E+0	6.533500E+1
2.212188E-2	3.842210E+3	0.000000E+0	6.551200E+1
2.210978E-2	3.834183E+3	0.000000E+0	6.569400E+1
2.209835E-2	3.825440E+3	0.000000E+0	6.587100E+1
2.208020E-2	3.815667E+3	0.000000E+0	6.605300E+1
2.206981E-2	3.804537E+3	0.000000E+0	6.623200E+1
2.204890E-2	3.793970E+3	0.000000E+0	6.642000E+1
2.204487E-2	3.781573E+3	0.000000E+0	6.660300E+1
2.202152E-2	3.770047E+3	0.000000E+0	6.678300E+1
2.201386E-2	3.756537E+3	0.000000E+0	6.696200E+1
2.199114E-2	3.741277E+3	0.000000E+0	6.714400E+1
2.198335E-2	3.724190E+3	0.000000E+0	6.732400E+1
2.196442E-2	3.707027E+3	0.000000E+0	6.750800E+1
2.195265E-2	3.689543E+3	0.000000E+0	6.768900E+1
2.193934E-2	3.670710E+3	0.000000E+0	6.786900E+1
2.192207E-2	3.651553E+3	0.000000E+0	6.805100E+1
2.191241E-2	3.628590E+3	0.000000E+0	6.823200E+1
2.189188E-2	3.605777E+3	0.000000E+0	6.841300E+1
2.188541E-2	3.577883E+3	0.000000E+0	6.859300E+1
2.186240E-2	3.551893E+3	0.000000E+0	6.877600E+1
2.185640E-2	3.521933E+3	0.000000E+0	6.895600E+1
2.183371E-2	3.491100E+3	0.000000E+0	6.913800E+1
2.182487E-2	3.457083E+3	0.000000E+0	6.931600E+1
2.181118E-2	3.420927E+3	0.000000E+0	6.949600E+1
2.179544E-2	3.384607E+3	0.000000E+0	6.968000E+1
2.178189E-2	3.343200E+3	0.000000E+0	6.986500E+1
2.176437E-2	3.299967E+3	0.000000E+0	7.004600E+1
2.175415E-2	3.249100E+3	0.000000E+0	7.023000E+1
2.173378E-2	3.202293E+3	0.000000E+0	7.041300E+1
2.172791E-2	3.147220E+3	0.000000E+0	7.059300E+1
2.170386E-2	3.094130E+3	0.000000E+0	7.077200E+1
2.169795E-2	3.034447E+3	0.000000E+0	7.095600E+1
2.167582E-2	2.977467E+3	0.000000E+0	7.113800E+1
2.166674E-2	2.915637E+3	0.000000E+0	7.131700E+1
2.165032E-2	2.852137E+3	0.000000E+0	7.150100E+1
2.163594E-2	2.789037E+3	0.000000E+0	7.168500E+1
2.162299E-2	2.724820E+3	0.000000E+0	7.186700E+1
2.160536E-2	2.664500E+3	0.000000E+0	7.204900E+1
2.159652E-2	2.602913E+3	0.000000E+0	7.222900E+1
2.157527E-2	2.548390E+3	0.000000E+0	7.241100E+1
2.156864E-2	2.495383E+3	0.000000E+0	7.259200E+1
2.154531E-2	2.450640E+3	0.000000E+0	7.277400E+1
2.153878E-2	2.411380E+3	0.000000E+0	7.295400E+1
2.151680E-2	2.380707E+3	0.000000E+0	7.313700E+1
2.150823E-2	2.360200E+3	0.000000E+0	7.331800E+1
2.149208E-2	2.348200E+3	0.000000E+0	7.350000E+1
2.147777E-2	2.345737E+3	0.000000E+0	7.367700E+1
2.146540E-2	2.352490E+3	0.000000E+0	7.385700E+1
2.144676E-2	2.367273E+3	0.000000E+0	7.404000E+1
2.143739E-2	2.393420E+3	0.000000E+0	7.422000E+1
2.141649E-2	2.423303E+3	0.000000E+0	7.440600E+1
2.141023E-2	2.464387E+3	0.000000E+0	7.458700E+1
2.138668E-2	2.504523E+3	0.000000E+0	7.477000E+1
2.138008E-2	2.552603E+3	0.000000E+0	7.495000E+1
2.135882E-2	2.601000E+3	0.000000E+0	7.513200E+1
2.134908E-2	2.653533E+3	0.000000E+0	7.530900E+1
2.133336E-2	2.708530E+3	0.000000E+0	7.549300E+1
2.131805E-2	2.761380E+3	0.000000E+0	7.567200E+1
2.130796E-2	2.817010E+3	0.000000E+0	7.585200E+1
2.128699E-2	2.865647E+3	0.000000E+0	7.603500E+1
2.127986E-2	2.919053E+3	0.000000E+0	7.621500E+1
2.125673E-2	2.966897E+3	0.000000E+0	7.639700E+1
2.125205E-2	3.018710E+3	0.000000E+0	7.658100E+1
2.122996E-2	3.062660E+3	0.000000E+0	7.676400E+1
2.122144E-2	3.106290E+3	0.000000E+0	7.694600E+1
2.120064E-2	3.147777E+3	0.000000E+0	7.712900E+1
2.118988E-2	3.188463E+3	0.000000E+0	7.731100E+1
2.117424E-2	3.227723E+3	0.000000E+0	7.749200E+1
2.115827E-2	3.262930E+3	0.000000E+0	7.767500E+1
2.114769E-2	3.297583E+3	0.000000E+0	7.785800E+1
2.112782E-2	3.327463E+3	0.000000E+0	7.803900E+1
2.112042E-2	3.359013E+3	0.000000E+0	7.822100E+1
2.109743E-2	3.386513E+3	0.000000E+0	7.839800E+1
2.109099E-2	3.414883E+3	0.000000E+0	7.858200E+1
2.106684E-2	3.439760E+3	0.000000E+0	7.876100E+1
2.106014E-2	3.464477E+3	0.000000E+0	7.894200E+1
2.103983E-2	3.486967E+3	0.000000E+0	7.912000E+1
2.102875E-2	3.507950E+3	0.000000E+0	7.930000E+1
2.101623E-2	3.527733E+3	0.000000E+0	7.947900E+1
2.099902E-2	3.545140E+3	0.000000E+0	7.965900E+1
2.098940E-2	3.563500E+3	0.000000E+0	7.984100E+1
2.096819E-2	3.580110E+3	0.000000E+0	8.002200E+1
2.096311E-2	3.597513E+3	0.000000E+0	8.020800E+1
2.093962E-2	3.611660E+3	0.000000E+0	8.038900E+1
2.093245E-2	3.625723E+3	0.000000E+0	8.056900E+1
2.090973E-2	3.638680E+3	0.000000E+0	8.075000E+1
2.090164E-2	3.651477E+3	0.000000E+0	8.093200E+1
2.088433E-2	3.663873E+3	0.000000E+0	8.111100E+1
2.087015E-2	3.675873E+3	0.000000E+0	8.129100E+1
2.085584E-2	3.687713E+3	0.000000E+0	8.147100E+1
2.083885E-2	3.698523E+3	0.000000E+0	8.165300E+1
2.082915E-2	3.708380E+3	0.000000E+0	8.183200E+1
2.080825E-2	3.717597E+3	0.000000E+0	8.201700E+1
2.080184E-2	3.727690E+3	0.000000E+0	8.219700E+1
2.077812E-2	3.735717E+3	0.000000E+0	8.237800E+1
2.077187E-2	3.743663E+3	0.000000E+0	8.255900E+1
2.074918E-2	3.750577E+3	0.000000E+0	8.274000E+1
2.074173E-2	3.758287E+3	0.000000E+0	8.292300E+1
2.072486E-2	3.765677E+3	0.000000E+0	8.310300E+1
2.070961E-2	3.772273E+3	0.000000E+0	8.328600E+1
2.069801E-2	3.778950E+3	0.000000E+0	8.346500E+1
2.067851E-2	3.785147E+3	0.000000E+0	8.364600E+1
2.067314E-2	3.791507E+3	0.000000E+0	8.382700E+1
2.065002E-2	3.796910E+3	0.000000E+0	8.400900E+1
2.064194E-2	3.802790E+3	0.000000E+0	8.419000E+1
2.061895E-2	3.808040E+3	0.000000E+0	8.437000E+1
2.061232E-2	3.813120E+3	0.000000E+0	8.455000E+1
2.059061E-2	3.817970E+3	0.000000E+0	8.472900E+1
2.058118E-2	3.822740E+3	0.000000E+0	8.491100E+1
2.056602E-2	3.827110E+3	0.000000E+0	8.508900E+1
2.055012E-2	3.830843E+3	0.000000E+0	8.527100E+1
2.053749E-2	3.834900E+3	0.000000E+0	8.545100E+1
2.051922E-2	3.838710E+3	0.000000E+0	8.563100E+1
2.051155E-2	3.842690E+3	0.000000E+0	8.581300E+1
2.048886E-2	3.846027E+3	0.000000E+0	8.599400E+1
2.048164E-2	3.849360E+3	0.000000E+0	8.618000E+1
2.045743E-2	3.852860E+3	0.000000E+0	8.636500E+1
2.045154E-2	3.856593E+3	0.000000E+0	8.655100E+1
2.043211E-2	3.859693E+3	0.000000E+0	8.673300E+1
2.042071E-2	3.862793E+3	0.000000E+0	8.691600E+1
2.040264E-2	3.865733E+3	0.000000E+0	8.709800E+1
2.038848E-2	3.868593E+3	0.000000E+0	8.728400E+1
2.037368E-2	3.871297E+3	0.000000E+0	8.746900E+1
2.035728E-2	3.873203E+3	0.000000E+0	8.765500E+1
2.034720E-2	3.875350E+3	0.000000E+0	8.783600E+1
2.032633E-2	3.878450E+3	0.000000E+0	8.801800E+1
2.031938E-2	3.882103E+3	0.000000E+0	8.819900E+1
2.029688E-2	3.885207E+3	0.000000E+0	8.837900E+1
2.029099E-2	3.887827E+3	0.000000E+0	8.855800E+1
2.026817E-2	3.889420E+3	0.000000E+0	8.874200E+1
2.025898E-2	3.890687E+3	0.000000E+0	8.892600E+1
2.024114E-2	3.893153E+3	0.000000E+0	8.910500E+1
2.022759E-2	3.895853E+3	0.000000E+0	8.928700E+1
2.021439E-2	3.898080E+3	0.000000E+0	8.947200E+1
2.019650E-2	3.900383E+3	0.000000E+0	8.965500E+1
2.018632E-2	3.902847E+3	0.000000E+0	8.983800E+1
2.016487E-2	3.904357E+3	0.000000E+0	9.002200E+1
2.015937E-2	3.905630E+3	0.000000E+0	9.020500E+1
2.013589E-2	3.906757E+3	0.000000E+0	9.038800E+1
2.012856E-2	3.909060E+3	0.000000E+0	9.057000E+1
2.010483E-2	3.911447E+3	0.000000E+0	9.075500E+1
2.009757E-2	3.912320E+3	0.000000E+0	9.093900E+1
2.007780E-2	3.913113E+3	0.000000E+0	9.112000E+1
2.006589E-2	3.914387E+3	0.000000E+0	9.129800E+1
2.005192E-2	3.916133E+3	0.000000E+0	9.147500E+1
2.003474E-2	3.917803E+3	0.000000E+0	9.165700E+1
2.002459E-2	3.919473E+3	0.000000E+0	9.184200E+1
2.000375E-2	3.921537E+3	0.000000E+0	9.202500E+1
1.999737E-2	3.923367E+3	0.000000E+0	9.220500E+1
1.997398E-2	3.924640E+3	0.000000E+0	9.238500E+1
1.996835E-2	3.925033E+3	0.000000E+0	9.256500E+1
1.994444E-2	3.925110E+3	0.000000E+0	9.274800E+1
1.993653E-2	3.925350E+3	0.000000E+0	9.293000E+1
1.991902E-2	3.926150E+3	0.000000E+0	9.310900E+1
1.990492E-2	3.927737E+3	0.000000E+0	9.329300E+1
1.989111E-2	3.929090E+3	0.000000E+0	9.347400E+1
1.987363E-2	3.929643E+3	0.000000E+0	9.365700E+1
1.986591E-2	3.931077E+3	0.000000E+0	9.384000E+1
1.984334E-2	3.932190E+3	0.000000E+0	9.402100E+1
1.983612E-2	3.933220E+3	0.000000E+0	9.420300E+1
1.981138E-2	3.934017E+3	0.000000E+0	9.438300E+1
1.980662E-2	3.935290E+3	0.000000E+0	9.456200E+1
1.978382E-2	3.936480E+3	0.000000E+0	9.474300E+1
1.977515E-2	3.937593E+3	0.000000E+0	9.492300E+1
1.975843E-2	3.938623E+3	0.000000E+0	9.510000E+1
1.974416E-2	3.939500E+3	0.000000E+0	9.528300E+1
1.973148E-2	3.940373E+3	0.000000E+0	9.546200E+1
1.971225E-2	3.941090E+3	0.000000E+0	9.564500E+1
1.970417E-2	3.941570E+3	0.000000E+0	9.582500E+1
1.968153E-2	3.942040E+3	0.000000E+0	9.600600E+1
1.967606E-2	3.942760E+3	0.000000E+0	9.618600E+1
1.965185E-2	3.942997E+3	0.000000E+0	9.636900E+1
1.964464E-2	3.943630E+3	0.000000E+0	9.654900E+1
1.962404E-2	3.944030E+3	0.000000E+0	9.673200E+1
1.961306E-2	3.944667E+3	0.000000E+0	9.691200E+1
1.959725E-2	3.945460E+3	0.000000E+0	9.709200E+1
1.958180E-2	3.945860E+3	0.000000E+0	9.727400E+1
1.956997E-2	3.946650E+3	0.000000E+0	9.745300E+1
1.955060E-2	3.948240E+3	0.000000E+0	9.763000E+1
1.954315E-2	3.949433E+3	0.000000E+0	9.781000E+1
1.952037E-2	3.949590E+3	0.000000E+0	9.799300E+1
1.951451E-2	3.949430E+3	0.000000E+0	9.817800E+1
1.948970E-2	3.949430E+3	0.000000E+0	9.836000E+1
1.948298E-2	3.949670E+3	0.000000E+0	9.854400E+1
1.946307E-2	3.950783E+3	0.000000E+0	9.872200E+1
1.945165E-2	3.951740E+3	0.000000E+0	9.890300E+1
1.943697E-2	3.952137E+3	0.000000E+0	9.908600E+1
1.942016E-2	3.952060E+3	0.000000E+0	9.926900E+1
1.940911E-2	3.952060E+3	0.000000E+0	9.945100E+1
1.938895E-2	3.952060E+3	0.000000E+0	9.963300E+1
1.938044E-2	3.952137E+3	0.000000E+0	9.981700E+1
1.935773E-2	3.952850E+3	0.000000E+0	1.000010E+2
1.935194E-2	3.954043E+3	0.000000E+0	1.001800E+2
1.932854E-2	3.954680E+3	0.000000E+0	1.003620E+2
1.932081E-2	3.955157E+3	0.000000E+0	1.005430E+2
1.929980E-2	3.955470E+3	0.000000E+0	1.007270E+2
1.928895E-2	3.955870E+3	0.000000E+0	1.009060E+2
1.927681E-2	3.956823E+3	0.000000E+0	1.010860E+2
1.925780E-2	3.958257E+3	0.000000E+0	1.012680E+2
1.924700E-2	3.959210E+3	0.000000E+0	1.014490E+2
1.922666E-2	3.960080E+3	0.000000E+0	1.016320E+2
1.921860E-2	3.960640E+3	0.000000E+0	1.018150E+2
1.919542E-2	3.961040E+3	0.000000E+0	1.019960E+2
1.918909E-2	3.961120E+3	0.000000E+0	1.021790E+2
1.916385E-2	3.961353E+3	0.000000E+0	1.023630E+2
1.915778E-2	3.961830E+3	0.000000E+0	1.025450E+2
1.913757E-2	3.962550E+3	0.000000E+0	1.027260E+2
1.912636E-2	3.963340E+3	0.000000E+0	1.029070E+2
1.910964E-2	3.963980E+3	0.000000E+0	1.030890E+2
1.909501E-2	3.964850E+3	0.000000E+0	1.032690E+2
1.908200E-2	3.964930E+3	0.000000E+0	1.034510E+2
1.906326E-2	3.964610E+3	0.000000E+0	1.036320E+2
1.905686E-2	3.964220E+3	0.000000E+0	1.038100E+2
1.903308E-2	3.963900E+3	0.000000E+0	1.039910E+2
1.902780E-2	3.963740E+3	0.000000E+0	1.041720E+2
1.900303E-2	3.963820E+3	0.000000E+0	1.043550E+2
1.899578E-2	3.964613E+3	0.000000E+0	1.045400E+2
1.897993E-2	3.965647E+3	0.000000E+0	1.047180E+2
1.896471E-2	3.966040E+3	0.000000E+0	1.048980E+2
1.894811E-2	3.966200E+3	0.000000E+0	1.050800E+2
1.893125E-2	3.966997E+3	0.000000E+0	1.052610E+2
1.892038E-2	3.967710E+3	0.000000E+0	1.054440E+2
1.889956E-2	3.967710E+3	0.000000E+0	1.056240E+2
1.889276E-2	3.967077E+3	0.000000E+0	1.058060E+2
1.886797E-2	3.966600E+3	0.000000E+0	1.059870E+2
1.886324E-2	3.967000E+3	0.000000E+0	1.061670E+2
1.883956E-2	3.967550E+3	0.000000E+0	1.063500E+2
1.883130E-2	3.968430E+3	0.000000E+0	1.065340E+2
1.881560E-2	3.968983E+3	0.000000E+0	1.067140E+2
1.879725E-2	3.969220E+3	0.000000E+0	1.068930E+2
1.878956E-2	3.969220E+3	0.000000E+0	1.070740E+2
1.876797E-2	3.969220E+3	0.000000E+0	1.072580E+2
1.875923E-2	3.969220E+3	0.000000E+0	1.074400E+2
1.874644E-2	3.969540E+3	0.000000E+0	1.076210E+2
1.873167E-2	3.969940E+3	0.000000E+0	1.078010E+2
1.872045E-2	3.970020E+3	0.000000E+0	1.079800E+2
1.871075E-2	3.970650E+3	0.000000E+0	1.081600E+2
1.870304E-2	3.971130E+3	0.000000E+0	1.083430E+2
1.869660E-2	3.971450E+3	0.000000E+0	1.085230E+2
1.868995E-2	3.971610E+3	0.000000E+0	1.087060E+2
1.868567E-2	3.971610E+3	0.000000E+0	1.088890E+2
1.868167E-2	3.971843E+3	0.000000E+0	1.090700E+2
1.867831E-2	3.972080E+3	0.000000E+0	1.092530E+2
1.867561E-2	3.971920E+3	0.000000E+0	1.094310E+2
1.867341E-2	3.971843E+3	0.000000E+0	1.096080E+2
1.867171E-2	3.972720E+3	0.000000E+0	1.097920E+2
1.862313E-2	3.972320E+3	0.000000E+0	1.099720E+2
1.856490E-2	3.971687E+3	0.000000E+0	1.101550E+2
1.855338E-2	3.971607E+3	0.000000E+0	1.103350E+2
1.853442E-2	3.972480E+3	0.000000E+0	1.105180E+2
1.852090E-2	3.973120E+3	0.000000E+0	1.106980E+2
1.850733E-2	3.973120E+3	0.000000E+0	1.108800E+2
1.848932E-2	3.972800E+3	0.000000E+0	1.110610E+2
1.847951E-2	3.973120E+3	0.000000E+0	1.112420E+2
1.845752E-2	3.973750E+3	0.000000E+0	1.114240E+2
1.845200E-2	3.974070E+3	0.000000E+0	1.116040E+2
1.842788E-2	3.974470E+3	0.000000E+0	1.117870E+2
1.842140E-2	3.975100E+3	0.000000E+0	1.119670E+2
1.839821E-2	3.975180E+3	0.000000E+0	1.121510E+2
1.838947E-2	3.975580E+3	0.000000E+0	1.123300E+2
1.837488E-2	3.976373E+3	0.000000E+0	1.125110E+2
1.835794E-2	3.977010E+3	0.000000E+0	1.126920E+2
1.834240E-2	3.977330E+3	0.000000E+0	1.128730E+2
1.832546E-2	3.977170E+3	0.000000E+0	1.130560E+2
1.831544E-2	3.977090E+3	0.000000E+0	1.132360E+2
1.829366E-2	3.977090E+3	0.000000E+0	1.134200E+2
1.828703E-2	3.976930E+3	0.000000E+0	1.136030E+2
1.826326E-2	3.976137E+3	0.000000E+0	1.137850E+2
1.825737E-2	3.975500E+3	0.000000E+0	1.139660E+2
1.823353E-2	3.975820E+3	0.000000E+0	1.141490E+2
1.822488E-2	3.976140E+3	0.000000E+0	1.143320E+2
1.820665E-2	3.976530E+3	0.000000E+0	1.145130E+2
1.819386E-2	3.977490E+3	0.000000E+0	1.146950E+2
1.817956E-2	3.978120E+3	0.000000E+0	1.148760E+2
1.816199E-2	3.978680E+3	0.000000E+0	1.150590E+2
1.815373E-2	3.978520E+3	0.000000E+0	1.152390E+2
1.813160E-2	3.978120E+3	0.000000E+0	1.154210E+2
1.812417E-2	3.978280E+3	0.000000E+0	1.155990E+2
1.810050E-2	3.978920E+3	0.000000E+0	1.157780E+2
1.809419E-2	3.979950E+3	0.000000E+0	1.159580E+2
1.807151E-2	3.980510E+3	0.000000E+0	1.161410E+2
1.806253E-2	3.980900E+3	0.000000E+0	1.163230E+2
1.804518E-2	3.980667E+3	0.000000E+0	1.165040E+2
1.803106E-2	3.979950E+3	0.000000E+0	1.166860E+2
1.801746E-2	3.979470E+3	0.000000E+0	1.168670E+2
1.799874E-2	3.979790E+3	0.000000E+0	1.170490E+2
1.799121E-2	3.980110E+3	0.000000E+0	1.172300E+2
1.796823E-2	3.980190E+3	0.000000E+0	1.174100E+2
1.796199E-2	3.980430E+3	0.000000E+0	1.175930E+2
1.793722E-2	3.979710E+3	0.000000E+0	1.177750E+2
1.793152E-2	3.979473E+3	0.000000E+0	1.179590E+2
1.791006E-2	3.980190E+3	0.000000E+0	1.181360E+2
1.789946E-2	3.980747E+3	0.000000E+0	1.183190E+2
1.788120E-2	3.981140E+3	0.000000E+0	1.185030E+2
1.786804E-2	3.981620E+3	0.000000E+0	1.186840E+2
1.785792E-2	3.982257E+3	0.000000E+0	1.188670E+2
1.783691E-2	3.982570E+3	0.000000E+0	1.190460E+2
1.782791E-2	3.982417E+3	0.000000E+0	1.192290E+2
1.780469E-2	3.982340E+3	0.000000E+0	1.194090E+2
1.779818E-2	3.982180E+3	0.000000E+0	1.195910E+2
1.777480E-2	3.982573E+3	0.000000E+0	1.197720E+2
1.776894E-2	3.983450E+3	0.000000E+0	1.199540E+2
1.774624E-2	3.983923E+3	0.000000E+0	1.201350E+2
1.773634E-2	3.983370E+3	0.000000E+0	1.203150E+2
1.771885E-2	3.981460E+3	0.000000E+0	1.205010E+2
1.770441E-2	3.980430E+3	0.000000E+0	1.206840E+2
1.769245E-2	3.980823E+3	0.000000E+0	1.208640E+2
1.767388E-2	3.980900E+3	0.000000E+0	1.210450E+2
1.766573E-2	3.980670E+3	0.000000E+0	1.212270E+2
1.764220E-2	3.980823E+3	0.000000E+0	1.214080E+2
1.763678E-2	3.981460E+3	0.000000E+0	1.215940E+2
1.761220E-2	3.982100E+3	0.000000E+0	1.217730E+2
1.760563E-2	3.982020E+3	0.000000E+0	1.219550E+2
1.758282E-2	3.981940E+3	0.000000E+0	1.221380E+2
1.757348E-2	3.982100E+3	0.000000E+0	1.223190E+2
1.755955E-2	3.981860E+3	0.000000E+0	1.225030E+2
1.754269E-2	3.981140E+3	0.000000E+0	1.226820E+2
1.752939E-2	3.980510E+3	0.000000E+0	1.228630E+2
1.751012E-2	3.980590E+3	0.000000E+0	1.230410E+2
1.750259E-2	3.980900E+3	0.000000E+0	1.232240E+2
1.747930E-2	3.981300E+3	0.000000E+0	1.234000E+2
1.747397E-2	3.981860E+3	0.000000E+0	1.235820E+2
1.744972E-2	3.982180E+3	0.000000E+0	1.237650E+2
1.744160E-2	3.982650E+3	0.000000E+0	1.239470E+2
1.742076E-2	3.982810E+3	0.000000E+0	1.241330E+2
1.741003E-2	3.982810E+3	0.000000E+0	1.243140E+2
1.739212E-2	3.982970E+3	0.000000E+0	1.244980E+2
1.737778E-2	3.982493E+3	0.000000E+0	1.246810E+2
1.736599E-2	3.982100E+3	0.000000E+0	1.248630E+2
1.734670E-2	3.981860E+3	0.000000E+0	1.250440E+2
1.733928E-2	3.982020E+3	0.000000E+0	1.252240E+2
1.731584E-2	3.982337E+3	0.000000E+0	1.254050E+2
1.730973E-2	3.983050E+3	0.000000E+0	1.255870E+2
1.728548E-2	3.983530E+3	0.000000E+0	1.257690E+2
1.727879E-2	3.983690E+3	0.000000E+0	1.259480E+2
1.726113E-2	3.983530E+3	0.000000E+0	1.261330E+2
1.724719E-2	3.982573E+3	0.000000E+0	1.263170E+2
1.723009E-2	3.981940E+3	0.000000E+0	1.265020E+2
1.721475E-2	3.981380E+3	0.000000E+0	1.266830E+2
1.720245E-2	3.981060E+3	0.000000E+0	1.268640E+2
1.718275E-2	3.982337E+3	0.000000E+0	1.270470E+2
1.717385E-2	3.983050E+3	0.000000E+0	1.272260E+2
1.715121E-2	3.983050E+3	0.000000E+0	1.274090E+2
1.714560E-2	3.983130E+3	0.000000E+0	1.275920E+2
1.712159E-2	3.983450E+3	0.000000E+0	1.277730E+2
1.711439E-2	3.983050E+3	0.000000E+0	1.279530E+2
1.709277E-2	3.983130E+3	0.000000E+0	1.281340E+2
1.708286E-2	3.984083E+3	0.000000E+0	1.283150E+2
1.706499E-2	3.984720E+3	0.000000E+0	1.284970E+2
1.705102E-2	3.984960E+3	0.000000E+0	1.286750E+2
1.704090E-2	3.985040E+3	0.000000E+0	1.288530E+2
1.701981E-2	3.985430E+3	0.000000E+0	1.290340E+2
1.701265E-2	3.984960E+3	0.000000E+0	1.292170E+2
1.698834E-2	3.984320E+3	0.000000E+0	1.293990E+2
1.698357E-2	3.984240E+3	0.000000E+0	1.295810E+2
1.696210E-2	3.984080E+3	0.000000E+0	1.297630E+2
1.695146E-2	3.984240E+3	0.000000E+0	1.299440E+2
1.692972E-2	3.985040E+3	0.000000E+0	1.301240E+2
1.691868E-2	3.985120E+3	0.000000E+0	1.303060E+2
1.690336E-2	3.984880E+3	0.000000E+0	1.304830E+2
1.688699E-2	3.985513E+3	0.000000E+0	1.306650E+2
1.687640E-2	3.986310E+3	0.000000E+0	1.308460E+2
1.685620E-2	3.986870E+3	0.000000E+0	1.310260E+2
1.684948E-2	3.986867E+3	0.000000E+0	1.312050E+2
1.682491E-2	3.985910E+3	0.000000E+0	1.313860E+2
1.681935E-2	3.984720E+3	0.000000E+0	1.315680E+2
1.679599E-2	3.984160E+3	0.000000E+0	1.317520E+2
1.678782E-2	3.983770E+3	0.000000E+0	1.319320E+2
1.676884E-2	3.984163E+3	0.000000E+0	1.321110E+2
1.675609E-2	3.984960E+3	0.000000E+0	1.322900E+2
1.674446E-2	3.985670E+3	0.000000E+0	1.324730E+2
1.672469E-2	3.985990E+3	0.000000E+0	1.326520E+2
1.671541E-2	3.985830E+3	0.000000E+0	1.328310E+2
1.669256E-2	3.985197E+3	0.000000E+0	1.330130E+2
1.668682E-2	3.985120E+3	0.000000E+0	1.331920E+2
1.666210E-2	3.985670E+3	0.000000E+0	1.333730E+2
1.665612E-2	3.985910E+3	0.000000E+0	1.335560E+2
1.663379E-2	3.985433E+3	0.000000E+0	1.337360E+2
1.662442E-2	3.985040E+3	0.000000E+0	1.339190E+2
1.660545E-2	3.985830E+3	0.000000E+0	1.341050E+2
1.659194E-2	3.986470E+3	0.000000E+0	1.342870E+2
1.657866E-2	3.986390E+3	0.000000E+0	1.344700E+2
1.655971E-2	3.986390E+3	0.000000E+0	1.346510E+2
1.655093E-2	3.986150E+3	0.000000E+0	1.348360E+2
1.652905E-2	3.985670E+3	0.000000E+0	1.350140E+2
1.652266E-2	3.985353E+3	0.000000E+0	1.351940E+2
1.649842E-2	3.984800E+3	0.000000E+0	1.353760E+2
1.649224E-2	3.984720E+3	0.000000E+0	1.355590E+2
1.646896E-2	3.984320E+3	0.000000E+0	1.357380E+2
1.645935E-2	3.983847E+3	0.000000E+0	1.359160E+2
1.644668E-2	3.984560E+3	0.000000E+0	1.360950E+2
1.642889E-2	3.984960E+3	0.000000E+0	1.362740E+2
1.641650E-2	3.984720E+3	0.000000E+0	1.364550E+2
1.639684E-2	3.984800E+3	0.000000E+0	1.366380E+2
1.638777E-2	3.985433E+3	0.000000E+0	1.368210E+2
1.636496E-2	3.985830E+3	0.000000E+0	1.370030E+2
1.635978E-2	3.986150E+3	0.000000E+0	1.371850E+2
1.633563E-2	3.985990E+3	0.000000E+0	1.373630E+2
1.632866E-2	3.985910E+3	0.000000E+0	1.375440E+2
1.630757E-2	3.985910E+3	0.000000E+0	1.377240E+2
1.629639E-2	3.986150E+3	0.000000E+0	1.379060E+2
1.628109E-2	3.985910E+3	0.000000E+0	1.380870E+2
1.626406E-2	3.986150E+3	0.000000E+0	1.382700E+2
1.625363E-2	3.986390E+3	0.000000E+0	1.384500E+2
1.623274E-2	3.986150E+3	0.000000E+0	1.386300E+2
1.622615E-2	3.985510E+3	0.000000E+0	1.388130E+2
1.620193E-2	3.984800E+3	0.000000E+0	1.389930E+2
1.619622E-2	3.984320E+3	0.000000E+0	1.391760E+2
1.617182E-2	3.984240E+3	0.000000E+0	1.393570E+2
1.616379E-2	3.984240E+3	0.000000E+0	1.395400E+2
1.614312E-2	3.984080E+3	0.000000E+0	1.397230E+2
1.613180E-2	3.984240E+3	0.000000E+0	1.399040E+2
1.611747E-2	3.984480E+3	0.000000E+0	1.400860E+2
1.610014E-2	3.985117E+3	0.000000E+0	1.402630E+2
1.609009E-2	3.986230E+3	0.000000E+0	1.404450E+2
1.606864E-2	3.986710E+3	0.000000E+0	1.406280E+2
1.606111E-2	3.986550E+3	0.000000E+0	1.408110E+2
1.603686E-2	3.986150E+3	0.000000E+0	1.409910E+2
1.603189E-2	3.985910E+3	0.000000E+0	1.411750E+2
1.600909E-2	3.985750E+3	0.000000E+0	1.413560E+2
1.600052E-2	3.985197E+3	0.000000E+0	1.415380E+2
1.598083E-2	3.984480E+3	0.000000E+0	1.417170E+2
1.596849E-2	3.984080E+3	0.000000E+0	1.418990E+2
1.595380E-2	3.984720E+3	0.000000E+0	1.420800E+2
1.593654E-2	3.985830E+3	0.000000E+0	1.422580E+2
1.592734E-2	3.986787E+3	0.000000E+0	1.424410E+2
1.590514E-2	3.987500E+3	0.000000E+0	1.426210E+2
1.589889E-2	3.988060E+3	0.000000E+0	1.428010E+2
1.587416E-2	3.988140E+3	0.000000E+0	1.429840E+2
1.586833E-2	3.987980E+3	0.000000E+0	1.431640E+2
1.584513E-2	3.987500E+3	0.000000E+0	1.433460E+2
1.583628E-2	3.987100E+3	0.000000E+0	1.435270E+2
1.581915E-2	3.987100E+3	0.000000E+0	1.437070E+2
1.580446E-2	3.986947E+3	0.000000E+0	1.438860E+2
1.579145E-2	3.986470E+3	0.000000E+0	1.440660E+2
1.577212E-2	3.986150E+3	0.000000E+0	1.442480E+2
1.576683E-2	3.985670E+3	0.000000E+0	1.444290E+2
1.574206E-2	3.984800E+3	0.000000E+0	1.446100E+2
1.573543E-2	3.984640E+3	0.000000E+0	1.447920E+2
1.571056E-2	3.985513E+3	0.000000E+0	1.449730E+2
1.570430E-2	3.986310E+3	0.000000E+0	1.451540E+2
1.568263E-2	3.986310E+3	0.000000E+0	1.453350E+2
1.567197E-2	3.985910E+3	0.000000E+0	1.455220E+2
1.565328E-2	3.986630E+3	0.000000E+0	1.457020E+2
1.563966E-2	3.987420E+3	0.000000E+0	1.458810E+2
1.562794E-2	3.988140E+3	0.000000E+0	1.460610E+2
1.560808E-2	3.988453E+3	0.000000E+0	1.462440E+2
1.559930E-2	3.988530E+3	0.000000E+0	1.464270E+2
1.557637E-2	3.988530E+3	0.000000E+0	1.466080E+2
1.557029E-2	3.988060E+3	0.000000E+0	1.467910E+2
1.554603E-2	3.987340E+3	0.000000E+0	1.469670E+2
1.554015E-2	3.986870E+3	0.000000E+0	1.471490E+2
1.552055E-2	3.987180E+3	0.000000E+0	1.473270E+2
1.550829E-2	3.987660E+3	0.000000E+0	1.475060E+2
1.549346E-2	3.988220E+3	0.000000E+0	1.476880E+2
1.547625E-2	3.988610E+3	0.000000E+0	1.478690E+2
1.546875E-2	3.989330E+3	0.000000E+0	1.480520E+2
1.544512E-2	3.989730E+3	0.000000E+0	1.482320E+2
1.543581E-2	3.990040E+3	0.000000E+0	1.484140E+2
1.541233E-2	3.989963E+3	0.000000E+0	1.485990E+2
1.540769E-2	3.990120E+3	0.000000E+0	1.487820E+2
1.538316E-2	3.990200E+3	0.000000E+0	1.489620E+2
1.537492E-2	3.990120E+3	0.000000E+0	1.491440E+2
1.535349E-2	3.989650E+3	0.000000E+0	1.493270E+2
1.534300E-2	3.989170E+3	0.000000E+0	1.495130E+2
1.532495E-2	3.988453E+3	0.000000E+0	1.496970E+2
1.531108E-2	3.987500E+3	0.000000E+0	1.498780E+2
1.529874E-2	3.986550E+3	0.000000E+0	1.500590E+2
1.527915E-2	3.986310E+3	0.000000E+0	1.502390E+2
1.527022E-2	3.985830E+3	0.000000E+0	1.504210E+2
1.524705E-2	3.985750E+3	0.000000E+0	1.506060E+2
1.524290E-2	3.986230E+3	0.000000E+0	1.507850E+2
1.521945E-2	3.986790E+3	0.000000E+0	1.509650E+2
1.521131E-2	3.986870E+3	0.000000E+0	1.511430E+2
1.518865E-2	3.986947E+3	0.000000E+0	1.513270E+2
1.517815E-2	3.987500E+3	0.000000E+0	1.515080E+2
1.517659E-2	3.987820E+3	0.000000E+0	1.516900E+2
1.517444E-2	3.988297E+3	0.000000E+0	1.518710E+2
1.517371E-2	3.989170E+3	0.000000E+0	1.520530E+2
1.517278E-2	3.989010E+3	0.000000E+0	1.522330E+2
1.517187E-2	3.988297E+3	0.000000E+0	1.524130E+2
1.517249E-2	3.987660E+3	0.000000E+0	1.525930E+2
1.517194E-2	3.987820E+3	0.000000E+0	1.527770E+2
1.517135E-2	3.988373E+3	0.000000E+0	1.529590E+2
1.517115E-2	3.988930E+3	0.000000E+0	1.531400E+2
1.517139E-2	3.989010E+3	0.000000E+0	1.533230E+2
1.517114E-2	3.989250E+3	0.000000E+0	1.535070E+2
1.517071E-2	3.989570E+3	0.000000E+0	1.536890E+2
1.517140E-2	3.990040E+3	0.000000E+0	1.538730E+2
1.517101E-2	3.989567E+3	0.000000E+0	1.540530E+2
1.517112E-2	3.988850E+3	0.000000E+0	1.542330E+2
1.517061E-2	3.989490E+3	0.000000E+0	1.544130E+2
1.517043E-2	3.990120E+3	0.000000E+0	1.545950E+2
1.517064E-2	3.990040E+3	0.000000E+0	1.547740E+2
1.517036E-2	3.989730E+3	0.000000E+0	1.549540E+2
1.517048E-2	3.989730E+3	0.000000E+0	1.551350E+2
1.516991E-2	3.989490E+3	0.000000E+0	1.553150E+2
1.517038E-2	3.989570E+3	0.000000E+0	1.554980E+2
1.517056E-2	3.989883E+3	0.000000E+0	1.556800E+2
1.517021E-2	3.990200E+3	0.000000E+0	1.558590E+2
1.517007E-2	3.990120E+3	0.000000E+0	1.560420E+2
1.517012E-2	3.989883E+3	0.000000E+0	1.562230E+2
1.516989E-2	3.990360E+3	0.000000E+0	1.564030E+2
1.517026E-2	3.990920E+3	0.000000E+0	1.565860E+2
1.517016E-2	3.991320E+3	0.000000E+0	1.567690E+2
1.517075E-2	3.991320E+3	0.000000E+0	1.569480E+2
1.517044E-2	3.991080E+3	0.000000E+0	1.571270E+2
1.517000E-2	3.990600E+3	0.000000E+0	1.573070E+2
1.517021E-2	3.989490E+3	0.000000E+0	1.574870E+2
1.517021E-2	3.989010E+3	0.000000E+0	1.576700E+2
1.517064E-2	3.988930E+3	0.000000E+0	1.578500E+2
1.516976E-2	3.988453E+3	0.000000E+0	1.580310E+2
1.517034E-2	3.988060E+3	0.000000E+0	1.582110E+2
1.517003E-2	3.988300E+3	0.000000E+0	1.583930E+2
1.516979E-2	3.988377E+3	0.000000E+0	1.585740E+2
1.517029E-2	3.988930E+3	0.000000E+0	1.587560E+2
1.516998E-2	3.989650E+3	0.000000E+0	1.589370E+2
