X channel: Keithley, channel #5; mode:  DCV; scale:  0.10; X converted, conversion factor:1.000000E+0
Y channel: Lock-in, mkV
II channel: B7-78, Ohm; scale:  10000.000000
X channel	Y channel	II channel	timestamp, sec
2.675850E-2	4.020007E+3	0.000000E+0	0.000000E+0
2.675852E-2	4.019050E+3	0.000000E+0	1.860000E-1
2.675892E-2	4.018570E+3	0.000000E+0	3.690000E-1
2.675875E-2	4.018730E+3	0.000000E+0	5.510000E-1
2.675835E-2	4.019370E+3	0.000000E+0	7.280000E-1
2.675805E-2	4.019610E+3	0.000000E+0	9.120000E-1
2.675810E-2	4.020007E+3	0.000000E+0	1.095000E+0
2.675777E-2	4.020240E+3	0.000000E+0	1.275000E+0
2.675030E-2	4.020240E+3	0.000000E+0	1.457000E+0
2.674754E-2	4.020240E+3	0.000000E+0	1.638000E+0
2.673518E-2	4.020320E+3	0.000000E+0	1.819000E+0
2.672516E-2	4.020640E+3	0.000000E+0	2.002000E+0
2.671457E-2	4.021357E+3	0.000000E+0	2.180000E+0
2.670170E-2	4.022230E+3	0.000000E+0	2.360000E+0
2.669457E-2	4.022310E+3	0.000000E+0	2.542000E+0
2.667824E-2	4.021910E+3	0.000000E+0	2.720000E+0
2.667521E-2	4.021750E+3	0.000000E+0	2.900000E+0
2.665478E-2	4.021673E+3	0.000000E+0	3.082000E+0
2.664075E-2	4.022230E+3	0.000000E+0	3.263000E+0
2.662907E-2	4.022390E+3	0.000000E+0	3.442000E+0
2.661642E-2	4.022390E+3	0.000000E+0	3.627000E+0
2.660613E-2	4.022310E+3	0.000000E+0	3.812000E+0
2.659417E-2	4.022390E+3	0.000000E+0	3.992000E+0
2.658314E-2	4.022470E+3	0.000000E+0	4.182000E+0
2.657120E-2	4.022390E+3	0.000000E+0	4.364000E+0
2.656044E-2	4.022787E+3	0.000000E+0	4.546000E+0
2.654873E-2	4.023660E+3	0.000000E+0	4.725000E+0
2.653751E-2	4.024060E+3	0.000000E+0	4.903000E+0
2.652682E-2	4.023820E+3	0.000000E+0	5.082000E+0
2.650740E-2	4.023500E+3	0.000000E+0	5.262000E+0
2.649779E-2	4.023340E+3	0.000000E+0	5.442000E+0
2.648382E-2	4.023340E+3	0.000000E+0	5.624000E+0
2.647285E-2	4.023500E+3	0.000000E+0	5.805000E+0
2.646083E-2	4.023900E+3	0.000000E+0	5.988000E+0
2.644747E-2	4.024300E+3	0.000000E+0	6.168000E+0
2.644158E-2	4.024460E+3	0.000000E+0	6.354000E+0
2.642369E-2	4.023820E+3	0.000000E+0	6.538000E+0
2.641770E-2	4.023023E+3	0.000000E+0	6.721000E+0
2.639877E-2	4.023023E+3	0.000000E+0	6.902000E+0
2.639447E-2	4.023180E+3	0.000000E+0	7.088000E+0
2.637559E-2	4.023660E+3	0.000000E+0	7.268000E+0
2.636988E-2	4.023820E+3	0.000000E+0	7.448000E+0
2.635511E-2	4.023900E+3	0.000000E+0	7.628000E+0
2.634492E-2	4.024460E+3	0.000000E+0	7.812000E+0
2.633260E-2	4.024460E+3	0.000000E+0	7.995000E+0
2.632026E-2	4.024060E+3	0.000000E+0	8.177000E+0
2.631108E-2	4.024380E+3	0.000000E+0	8.358000E+0
2.629453E-2	4.025010E+3	0.000000E+0	8.540000E+0
2.628946E-2	4.025170E+3	0.000000E+0	8.724000E+0
2.627026E-2	4.024540E+3	0.000000E+0	8.905000E+0
2.626667E-2	4.025330E+3	0.000000E+0	9.088000E+0
2.624768E-2	4.026440E+3	0.000000E+0	9.270000E+0
2.624162E-2	4.026920E+3	0.000000E+0	9.451000E+0
2.622565E-2	4.027320E+3	0.000000E+0	9.631000E+0
2.621620E-2	4.027160E+3	0.000000E+0	9.811000E+0
2.620327E-2	4.026440E+3	0.000000E+0	9.997000E+0
2.619067E-2	4.025570E+3	0.000000E+0	1.017800E+1
2.618266E-2	4.025170E+3	0.000000E+0	1.035700E+1
2.616603E-2	4.024773E+3	0.000000E+0	1.053700E+1
2.616008E-2	4.024853E+3	0.000000E+0	1.072100E+1
2.614107E-2	4.025490E+3	0.000000E+0	1.090400E+1
2.613679E-2	4.026123E+3	0.000000E+0	1.108700E+1
2.611781E-2	4.026200E+3	0.000000E+0	1.126600E+1
2.611166E-2	4.026440E+3	0.000000E+0	1.144600E+1
2.609732E-2	4.026920E+3	0.000000E+0	1.162600E+1
2.608615E-2	4.026283E+3	0.000000E+0	1.181000E+1
2.607438E-2	4.025650E+3	0.000000E+0	1.199200E+1
2.606031E-2	4.025170E+3	0.000000E+0	1.217300E+1
2.605250E-2	4.025170E+3	0.000000E+0	1.235300E+1
2.603542E-2	4.025887E+3	0.000000E+0	1.253600E+1
2.603032E-2	4.026760E+3	0.000000E+0	1.271600E+1
2.601040E-2	4.026840E+3	0.000000E+0	1.289800E+1
2.600546E-2	4.026280E+3	0.000000E+0	1.307900E+1
2.598679E-2	4.026123E+3	0.000000E+0	1.326100E+1
2.598039E-2	4.025730E+3	0.000000E+0	1.344200E+1
2.596816E-2	4.026043E+3	0.000000E+0	1.362200E+1
2.595375E-2	4.026760E+3	0.000000E+0	1.380300E+1
2.594200E-2	4.026920E+3	0.000000E+0	1.398100E+1
2.592782E-2	4.027000E+3	0.000000E+0	1.416300E+1
2.592011E-2	4.026920E+3	0.000000E+0	1.434300E+1
2.590282E-2	4.026920E+3	0.000000E+0	1.452800E+1
2.589780E-2	4.026280E+3	0.000000E+0	1.470900E+1
2.587742E-2	4.026200E+3	0.000000E+0	1.489000E+1
2.587351E-2	4.026200E+3	0.000000E+0	1.506800E+1
2.585409E-2	4.026200E+3	0.000000E+0	1.524800E+1
2.584649E-2	4.026360E+3	0.000000E+0	1.542700E+1
2.583266E-2	4.026200E+3	0.000000E+0	1.560700E+1
2.582117E-2	4.026760E+3	0.000000E+0	1.578700E+1
2.581065E-2	4.027793E+3	0.000000E+0	1.596900E+1
2.579526E-2	4.029543E+3	0.000000E+0	1.615000E+1
2.578969E-2	4.031450E+3	0.000000E+0	1.632900E+1
2.576991E-2	4.032400E+3	0.000000E+0	1.651200E+1
2.576431E-2	4.032007E+3	0.000000E+0	1.669300E+1
2.574414E-2	4.031290E+3	0.000000E+0	1.687600E+1
2.573876E-2	4.031210E+3	0.000000E+0	1.705600E+1
2.572023E-2	4.031050E+3	0.000000E+0	1.723800E+1
2.569907E-2	4.029227E+3	0.000000E+0	1.759600E+1
2.568582E-2	4.029070E+3	0.000000E+0	1.777800E+1
2.567632E-2	4.029147E+3	0.000000E+0	1.796000E+1
2.566007E-2	4.029780E+3	0.000000E+0	1.814100E+1
2.565287E-2	4.030180E+3	0.000000E+0	1.832500E+1
2.563402E-2	4.030260E+3	0.000000E+0	1.851200E+1
2.562953E-2	4.030260E+3	0.000000E+0	1.869200E+1
2.560912E-2	4.030260E+3	0.000000E+0	1.887400E+1
2.560341E-2	4.030340E+3	0.000000E+0	1.905300E+1
2.558608E-2	4.030500E+3	0.000000E+0	1.923400E+1
2.555350E-2	4.030810E+3	0.000000E+0	1.967800E+1
2.554839E-2	4.031770E+3	0.000000E+0	1.986000E+1
2.553327E-2	4.032160E+3	0.000000E+0	2.004100E+1
2.552172E-2	4.032007E+3	0.000000E+0	2.022100E+1
2.550739E-2	4.031210E+3	0.000000E+0	2.040300E+1
2.549490E-2	4.030340E+3	0.000000E+0	2.058900E+1
2.548350E-2	4.030497E+3	0.000000E+0	2.077200E+1
2.546743E-2	4.030730E+3	0.000000E+0	2.095600E+1
2.545979E-2	4.030730E+3	0.000000E+0	2.113700E+1
2.544107E-2	4.030730E+3	0.000000E+0	2.131900E+1
2.543631E-2	4.031130E+3	0.000000E+0	2.150000E+1
2.541486E-2	4.031210E+3	0.000000E+0	2.168200E+1
2.541022E-2	4.030970E+3	0.000000E+0	2.187000E+1
2.538431E-2	4.030810E+3	0.000000E+0	2.216700E+1
2.537608E-2	4.031210E+3	0.000000E+0	2.235100E+1
2.535754E-2	4.030890E+3	0.000000E+0	2.253500E+1
2.535260E-2	4.030100E+3	0.000000E+0	2.271700E+1
2.533118E-2	4.029540E+3	0.000000E+0	2.289500E+1
2.532658E-2	4.029700E+3	0.000000E+0	2.307700E+1
2.530541E-2	4.029620E+3	0.000000E+0	2.325900E+1
2.529936E-2	4.029780E+3	0.000000E+0	2.344000E+1
2.527045E-2	4.030810E+3	0.000000E+0	2.387000E+1
2.525207E-2	4.030810E+3	0.000000E+0	2.405300E+1
2.524323E-2	4.030180E+3	0.000000E+0	2.423500E+1
2.522754E-2	4.029620E+3	0.000000E+0	2.441700E+1
2.521607E-2	4.029860E+3	0.000000E+0	2.460000E+1
2.520368E-2	4.030180E+3	0.000000E+0	2.478200E+1
2.518858E-2	4.030260E+3	0.000000E+0	2.496300E+1
2.518099E-2	4.029860E+3	0.000000E+0	2.514700E+1
2.516175E-2	4.029620E+3	0.000000E+0	2.533000E+1
2.515600E-2	4.029780E+3	0.000000E+0	2.550900E+1
2.513533E-2	4.030497E+3	0.000000E+0	2.569200E+1
2.513013E-2	4.030653E+3	0.000000E+0	2.587300E+1
2.511003E-2	4.030500E+3	0.000000E+0	2.605600E+1
2.510308E-2	4.030180E+3	0.000000E+0	2.624100E+1
2.508767E-2	4.029540E+3	0.000000E+0	2.642000E+1
2.507545E-2	4.028990E+3	0.000000E+0	2.660200E+1
2.506285E-2	4.028190E+3	0.000000E+0	2.678300E+1
2.504799E-2	4.027160E+3	0.000000E+0	2.696200E+1
2.503982E-2	4.027237E+3	0.000000E+0	2.714200E+1
2.502042E-2	4.028590E+3	0.000000E+0	2.732100E+1
2.501560E-2	4.029940E+3	0.000000E+0	2.750500E+1
2.499400E-2	4.030497E+3	0.000000E+0	2.768800E+1
2.498907E-2	4.030730E+3	0.000000E+0	2.786800E+1
2.496928E-2	4.030730E+3	0.000000E+0	2.804800E+1
2.496069E-2	4.030340E+3	0.000000E+0	2.823100E+1
2.494532E-2	4.030260E+3	0.000000E+0	2.841400E+1
2.493283E-2	4.030653E+3	0.000000E+0	2.859600E+1
2.492180E-2	4.031130E+3	0.000000E+0	2.877800E+1
2.490514E-2	4.031770E+3	0.000000E+0	2.896000E+1
2.489719E-2	4.032320E+3	0.000000E+0	2.914400E+1
2.487792E-2	4.032320E+3	0.000000E+0	2.932400E+1
2.487323E-2	4.031530E+3	0.000000E+0	2.950300E+1
2.485141E-2	4.031210E+3	0.000000E+0	2.968400E+1
2.484543E-2	4.030733E+3	0.000000E+0	2.986700E+1
2.482777E-2	4.030260E+3	0.000000E+0	3.004700E+1
2.481802E-2	4.030100E+3	0.000000E+0	3.022900E+1
2.480317E-2	4.030100E+3	0.000000E+0	3.041000E+1
2.478945E-2	4.030340E+3	0.000000E+0	3.059000E+1
2.477914E-2	4.030500E+3	0.000000E+0	3.077100E+1
2.476193E-2	4.030260E+3	0.000000E+0	3.095300E+1
2.475532E-2	4.029780E+3	0.000000E+0	3.113400E+1
2.473418E-2	4.028827E+3	0.000000E+0	3.131500E+1
2.472952E-2	4.027397E+3	0.000000E+0	3.149500E+1
2.470780E-2	4.026920E+3	0.000000E+0	3.167400E+1
2.470123E-2	4.027397E+3	0.000000E+0	3.185400E+1
2.467401E-2	4.028230E+3	0.000000E+0	3.213700E+1
2.467060E-2	4.028830E+3	0.000000E+0	3.231500E+1
2.465036E-2	4.029303E+3	0.000000E+0	3.247900E+1
2.464350E-2	4.029940E+3	0.000000E+0	3.264600E+1
2.462746E-2	4.030653E+3	0.000000E+0	3.282300E+1
2.461541E-2	4.030653E+3	0.000000E+0	3.300500E+1
2.460693E-2	4.030260E+3	0.000000E+0	3.318600E+1
2.458794E-2	4.029940E+3	0.000000E+0	3.336500E+1
2.457828E-2	4.029303E+3	0.000000E+0	3.354700E+1
2.455909E-2	4.028670E+3	0.000000E+0	3.372500E+1
2.455407E-2	4.028350E+3	0.000000E+0	3.390600E+1
2.453241E-2	4.028190E+3	0.000000E+0	3.409100E+1
2.452688E-2	4.028030E+3	0.000000E+0	3.427200E+1
2.450532E-2	4.028350E+3	0.000000E+0	3.445400E+1
2.449773E-2	4.028590E+3	0.000000E+0	3.463900E+1
2.448043E-2	4.028430E+3	0.000000E+0	3.482100E+1
2.446861E-2	4.028590E+3	0.000000E+0	3.500100E+1
2.445631E-2	4.028590E+3	0.000000E+0	3.518100E+1
2.444060E-2	4.028590E+3	0.000000E+0	3.536500E+1
2.443128E-2	4.028110E+3	0.000000E+0	3.554800E+1
2.441232E-2	4.027237E+3	0.000000E+0	3.573100E+1
2.440723E-2	4.027160E+3	0.000000E+0	3.591400E+1
2.438514E-2	4.028110E+3	0.000000E+0	3.609500E+1
2.437956E-2	4.028590E+3	0.000000E+0	3.627700E+1
2.436004E-2	4.028110E+3	0.000000E+0	3.646000E+1
2.435127E-2	4.027633E+3	0.000000E+0	3.664200E+1
2.433804E-2	4.027320E+3	0.000000E+0	3.682600E+1
2.432311E-2	4.027790E+3	0.000000E+0	3.700600E+1
2.430875E-2	4.028030E+3	0.000000E+0	3.718900E+1
2.429334E-2	4.027633E+3	0.000000E+0	3.736900E+1
2.428437E-2	4.027400E+3	0.000000E+0	3.755000E+1
2.426520E-2	4.027160E+3	0.000000E+0	3.773200E+1
2.425886E-2	4.026520E+3	0.000000E+0	3.791200E+1
2.423715E-2	4.026280E+3	0.000000E+0	3.809500E+1
2.423220E-2	4.026520E+3	0.000000E+0	3.827900E+1
2.421026E-2	4.026920E+3	0.000000E+0	3.846100E+1
2.420284E-2	4.026440E+3	0.000000E+0	3.864100E+1
2.418599E-2	4.026200E+3	0.000000E+0	3.882400E+1
2.417375E-2	4.025730E+3	0.000000E+0	3.900500E+1
2.416053E-2	4.025410E+3	0.000000E+0	3.918400E+1
2.414487E-2	4.025250E+3	0.000000E+0	3.936300E+1
2.413901E-2	4.025490E+3	0.000000E+0	3.954400E+1
2.411753E-2	4.025967E+3	0.000000E+0	3.972300E+1
2.411120E-2	4.026123E+3	0.000000E+0	3.990300E+1
2.408913E-2	4.025970E+3	0.000000E+0	4.008500E+1
2.408349E-2	4.026200E+3	0.000000E+0	4.026500E+1
2.406309E-2	4.025970E+3	0.000000E+0	4.044400E+1
2.405438E-2	4.026200E+3	0.000000E+0	4.062700E+1
2.403954E-2	4.026123E+3	0.000000E+0	4.080900E+1
2.402542E-2	4.025810E+3	0.000000E+0	4.098800E+1
2.401395E-2	4.025730E+3	0.000000E+0	4.117100E+1
2.399721E-2	4.025967E+3	0.000000E+0	4.135400E+1
2.398855E-2	4.026043E+3	0.000000E+0	4.153500E+1
2.396785E-2	4.025013E+3	0.000000E+0	4.171800E+1
2.396234E-2	4.023580E+3	0.000000E+0	4.190000E+1
2.393974E-2	4.022390E+3	0.000000E+0	4.208200E+1
2.393458E-2	4.022150E+3	0.000000E+0	4.226400E+1
2.391424E-2	4.022470E+3	0.000000E+0	4.244500E+1
2.390475E-2	4.022867E+3	0.000000E+0	4.262700E+1
2.388886E-2	4.023420E+3	0.000000E+0	4.281000E+1
2.387476E-2	4.023740E+3	0.000000E+0	4.299100E+1
2.386707E-2	4.024060E+3	0.000000E+0	4.316900E+1
2.384654E-2	4.023420E+3	0.000000E+0	4.335500E+1
2.383902E-2	4.022710E+3	0.000000E+0	4.353600E+1
2.381753E-2	4.022390E+3	0.000000E+0	4.371400E+1
2.381217E-2	4.021990E+3	0.000000E+0	4.389600E+1
2.379004E-2	4.021910E+3	0.000000E+0	4.407700E+1
2.378349E-2	4.021200E+3	0.000000E+0	4.426300E+1
2.376433E-2	4.020400E+3	0.000000E+0	4.444400E+1
2.375391E-2	4.020010E+3	0.000000E+0	4.462600E+1
2.373899E-2	4.019770E+3	0.000000E+0	4.480900E+1
2.372431E-2	4.019770E+3	0.000000E+0	4.499000E+1
2.371400E-2	4.019690E+3	0.000000E+0	4.517000E+1
2.369572E-2	4.019050E+3	0.000000E+0	4.535400E+1
2.368776E-2	4.018573E+3	0.000000E+0	4.553600E+1
2.366635E-2	4.017860E+3	0.000000E+0	4.571700E+1
2.366103E-2	4.017700E+3	0.000000E+0	4.589900E+1
2.363956E-2	4.018100E+3	0.000000E+0	4.608000E+1
2.363260E-2	4.018570E+3	0.000000E+0	4.626100E+1
2.361216E-2	4.018260E+3	0.000000E+0	4.644300E+1
2.360211E-2	4.018650E+3	0.000000E+0	4.662400E+1
2.359073E-2	4.019210E+3	0.000000E+0	4.680200E+1
2.357374E-2	4.019690E+3	0.000000E+0	4.698200E+1
2.356342E-2	4.019130E+3	0.000000E+0	4.716200E+1
2.354392E-2	4.018017E+3	0.000000E+0	4.734500E+1
2.353707E-2	4.016510E+3	0.000000E+0	4.752500E+1
2.351543E-2	4.016350E+3	0.000000E+0	4.770700E+1
2.351041E-2	4.017303E+3	0.000000E+0	4.789000E+1
2.348809E-2	4.017940E+3	0.000000E+0	4.807100E+1
2.348038E-2	4.017540E+3	0.000000E+0	4.825200E+1
2.346296E-2	4.017143E+3	0.000000E+0	4.843000E+1
2.345068E-2	4.016590E+3	0.000000E+0	4.861100E+1
2.343609E-2	4.015710E+3	0.000000E+0	4.879200E+1
2.342028E-2	4.015950E+3	0.000000E+0	4.897300E+1
2.341186E-2	4.015713E+3	0.000000E+0	4.915600E+1
2.339161E-2	4.015240E+3	0.000000E+0	4.933900E+1
2.338623E-2	4.014680E+3	0.000000E+0	4.952000E+1
2.336307E-2	4.013490E+3	0.000000E+0	4.970000E+1
2.335763E-2	4.012693E+3	0.000000E+0	4.988500E+1
2.333537E-2	4.011980E+3	0.000000E+0	5.006900E+1
2.332750E-2	4.011343E+3	0.000000E+0	5.025000E+1
2.331286E-2	4.009913E+3	0.000000E+0	5.043200E+1
2.329821E-2	4.007607E+3	0.000000E+0	5.061300E+1
2.328474E-2	4.004507E+3	0.000000E+0	5.079500E+1
2.326852E-2	4.001650E+3	0.000000E+0	5.097900E+1
2.325739E-2	3.998070E+3	0.000000E+0	5.116600E+1
2.323894E-2	3.993860E+3	0.000000E+0	5.135100E+1
2.322989E-2	3.991000E+3	0.000000E+0	5.153300E+1
2.320826E-2	3.991557E+3	0.000000E+0	5.171500E+1
2.320382E-2	3.994890E+3	0.000000E+0	5.189400E+1
2.318165E-2	3.998310E+3	0.000000E+0	5.207700E+1
2.317413E-2	4.000377E+3	0.000000E+0	5.225900E+1
2.315374E-2	4.001490E+3	0.000000E+0	5.244000E+1
2.314420E-2	4.001650E+3	0.000000E+0	5.262000E+1
2.312807E-2	4.001410E+3	0.000000E+0	5.280200E+1
2.311373E-2	4.001170E+3	0.000000E+0	5.298700E+1
2.310373E-2	4.001330E+3	0.000000E+0	5.316800E+1
2.308450E-2	4.001490E+3	0.000000E+0	5.335000E+1
2.307748E-2	4.001010E+3	0.000000E+0	5.353000E+1
2.305527E-2	4.001330E+3	0.000000E+0	5.371100E+1
2.305014E-2	4.000930E+3	0.000000E+0	5.388900E+1
2.302750E-2	3.999980E+3	0.000000E+0	5.407100E+1
2.302050E-2	3.999180E+3	0.000000E+0	5.425200E+1
2.300201E-2	3.998550E+3	0.000000E+0	5.443500E+1
2.298986E-2	3.998470E+3	0.000000E+0	5.461800E+1
2.297455E-2	3.997830E+3	0.000000E+0	5.479900E+1
2.295993E-2	3.997437E+3	0.000000E+0	5.498200E+1
2.294836E-2	3.997120E+3	0.000000E+0	5.516100E+1
2.293005E-2	3.996640E+3	0.000000E+0	5.534500E+1
2.292184E-2	3.996240E+3	0.000000E+0	5.552600E+1
2.290024E-2	3.995850E+3	0.000000E+0	5.570900E+1
2.289499E-2	3.994970E+3	0.000000E+0	5.588900E+1
2.287155E-2	3.993700E+3	0.000000E+0	5.607300E+1
2.286478E-2	3.992667E+3	0.000000E+0	5.625800E+1
2.284520E-2	3.992030E+3	0.000000E+0	5.644200E+1
2.283465E-2	3.991477E+3	0.000000E+0	5.661900E+1
2.282030E-2	3.990600E+3	0.000000E+0	5.679900E+1
2.280446E-2	3.990200E+3	0.000000E+0	5.697800E+1
2.279422E-2	3.989490E+3	0.000000E+0	5.715800E+1
2.277465E-2	3.988453E+3	0.000000E+0	5.734100E+1
2.276697E-2	3.987183E+3	0.000000E+0	5.752300E+1
2.274468E-2	3.985910E+3	0.000000E+0	5.770600E+1
2.274040E-2	3.984480E+3	0.000000E+0	5.788800E+1
2.271907E-2	3.983450E+3	0.000000E+0	5.807100E+1
2.270993E-2	3.982493E+3	0.000000E+0	5.825100E+1
2.269052E-2	3.982020E+3	0.000000E+0	5.843100E+1
2.267996E-2	3.981620E+3	0.000000E+0	5.861400E+1
2.266525E-2	3.980747E+3	0.000000E+0	5.879000E+1
2.264983E-2	3.978997E+3	0.000000E+0	5.897300E+1
2.263994E-2	3.977170E+3	0.000000E+0	5.915300E+1
2.261948E-2	3.976213E+3	0.000000E+0	5.933300E+1
2.261286E-2	3.975183E+3	0.000000E+0	5.951600E+1
2.259047E-2	3.973673E+3	0.000000E+0	5.969400E+1
2.258459E-2	3.971843E+3	0.000000E+0	5.987800E+1
2.256250E-2	3.970890E+3	0.000000E+0	6.005500E+1
2.255429E-2	3.970017E+3	0.000000E+0	6.024000E+1
2.253660E-2	3.968827E+3	0.000000E+0	6.041800E+1
2.252342E-2	3.967393E+3	0.000000E+0	6.059800E+1
2.251131E-2	3.965727E+3	0.000000E+0	6.078000E+1
2.249344E-2	3.965170E+3	0.000000E+0	6.096100E+1
2.248451E-2	3.963740E+3	0.000000E+0	6.114100E+1
2.246369E-2	3.962390E+3	0.000000E+0	6.132000E+1
2.245770E-2	3.961197E+3	0.000000E+0	6.150200E+1
2.243467E-2	3.959843E+3	0.000000E+0	6.167900E+1
2.242860E-2	3.958177E+3	0.000000E+0	6.185900E+1
2.240873E-2	3.956823E+3	0.000000E+0	6.204200E+1
2.239761E-2	3.954917E+3	0.000000E+0	6.222200E+1
2.238218E-2	3.952137E+3	0.000000E+0	6.240200E+1
2.236812E-2	3.948797E+3	0.000000E+0	6.258500E+1
2.235931E-2	3.945697E+3	0.000000E+0	6.276900E+1
2.233794E-2	3.943313E+3	0.000000E+0	6.295100E+1
2.233034E-2	3.940453E+3	0.000000E+0	6.313200E+1
2.230797E-2	3.937273E+3	0.000000E+0	6.331300E+1
2.230193E-2	3.934890E+3	0.000000E+0	6.349400E+1
2.227925E-2	3.933063E+3	0.000000E+0	6.367400E+1
2.227222E-2	3.930520E+3	0.000000E+0	6.385300E+1
2.225326E-2	3.927977E+3	0.000000E+0	6.403400E+1
2.224161E-2	3.925593E+3	0.000000E+0	6.421300E+1
2.222754E-2	3.923207E+3	0.000000E+0	6.439600E+1
2.221158E-2	3.920743E+3	0.000000E+0	6.457600E+1
2.220189E-2	3.918437E+3	0.000000E+0	6.475700E+1
2.218076E-2	3.916213E+3	0.000000E+0	6.493900E+1
2.217426E-2	3.912720E+3	0.000000E+0	6.511900E+1
2.215155E-2	3.909380E+3	0.000000E+0	6.530200E+1
2.214619E-2	3.905557E+3	0.000000E+0	6.548200E+1
2.212391E-2	3.902450E+3	0.000000E+0	6.566200E+1
2.211535E-2	3.899350E+3	0.000000E+0	6.584400E+1
2.209702E-2	3.896250E+3	0.000000E+0	6.602500E+1
2.208494E-2	3.892200E+3	0.000000E+0	6.620500E+1
2.207468E-2	3.887670E+3	0.000000E+0	6.638400E+1
2.205484E-2	3.884250E+3	0.000000E+0	6.656600E+1
2.204516E-2	3.879800E+3	0.000000E+0	6.675100E+1
2.202348E-2	3.874950E+3	0.000000E+0	6.693100E+1
2.201721E-2	3.869550E+3	0.000000E+0	6.711400E+1
2.199411E-2	3.864860E+3	0.000000E+0	6.729400E+1
2.198859E-2	3.859850E+3	0.000000E+0	6.747500E+1
2.196747E-2	3.855240E+3	0.000000E+0	6.765600E+1
2.195725E-2	3.850080E+3	0.000000E+0	6.783700E+1
2.194085E-2	3.844830E+3	0.000000E+0	6.801900E+1
2.192741E-2	3.839983E+3	0.000000E+0	6.820000E+1
2.191292E-2	3.833787E+3	0.000000E+0	6.838100E+1
2.189607E-2	3.827110E+3	0.000000E+0	6.856100E+1
2.188803E-2	3.819957E+3	0.000000E+0	6.874500E+1
2.186598E-2	3.813757E+3	0.000000E+0	6.892400E+1
2.186082E-2	3.807003E+3	0.000000E+0	6.910600E+1
2.183763E-2	3.800090E+3	0.000000E+0	6.928500E+1
2.183003E-2	3.791747E+3	0.000000E+0	6.946800E+1
2.180988E-2	3.783797E+3	0.000000E+0	6.965100E+1
2.179989E-2	3.776010E+3	0.000000E+0	6.983500E+1
2.178609E-2	3.768457E+3	0.000000E+0	7.001800E+1
2.176975E-2	3.760830E+3	0.000000E+0	7.020300E+1
2.175623E-2	3.752643E+3	0.000000E+0	7.038600E+1
2.173831E-2	3.743900E+3	0.000000E+0	7.057000E+1
2.172873E-2	3.733730E+3	0.000000E+0	7.075400E+1
2.170823E-2	3.723793E+3	0.000000E+0	7.093400E+1
2.170040E-2	3.712590E+3	0.000000E+0	7.111300E+1
2.167725E-2	3.702257E+3	0.000000E+0	7.129600E+1
2.167176E-2	3.690180E+3	0.000000E+0	7.148000E+1
2.164996E-2	3.678497E+3	0.000000E+0	7.166300E+1
2.164103E-2	3.666340E+3	0.000000E+0	7.184800E+1
2.162177E-2	3.653777E+3	0.000000E+0	7.203000E+1
2.160926E-2	3.641300E+3	0.000000E+0	7.221100E+1
2.159434E-2	3.627710E+3	0.000000E+0	7.239300E+1
2.157876E-2	3.614043E+3	0.000000E+0	7.257400E+1
2.157064E-2	3.599260E+3	0.000000E+0	7.275500E+1
2.154894E-2	3.585910E+3	0.000000E+0	7.293600E+1
2.154238E-2	3.569937E+3	0.000000E+0	7.311700E+1
2.151918E-2	3.553723E+3	0.000000E+0	7.329900E+1
2.151300E-2	3.536240E+3	0.000000E+0	7.348000E+1
2.149452E-2	3.519950E+3	0.000000E+0	7.366200E+1
2.148280E-2	3.504450E+3	0.000000E+0	7.384300E+1
2.146285E-2	3.486570E+3	0.000000E+0	7.402900E+1
2.145053E-2	3.467497E+3	0.000000E+0	7.420800E+1
2.143555E-2	3.447310E+3	0.000000E+0	7.439200E+1
2.141966E-2	3.427680E+3	0.000000E+0	7.457300E+1
2.140972E-2	3.406857E+3	0.000000E+0	7.475700E+1
2.138912E-2	3.387463E+3	0.000000E+0	7.493900E+1
2.138188E-2	3.365927E+3	0.000000E+0	7.512200E+1
2.135874E-2	3.346613E+3	0.000000E+0	7.530300E+1
2.135405E-2	3.324920E+3	0.000000E+0	7.548500E+1
2.133056E-2	3.304573E+3	0.000000E+0	7.566600E+1
2.132232E-2	3.283040E+3	0.000000E+0	7.584600E+1
2.130282E-2	3.262930E+3	0.000000E+0	7.602900E+1
2.129110E-2	3.242110E+3	0.000000E+0	7.620900E+1
2.127912E-2	3.220493E+3	0.000000E+0	7.639200E+1
2.126043E-2	3.201183E+3	0.000000E+0	7.657600E+1
2.124959E-2	3.181077E+3	0.000000E+0	7.675700E+1
2.122949E-2	3.162637E+3	0.000000E+0	7.693800E+1
2.122286E-2	3.142930E+3	0.000000E+0	7.711700E+1
2.120028E-2	3.125920E+3	0.000000E+0	7.729800E+1
2.119504E-2	3.108913E+3	0.000000E+0	7.747800E+1
2.117187E-2	3.094210E+3	0.000000E+0	7.765800E+1
2.116298E-2	3.079747E+3	0.000000E+0	7.784100E+1
2.114564E-2	3.066713E+3	0.000000E+0	7.802000E+1
2.113197E-2	3.055033E+3	0.000000E+0	7.820300E+1
2.111930E-2	3.045257E+3	0.000000E+0	7.838400E+1
2.110091E-2	3.037863E+3	0.000000E+0	7.856600E+1
2.109195E-2	3.031350E+3	0.000000E+0	7.874700E+1
2.107039E-2	3.027217E+3	0.000000E+0	7.893000E+1
2.106419E-2	3.024117E+3	0.000000E+0	7.911000E+1
2.104083E-2	3.022130E+3	0.000000E+0	7.928800E+1
2.103494E-2	3.022447E+3	0.000000E+0	7.946900E+1
2.101310E-2	3.024673E+3	0.000000E+0	7.964900E+1
2.100382E-2	3.028650E+3	0.000000E+0	7.983100E+1
2.099012E-2	3.033810E+3	0.000000E+0	8.000800E+1
2.097267E-2	3.039930E+3	0.000000E+0	8.019200E+1
2.096030E-2	3.048513E+3	0.000000E+0	8.037400E+1
2.094170E-2	3.057813E+3	0.000000E+0	8.055100E+1
2.093286E-2	3.069417E+3	0.000000E+0	8.073300E+1
2.091089E-2	3.081337E+3	0.000000E+0	8.091500E+1
2.090546E-2	3.095720E+3	0.000000E+0	8.109700E+1
2.088185E-2	3.110107E+3	0.000000E+0	8.127700E+1
2.087470E-2	3.126320E+3	0.000000E+0	8.145700E+1
2.085524E-2	3.142927E+3	0.000000E+0	8.163900E+1
2.084336E-2	3.159860E+3	0.000000E+0	8.182000E+1
2.082854E-2	3.176943E+3	0.000000E+0	8.200300E+1
2.081226E-2	3.194030E+3	0.000000E+0	8.218600E+1
2.080232E-2	3.212387E+3	0.000000E+0	8.236600E+1
2.078186E-2	3.229790E+3	0.000000E+0	8.254500E+1
2.077446E-2	3.249500E+3	0.000000E+0	8.272800E+1
2.075112E-2	3.266427E+3	0.000000E+0	8.290900E+1
2.074586E-2	3.284790E+3	0.000000E+0	8.308500E+1
2.072212E-2	3.302270E+3	0.000000E+0	8.327100E+1
2.071435E-2	3.321343E+3	0.000000E+0	8.345100E+1
2.069495E-2	3.339547E+3	0.000000E+0	8.363400E+1
2.068298E-2	3.357347E+3	0.000000E+0	8.381500E+1
2.066954E-2	3.375387E+3	0.000000E+0	8.399500E+1
2.065187E-2	3.391997E+3	0.000000E+0	8.417800E+1
2.064197E-2	3.409243E+3	0.000000E+0	8.435800E+1
2.062142E-2	3.425217E+3	0.000000E+0	8.453900E+1
2.061348E-2	3.442780E+3	0.000000E+0	8.472100E+1
2.059063E-2	3.457240E+3	0.000000E+0	8.490800E+1
2.058517E-2	3.472980E+3	0.000000E+0	8.508800E+1
2.056267E-2	3.487203E+3	0.000000E+0	8.526800E+1
2.055448E-2	3.501987E+3	0.000000E+0	8.544600E+1
2.053619E-2	3.515973E+3	0.000000E+0	8.562500E+1
2.052350E-2	3.529327E+3	0.000000E+0	8.580600E+1
2.050973E-2	3.542833E+3	0.000000E+0	8.598600E+1
2.049202E-2	3.555470E+3	0.000000E+0	8.616800E+1
2.048267E-2	3.568823E+3	0.000000E+0	8.635300E+1
2.046146E-2	3.580267E+3	0.000000E+0	8.653800E+1
2.045456E-2	3.592107E+3	0.000000E+0	8.672000E+1
2.043041E-2	3.602120E+3	0.000000E+0	8.690200E+1
2.042517E-2	3.612693E+3	0.000000E+0	8.708300E+1
2.040484E-2	3.622707E+3	0.000000E+0	8.726500E+1
2.039404E-2	3.633277E+3	0.000000E+0	8.744400E+1
2.037558E-2	3.644243E+3	0.000000E+0	8.762600E+1
2.036247E-2	3.654257E+3	0.000000E+0	8.780800E+1
2.034796E-2	3.663473E+3	0.000000E+0	8.798900E+1
2.033096E-2	3.671660E+3	0.000000E+0	8.817200E+1
2.032000E-2	3.681280E+3	0.000000E+0	8.835400E+1
2.030054E-2	3.690420E+3	0.000000E+0	8.853400E+1
2.029392E-2	3.699240E+3	0.000000E+0	8.871800E+1
2.027026E-2	3.706310E+3	0.000000E+0	8.889700E+1
2.026421E-2	3.714420E+3	0.000000E+0	8.907600E+1
2.024079E-2	3.721727E+3	0.000000E+0	8.925700E+1
2.023316E-2	3.728483E+3	0.000000E+0	8.943700E+1
2.021383E-2	3.735160E+3	0.000000E+0	8.961900E+1
2.020138E-2	3.741677E+3	0.000000E+0	8.980300E+1
2.018905E-2	3.748353E+3	0.000000E+0	8.998300E+1
2.017037E-2	3.754077E+3	0.000000E+0	9.016700E+1
2.016242E-2	3.759877E+3	0.000000E+0	9.034500E+1
2.013917E-2	3.765520E+3	0.000000E+0	9.052400E+1
2.013433E-2	3.771480E+3	0.000000E+0	9.070200E+1
2.011212E-2	3.776090E+3	0.000000E+0	9.088500E+1
2.010341E-2	3.780380E+3	0.000000E+0	9.106500E+1
2.008029E-2	3.785547E+3	0.000000E+0	9.124800E+1
2.007111E-2	3.791267E+3	0.000000E+0	9.143000E+1
2.005402E-2	3.797070E+3	0.000000E+0	9.161000E+1
2.004010E-2	3.802077E+3	0.000000E+0	9.179100E+1
2.002760E-2	3.806687E+3	0.000000E+0	9.197000E+1
2.000926E-2	3.810660E+3	0.000000E+0	9.215300E+1
2.000062E-2	3.814157E+3	0.000000E+0	9.233400E+1
1.997885E-2	3.817097E+3	0.000000E+0	9.251200E+1
1.997293E-2	3.821470E+3	0.000000E+0	9.269300E+1
1.994880E-2	3.826160E+3	0.000000E+0	9.287500E+1
1.994238E-2	3.830847E+3	0.000000E+0	9.305600E+1
1.992135E-2	3.834980E+3	0.000000E+0	9.323900E+1
1.991011E-2	3.839510E+3	0.000000E+0	9.342100E+1
1.989686E-2	3.843560E+3	0.000000E+0	9.360500E+1
1.987952E-2	3.846263E+3	0.000000E+0	9.378600E+1
1.986631E-2	3.848567E+3	0.000000E+0	9.396800E+1
1.984743E-2	3.851590E+3	0.000000E+0	9.414800E+1
1.983852E-2	3.855880E+3	0.000000E+0	9.433200E+1
1.981679E-2	3.859137E+3	0.000000E+0	9.451500E+1
1.981104E-2	3.862790E+3	0.000000E+0	9.469600E+1
1.978668E-2	3.866290E+3	0.000000E+0	9.487900E+1
1.978021E-2	3.869627E+3	0.000000E+0	9.505900E+1
1.975838E-2	3.872487E+3	0.000000E+0	9.524200E+1
1.974849E-2	3.875670E+3	0.000000E+0	9.542600E+1
1.973231E-2	3.878447E+3	0.000000E+0	9.560600E+1
1.971705E-2	3.880833E+3	0.000000E+0	9.578900E+1
1.970500E-2	3.883137E+3	0.000000E+0	9.596900E+1
1.968541E-2	3.885363E+3	0.000000E+0	9.615100E+1
1.967749E-2	3.887667E+3	0.000000E+0	9.633400E+1
1.965538E-2	3.889497E+3	0.000000E+0	9.651500E+1
1.964967E-2	3.891403E+3	0.000000E+0	9.669100E+1
1.962552E-2	3.892677E+3	0.000000E+0	9.686900E+1
1.961762E-2	3.894503E+3	0.000000E+0	9.704900E+1
1.960181E-2	3.896253E+3	0.000000E+0	9.723000E+1
1.958698E-2	3.898317E+3	0.000000E+0	9.741300E+1
1.957096E-2	3.900067E+3	0.000000E+0	9.759700E+1
1.955487E-2	3.901893E+3	0.000000E+0	9.777800E+1
1.954345E-2	3.903563E+3	0.000000E+0	9.796000E+1
1.952402E-2	3.905073E+3	0.000000E+0	9.814000E+1
1.951691E-2	3.907153E+3	0.000000E+0	9.831900E+1
1.949327E-2	3.909220E+3	0.000000E+0	9.849900E+1
1.948751E-2	3.911447E+3	0.000000E+0	9.867900E+1
1.946450E-2	3.913987E+3	0.000000E+0	9.886200E+1
1.945637E-2	3.916133E+3	0.000000E+0	9.904400E+1
1.943843E-2	3.917643E+3	0.000000E+0	9.922300E+1
1.942532E-2	3.918917E+3	0.000000E+0	9.940500E+1
1.941128E-2	3.920663E+3	0.000000E+0	9.958800E+1
1.939380E-2	3.922333E+3	0.000000E+0	9.976900E+1
1.938486E-2	3.923603E+3	0.000000E+0	9.995000E+1
1.936253E-2	3.924480E+3	0.000000E+0	1.001310E+2
1.935488E-2	3.925590E+3	0.000000E+0	1.003130E+2
1.933232E-2	3.926863E+3	0.000000E+0	1.004960E+2
1.932620E-2	3.927977E+3	0.000000E+0	1.006740E+2
1.930297E-2	3.928690E+3	0.000000E+0	1.008580E+2
1.929463E-2	3.929963E+3	0.000000E+0	1.010370E+2
1.927705E-2	3.931473E+3	0.000000E+0	1.012190E+2
1.926292E-2	3.932427E+3	0.000000E+0	1.014000E+2
1.924939E-2	3.933620E+3	0.000000E+0	1.015830E+2
1.923099E-2	3.935127E+3	0.000000E+0	1.017620E+2
1.922159E-2	3.937193E+3	0.000000E+0	1.019430E+2
1.920039E-2	3.938230E+3	0.000000E+0	1.021260E+2
1.919392E-2	3.938780E+3	0.000000E+0	1.023080E+2
1.916976E-2	3.939340E+3	0.000000E+0	1.024930E+2
1.916348E-2	3.940373E+3	0.000000E+0	1.026730E+2
1.914039E-2	3.941647E+3	0.000000E+0	1.028550E+2
1.913193E-2	3.942837E+3	0.000000E+0	1.030360E+2
1.911361E-2	3.943470E+3	0.000000E+0	1.032190E+2
1.910017E-2	3.943950E+3	0.000000E+0	1.033990E+2
1.908661E-2	3.944667E+3	0.000000E+0	1.035820E+2
1.906872E-2	3.945380E+3	0.000000E+0	1.037660E+2
1.905890E-2	3.946650E+3	0.000000E+0	1.039460E+2
1.903758E-2	3.947603E+3	0.000000E+0	1.041290E+2
1.903090E-2	3.948560E+3	0.000000E+0	1.043110E+2
1.900670E-2	3.949433E+3	0.000000E+0	1.044940E+2
1.900080E-2	3.950547E+3	0.000000E+0	1.046770E+2
1.897860E-2	3.951740E+3	0.000000E+0	1.048570E+2
1.896952E-2	3.952293E+3	0.000000E+0	1.050370E+2
1.895150E-2	3.952530E+3	0.000000E+0	1.052160E+2
1.893723E-2	3.953010E+3	0.000000E+0	1.053990E+2
1.892310E-2	3.953963E+3	0.000000E+0	1.055820E+2
1.890544E-2	3.954600E+3	0.000000E+0	1.057610E+2
1.889725E-2	3.955870E+3	0.000000E+0	1.059440E+2
1.887395E-2	3.957540E+3	0.000000E+0	1.061280E+2
1.886786E-2	3.958733E+3	0.000000E+0	1.063060E+2
1.884414E-2	3.959687E+3	0.000000E+0	1.064890E+2
1.883785E-2	3.960240E+3	0.000000E+0	1.066730E+2
1.881921E-2	3.960480E+3	0.000000E+0	1.068540E+2
1.880618E-2	3.961197E+3	0.000000E+0	1.070360E+2
1.879025E-2	3.961990E+3	0.000000E+0	1.072190E+2
1.877237E-2	3.962310E+3	0.000000E+0	1.074000E+2
1.876436E-2	3.962630E+3	0.000000E+0	1.075830E+2
1.873980E-2	3.963340E+3	0.000000E+0	1.077660E+2
1.873522E-2	3.964377E+3	0.000000E+0	1.079450E+2
1.871759E-2	3.965487E+3	0.000000E+0	1.081260E+2
1.870027E-2	3.966440E+3	0.000000E+0	1.083070E+2
1.868609E-2	3.966840E+3	0.000000E+0	1.084890E+2
1.867516E-2	3.967080E+3	0.000000E+0	1.086690E+2
1.866504E-2	3.967157E+3	0.000000E+0	1.088490E+2
1.865778E-2	3.967710E+3	0.000000E+0	1.090310E+2
1.865085E-2	3.968030E+3	0.000000E+0	1.092120E+2
1.864591E-2	3.968110E+3	0.000000E+0	1.093940E+2
1.864080E-2	3.968190E+3	0.000000E+0	1.095750E+2
1.863723E-2	3.969143E+3	0.000000E+0	1.097570E+2
1.863376E-2	3.970810E+3	0.000000E+0	1.099380E+2
1.863084E-2	3.971370E+3	0.000000E+0	1.101180E+2
1.862850E-2	3.971130E+3	0.000000E+0	1.103000E+2
1.862649E-2	3.970097E+3	0.000000E+0	1.104810E+2
1.860877E-2	3.969620E+3	0.000000E+0	1.106630E+2
1.853617E-2	3.969860E+3	0.000000E+0	1.108440E+2
1.851224E-2	3.970413E+3	0.000000E+0	1.110240E+2
1.849585E-2	3.971290E+3	0.000000E+0	1.112070E+2
1.848421E-2	3.971763E+3	0.000000E+0	1.113910E+2
1.846387E-2	3.972320E+3	0.000000E+0	1.115740E+2
1.845128E-2	3.973357E+3	0.000000E+0	1.117600E+2
1.843066E-2	3.974547E+3	0.000000E+0	1.119440E+2
1.842347E-2	3.975660E+3	0.000000E+0	1.121280E+2
1.839984E-2	3.975740E+3	0.000000E+0	1.123080E+2
1.839395E-2	3.975420E+3	0.000000E+0	1.124880E+2
1.837034E-2	3.975980E+3	0.000000E+0	1.126710E+2
1.836280E-2	3.976370E+3	0.000000E+0	1.128540E+2
1.834181E-2	3.976370E+3	0.000000E+0	1.130340E+2
1.833004E-2	3.976217E+3	0.000000E+0	1.132180E+2
1.831505E-2	3.976373E+3	0.000000E+0	1.134010E+2
1.829854E-2	3.977250E+3	0.000000E+0	1.135810E+2
1.828760E-2	3.977730E+3	0.000000E+0	1.137610E+2
1.826681E-2	3.977887E+3	0.000000E+0	1.139440E+2
1.826112E-2	3.978360E+3	0.000000E+0	1.141280E+2
1.823714E-2	3.978920E+3	0.000000E+0	1.143110E+2
1.823011E-2	3.979633E+3	0.000000E+0	1.144930E+2
1.820611E-2	3.980667E+3	0.000000E+0	1.146740E+2
1.819889E-2	3.981700E+3	0.000000E+0	1.148570E+2
1.817764E-2	3.982413E+3	0.000000E+0	1.150400E+2
1.816701E-2	3.983130E+3	0.000000E+0	1.152220E+2
1.815177E-2	3.983923E+3	0.000000E+0	1.154030E+2
1.813574E-2	3.983530E+3	0.000000E+0	1.155840E+2
1.812381E-2	3.982810E+3	0.000000E+0	1.157660E+2
1.810385E-2	3.982970E+3	0.000000E+0	1.159470E+2
1.809601E-2	3.983050E+3	0.000000E+0	1.161310E+2
1.807358E-2	3.983290E+3	0.000000E+0	1.163150E+2
1.806752E-2	3.983770E+3	0.000000E+0	1.164940E+2
1.804330E-2	3.983370E+3	0.000000E+0	1.166760E+2
1.803606E-2	3.982650E+3	0.000000E+0	1.168570E+2
1.801623E-2	3.982570E+3	0.000000E+0	1.170380E+2
1.800468E-2	3.982810E+3	0.000000E+0	1.172160E+2
1.798893E-2	3.983290E+3	0.000000E+0	1.173960E+2
1.797220E-2	3.983770E+3	0.000000E+0	1.175820E+2
1.796447E-2	3.983530E+3	0.000000E+0	1.177630E+2
1.794221E-2	3.983690E+3	0.000000E+0	1.179440E+2
1.793412E-2	3.984240E+3	0.000000E+0	1.181260E+2
1.790980E-2	3.984880E+3	0.000000E+0	1.183070E+2
1.790449E-2	3.985200E+3	0.000000E+0	1.184890E+2
1.788031E-2	3.985200E+3	0.000000E+0	1.186710E+2
1.787288E-2	3.985590E+3	0.000000E+0	1.188540E+2
1.785315E-2	3.986070E+3	0.000000E+0	1.190350E+2
1.784083E-2	3.985910E+3	0.000000E+0	1.192180E+2
1.782551E-2	3.985910E+3	0.000000E+0	1.193990E+2
1.780917E-2	3.985910E+3	0.000000E+0	1.195820E+2
1.779848E-2	3.986310E+3	0.000000E+0	1.197660E+2
1.777781E-2	3.986550E+3	0.000000E+0	1.199480E+2
1.777124E-2	3.986390E+3	0.000000E+0	1.201270E+2
1.774716E-2	3.986390E+3	0.000000E+0	1.203070E+2
1.774218E-2	3.986390E+3	0.000000E+0	1.204870E+2
1.771895E-2	3.985990E+3	0.000000E+0	1.206660E+2
1.771023E-2	3.986390E+3	0.000000E+0	1.208430E+2
1.769136E-2	3.987027E+3	0.000000E+0	1.210230E+2
1.767860E-2	3.987980E+3	0.000000E+0	1.212060E+2
1.766733E-2	3.988930E+3	0.000000E+0	1.213890E+2
1.764673E-2	3.989250E+3	0.000000E+0	1.215700E+2
1.763751E-2	3.988770E+3	0.000000E+0	1.217530E+2
1.761512E-2	3.988377E+3	0.000000E+0	1.219330E+2
1.760900E-2	3.988140E+3	0.000000E+0	1.221140E+2
1.758472E-2	3.987900E+3	0.000000E+0	1.222960E+2
1.757875E-2	3.987900E+3	0.000000E+0	1.224780E+2
1.755620E-2	3.988140E+3	0.000000E+0	1.226580E+2
1.754682E-2	3.988530E+3	0.000000E+0	1.228390E+2
1.752898E-2	3.988690E+3	0.000000E+0	1.230220E+2
1.751485E-2	3.989010E+3	0.000000E+0	1.232020E+2
1.750285E-2	3.988770E+3	0.000000E+0	1.233840E+2
1.748347E-2	3.988300E+3	0.000000E+0	1.235650E+2
1.747477E-2	3.988453E+3	0.000000E+0	1.237480E+2
1.745180E-2	3.988530E+3	0.000000E+0	1.239310E+2
1.744600E-2	3.989010E+3	0.000000E+0	1.241140E+2
1.742152E-2	3.989570E+3	0.000000E+0	1.242960E+2
1.741540E-2	3.990120E+3	0.000000E+0	1.244760E+2
1.739314E-2	3.990360E+3	0.000000E+0	1.246550E+2
1.738354E-2	3.990840E+3	0.000000E+0	1.248350E+2
1.736929E-2	3.990680E+3	0.000000E+0	1.250180E+2
1.735218E-2	3.990120E+3	0.000000E+0	1.251980E+2
1.734038E-2	3.989650E+3	0.000000E+0	1.253770E+2
1.732065E-2	3.989650E+3	0.000000E+0	1.255590E+2
1.731205E-2	3.989960E+3	0.000000E+0	1.257430E+2
1.728895E-2	3.990040E+3	0.000000E+0	1.259220E+2
1.728391E-2	3.990280E+3	0.000000E+0	1.261000E+2
1.725942E-2	3.991000E+3	0.000000E+0	1.262820E+2
1.725235E-2	3.991870E+3	0.000000E+0	1.264610E+2
1.723253E-2	3.992030E+3	0.000000E+0	1.266420E+2
1.722067E-2	3.991633E+3	0.000000E+0	1.268250E+2
1.720437E-2	3.991400E+3	0.000000E+0	1.270040E+2
1.718810E-2	3.992110E+3	0.000000E+0	1.271810E+2
1.717936E-2	3.993300E+3	0.000000E+0	1.273610E+2
1.715713E-2	3.994257E+3	0.000000E+0	1.275440E+2
1.715144E-2	3.994337E+3	0.000000E+0	1.277240E+2
1.712639E-2	3.993460E+3	0.000000E+0	1.279040E+2
1.712122E-2	3.993220E+3	0.000000E+0	1.280870E+2
1.709789E-2	3.993620E+3	0.000000E+0	1.282670E+2
1.708889E-2	3.994337E+3	0.000000E+0	1.284500E+2
1.707358E-2	3.994413E+3	0.000000E+0	1.286340E+2
1.705712E-2	3.994260E+3	0.000000E+0	1.288160E+2
1.704083E-2	3.993780E+3	0.000000E+0	1.289980E+2
1.702423E-2	3.993540E+3	0.000000E+0	1.291830E+2
1.701524E-2	3.993540E+3	0.000000E+0	1.293640E+2
1.699329E-2	3.993140E+3	0.000000E+0	1.295420E+2
1.698675E-2	3.992983E+3	0.000000E+0	1.297190E+2
1.696225E-2	3.992830E+3	0.000000E+0	1.299020E+2
1.695636E-2	3.993060E+3	0.000000E+0	1.300850E+2
1.693279E-2	3.993380E+3	0.000000E+0	1.302660E+2
1.692538E-2	3.993940E+3	0.000000E+0	1.304450E+2
1.690682E-2	3.994493E+3	0.000000E+0	1.306280E+2
1.689386E-2	3.994810E+3	0.000000E+0	1.308090E+2
1.687991E-2	3.995210E+3	0.000000E+0	1.309880E+2
1.686173E-2	3.995450E+3	0.000000E+0	1.311680E+2
1.685440E-2	3.995930E+3	0.000000E+0	1.313510E+2
1.683101E-2	3.996243E+3	0.000000E+0	1.315310E+2
1.682358E-2	3.996640E+3	0.000000E+0	1.317110E+2
1.679919E-2	3.996400E+3	0.000000E+0	1.318940E+2
1.679390E-2	3.996640E+3	0.000000E+0	1.320740E+2
1.677676E-2	3.997120E+3	0.000000E+0	1.322530E+2
1.676219E-2	3.997750E+3	0.000000E+0	1.324390E+2
1.674361E-2	3.998150E+3	0.000000E+0	1.326190E+2
1.672962E-2	3.998627E+3	0.000000E+0	1.328030E+2
1.671489E-2	3.999020E+3	0.000000E+0	1.329910E+2
1.669734E-2	3.999020E+3	0.000000E+0	1.331710E+2
1.668804E-2	3.999180E+3	0.000000E+0	1.333540E+2
1.666611E-2	3.999260E+3	0.000000E+0	1.335420E+2
1.665836E-2	3.999580E+3	0.000000E+0	1.337240E+2
1.663440E-2	3.999580E+3	0.000000E+0	1.339060E+2
1.662926E-2	3.999103E+3	0.000000E+0	1.340930E+2
1.660429E-2	3.998150E+3	0.000000E+0	1.342750E+2
1.659649E-2	3.998070E+3	0.000000E+0	1.344580E+2
1.657631E-2	3.997990E+3	0.000000E+0	1.346390E+2
1.656522E-2	3.997830E+3	0.000000E+0	1.348210E+2
1.655173E-2	3.998070E+3	0.000000E+0	1.350010E+2
1.653363E-2	3.998070E+3	0.000000E+0	1.351820E+2
1.652198E-2	3.998230E+3	0.000000E+0	1.353650E+2
1.650184E-2	3.998550E+3	0.000000E+0	1.355460E+2
1.649425E-2	3.998710E+3	0.000000E+0	1.357270E+2
1.647059E-2	3.998790E+3	0.000000E+0	1.359080E+2
1.646478E-2	3.998550E+3	0.000000E+0	1.360900E+2
1.644143E-2	3.998943E+3	0.000000E+0	1.362710E+2
1.643376E-2	3.999820E+3	0.000000E+0	1.364530E+2
1.641384E-2	3.999980E+3	0.000000E+0	1.366340E+2
1.640139E-2	3.999740E+3	0.000000E+0	1.368140E+2
1.638726E-2	4.000140E+3	0.000000E+0	1.369970E+2
1.636959E-2	4.000693E+3	0.000000E+0	1.371770E+2
1.635918E-2	4.001170E+3	0.000000E+0	1.373600E+2
1.633826E-2	4.000613E+3	0.000000E+0	1.375400E+2
1.633166E-2	3.999820E+3	0.000000E+0	1.377240E+2
1.630680E-2	3.999340E+3	0.000000E+0	1.379060E+2
1.630132E-2	3.999820E+3	0.000000E+0	1.380870E+2
1.627689E-2	4.000457E+3	0.000000E+0	1.382700E+2
1.626964E-2	4.000930E+3	0.000000E+0	1.384510E+2
1.624838E-2	4.000850E+3	0.000000E+0	1.386330E+2
1.623721E-2	4.000220E+3	0.000000E+0	1.388130E+2
1.622351E-2	3.999340E+3	0.000000E+0	1.389960E+2
1.620525E-2	3.998390E+3	0.000000E+0	1.391760E+2
1.619497E-2	3.997830E+3	0.000000E+0	1.393590E+2
1.617365E-2	3.997120E+3	0.000000E+0	1.395390E+2
1.616651E-2	3.996720E+3	0.000000E+0	1.397200E+2
1.614211E-2	3.996960E+3	0.000000E+0	1.399020E+2
1.613752E-2	3.997437E+3	0.000000E+0	1.400820E+2
1.611433E-2	3.997590E+3	0.000000E+0	1.402650E+2
1.610479E-2	3.997670E+3	0.000000E+0	1.404450E+2
1.608689E-2	3.997830E+3	0.000000E+0	1.406270E+2
1.607353E-2	3.997830E+3	0.000000E+0	1.408070E+2
1.605940E-2	3.997750E+3	0.000000E+0	1.409880E+2
1.604162E-2	3.997910E+3	0.000000E+0	1.411700E+2
1.603311E-2	3.998310E+3	0.000000E+0	1.413530E+2
1.601067E-2	3.999420E+3	0.000000E+0	1.415300E+2
1.600389E-2	4.000220E+3	0.000000E+0	1.417110E+2
1.597937E-2	4.000930E+3	0.000000E+0	1.418910E+2
1.597351E-2	4.001090E+3	0.000000E+0	1.420740E+2
1.595120E-2	4.000770E+3	0.000000E+0	1.422540E+2
1.594160E-2	4.000300E+3	0.000000E+0	1.424360E+2
1.592620E-2	3.999660E+3	0.000000E+0	1.426130E+2
1.590985E-2	3.999260E+3	0.000000E+0	1.427930E+2
1.589825E-2	3.999020E+3	0.000000E+0	1.429750E+2
1.587820E-2	3.998550E+3	0.000000E+0	1.431520E+2
1.587048E-2	3.998787E+3	0.000000E+0	1.433310E+2
1.584791E-2	3.999260E+3	0.000000E+0	1.435140E+2
1.584191E-2	3.998787E+3	0.000000E+0	1.436960E+2
1.581756E-2	3.998150E+3	0.000000E+0	1.438780E+2
1.580980E-2	3.998070E+3	0.000000E+0	1.440580E+2
1.578916E-2	3.997830E+3	0.000000E+0	1.442400E+2
1.577728E-2	3.997357E+3	0.000000E+0	1.444190E+2
1.576200E-2	3.996880E+3	0.000000E+0	1.446030E+2
1.574543E-2	3.996960E+3	0.000000E+0	1.447840E+2
1.573539E-2	3.997357E+3	0.000000E+0	1.449680E+2
1.571405E-2	3.997670E+3	0.000000E+0	1.451470E+2
1.570687E-2	3.998150E+3	0.000000E+0	1.453270E+2
1.568277E-2	3.998470E+3	0.000000E+0	1.455090E+2
1.567743E-2	3.998150E+3	0.000000E+0	1.456900E+2
1.565316E-2	3.998070E+3	0.000000E+0	1.458690E+2
1.564564E-2	3.997750E+3	0.000000E+0	1.460530E+2
1.562751E-2	3.997437E+3	0.000000E+0	1.462360E+2
1.561245E-2	3.997513E+3	0.000000E+0	1.464140E+2
1.559980E-2	3.997990E+3	0.000000E+0	1.465940E+2
1.558150E-2	3.998627E+3	0.000000E+0	1.467750E+2
1.557502E-2	3.999500E+3	0.000000E+0	1.469550E+2
1.555103E-2	3.999980E+3	0.000000E+0	1.471370E+2
1.554444E-2	4.000380E+3	0.000000E+0	1.473180E+2
1.551969E-2	4.000220E+3	0.000000E+0	1.475010E+2
1.551349E-2	3.999980E+3	0.000000E+0	1.476830E+2
1.549115E-2	3.999660E+3	0.000000E+0	1.478620E+2
1.548163E-2	3.999340E+3	0.000000E+0	1.480430E+2
1.546228E-2	3.999820E+3	0.000000E+0	1.482220E+2
1.544877E-2	4.000457E+3	0.000000E+0	1.484050E+2
1.543669E-2	4.001410E+3	0.000000E+0	1.485890E+2
1.541709E-2	4.001810E+3	0.000000E+0	1.487670E+2
1.540711E-2	4.001650E+3	0.000000E+0	1.489510E+2
1.538556E-2	4.001570E+3	0.000000E+0	1.491330E+2
1.537866E-2	4.001890E+3	0.000000E+0	1.493160E+2
1.535433E-2	4.002120E+3	0.000000E+0	1.494970E+2
1.534882E-2	4.001890E+3	0.000000E+0	1.496800E+2
1.532698E-2	4.001810E+3	0.000000E+0	1.498620E+2
1.531638E-2	4.001490E+3	0.000000E+0	1.500420E+2
1.529923E-2	4.001090E+3	0.000000E+0	1.502240E+2
1.528448E-2	4.000537E+3	0.000000E+0	1.504080E+2
1.527540E-2	3.999980E+3	0.000000E+0	1.505900E+2
1.525326E-2	3.999740E+3	0.000000E+0	1.507710E+2
1.524268E-2	3.999580E+3	0.000000E+0	1.509530E+2
1.522064E-2	3.999660E+3	0.000000E+0	1.511350E+2
1.521301E-2	3.999740E+3	0.000000E+0	1.513140E+2
1.518911E-2	3.999580E+3	0.000000E+0	1.514960E+2
1.518375E-2	3.999023E+3	0.000000E+0	1.516790E+2
1.516099E-2	3.998867E+3	0.000000E+0	1.518590E+2
1.515269E-2	3.999260E+3	0.000000E+0	1.520410E+2
1.514995E-2	3.999260E+3	0.000000E+0	1.522220E+2
1.514891E-2	3.999500E+3	0.000000E+0	1.524020E+2
1.514822E-2	3.999740E+3	0.000000E+0	1.525850E+2
1.514717E-2	3.999500E+3	0.000000E+0	1.527650E+2
1.514662E-2	3.999660E+3	0.000000E+0	1.529460E+2
1.514648E-2	3.999900E+3	0.000000E+0	1.531270E+2
1.514619E-2	3.999980E+3	0.000000E+0	1.533090E+2
1.514620E-2	4.000220E+3	0.000000E+0	1.534900E+2
1.514558E-2	4.000220E+3	0.000000E+0	1.536730E+2
1.514513E-2	4.000060E+3	0.000000E+0	1.538530E+2
1.514569E-2	3.998943E+3	0.000000E+0	1.540300E+2
1.514517E-2	3.997833E+3	0.000000E+0	1.542120E+2
1.514525E-2	3.996640E+3	0.000000E+0	1.543930E+2
1.514533E-2	3.996400E+3	0.000000E+0	1.545760E+2
1.514534E-2	3.997197E+3	0.000000E+0	1.547550E+2
1.514494E-2	3.998310E+3	0.000000E+0	1.549360E+2
1.514501E-2	3.998630E+3	0.000000E+0	1.551190E+2
1.514494E-2	3.998943E+3	0.000000E+0	1.552990E+2
1.514501E-2	3.998710E+3	0.000000E+0	1.554810E+2
1.514504E-2	3.998550E+3	0.000000E+0	1.556620E+2
1.514478E-2	3.998390E+3	0.000000E+0	1.558440E+2
1.514532E-2	3.997910E+3	0.000000E+0	1.560250E+2
1.514489E-2	3.997990E+3	0.000000E+0	1.562070E+2
1.514473E-2	3.998707E+3	0.000000E+0	1.563880E+2
1.514475E-2	3.999660E+3	0.000000E+0	1.565700E+2
1.514466E-2	3.999263E+3	0.000000E+0	1.567510E+2
1.514445E-2	3.997990E+3	0.000000E+0	1.569310E+2
1.514446E-2	3.997357E+3	0.000000E+0	1.571110E+2
1.514458E-2	3.998390E+3	0.000000E+0	1.572940E+2
1.514475E-2	3.999260E+3	0.000000E+0	1.574760E+2
1.514480E-2	3.999180E+3	0.000000E+0	1.576570E+2
1.514455E-2	3.998943E+3	0.000000E+0	1.578370E+2
1.514436E-2	3.998550E+3	0.000000E+0	1.580190E+2
1.514459E-2	3.998390E+3	0.000000E+0	1.582020E+2
1.514424E-2	3.998390E+3	0.000000E+0	1.583860E+2
1.514407E-2	3.998550E+3	0.000000E+0	1.585710E+2
1.514453E-2	3.998707E+3	0.000000E+0	1.587490E+2
1.514472E-2	3.999580E+3	0.000000E+0	1.589270E+2
1.514425E-2	3.999980E+3	0.000000E+0	1.591090E+2
1.514453E-2	4.000140E+3	0.000000E+0	1.592910E+2
1.514481E-2	4.000460E+3	0.000000E+0	1.594710E+2
1.514536E-2	4.000460E+3	0.000000E+0	1.596530E+2
1.514440E-2	4.000220E+3	0.000000E+0	1.598350E+2
1.514484E-2	4.000300E+3	0.000000E+0	1.600170E+2
1.514440E-2	4.001410E+3	0.000000E+0	1.601990E+2
1.514452E-2	4.002440E+3	0.000000E+0	1.603830E+2
1.514440E-2	4.002600E+3	0.000000E+0	1.605630E+2
1.514506E-2	4.002680E+3	0.000000E+0	1.607430E+2
1.514472E-2	4.002680E+3	0.000000E+0	1.609230E+2
1.514503E-2	4.001967E+3	0.000000E+0	1.611020E+2
1.514453E-2	4.001490E+3	0.000000E+0	1.612870E+2
1.514474E-2	4.001250E+3	0.000000E+0	1.614690E+2
1.514473E-2	4.001650E+3	0.000000E+0	1.616510E+2
1.514482E-2	4.001890E+3	0.000000E+0	1.618320E+2
1.514474E-2	4.001890E+3	0.000000E+0	1.620140E+2
1.514431E-2	4.001570E+3	0.000000E+0	1.621950E+2
1.514472E-2	4.001010E+3	0.000000E+0	1.623780E+2
1.514448E-2	4.001250E+3	0.000000E+0	1.625570E+2
1.514358E-2	4.002283E+3	0.000000E+0	1.627380E+2
1.514463E-2	4.003000E+3	0.000000E+0	1.629180E+2
1.514382E-2	4.003080E+3	0.000000E+0	1.631010E+2
1.514433E-2	4.003553E+3	0.000000E+0	1.632850E+2
1.514436E-2	4.003790E+3	0.000000E+0	1.634670E+2
1.514437E-2	4.003630E+3	0.000000E+0	1.636500E+2
1.514478E-2	4.002600E+3	0.000000E+0	1.638300E+2
1.514404E-2	4.001490E+3	0.000000E+0	1.640100E+2
1.514401E-2	4.001490E+3	0.000000E+0	1.641910E+2
1.514470E-2	4.001890E+3	0.000000E+0	1.643740E+2
1.514381E-2	4.001967E+3	0.000000E+0	1.645560E+2
1.514494E-2	4.001890E+3	0.000000E+0	1.647370E+2
1.514425E-2	4.001810E+3	0.000000E+0	1.649190E+2
1.514479E-2	4.001410E+3	0.000000E+0	1.651000E+2
1.514404E-2	4.000850E+3	0.000000E+0	1.652800E+2
1.514440E-2	4.000850E+3	0.000000E+0	1.654600E+2
1.514462E-2	4.000930E+3	0.000000E+0	1.656430E+2
1.514433E-2	4.000930E+3	0.000000E+0	1.658250E+2
1.514457E-2	4.000297E+3	0.000000E+0	1.660060E+2
1.514482E-2	3.999340E+3	0.000000E+0	1.661900E+2
1.514480E-2	3.998550E+3	0.000000E+0	1.663730E+2
1.514464E-2	3.999340E+3	0.000000E+0	1.665560E+2
1.514425E-2	4.000457E+3	0.000000E+0	1.667360E+2
1.514452E-2	4.001410E+3	0.000000E+0	1.669170E+2
1.514447E-2	4.001967E+3	0.000000E+0	1.670990E+2
1.514463E-2	4.002280E+3	0.000000E+0	1.672790E+2
1.514475E-2	4.002360E+3	0.000000E+0	1.674620E+2
1.514427E-2	4.002600E+3	0.000000E+0	1.676420E+2
1.514440E-2	4.002360E+3	0.000000E+0	1.678230E+2
1.514452E-2	4.001330E+3	0.000000E+0	1.680050E+2
1.514431E-2	4.000850E+3	0.000000E+0	1.681870E+2
1.514470E-2	4.000690E+3	0.000000E+0	1.683660E+2
1.514411E-2	4.000770E+3	0.000000E+0	1.685440E+2
1.514413E-2	4.000930E+3	0.000000E+0	1.687250E+2
1.514467E-2	4.000930E+3	0.000000E+0	1.689070E+2
1.514422E-2	4.001090E+3	0.000000E+0	1.690890E+2
1.514450E-2	4.001090E+3	0.000000E+0	1.692700E+2
1.514483E-2	4.000220E+3	0.000000E+0	1.694540E+2
1.514429E-2	3.999980E+3	0.000000E+0	1.696360E+2
1.514455E-2	3.999740E+3	0.000000E+0	1.698170E+2
1.514475E-2	3.999820E+3	0.000000E+0	1.699980E+2
1.514413E-2	4.000457E+3	0.000000E+0	1.701800E+2
1.514396E-2	4.001090E+3	0.000000E+0	1.703620E+2
1.514441E-2	4.001570E+3	0.000000E+0	1.705430E+2
1.514421E-2	4.001810E+3	0.000000E+0	1.707250E+2
1.514398E-2	4.001570E+3	0.000000E+0	1.709060E+2
1.514447E-2	4.001010E+3	0.000000E+0	1.710890E+2
1.514455E-2	4.000930E+3	0.000000E+0	1.712710E+2
1.514451E-2	4.000930E+3	0.000000E+0	1.714510E+2
1.514391E-2	4.000693E+3	0.000000E+0	1.716310E+2
1.514435E-2	4.000220E+3	0.000000E+0	1.718090E+2
1.514495E-2	4.000220E+3	0.000000E+0	1.719880E+2
1.514456E-2	4.000220E+3	0.000000E+0	1.721710E+2
1.514512E-2	4.000220E+3	0.000000E+0	1.723530E+2
1.514417E-2	4.000300E+3	0.000000E+0	1.725340E+2
1.514411E-2	4.000850E+3	0.000000E+0	1.727140E+2
1.514424E-2	4.000930E+3	0.000000E+0	1.728960E+2
1.514406E-2	4.000930E+3	0.000000E+0	1.730780E+2
1.514439E-2	4.000930E+3	0.000000E+0	1.732600E+2
1.514437E-2	4.000930E+3	0.000000E+0	1.734470E+2
1.514439E-2	4.001410E+3	0.000000E+0	1.736300E+2
1.514459E-2	4.001967E+3	0.000000E+0	1.738110E+2
1.514486E-2	4.002600E+3	0.000000E+0	1.739970E+2
1.514452E-2	4.002283E+3	0.000000E+0	1.741760E+2
1.514443E-2	4.001410E+3	0.000000E+0	1.743580E+2
1.514419E-2	4.000930E+3	0.000000E+0	1.745400E+2
1.514477E-2	4.000770E+3	0.000000E+0	1.747210E+2
1.514451E-2	4.000850E+3	0.000000E+0	1.749030E+2
1.514467E-2	4.001170E+3	0.000000E+0	1.750830E+2
1.514407E-2	4.001410E+3	0.000000E+0	1.752660E+2
1.514399E-2	4.001410E+3	0.000000E+0	1.754450E+2
1.514419E-2	4.001090E+3	0.000000E+0	1.756260E+2
1.514432E-2	4.000537E+3	0.000000E+0	1.758100E+2
1.514429E-2	4.000300E+3	0.000000E+0	1.759910E+2
1.514450E-2	4.000060E+3	0.000000E+0	1.761720E+2
1.514412E-2	3.999740E+3	0.000000E+0	1.763520E+2
1.514418E-2	4.000060E+3	0.000000E+0	1.765290E+2
1.514426E-2	4.000220E+3	0.000000E+0	1.767090E+2
1.514430E-2	4.000537E+3	0.000000E+0	1.768890E+2
1.514393E-2	4.001490E+3	0.000000E+0	1.770710E+2
1.514392E-2	4.002760E+3	0.000000E+0	1.772560E+2
1.514389E-2	4.003240E+3	0.000000E+0	1.774380E+2
1.514414E-2	4.003160E+3	0.000000E+0	1.776200E+2
1.514418E-2	4.002520E+3	0.000000E+0	1.778090E+2
1.514459E-2	4.002120E+3	0.000000E+0	1.779890E+2
1.514377E-2	4.002360E+3	0.000000E+0	1.781710E+2
1.514419E-2	4.002200E+3	0.000000E+0	1.783530E+2
1.514389E-2	4.002120E+3	0.000000E+0	1.785350E+2
1.514412E-2	4.002200E+3	0.000000E+0	1.787150E+2
1.514358E-2	4.002600E+3	0.000000E+0	1.788920E+2
1.514363E-2	4.002600E+3	0.000000E+0	1.790740E+2
1.514420E-2	4.002123E+3	0.000000E+0	1.792550E+2
1.514355E-2	4.001170E+3	0.000000E+0	1.794370E+2
1.514397E-2	4.000693E+3	0.000000E+0	1.796180E+2
1.514376E-2	4.000220E+3	0.000000E+0	1.798010E+2
1.514407E-2	4.000457E+3	0.000000E+0	1.799850E+2
1.514390E-2	4.000690E+3	0.000000E+0	1.801660E+2
1.514366E-2	4.000770E+3	0.000000E+0	1.803460E+2
1.514382E-2	4.001330E+3	0.000000E+0	1.805260E+2
1.514413E-2	4.001650E+3	0.000000E+0	1.807090E+2
1.514387E-2	4.001650E+3	0.000000E+0	1.808910E+2
1.514402E-2	4.001730E+3	0.000000E+0	1.810720E+2
1.514426E-2	4.002123E+3	0.000000E+0	1.812540E+2
1.514388E-2	4.002840E+3	0.000000E+0	1.814350E+2
1.514438E-2	4.003317E+3	0.000000E+0	1.816170E+2
1.514391E-2	4.003157E+3	0.000000E+0	1.817950E+2
1.514413E-2	4.001727E+3	0.000000E+0	1.819760E+2
1.514388E-2	4.000537E+3	0.000000E+0	1.821560E+2
1.514373E-2	3.999820E+3	0.000000E+0	1.823380E+2
1.514462E-2	3.999820E+3	0.000000E+0	1.825190E+2
1.514396E-2	4.000773E+3	0.000000E+0	1.826990E+2
1.514414E-2	4.001967E+3	0.000000E+0	1.828820E+2
1.514472E-2	4.002600E+3	0.000000E+0	1.830640E+2
1.514404E-2	4.002520E+3	0.000000E+0	1.832410E+2
1.514402E-2	4.002047E+3	0.000000E+0	1.834210E+2
1.514362E-2	4.001650E+3	0.000000E+0	1.836020E+2
1.514387E-2	4.001810E+3	0.000000E+0	1.837830E+2
1.514367E-2	4.002043E+3	0.000000E+0	1.839640E+2
1.514426E-2	4.002043E+3	0.000000E+0	1.841460E+2
1.514351E-2	4.001810E+3	0.000000E+0	1.843260E+2
1.514376E-2	4.001170E+3	0.000000E+0	1.845070E+2
1.514406E-2	4.000930E+3	0.000000E+0	1.846900E+2
1.514371E-2	4.001170E+3	0.000000E+0	1.848730E+2
1.514406E-2	4.001170E+3	0.000000E+0	1.850530E+2
1.514415E-2	4.000930E+3	0.000000E+0	1.852360E+2
1.514414E-2	4.000930E+3	0.000000E+0	1.854170E+2
1.514389E-2	4.000773E+3	0.000000E+0	1.855960E+2
1.514388E-2	4.000380E+3	0.000000E+0	1.857790E+2
1.514377E-2	4.000850E+3	0.000000E+0	1.859590E+2
1.514392E-2	4.000930E+3	0.000000E+0	1.861380E+2
1.514408E-2	4.001090E+3	0.000000E+0	1.863210E+2
1.514421E-2	4.000930E+3	0.000000E+0	1.865020E+2
1.514423E-2	4.000770E+3	0.000000E+0	1.866840E+2
1.514412E-2	4.001410E+3	0.000000E+0	1.868640E+2
1.514368E-2	4.002760E+3	0.000000E+0	1.870470E+2
1.514387E-2	4.003000E+3	0.000000E+0	1.872280E+2
1.514403E-2	4.003317E+3	0.000000E+0	1.874100E+2
1.514417E-2	4.003550E+3	0.000000E+0	1.875910E+2
1.514386E-2	4.003000E+3	0.000000E+0	1.877770E+2
1.514415E-2	4.002680E+3	0.000000E+0	1.879580E+2
1.514416E-2	4.001727E+3	0.000000E+0	1.881410E+2
1.514441E-2	4.000850E+3	0.000000E+0	1.883200E+2
1.514414E-2	4.000690E+3	0.000000E+0	1.885010E+2
1.514441E-2	4.001010E+3	0.000000E+0	1.886830E+2
1.514436E-2	4.001570E+3	0.000000E+0	1.888650E+2
1.514452E-2	4.001650E+3	0.000000E+0	1.890470E+2
1.514414E-2	4.001967E+3	0.000000E+0	1.892270E+2
1.514435E-2	4.002280E+3	0.000000E+0	1.894070E+2
1.514458E-2	4.002520E+3	0.000000E+0	1.895890E+2
1.514420E-2	4.002520E+3	0.000000E+0	1.897700E+2
1.514475E-2	4.001650E+3	0.000000E+0	1.899500E+2
1.514424E-2	4.001010E+3	0.000000E+0	1.901330E+2
1.514486E-2	4.001010E+3	0.000000E+0	1.903150E+2
1.514440E-2	4.001330E+3	0.000000E+0	1.904960E+2
1.514423E-2	4.001810E+3	0.000000E+0	1.906800E+2
1.514394E-2	4.001650E+3	0.000000E+0	1.908630E+2
1.514488E-2	4.001170E+3	0.000000E+0	1.910460E+2
1.514417E-2	4.001330E+3	0.000000E+0	1.912300E+2
1.514380E-2	4.001810E+3	0.000000E+0	1.914130E+2
1.514428E-2	4.001810E+3	0.000000E+0	1.915940E+2
1.514371E-2	4.001010E+3	0.000000E+0	1.917740E+2
1.514468E-2	3.999900E+3	0.000000E+0	1.919550E+2
1.514415E-2	3.999260E+3	0.000000E+0	1.921330E+2
1.514424E-2	3.999740E+3	0.000000E+0	1.923140E+2
1.514459E-2	4.000220E+3	0.000000E+0	1.924970E+2
1.514384E-2	4.000380E+3	0.000000E+0	1.926810E+2
1.514382E-2	4.000850E+3	0.000000E+0	1.928630E+2
1.514427E-2	4.000693E+3	0.000000E+0	1.930460E+2
1.514423E-2	4.000220E+3	0.000000E+0	1.932290E+2
1.514407E-2	4.000220E+3	0.000000E+0	1.934130E+2
1.514446E-2	4.000060E+3	0.000000E+0	1.935970E+2
1.514388E-2	4.000140E+3	0.000000E+0	1.937760E+2
1.514377E-2	4.000300E+3	0.000000E+0	1.939570E+2
1.514410E-2	4.000693E+3	0.000000E+0	1.941390E+2
1.514418E-2	4.000930E+3	0.000000E+0	1.943180E+2
1.514352E-2	4.000220E+3	0.000000E+0	1.944970E+2
1.514416E-2	3.999980E+3	0.000000E+0	1.946790E+2
1.514404E-2	3.999980E+3	0.000000E+0	1.948560E+2
1.514448E-2	4.000140E+3	0.000000E+0	1.950360E+2
1.514404E-2	4.000300E+3	0.000000E+0	1.952190E+2
1.514416E-2	4.001010E+3	0.000000E+0	1.954030E+2
1.514417E-2	4.001967E+3	0.000000E+0	1.955860E+2
1.514383E-2	4.003000E+3	0.000000E+0	1.957690E+2
1.514381E-2	4.003870E+3	0.000000E+0	1.959520E+2
1.514410E-2	4.003790E+3	0.000000E+0	1.961320E+2
1.514391E-2	4.003317E+3	0.000000E+0	1.963130E+2
1.514415E-2	4.002840E+3	0.000000E+0	1.964960E+2
1.514471E-2	4.001967E+3	0.000000E+0	1.966760E+2
1.514390E-2	4.001330E+3	0.000000E+0	1.968580E+2
1.514441E-2	4.001010E+3	0.000000E+0	1.970390E+2
1.514394E-2	4.000850E+3	0.000000E+0	1.972220E+2
1.514397E-2	4.001170E+3	0.000000E+0	1.974060E+2
1.514444E-2	4.001410E+3	0.000000E+0	1.975890E+2
1.514351E-2	4.001490E+3	0.000000E+0	1.977690E+2
1.514377E-2	4.002043E+3	0.000000E+0	1.979490E+2
1.514420E-2	4.002043E+3	0.000000E+0	1.981280E+2
1.514419E-2	4.001490E+3	0.000000E+0	1.983090E+2
1.514395E-2	4.001010E+3	0.000000E+0	1.984900E+2
1.514386E-2	4.000930E+3	0.000000E+0	1.986740E+2
1.514408E-2	4.000930E+3	0.000000E+0	1.988540E+2
1.514415E-2	4.001330E+3	0.000000E+0	1.990340E+2
1.514427E-2	4.001967E+3	0.000000E+0	1.992140E+2
1.514346E-2	4.002840E+3	0.000000E+0	1.993960E+2
1.514436E-2	4.003240E+3	0.000000E+0	1.995770E+2
1.514460E-2	4.003397E+3	0.000000E+0	1.997590E+2
1.514410E-2	4.003950E+3	0.000000E+0	1.999400E+2
1.514381E-2	4.004030E+3	0.000000E+0	2.001200E+2
1.514412E-2	4.003473E+3	0.000000E+0	2.002990E+2
1.514393E-2	4.002360E+3	0.000000E+0	2.004800E+2
1.514433E-2	4.001890E+3	0.000000E+0	2.006590E+2
1.514409E-2	4.001890E+3	0.000000E+0	2.008400E+2
1.514429E-2	4.001890E+3	0.000000E+0	2.010220E+2
1.514431E-2	4.002120E+3	0.000000E+0	2.012030E+2
1.514415E-2	4.001967E+3	0.000000E+0	2.013850E+2
1.514387E-2	4.001650E+3	0.000000E+0	2.015640E+2
1.514453E-2	4.001090E+3	0.000000E+0	2.017420E+2
1.514442E-2	4.000690E+3	0.000000E+0	2.019240E+2
