X channel: Keithley, channel #5; mode:  DCV; scale:  0.10; X converted, conversion factor:1.000000E+0
Y channel: Lock-in, mkV
II channel: B7-78, Ohm; scale:  10000.000000
X channel	Y channel	II channel	timestamp, sec
1.514402E-2	4.001330E+3	0.000000E+0	0.000000E+0
1.514416E-2	4.001650E+3	0.000000E+0	1.840000E-1
1.514404E-2	4.001967E+3	0.000000E+0	3.640000E-1
1.514391E-2	4.002043E+3	0.000000E+0	5.470000E-1
1.514415E-2	4.001890E+3	0.000000E+0	7.270000E-1
1.514432E-2	4.001967E+3	0.000000E+0	9.060000E-1
1.514404E-2	4.002440E+3	0.000000E+0	1.086000E+0
1.514423E-2	4.002600E+3	0.000000E+0	1.265000E+0
1.514373E-2	4.002840E+3	0.000000E+0	1.445000E+0
1.514391E-2	4.002840E+3	0.000000E+0	1.625000E+0
1.514468E-2	4.002520E+3	0.000000E+0	1.804000E+0
1.514397E-2	4.001890E+3	0.000000E+0	1.984000E+0
1.514417E-2	4.001890E+3	0.000000E+0	2.166000E+0
1.514402E-2	4.002123E+3	0.000000E+0	2.347000E+0
1.514414E-2	4.002440E+3	0.000000E+0	2.527000E+0
1.514368E-2	4.002200E+3	0.000000E+0	2.710000E+0
1.514418E-2	4.001650E+3	0.000000E+0	2.890000E+0
1.514418E-2	4.001410E+3	0.000000E+0	3.073000E+0
1.514410E-2	4.002203E+3	0.000000E+0	3.256000E+0
1.514389E-2	4.003157E+3	0.000000E+0	3.436000E+0
1.514410E-2	4.003550E+3	0.000000E+0	3.616000E+0
1.514366E-2	4.002840E+3	0.000000E+0	3.797000E+0
1.514410E-2	4.002200E+3	0.000000E+0	3.978000E+0
1.514377E-2	4.002440E+3	0.000000E+0	4.157000E+0
1.514388E-2	4.001887E+3	0.000000E+0	4.335000E+0
1.514423E-2	4.001410E+3	0.000000E+0	4.519000E+0
1.514382E-2	4.001490E+3	0.000000E+0	4.701000E+0
1.514387E-2	4.001967E+3	0.000000E+0	4.882000E+0
1.514389E-2	4.002120E+3	0.000000E+0	5.062000E+0
1.514419E-2	4.001730E+3	0.000000E+0	5.243000E+0
1.514413E-2	4.001890E+3	0.000000E+0	5.425000E+0
1.514428E-2	4.001810E+3	0.000000E+0	5.607000E+0
1.514332E-2	4.001330E+3	0.000000E+0	5.791000E+0
1.514385E-2	4.001170E+3	0.000000E+0	5.972000E+0
1.514366E-2	4.001330E+3	0.000000E+0	6.155000E+0
1.514392E-2	4.002203E+3	0.000000E+0	6.337000E+0
1.514395E-2	4.003317E+3	0.000000E+0	6.518000E+0
1.514352E-2	4.004190E+3	0.000000E+0	6.700000E+0
1.514380E-2	4.004190E+3	0.000000E+0	6.880000E+0
1.514478E-2	4.003077E+3	0.000000E+0	7.061000E+0
1.514359E-2	4.002520E+3	0.000000E+0	7.244000E+0
1.514374E-2	4.002600E+3	0.000000E+0	7.424000E+0
1.514398E-2	4.002360E+3	0.000000E+0	7.607000E+0
1.514416E-2	4.002120E+3	0.000000E+0	7.790000E+0
1.514384E-2	4.001967E+3	0.000000E+0	7.973000E+0
1.514465E-2	4.001810E+3	0.000000E+0	8.150000E+0
1.514435E-2	4.001890E+3	0.000000E+0	8.330000E+0
1.514438E-2	4.002120E+3	0.000000E+0	8.513000E+0
1.514421E-2	4.001967E+3	0.000000E+0	8.693000E+0
1.514390E-2	4.001890E+3	0.000000E+0	8.875000E+0
1.514390E-2	4.002123E+3	0.000000E+0	9.055000E+0
1.514408E-2	4.002760E+3	0.000000E+0	9.238000E+0
1.514380E-2	4.002600E+3	0.000000E+0	9.420000E+0
1.514382E-2	4.002200E+3	0.000000E+0	9.601000E+0
1.514403E-2	4.002440E+3	0.000000E+0	9.781000E+0
1.514411E-2	4.003000E+3	0.000000E+0	9.962000E+0
1.514440E-2	4.003870E+3	0.000000E+0	1.014400E+1
1.514396E-2	4.003870E+3	0.000000E+0	1.032800E+1
1.514404E-2	4.003237E+3	0.000000E+0	1.050800E+1
1.514436E-2	4.002360E+3	0.000000E+0	1.068800E+1
1.514428E-2	4.002120E+3	0.000000E+0	1.087200E+1
1.514420E-2	4.002280E+3	0.000000E+0	1.105200E+1
1.514392E-2	4.002360E+3	0.000000E+0	1.123500E+1
1.514396E-2	4.002200E+3	0.000000E+0	1.141700E+1
1.514378E-2	4.002043E+3	0.000000E+0	1.159800E+1
1.514337E-2	4.002520E+3	0.000000E+0	1.178000E+1
1.514387E-2	4.002600E+3	0.000000E+0	1.195700E+1
1.514425E-2	4.002600E+3	0.000000E+0	1.213700E+1
1.514405E-2	4.002600E+3	0.000000E+0	1.231600E+1
1.514432E-2	4.002280E+3	0.000000E+0	1.249600E+1
1.514381E-2	4.002120E+3	0.000000E+0	1.268200E+1
1.514411E-2	4.002360E+3	0.000000E+0	1.286300E+1
1.514422E-2	4.002600E+3	0.000000E+0	1.304600E+1
1.514422E-2	4.002203E+3	0.000000E+0	1.322600E+1
1.514418E-2	4.001890E+3	0.000000E+0	1.340700E+1
1.514456E-2	4.002520E+3	0.000000E+0	1.358800E+1
1.514435E-2	4.002600E+3	0.000000E+0	1.376500E+1
1.514422E-2	4.002280E+3	0.000000E+0	1.394600E+1
1.514381E-2	4.002520E+3	0.000000E+0	1.412800E+1
1.514430E-2	4.003080E+3	0.000000E+0	1.430700E+1
1.514393E-2	4.003393E+3	0.000000E+0	1.449100E+1
1.514399E-2	4.002600E+3	0.000000E+0	1.466900E+1
1.514426E-2	4.002600E+3	0.000000E+0	1.484800E+1
1.514436E-2	4.003080E+3	0.000000E+0	1.503300E+1
1.514418E-2	4.003000E+3	0.000000E+0	1.521300E+1
1.514368E-2	4.002520E+3	0.000000E+0	1.539700E+1
1.514445E-2	4.001650E+3	0.000000E+0	1.558000E+1
1.514402E-2	4.001010E+3	0.000000E+0	1.576000E+1
1.514397E-2	4.001010E+3	0.000000E+0	1.594200E+1
1.514451E-2	4.001570E+3	0.000000E+0	1.612100E+1
1.514396E-2	4.001330E+3	0.000000E+0	1.630700E+1
1.514396E-2	4.001090E+3	0.000000E+0	1.648900E+1
1.514328E-2	4.001490E+3	0.000000E+0	1.667300E+1
1.514399E-2	4.001810E+3	0.000000E+0	1.685700E+1
1.514361E-2	4.001890E+3	0.000000E+0	1.703700E+1
1.514365E-2	4.001890E+3	0.000000E+0	1.721600E+1
1.514322E-2	4.001890E+3	0.000000E+0	1.739600E+1
1.514403E-2	4.001570E+3	0.000000E+0	1.757600E+1
1.514335E-2	4.001290E+3	0.000000E+0	1.786100E+1
1.514352E-2	4.000773E+3	0.000000E+0	1.804000E+1
1.514334E-2	4.000220E+3	0.000000E+0	1.820400E+1
1.514359E-2	4.000300E+3	0.000000E+0	1.837200E+1
1.514368E-2	4.000930E+3	0.000000E+0	1.854800E+1
1.514359E-2	4.001410E+3	0.000000E+0	1.872900E+1
1.514360E-2	4.001010E+3	0.000000E+0	1.890900E+1
1.514349E-2	4.000300E+3	0.000000E+0	1.908900E+1
1.514380E-2	4.000060E+3	0.000000E+0	1.926600E+1
1.514320E-2	4.000140E+3	0.000000E+0	1.945000E+1
1.514315E-2	3.999500E+3	0.000000E+0	1.963100E+1
1.514342E-2	3.999260E+3	0.000000E+0	1.981300E+1
1.514338E-2	3.999820E+3	0.000000E+0	1.999700E+1
1.514343E-2	3.999980E+3	0.000000E+0	2.018200E+1
1.514341E-2	3.999740E+3	0.000000E+0	2.036200E+1
1.514375E-2	4.000220E+3	0.000000E+0	2.054100E+1
1.514347E-2	4.001090E+3	0.000000E+0	2.072900E+1
1.514393E-2	4.001810E+3	0.000000E+0	2.090800E+1
1.514350E-2	4.001890E+3	0.000000E+0	2.108800E+1
1.514389E-2	4.001730E+3	0.000000E+0	2.126700E+1
1.514365E-2	4.001730E+3	0.000000E+0	2.144700E+1
1.514367E-2	4.001650E+3	0.000000E+0	2.162900E+1
1.514351E-2	4.002047E+3	0.000000E+0	2.181100E+1
1.514403E-2	4.002600E+3	0.000000E+0	2.199300E+1
1.514369E-2	4.002360E+3	0.000000E+0	2.217600E+1
1.514345E-2	4.001330E+3	0.000000E+0	2.235600E+1
1.514337E-2	4.001170E+3	0.000000E+0	2.254200E+1
1.514340E-2	4.001967E+3	0.000000E+0	2.272100E+1
1.514319E-2	4.002760E+3	0.000000E+0	2.290200E+1
1.514365E-2	4.002760E+3	0.000000E+0	2.308600E+1
1.514380E-2	4.002360E+3	0.000000E+0	2.326900E+1
1.514339E-2	4.002120E+3	0.000000E+0	2.344500E+1
1.514371E-2	4.002600E+3	0.000000E+0	2.362500E+1
1.514381E-2	4.003080E+3	0.000000E+0	2.380600E+1
1.514389E-2	4.003080E+3	0.000000E+0	2.398800E+1
1.514352E-2	4.003080E+3	0.000000E+0	2.416700E+1
1.514367E-2	4.003240E+3	0.000000E+0	2.435100E+1
1.514356E-2	4.003240E+3	0.000000E+0	2.453300E+1
1.514345E-2	4.003000E+3	0.000000E+0	2.471200E+1
1.514382E-2	4.002360E+3	0.000000E+0	2.489000E+1
1.514370E-2	4.001650E+3	0.000000E+0	2.507300E+1
1.514351E-2	4.001410E+3	0.000000E+0	2.525700E+1
1.514390E-2	4.001810E+3	0.000000E+0	2.543900E+1
1.514290E-2	4.001890E+3	0.000000E+0	2.561900E+1
1.514349E-2	4.001810E+3	0.000000E+0	2.580100E+1
1.514387E-2	4.001650E+3	0.000000E+0	2.598300E+1
1.514378E-2	4.001650E+3	0.000000E+0	2.616300E+1
1.514346E-2	4.001410E+3	0.000000E+0	2.634200E+1
1.514361E-2	4.001410E+3	0.000000E+0	2.652100E+1
1.514369E-2	4.001410E+3	0.000000E+0	2.670400E+1
1.514386E-2	4.001410E+3	0.000000E+0	2.688500E+1
1.514393E-2	4.001490E+3	0.000000E+0	2.706900E+1
1.514356E-2	4.001967E+3	0.000000E+0	2.725200E+1
1.514319E-2	4.002360E+3	0.000000E+0	2.743400E+1
1.514358E-2	4.002760E+3	0.000000E+0	2.761100E+1
1.515499E-2	4.003080E+3	0.000000E+0	2.779100E+1
1.516171E-2	4.003080E+3	0.000000E+0	2.797500E+1
1.517526E-2	4.002360E+3	0.000000E+0	2.815800E+1
1.519003E-2	4.001810E+3	0.000000E+0	2.834000E+1
1.519881E-2	4.001570E+3	0.000000E+0	2.852200E+1
1.521909E-2	4.001410E+3	0.000000E+0	2.870300E+1
1.522465E-2	4.001250E+3	0.000000E+0	2.888400E+1
1.524791E-2	4.001010E+3	0.000000E+0	2.906600E+1
1.525250E-2	4.001010E+3	0.000000E+0	2.925100E+1
1.527249E-2	4.001490E+3	0.000000E+0	2.943100E+1
1.528216E-2	4.002280E+3	0.000000E+0	2.961200E+1
1.530241E-2	4.002123E+3	0.000000E+0	2.979400E+1
1.531208E-2	4.001650E+3	0.000000E+0	2.998000E+1
1.532571E-2	4.001010E+3	0.000000E+0	3.016100E+1
1.534176E-2	4.000537E+3	0.000000E+0	3.034300E+1
1.535340E-2	4.000537E+3	0.000000E+0	3.052500E+1
1.537172E-2	4.000930E+3	0.000000E+0	3.070700E+1
1.538013E-2	4.000850E+3	0.000000E+0	3.089000E+1
1.540177E-2	3.999980E+3	0.000000E+0	3.107300E+1
1.540657E-2	3.999023E+3	0.000000E+0	3.125700E+1
1.543020E-2	3.998630E+3	0.000000E+0	3.143800E+1
1.543586E-2	3.999580E+3	0.000000E+0	3.162100E+1
1.545840E-2	4.000773E+3	0.000000E+0	3.180500E+1
1.546621E-2	4.000850E+3	0.000000E+0	3.199100E+1
1.548068E-2	4.000140E+3	0.000000E+0	3.217200E+1
1.549629E-2	3.999740E+3	0.000000E+0	3.235500E+1
1.550952E-2	3.999740E+3	0.000000E+0	3.253500E+1
1.552704E-2	3.999183E+3	0.000000E+0	3.271700E+1
1.553102E-2	3.998150E+3	0.000000E+0	3.289800E+1
1.555489E-2	3.997670E+3	0.000000E+0	3.307700E+1
1.556140E-2	3.998310E+3	0.000000E+0	3.325500E+1
1.558551E-2	3.998550E+3	0.000000E+0	3.343700E+1
1.559129E-2	3.998710E+3	0.000000E+0	3.361600E+1
1.561244E-2	3.998630E+3	0.000000E+0	3.379600E+1
1.562196E-2	3.998150E+3	0.000000E+0	3.397900E+1
1.563731E-2	3.998150E+3	0.000000E+0	3.416100E+1
1.565193E-2	3.998550E+3	0.000000E+0	3.434400E+1
1.566345E-2	3.998550E+3	0.000000E+0	3.452600E+1
1.568235E-2	3.998550E+3	0.000000E+0	3.470600E+1
1.568949E-2	3.999263E+3	0.000000E+0	3.488600E+1
1.571154E-2	4.000220E+3	0.000000E+0	3.507100E+1
1.571720E-2	4.000300E+3	0.000000E+0	3.525100E+1
1.574086E-2	3.999580E+3	0.000000E+0	3.543300E+1
1.574701E-2	3.998470E+3	0.000000E+0	3.561400E+1
1.576453E-2	3.998150E+3	0.000000E+0	3.579500E+1
1.577677E-2	3.998550E+3	0.000000E+0	3.597500E+1
1.579209E-2	3.999023E+3	0.000000E+0	3.615400E+1
1.580773E-2	3.999660E+3	0.000000E+0	3.633200E+1
1.581775E-2	3.999103E+3	0.000000E+0	3.651100E+1
1.583827E-2	3.998230E+3	0.000000E+0	3.669300E+1
1.584412E-2	3.998070E+3	0.000000E+0	3.686900E+1
1.586737E-2	3.998070E+3	0.000000E+0	3.705200E+1
1.587266E-2	3.997990E+3	0.000000E+0	3.723200E+1
1.589498E-2	3.997357E+3	0.000000E+0	3.741200E+1
1.590359E-2	3.997200E+3	0.000000E+0	3.759800E+1
1.592112E-2	3.997280E+3	0.000000E+0	3.778100E+1
1.593440E-2	3.997593E+3	0.000000E+0	3.795900E+1
1.594771E-2	3.997670E+3	0.000000E+0	3.814200E+1
1.596518E-2	3.997357E+3	0.000000E+0	3.832900E+1
1.597367E-2	3.996640E+3	0.000000E+0	3.850900E+1
1.599521E-2	3.995770E+3	0.000000E+0	3.869100E+1
1.600118E-2	3.995450E+3	0.000000E+0	3.887200E+1
1.602461E-2	3.995450E+3	0.000000E+0	3.905300E+1
1.602930E-2	3.995290E+3	0.000000E+0	3.923100E+1
1.604884E-2	3.994890E+3	0.000000E+0	3.941200E+1
1.606060E-2	3.994337E+3	0.000000E+0	3.959500E+1
1.607770E-2	3.993700E+3	0.000000E+0	3.977500E+1
1.609139E-2	3.994020E+3	0.000000E+0	3.996100E+1
1.610420E-2	3.994650E+3	0.000000E+0	4.014000E+1
1.612151E-2	3.994417E+3	0.000000E+0	4.032200E+1
1.613046E-2	3.993940E+3	0.000000E+0	4.050200E+1
1.615173E-2	3.993620E+3	0.000000E+0	4.068500E+1
1.615762E-2	3.993140E+3	0.000000E+0	4.086600E+1
1.618172E-2	3.993620E+3	0.000000E+0	4.104800E+1
1.618702E-2	3.994337E+3	0.000000E+0	4.123200E+1
1.620936E-2	3.994257E+3	0.000000E+0	4.141200E+1
1.621804E-2	3.993540E+3	0.000000E+0	4.159500E+1
1.623512E-2	3.993540E+3	0.000000E+0	4.177700E+1
1.624867E-2	3.993860E+3	0.000000E+0	4.195600E+1
1.626078E-2	3.993860E+3	0.000000E+0	4.213900E+1
1.627917E-2	3.993460E+3	0.000000E+0	4.232200E+1
1.628755E-2	3.992667E+3	0.000000E+0	4.250200E+1
1.631003E-2	3.991870E+3	0.000000E+0	4.268200E+1
1.631428E-2	3.991870E+3	0.000000E+0	4.286500E+1
1.633712E-2	3.992510E+3	0.000000E+0	4.304700E+1
1.634434E-2	3.992983E+3	0.000000E+0	4.323100E+1
1.636657E-2	3.993300E+3	0.000000E+0	4.341200E+1
1.637638E-2	3.992747E+3	0.000000E+0	4.358900E+1
1.639266E-2	3.992270E+3	0.000000E+0	4.377200E+1
1.640715E-2	3.992030E+3	0.000000E+0	4.395300E+1
1.641811E-2	3.991790E+3	0.000000E+0	4.413600E+1
1.643695E-2	3.991870E+3	0.000000E+0	4.431600E+1
1.644514E-2	3.991553E+3	0.000000E+0	4.450000E+1
1.646772E-2	3.991400E+3	0.000000E+0	4.467900E+1
1.647391E-2	3.991790E+3	0.000000E+0	4.486200E+1
1.649792E-2	3.992190E+3	0.000000E+0	4.504500E+1
1.650284E-2	3.991950E+3	0.000000E+0	4.522900E+1
1.652380E-2	3.992667E+3	0.000000E+0	4.540900E+1
1.653441E-2	3.993540E+3	0.000000E+0	4.559200E+1
1.655006E-2	3.994337E+3	0.000000E+0	4.577500E+1
1.656480E-2	3.995290E+3	0.000000E+0	4.595500E+1
1.657846E-2	3.995210E+3	0.000000E+0	4.614400E+1
1.659641E-2	3.995210E+3	0.000000E+0	4.632600E+1
1.660259E-2	3.994413E+3	0.000000E+0	4.651000E+1
1.662594E-2	3.993460E+3	0.000000E+0	4.669300E+1
1.663210E-2	3.993220E+3	0.000000E+0	4.687700E+1
1.665646E-2	3.993060E+3	0.000000E+0	4.705700E+1
1.666195E-2	3.992907E+3	0.000000E+0	4.723900E+1
1.668439E-2	3.992983E+3	0.000000E+0	4.742000E+1
1.669365E-2	3.993620E+3	0.000000E+0	4.760100E+1
1.671170E-2	3.994100E+3	0.000000E+0	4.778200E+1
1.672463E-2	3.994260E+3	0.000000E+0	4.796500E+1
1.673839E-2	3.993940E+3	0.000000E+0	4.814500E+1
1.675519E-2	3.993300E+3	0.000000E+0	4.832800E+1
1.676491E-2	3.993300E+3	0.000000E+0	4.850900E+1
1.678649E-2	3.993460E+3	0.000000E+0	4.869200E+1
1.679216E-2	3.992827E+3	0.000000E+0	4.887200E+1
1.681578E-2	3.992270E+3	0.000000E+0	4.905200E+1
1.682075E-2	3.992983E+3	0.000000E+0	4.923300E+1
1.684181E-2	3.993540E+3	0.000000E+0	4.941500E+1
1.685219E-2	3.992983E+3	0.000000E+0	4.959800E+1
1.687044E-2	3.991950E+3	0.000000E+0	4.977400E+1
1.688316E-2	3.991320E+3	0.000000E+0	4.995800E+1
1.689452E-2	3.991400E+3	0.000000E+0	5.013700E+1
1.691356E-2	3.991080E+3	0.000000E+0	5.031700E+1
1.692087E-2	3.990123E+3	0.000000E+0	5.050100E+1
1.694365E-2	3.989250E+3	0.000000E+0	5.068400E+1
1.695052E-2	3.988610E+3	0.000000E+0	5.086800E+1
1.697386E-2	3.988300E+3	0.000000E+0	5.104800E+1
1.697921E-2	3.988453E+3	0.000000E+0	5.123000E+1
1.700047E-2	3.988850E+3	0.000000E+0	5.140800E+1
1.701049E-2	3.989250E+3	0.000000E+0	5.159000E+1
1.702495E-2	3.989250E+3	0.000000E+0	5.177100E+1
1.704101E-2	3.988613E+3	0.000000E+0	5.194900E+1
1.705322E-2	3.988060E+3	0.000000E+0	5.212900E+1
1.707283E-2	3.987660E+3	0.000000E+0	5.231100E+1
1.708045E-2	3.986550E+3	0.000000E+0	5.249200E+1
1.710349E-2	3.986150E+3	0.000000E+0	5.267100E+1
1.710870E-2	3.986470E+3	0.000000E+0	5.285300E+1
1.713215E-2	3.986870E+3	0.000000E+0	5.303300E+1
1.713902E-2	3.987100E+3	0.000000E+0	5.321700E+1
1.715992E-2	3.987180E+3	0.000000E+0	5.339900E+1
1.716985E-2	3.987580E+3	0.000000E+0	5.357700E+1
1.718435E-2	3.987340E+3	0.000000E+0	5.375700E+1
1.720107E-2	3.986790E+3	0.000000E+0	5.394000E+1
1.721185E-2	3.986710E+3	0.000000E+0	5.412000E+1
1.723245E-2	3.987580E+3	0.000000E+0	5.430300E+1
1.723877E-2	3.988060E+3	0.000000E+0	5.448700E+1
1.726192E-2	3.988453E+3	0.000000E+0	5.466800E+1
1.726797E-2	3.988530E+3	0.000000E+0	5.484900E+1
1.729148E-2	3.988060E+3	0.000000E+0	5.503000E+1
1.729811E-2	3.987420E+3	0.000000E+0	5.521300E+1
1.731941E-2	3.986870E+3	0.000000E+0	5.539300E+1
1.732931E-2	3.987103E+3	0.000000E+0	5.557900E+1
1.734401E-2	3.987500E+3	0.000000E+0	5.576000E+1
1.736048E-2	3.986710E+3	0.000000E+0	5.594300E+1
1.737228E-2	3.986390E+3	0.000000E+0	5.612500E+1
1.739175E-2	3.986470E+3	0.000000E+0	5.630600E+1
1.739876E-2	3.986790E+3	0.000000E+0	5.649000E+1
1.742251E-2	3.987023E+3	0.000000E+0	5.667200E+1
1.742686E-2	3.986630E+3	0.000000E+0	5.685300E+1
1.745148E-2	3.985593E+3	0.000000E+0	5.703700E+1
1.745812E-2	3.984800E+3	0.000000E+0	5.721700E+1
1.747811E-2	3.984720E+3	0.000000E+0	5.739700E+1
1.748898E-2	3.984320E+3	0.000000E+0	5.757900E+1
1.750489E-2	3.983847E+3	0.000000E+0	5.775800E+1
1.752039E-2	3.983290E+3	0.000000E+0	5.793800E+1
1.752908E-2	3.983210E+3	0.000000E+0	5.811500E+1
1.755050E-2	3.983530E+3	0.000000E+0	5.829600E+1
1.755691E-2	3.983770E+3	0.000000E+0	5.847400E+1
1.758002E-2	3.983770E+3	0.000000E+0	5.865400E+1
1.758585E-2	3.983530E+3	0.000000E+0	5.883400E+1
1.760568E-2	3.982730E+3	0.000000E+0	5.901600E+1
1.761694E-2	3.982337E+3	0.000000E+0	5.919300E+1
1.763382E-2	3.982020E+3	0.000000E+0	5.937500E+1
1.764861E-2	3.981380E+3	0.000000E+0	5.955800E+1
1.766110E-2	3.981300E+3	0.000000E+0	5.973600E+1
1.767941E-2	3.981140E+3	0.000000E+0	5.991900E+1
1.768753E-2	3.981140E+3	0.000000E+0	6.009900E+1
1.771024E-2	3.981140E+3	0.000000E+0	6.028000E+1
1.771595E-2	3.981140E+3	0.000000E+0	6.046200E+1
1.773919E-2	3.980903E+3	0.000000E+0	6.064500E+1
1.774480E-2	3.979950E+3	0.000000E+0	6.082500E+1
1.776654E-2	3.979000E+3	0.000000E+0	6.100800E+1
1.777668E-2	3.978760E+3	0.000000E+0	6.119200E+1
1.779321E-2	3.978520E+3	0.000000E+0	6.137500E+1
1.780786E-2	3.978040E+3	0.000000E+0	6.156000E+1
1.781979E-2	3.977963E+3	0.000000E+0	6.174200E+1
1.783881E-2	3.977490E+3	0.000000E+0	6.192500E+1
1.784685E-2	3.977490E+3	0.000000E+0	6.210800E+1
1.787035E-2	3.976930E+3	0.000000E+0	6.228700E+1
1.787372E-2	3.976293E+3	0.000000E+0	6.246900E+1
1.789708E-2	3.975900E+3	0.000000E+0	6.265100E+1
1.790493E-2	3.975103E+3	0.000000E+0	6.283200E+1
1.792710E-2	3.974470E+3	0.000000E+0	6.301500E+1
1.793690E-2	3.974230E+3	0.000000E+0	6.319800E+1
1.795348E-2	3.974150E+3	0.000000E+0	6.337800E+1
1.796810E-2	3.973910E+3	0.000000E+0	6.355700E+1
1.797855E-2	3.974150E+3	0.000000E+0	6.373400E+1
1.799883E-2	3.974070E+3	0.000000E+0	6.391700E+1
1.800620E-2	3.973750E+3	0.000000E+0	6.409700E+1
1.802913E-2	3.973750E+3	0.000000E+0	6.427900E+1
1.803529E-2	3.974150E+3	0.000000E+0	6.446000E+1
1.805979E-2	3.974150E+3	0.000000E+0	6.464300E+1
1.806537E-2	3.973357E+3	0.000000E+0	6.482200E+1
1.808483E-2	3.972320E+3	0.000000E+0	6.500300E+1
1.809659E-2	3.971450E+3	0.000000E+0	6.518400E+1
1.811148E-2	3.970970E+3	0.000000E+0	6.536600E+1
1.812753E-2	3.970333E+3	0.000000E+0	6.554800E+1
1.813835E-2	3.970333E+3	0.000000E+0	6.572800E+1
1.815828E-2	3.969860E+3	0.000000E+0	6.590900E+1
1.816382E-2	3.968907E+3	0.000000E+0	6.609200E+1
1.818711E-2	3.968670E+3	0.000000E+0	6.627400E+1
1.819375E-2	3.968270E+3	0.000000E+0	6.645800E+1
1.821771E-2	3.968510E+3	0.000000E+0	6.663900E+1
1.822499E-2	3.969460E+3	0.000000E+0	6.682200E+1
1.824520E-2	3.969620E+3	0.000000E+0	6.700400E+1
1.825611E-2	3.968983E+3	0.000000E+0	6.718500E+1
1.827317E-2	3.968110E+3	0.000000E+0	6.736700E+1
1.828813E-2	3.967077E+3	0.000000E+0	6.754800E+1
1.830004E-2	3.966680E+3	0.000000E+0	6.772800E+1
1.831870E-2	3.966600E+3	0.000000E+0	6.791200E+1
1.832610E-2	3.966360E+3	0.000000E+0	6.809300E+1
1.834970E-2	3.966040E+3	0.000000E+0	6.827800E+1
1.835511E-2	3.966200E+3	0.000000E+0	6.846000E+1
1.837905E-2	3.966120E+3	0.000000E+0	6.864200E+1
1.838536E-2	3.964693E+3	0.000000E+0	6.882300E+1
1.840187E-2	3.963420E+3	0.000000E+0	6.900500E+1
1.841793E-2	3.962230E+3	0.000000E+0	6.918700E+1
1.842837E-2	3.961197E+3	0.000000E+0	6.937200E+1
1.845025E-2	3.960400E+3	0.000000E+0	6.955100E+1
1.845313E-2	3.959920E+3	0.000000E+0	6.973400E+1
1.846899E-2	3.959690E+3	0.000000E+0	6.991700E+1
1.848321E-2	3.959290E+3	0.000000E+0	7.009700E+1
1.849538E-2	3.958970E+3	0.000000E+0	7.027800E+1
1.850455E-2	3.958650E+3	0.000000E+0	7.045900E+1
1.851195E-2	3.958260E+3	0.000000E+0	7.063900E+1
1.851848E-2	3.958020E+3	0.000000E+0	7.082100E+1
1.852379E-2	3.958260E+3	0.000000E+0	7.100400E+1
1.856757E-2	3.957940E+3	0.000000E+0	7.118600E+1
1.859412E-2	3.957063E+3	0.000000E+0	7.136600E+1
1.860960E-2	3.955790E+3	0.000000E+0	7.154600E+1
1.862740E-2	3.955000E+3	0.000000E+0	7.172600E+1
1.863391E-2	3.954680E+3	0.000000E+0	7.190600E+1
1.865685E-2	3.954043E+3	0.000000E+0	7.208800E+1
1.866386E-2	3.952770E+3	0.000000E+0	7.226900E+1
1.868810E-2	3.951580E+3	0.000000E+0	7.244900E+1
1.869410E-2	3.949753E+3	0.000000E+0	7.263200E+1
1.871717E-2	3.948720E+3	0.000000E+0	7.281600E+1
1.872544E-2	3.948080E+3	0.000000E+0	7.299900E+1
1.874363E-2	3.947130E+3	0.000000E+0	7.318300E+1
1.875740E-2	3.946097E+3	0.000000E+0	7.336600E+1
1.877061E-2	3.945460E+3	0.000000E+0	7.355100E+1
1.878766E-2	3.945063E+3	0.000000E+0	7.373300E+1
1.879981E-2	3.943630E+3	0.000000E+0	7.391600E+1
1.881896E-2	3.943000E+3	0.000000E+0	7.410000E+1
1.882758E-2	3.943230E+3	0.000000E+0	7.428100E+1
1.884992E-2	3.942997E+3	0.000000E+0	7.446300E+1
1.885469E-2	3.941567E+3	0.000000E+0	7.464400E+1
1.887685E-2	3.940453E+3	0.000000E+0	7.482600E+1
1.888643E-2	3.939660E+3	0.000000E+0	7.500700E+1
1.890221E-2	3.938387E+3	0.000000E+0	7.519100E+1
1.891622E-2	3.936560E+3	0.000000E+0	7.537400E+1
1.892990E-2	3.935210E+3	0.000000E+0	7.555400E+1
1.894497E-2	3.934173E+3	0.000000E+0	7.573400E+1
1.895837E-2	3.933220E+3	0.000000E+0	7.591700E+1
1.897285E-2	3.932347E+3	0.000000E+0	7.610100E+1
1.898732E-2	3.931157E+3	0.000000E+0	7.628000E+1
1.900261E-2	3.930520E+3	0.000000E+0	7.646000E+1
1.901635E-2	3.929803E+3	0.000000E+0	7.664300E+1
1.903099E-2	3.928533E+3	0.000000E+0	7.682700E+1
1.904719E-2	3.926783E+3	0.000000E+0	7.700700E+1
1.906172E-2	3.925510E+3	0.000000E+0	7.718600E+1
1.907551E-2	3.924560E+3	0.000000E+0	7.736800E+1
1.909037E-2	3.923763E+3	0.000000E+0	7.755300E+1
1.910488E-2	3.922650E+3	0.000000E+0	7.773600E+1
1.911901E-2	3.921460E+3	0.000000E+0	7.791600E+1
1.913317E-2	3.920027E+3	0.000000E+0	7.809900E+1
1.914837E-2	3.918917E+3	0.000000E+0	7.828700E+1
1.916245E-2	3.917487E+3	0.000000E+0	7.846600E+1
1.917666E-2	3.916450E+3	0.000000E+0	7.864800E+1
1.919186E-2	3.915100E+3	0.000000E+0	7.882800E+1
1.920574E-2	3.913670E+3	0.000000E+0	7.900700E+1
1.922035E-2	3.912003E+3	0.000000E+0	7.918700E+1
1.923512E-2	3.910410E+3	0.000000E+0	7.936900E+1
1.924841E-2	3.909300E+3	0.000000E+0	7.955000E+1
1.926434E-2	3.908187E+3	0.000000E+0	7.973400E+1
1.927913E-2	3.906757E+3	0.000000E+0	7.991800E+1
1.929279E-2	3.905390E+3	0.000000E+0	8.010000E+1
1.930813E-2	3.904040E+3	0.000000E+0	8.028000E+1
1.932212E-2	3.901573E+3	0.000000E+0	8.046100E+1
1.933622E-2	3.899430E+3	0.000000E+0	8.064100E+1
1.935155E-2	3.897523E+3	0.000000E+0	8.082100E+1
1.936557E-2	3.896013E+3	0.000000E+0	8.100500E+1
1.938010E-2	3.894503E+3	0.000000E+0	8.118800E+1
1.939363E-2	3.892437E+3	0.000000E+0	8.137100E+1
1.940847E-2	3.890607E+3	0.000000E+0	8.155400E+1
1.942347E-2	3.888463E+3	0.000000E+0	8.173400E+1
1.943741E-2	3.886633E+3	0.000000E+0	8.191700E+1
1.945121E-2	3.884253E+3	0.000000E+0	8.209800E+1
1.946617E-2	3.881547E+3	0.000000E+0	8.228100E+1
1.948113E-2	3.879087E+3	0.000000E+0	8.246300E+1
1.949590E-2	3.876780E+3	0.000000E+0	8.264800E+1
1.951073E-2	3.874793E+3	0.000000E+0	8.282800E+1
1.952590E-2	3.873123E+3	0.000000E+0	8.301100E+1
1.954067E-2	3.871457E+3	0.000000E+0	8.319400E+1
1.955332E-2	3.868913E+3	0.000000E+0	8.337400E+1
1.956843E-2	3.865733E+3	0.000000E+0	8.355400E+1
1.958271E-2	3.863747E+3	0.000000E+0	8.373400E+1
1.959822E-2	3.862237E+3	0.000000E+0	8.391500E+1
1.961230E-2	3.859853E+3	0.000000E+0	8.409700E+1
1.962582E-2	3.857073E+3	0.000000E+0	8.428300E+1
1.963984E-2	3.854687E+3	0.000000E+0	8.446400E+1
1.965486E-2	3.851907E+3	0.000000E+0	8.464400E+1
1.966924E-2	3.848570E+3	0.000000E+0	8.482700E+1
1.968398E-2	3.845150E+3	0.000000E+0	8.501000E+1
1.969614E-2	3.842527E+3	0.000000E+0	8.519400E+1
1.971068E-2	3.840620E+3	0.000000E+0	8.537500E+1
1.972476E-2	3.838000E+3	0.000000E+0	8.555700E+1
1.973367E-2	3.834740E+3	0.000000E+0	8.573700E+1
1.975450E-2	3.831957E+3	0.000000E+0	8.592000E+1
1.976277E-2	3.828300E+3	0.000000E+0	8.610000E+1
1.978563E-2	3.824727E+3	0.000000E+0	8.628400E+1
1.979128E-2	3.821387E+3	0.000000E+0	8.646500E+1
1.981489E-2	3.818687E+3	0.000000E+0	8.665100E+1
1.982066E-2	3.814710E+3	0.000000E+0	8.683100E+1
1.984507E-2	3.810180E+3	0.000000E+0	8.701500E+1
1.985279E-2	3.805410E+3	0.000000E+0	8.719500E+1
1.986907E-2	3.801120E+3	0.000000E+0	8.737700E+1
1.988310E-2	3.797310E+3	0.000000E+0	8.755800E+1
1.989711E-2	3.793173E+3	0.000000E+0	8.773800E+1
1.991428E-2	3.788723E+3	0.000000E+0	8.792000E+1
1.992351E-2	3.784273E+3	0.000000E+0	8.809700E+1
1.994517E-2	3.780540E+3	0.000000E+0	8.828100E+1
1.994950E-2	3.776090E+3	0.000000E+0	8.846000E+1
1.997346E-2	3.772117E+3	0.000000E+0	8.864100E+1
1.998097E-2	3.767267E+3	0.000000E+0	8.882300E+1
2.000068E-2	3.761700E+3	0.000000E+0	8.900300E+1
2.001116E-2	3.756780E+3	0.000000E+0	8.918600E+1
2.002370E-2	3.751770E+3	0.000000E+0	8.936600E+1
2.004191E-2	3.747000E+3	0.000000E+0	8.954800E+1
2.005489E-2	3.741200E+3	0.000000E+0	8.973000E+1
2.007346E-2	3.735003E+3	0.000000E+0	8.991000E+1
2.008236E-2	3.728327E+3	0.000000E+0	9.008800E+1
2.010456E-2	3.721887E+3	0.000000E+0	9.027000E+1
2.011013E-2	3.715850E+3	0.000000E+0	9.045900E+1
2.013400E-2	3.710920E+3	0.000000E+0	9.063900E+1
2.014005E-2	3.704483E+3	0.000000E+0	9.082200E+1
2.016285E-2	3.697887E+3	0.000000E+0	9.101000E+1
2.017146E-2	3.690653E+3	0.000000E+0	9.119200E+1
2.018771E-2	3.683267E+3	0.000000E+0	9.137100E+1
2.020193E-2	3.676033E+3	0.000000E+0	9.155500E+1
2.021408E-2	3.668323E+3	0.000000E+0	9.173300E+1
2.023243E-2	3.660850E+3	0.000000E+0	9.191900E+1
2.023959E-2	3.652747E+3	0.000000E+0	9.210000E+1
2.026229E-2	3.645753E+3	0.000000E+0	9.228000E+1
2.026797E-2	3.637647E+3	0.000000E+0	9.246200E+1
2.029240E-2	3.629860E+3	0.000000E+0	9.263900E+1
2.029813E-2	3.620720E+3	0.000000E+0	9.282000E+1
2.031997E-2	3.611820E+3	0.000000E+0	9.300200E+1
2.032911E-2	3.603153E+3	0.000000E+0	9.318200E+1
2.034557E-2	3.594493E+3	0.000000E+0	9.336400E+1
2.036050E-2	3.585990E+3	0.000000E+0	9.354500E+1
2.037198E-2	3.576370E+3	0.000000E+0	9.372800E+1
2.039157E-2	3.566837E+3	0.000000E+0	9.390800E+1
2.039850E-2	3.556347E+3	0.000000E+0	9.409100E+1
2.042102E-2	3.547367E+3	0.000000E+0	9.427100E+1
2.042682E-2	3.537750E+3	0.000000E+0	9.445200E+1
2.045000E-2	3.528690E+3	0.000000E+0	9.463400E+1
2.045705E-2	3.518117E+3	0.000000E+0	9.481600E+1
2.047705E-2	3.508187E+3	0.000000E+0	9.500100E+1
2.048799E-2	3.498093E+3	0.000000E+0	9.518700E+1
2.050464E-2	3.487520E+3	0.000000E+0	9.536700E+1
2.051913E-2	3.477350E+3	0.000000E+0	9.554800E+1
2.052808E-2	3.466780E+3	0.000000E+0	9.573100E+1
2.054883E-2	3.457003E+3	0.000000E+0	9.590900E+1
2.055693E-2	3.446277E+3	0.000000E+0	9.608700E+1
2.057927E-2	3.435787E+3	0.000000E+0	9.627000E+1
2.058496E-2	3.424343E+3	0.000000E+0	9.645000E+1
2.060808E-2	3.414170E+3	0.000000E+0	9.663200E+1
2.061476E-2	3.403757E+3	0.000000E+0	9.681300E+1
2.063406E-2	3.394540E+3	0.000000E+0	9.699500E+1
2.064601E-2	3.385880E+3	0.000000E+0	9.717500E+1
2.066031E-2	3.377057E+3	0.000000E+0	9.735800E+1
2.067680E-2	3.368073E+3	0.000000E+0	9.753900E+1
2.068761E-2	3.358777E+3	0.000000E+0	9.772300E+1
2.070728E-2	3.350590E+3	0.000000E+0	9.790600E+1
2.071468E-2	3.341450E+3	0.000000E+0	9.808800E+1
2.073739E-2	3.333583E+3	0.000000E+0	9.826800E+1
2.074290E-2	3.325557E+3	0.000000E+0	9.844900E+1
2.076595E-2	3.318880E+3	0.000000E+0	9.862800E+1
2.077359E-2	3.312207E+3	0.000000E+0	9.880800E+1
2.079296E-2	3.306007E+3	0.000000E+0	9.898800E+1
2.080431E-2	3.300760E+3	0.000000E+0	9.917000E+1
2.081939E-2	3.295753E+3	0.000000E+0	9.935100E+1
2.083521E-2	3.291303E+3	0.000000E+0	9.953200E+1
2.084436E-2	3.287727E+3	0.000000E+0	9.971400E+1
2.086579E-2	3.285820E+3	0.000000E+0	9.989800E+1
2.087246E-2	3.283753E+3	0.000000E+0	1.000790E+2
2.089507E-2	3.282800E+3	0.000000E+0	1.002590E+2
2.090108E-2	3.283040E+3	0.000000E+0	1.004400E+2
2.092392E-2	3.283753E+3	0.000000E+0	1.006180E+2
2.093220E-2	3.285263E+3	0.000000E+0	1.008000E+2
2.094906E-2	3.287253E+3	0.000000E+0	1.009810E+2
2.096229E-2	3.290110E+3	0.000000E+0	1.011630E+2
2.097625E-2	3.293770E+3	0.000000E+0	1.013440E+2
2.099235E-2	3.297900E+3	0.000000E+0	1.015300E+2
2.100237E-2	3.302750E+3	0.000000E+0	1.017100E+2
2.102305E-2	3.308313E+3	0.000000E+0	1.018870E+2
2.102830E-2	3.314907E+3	0.000000E+0	1.020660E+2
2.105237E-2	3.321027E+3	0.000000E+0	1.022470E+2
2.105814E-2	3.328497E+3	0.000000E+0	1.024280E+2
2.107932E-2	3.335807E+3	0.000000E+0	1.026090E+2
2.108916E-2	3.343913E+3	0.000000E+0	1.027930E+2
2.110582E-2	3.352500E+3	0.000000E+0	1.029720E+2
2.111906E-2	3.361240E+3	0.000000E+0	1.031520E+2
2.113143E-2	3.371570E+3	0.000000E+0	1.033340E+2
2.114994E-2	3.381427E+3	0.000000E+0	1.035150E+2
2.115855E-2	3.392633E+3	0.000000E+0	1.036980E+2
2.118028E-2	3.403123E+3	0.000000E+0	1.038810E+2
2.118488E-2	3.414723E+3	0.000000E+0	1.040610E+2
2.120804E-2	3.425533E+3	0.000000E+0	1.042450E+2
2.121583E-2	3.435943E+3	0.000000E+0	1.044280E+2
2.123654E-2	3.446197E+3	0.000000E+0	1.046080E+2
2.124657E-2	3.456923E+3	0.000000E+0	1.047860E+2
2.126161E-2	3.467573E+3	0.000000E+0	1.049670E+2
2.127704E-2	3.479340E+3	0.000000E+0	1.051470E+2
2.128845E-2	3.491653E+3	0.000000E+0	1.053340E+2
2.130745E-2	3.503337E+3	0.000000E+0	1.055170E+2
2.131586E-2	3.515737E+3	0.000000E+0	1.057020E+2
2.133763E-2	3.527020E+3	0.000000E+0	1.058830E+2
2.134468E-2	3.539020E+3	0.000000E+0	1.060650E+2
2.136818E-2	3.549750E+3	0.000000E+0	1.062460E+2
2.137387E-2	3.561193E+3	0.000000E+0	1.064290E+2
2.139566E-2	3.572000E+3	0.000000E+0	1.066090E+2
2.140405E-2	3.583207E+3	0.000000E+0	1.067890E+2
2.141937E-2	3.593860E+3	0.000000E+0	1.069700E+2
2.143387E-2	3.603633E+3	0.000000E+0	1.071520E+2
2.144631E-2	3.613883E+3	0.000000E+0	1.073340E+2
2.146429E-2	3.624057E+3	0.000000E+0	1.075180E+2
2.147176E-2	3.635580E+3	0.000000E+0	1.077010E+2
2.149338E-2	3.645040E+3	0.000000E+0	1.078860E+2
2.150020E-2	3.654413E+3	0.000000E+0	1.080660E+2
2.152366E-2	3.663710E+3	0.000000E+0	1.082470E+2
2.153024E-2	3.672930E+3	0.000000E+0	1.084250E+2
2.155003E-2	3.681120E+3	0.000000E+0	1.086070E+2
2.156113E-2	3.689700E+3	0.000000E+0	1.087880E+2
2.157712E-2	3.698440E+3	0.000000E+0	1.089670E+2
2.159142E-2	3.706710E+3	0.000000E+0	1.091510E+2
2.160456E-2	3.714973E+3	0.000000E+0	1.093310E+2
2.162219E-2	3.722680E+3	0.000000E+0	1.095110E+2
2.162983E-2	3.731107E+3	0.000000E+0	1.096910E+2
2.165174E-2	3.738417E+3	0.000000E+0	1.098730E+2
2.165773E-2	3.745573E+3	0.000000E+0	1.100570E+2
2.168072E-2	3.751770E+3	0.000000E+0	1.102370E+2
2.168713E-2	3.758763E+3	0.000000E+0	1.104180E+2
2.170612E-2	3.765440E+3	0.000000E+0	1.106000E+2
2.171780E-2	3.772117E+3	0.000000E+0	1.107810E+2
2.173381E-2	3.779187E+3	0.000000E+0	1.109600E+2
2.174813E-2	3.785707E+3	0.000000E+0	1.111410E+2
2.175561E-2	3.792460E+3	0.000000E+0	1.113230E+2
2.177724E-2	3.798023E+3	0.000000E+0	1.115040E+2
2.178586E-2	3.803663E+3	0.000000E+0	1.116860E+2
2.180744E-2	3.808197E+3	0.000000E+0	1.118660E+2
2.181393E-2	3.813280E+3	0.000000E+0	1.120480E+2
2.183630E-2	3.818370E+3	0.000000E+0	1.122290E+2
2.184370E-2	3.824487E+3	0.000000E+0	1.124130E+2
2.186342E-2	3.829890E+3	0.000000E+0	1.125920E+2
2.187376E-2	3.834580E+3	0.000000E+0	1.127740E+2
2.188826E-2	3.838950E+3	0.000000E+0	1.129510E+2
2.190408E-2	3.843080E+3	0.000000E+0	1.131310E+2
2.191416E-2	3.847300E+3	0.000000E+0	1.133130E+2
2.193440E-2	3.850950E+3	0.000000E+0	1.134940E+2
2.194201E-2	3.854847E+3	0.000000E+0	1.136760E+2
2.196325E-2	3.858980E+3	0.000000E+0	1.138570E+2
2.196939E-2	3.863190E+3	0.000000E+0	1.140410E+2
2.199002E-2	3.866847E+3	0.000000E+0	1.142220E+2
2.200012E-2	3.870500E+3	0.000000E+0	1.144000E+2
2.201791E-2	3.874397E+3	0.000000E+0	1.145820E+2
2.203019E-2	3.878290E+3	0.000000E+0	1.147630E+2
2.204432E-2	3.881627E+3	0.000000E+0	1.149450E+2
2.206065E-2	3.884253E+3	0.000000E+0	1.151260E+2
2.207023E-2	3.887270E+3	0.000000E+0	1.153070E+2
2.209052E-2	3.889973E+3	0.000000E+0	1.154890E+2
2.209679E-2	3.892753E+3	0.000000E+0	1.156670E+2
2.211951E-2	3.895297E+3	0.000000E+0	1.158510E+2
2.212511E-2	3.898397E+3	0.000000E+0	1.160320E+2
2.214694E-2	3.901733E+3	0.000000E+0	1.162130E+2
2.215585E-2	3.905317E+3	0.000000E+0	1.163950E+2
2.217323E-2	3.908583E+3	0.000000E+0	1.165770E+2
2.218580E-2	3.911527E+3	0.000000E+0	1.167570E+2
2.219832E-2	3.914307E+3	0.000000E+0	1.169380E+2
2.221611E-2	3.916693E+3	0.000000E+0	1.171210E+2
2.222496E-2	3.918837E+3	0.000000E+0	1.173010E+2
2.224595E-2	3.921140E+3	0.000000E+0	1.174830E+2
2.225218E-2	3.924003E+3	0.000000E+0	1.176640E+2
2.227523E-2	3.926070E+3	0.000000E+0	1.178470E+2
2.228085E-2	3.927737E+3	0.000000E+0	1.180310E+2
2.230205E-2	3.929247E+3	0.000000E+0	1.182130E+2
2.231116E-2	3.931237E+3	0.000000E+0	1.183940E+2
2.232926E-2	3.933457E+3	0.000000E+0	1.185770E+2
2.234167E-2	3.935607E+3	0.000000E+0	1.187600E+2
2.235557E-2	3.937673E+3	0.000000E+0	1.189410E+2
2.237219E-2	3.939420E+3	0.000000E+0	1.191240E+2
2.238059E-2	3.941090E+3	0.000000E+0	1.193040E+2
2.240129E-2	3.941960E+3	0.000000E+0	1.194870E+2
2.240872E-2	3.942680E+3	0.000000E+0	1.196670E+2
2.243041E-2	3.943950E+3	0.000000E+0	1.198500E+2
2.243656E-2	3.945540E+3	0.000000E+0	1.200310E+2
2.245856E-2	3.947127E+3	0.000000E+0	1.202120E+2
2.246685E-2	3.949117E+3	0.000000E+0	1.203930E+2
2.248269E-2	3.950783E+3	0.000000E+0	1.205740E+2
2.249720E-2	3.951660E+3	0.000000E+0	1.207550E+2
2.251017E-2	3.952930E+3	0.000000E+0	1.209370E+2
2.252692E-2	3.953967E+3	0.000000E+0	1.211150E+2
2.253575E-2	3.955713E+3	0.000000E+0	1.212950E+2
2.255648E-2	3.956983E+3	0.000000E+0	1.214750E+2
2.256184E-2	3.958257E+3	0.000000E+0	1.216540E+2
2.258400E-2	3.959763E+3	0.000000E+0	1.218340E+2
2.259160E-2	3.960640E+3	0.000000E+0	1.220160E+2
2.261163E-2	3.961670E+3	0.000000E+0	1.222010E+2
2.262119E-2	3.962470E+3	0.000000E+0	1.223840E+2
2.263777E-2	3.963103E+3	0.000000E+0	1.225680E+2
2.265152E-2	3.964057E+3	0.000000E+0	1.227520E+2
2.266237E-2	3.965567E+3	0.000000E+0	1.229310E+2
2.268137E-2	3.966760E+3	0.000000E+0	1.231140E+2
2.268955E-2	3.968190E+3	0.000000E+0	1.232980E+2
2.271084E-2	3.969300E+3	0.000000E+0	1.234800E+2
2.271572E-2	3.970177E+3	0.000000E+0	1.236650E+2
2.273769E-2	3.970810E+3	0.000000E+0	1.238450E+2
2.274551E-2	3.971923E+3	0.000000E+0	1.240230E+2
2.276590E-2	3.973753E+3	0.000000E+0	1.242040E+2
2.277620E-2	3.975420E+3	0.000000E+0	1.243860E+2
2.279129E-2	3.976370E+3	0.000000E+0	1.245670E+2
2.280520E-2	3.976370E+3	0.000000E+0	1.247490E+2
2.281674E-2	3.977170E+3	0.000000E+0	1.249290E+2
2.283550E-2	3.978680E+3	0.000000E+0	1.251100E+2
2.284334E-2	3.979950E+3	0.000000E+0	1.252910E+2
2.286479E-2	3.980667E+3	0.000000E+0	1.254720E+2
2.287098E-2	3.980980E+3	0.000000E+0	1.256550E+2
2.289409E-2	3.981860E+3	0.000000E+0	1.258360E+2
2.290027E-2	3.982650E+3	0.000000E+0	1.260190E+2
2.291976E-2	3.982650E+3	0.000000E+0	1.262030E+2
2.293007E-2	3.982810E+3	0.000000E+0	1.263830E+2
2.294475E-2	3.983530E+3	0.000000E+0	1.265650E+2
2.296004E-2	3.984320E+3	0.000000E+0	1.267460E+2
2.297107E-2	3.984960E+3	0.000000E+0	1.269300E+2
2.298991E-2	3.985353E+3	0.000000E+0	1.271100E+2
2.299504E-2	3.985277E+3	0.000000E+0	1.272910E+2
2.301742E-2	3.985353E+3	0.000000E+0	1.274730E+2
2.302398E-2	3.986310E+3	0.000000E+0	1.276540E+2
2.304595E-2	3.987420E+3	0.000000E+0	1.278360E+2
2.305352E-2	3.988060E+3	0.000000E+0	1.280160E+2
2.307229E-2	3.988140E+3	0.000000E+0	1.281970E+2
2.308411E-2	3.988770E+3	0.000000E+0	1.283780E+2
2.309934E-2	3.989963E+3	0.000000E+0	1.285580E+2
2.311363E-2	3.990840E+3	0.000000E+0	1.287380E+2
2.312370E-2	3.991633E+3	0.000000E+0	1.289240E+2
2.314346E-2	3.991870E+3	0.000000E+0	1.291090E+2
2.315172E-2	3.991477E+3	0.000000E+0	1.292910E+2
2.317245E-2	3.990920E+3	0.000000E+0	1.294720E+2
2.317826E-2	3.990920E+3	0.000000E+0	1.296500E+2
2.320129E-2	3.991160E+3	0.000000E+0	1.298310E+2
2.320776E-2	3.990760E+3	0.000000E+0	1.300110E+2
2.322459E-2	3.990120E+3	0.000000E+0	1.301900E+2
2.323730E-2	3.989093E+3	0.000000E+0	1.303730E+2
2.325242E-2	3.987023E+3	0.000000E+0	1.305540E+2
2.326752E-2	3.983767E+3	0.000000E+0	1.307360E+2
2.327383E-2	3.980027E+3	0.000000E+0	1.309170E+2
2.329522E-2	3.980827E+3	0.000000E+0	1.311000E+2
2.330345E-2	3.985510E+3	0.000000E+0	1.312800E+2
2.332593E-2	3.990043E+3	0.000000E+0	1.314610E+2
2.333087E-2	3.993620E+3	0.000000E+0	1.316430E+2
2.335368E-2	3.996403E+3	0.000000E+0	1.318220E+2
2.336071E-2	3.998547E+3	0.000000E+0	1.320050E+2
2.337890E-2	4.000217E+3	0.000000E+0	1.321860E+2
2.338942E-2	4.001170E+3	0.000000E+0	1.323690E+2
2.340429E-2	4.001967E+3	0.000000E+0	1.325490E+2
2.341974E-2	4.003157E+3	0.000000E+0	1.327320E+2
2.342945E-2	4.003550E+3	0.000000E+0	1.329150E+2
2.344894E-2	4.003550E+3	0.000000E+0	1.330980E+2
2.345662E-2	4.003630E+3	0.000000E+0	1.332790E+2
2.347823E-2	4.004350E+3	0.000000E+0	1.334610E+2
2.348329E-2	4.005620E+3	0.000000E+0	1.336430E+2
2.350397E-2	4.006020E+3	0.000000E+0	1.338240E+2
2.351287E-2	4.006420E+3	0.000000E+0	1.340060E+2
2.353178E-2	4.006730E+3	0.000000E+0	1.341870E+2
2.354235E-2	4.007130E+3	0.000000E+0	1.343690E+2
2.355764E-2	4.007687E+3	0.000000E+0	1.345460E+2
2.357285E-2	4.008080E+3	0.000000E+0	1.347320E+2
2.358236E-2	4.007770E+3	0.000000E+0	1.349130E+2
2.360140E-2	4.007690E+3	0.000000E+0	1.350930E+2
2.360789E-2	4.007927E+3	0.000000E+0	1.352730E+2
2.362995E-2	4.008080E+3	0.000000E+0	1.354520E+2
2.363559E-2	4.008480E+3	0.000000E+0	1.356340E+2
2.365675E-2	4.009120E+3	0.000000E+0	1.358150E+2
2.366529E-2	4.009673E+3	0.000000E+0	1.359980E+2
2.368191E-2	4.009910E+3	0.000000E+0	1.361790E+2
2.369426E-2	4.010230E+3	0.000000E+0	1.363580E+2
2.370658E-2	4.010630E+3	0.000000E+0	1.365380E+2
2.372367E-2	4.011900E+3	0.000000E+0	1.367170E+2
2.373337E-2	4.012300E+3	0.000000E+0	1.368990E+2
2.375307E-2	4.011263E+3	0.000000E+0	1.370840E+2
2.375787E-2	4.010230E+3	0.000000E+0	1.372660E+2
2.377916E-2	4.010470E+3	0.000000E+0	1.374470E+2
2.378690E-2	4.011027E+3	0.000000E+0	1.376270E+2
2.380760E-2	4.011580E+3	0.000000E+0	1.378090E+2
2.381628E-2	4.011660E+3	0.000000E+0	1.379950E+2
2.383356E-2	4.011740E+3	0.000000E+0	1.381760E+2
2.384634E-2	4.012140E+3	0.000000E+0	1.383570E+2
2.385817E-2	4.012770E+3	0.000000E+0	1.385390E+2
2.387532E-2	4.012537E+3	0.000000E+0	1.387200E+2
2.388385E-2	4.011980E+3	0.000000E+0	1.389030E+2
2.390411E-2	4.012140E+3	0.000000E+0	1.390830E+2
2.390967E-2	4.012693E+3	0.000000E+0	1.392630E+2
2.393173E-2	4.013490E+3	0.000000E+0	1.394450E+2
2.393839E-2	4.013730E+3	0.000000E+0	1.396260E+2
2.395837E-2	4.013330E+3	0.000000E+0	1.398050E+2
2.396800E-2	4.013170E+3	0.000000E+0	1.399850E+2
2.398247E-2	4.013810E+3	0.000000E+0	1.401670E+2
2.399717E-2	4.014680E+3	0.000000E+0	1.403440E+2
2.400795E-2	4.014680E+3	0.000000E+0	1.405240E+2
2.402592E-2	4.014127E+3	0.000000E+0	1.407070E+2
2.403395E-2	4.014050E+3	0.000000E+0	1.408870E+2
2.405485E-2	4.014360E+3	0.000000E+0	1.410700E+2
2.405927E-2	4.014760E+3	0.000000E+0	1.412500E+2
2.408192E-2	4.015080E+3	0.000000E+0	1.414300E+2
2.408857E-2	4.015477E+3	0.000000E+0	1.416120E+2
2.410820E-2	4.015950E+3	0.000000E+0	1.417940E+2
2.411803E-2	4.016590E+3	0.000000E+0	1.419760E+2
2.413316E-2	4.016510E+3	0.000000E+0	1.421600E+2
2.414804E-2	4.016350E+3	0.000000E+0	1.423420E+2
2.415769E-2	4.015950E+3	0.000000E+0	1.425230E+2
2.417564E-2	4.015950E+3	0.000000E+0	1.427040E+2
2.418311E-2	4.016350E+3	0.000000E+0	1.428850E+2
2.420458E-2	4.016907E+3	0.000000E+0	1.430690E+2
2.420982E-2	4.017380E+3	0.000000E+0	1.432530E+2
2.423218E-2	4.017460E+3	0.000000E+0	1.434330E+2
2.423849E-2	4.017620E+3	0.000000E+0	1.436150E+2
2.425666E-2	4.017380E+3	0.000000E+0	1.437940E+2
2.426737E-2	4.017140E+3	0.000000E+0	1.439740E+2
2.428222E-2	4.017620E+3	0.000000E+0	1.441550E+2
2.429727E-2	4.018100E+3	0.000000E+0	1.443380E+2
2.430751E-2	4.017780E+3	0.000000E+0	1.445230E+2
2.432604E-2	4.017300E+3	0.000000E+0	1.447030E+2
2.433235E-2	4.017140E+3	0.000000E+0	1.448840E+2
2.435471E-2	4.017460E+3	0.000000E+0	1.450660E+2
2.435931E-2	4.017940E+3	0.000000E+0	1.452490E+2
2.438124E-2	4.018573E+3	0.000000E+0	1.454290E+2
2.438871E-2	4.019530E+3	0.000000E+0	1.456100E+2
2.440318E-2	4.019610E+3	0.000000E+0	1.457920E+2
2.441750E-2	4.019210E+3	0.000000E+0	1.459730E+2
2.443041E-2	4.019210E+3	0.000000E+0	1.461510E+2
2.444650E-2	4.018970E+3	0.000000E+0	1.463310E+2
2.445406E-2	4.018570E+3	0.000000E+0	1.465100E+2
2.447505E-2	4.018730E+3	0.000000E+0	1.466890E+2
2.448207E-2	4.019050E+3	0.000000E+0	1.468720E+2
2.450357E-2	4.019050E+3	0.000000E+0	1.470550E+2
2.450884E-2	4.019050E+3	0.000000E+0	1.472360E+2
2.452932E-2	4.019130E+3	0.000000E+0	1.474200E+2
2.453811E-2	4.020087E+3	0.000000E+0	1.476040E+2
2.455590E-2	4.021437E+3	0.000000E+0	1.477860E+2
2.456659E-2	4.021593E+3	0.000000E+0	1.479660E+2
2.457882E-2	4.021517E+3	0.000000E+0	1.481460E+2
2.459536E-2	4.021360E+3	0.000000E+0	1.483260E+2
2.460296E-2	4.020720E+3	0.000000E+0	1.485080E+2
2.462363E-2	4.020240E+3	0.000000E+0	1.486890E+2
2.462931E-2	4.020480E+3	0.000000E+0	1.488690E+2
2.465139E-2	4.020720E+3	0.000000E+0	1.490520E+2
2.465760E-2	4.020720E+3	0.000000E+0	1.492350E+2
2.467461E-2	4.021120E+3	0.000000E+0	1.494150E+2
2.468569E-2	4.021120E+3	0.000000E+0	1.495950E+2
2.470388E-2	4.020480E+3	0.000000E+0	1.497770E+2
2.471550E-2	4.019370E+3	0.000000E+0	1.499600E+2
2.472697E-2	4.017940E+3	0.000000E+0	1.501410E+2
2.474392E-2	4.017620E+3	0.000000E+0	1.503230E+2
2.475280E-2	4.018337E+3	0.000000E+0	1.505010E+2
2.477210E-2	4.018970E+3	0.000000E+0	1.506850E+2
2.477783E-2	4.018730E+3	0.000000E+0	1.508660E+2
2.479984E-2	4.018730E+3	0.000000E+0	1.510470E+2
2.480529E-2	4.019290E+3	0.000000E+0	1.512260E+2
2.482560E-2	4.019770E+3	0.000000E+0	1.514090E+2
2.483448E-2	4.020087E+3	0.000000E+0	1.515840E+2
2.485047E-2	4.020087E+3	0.000000E+0	1.517690E+2
2.486350E-2	4.020320E+3	0.000000E+0	1.519510E+2
2.487263E-2	4.020320E+3	0.000000E+0	1.521310E+2
2.489172E-2	4.020163E+3	0.000000E+0	1.523130E+2
2.489839E-2	4.020163E+3	0.000000E+0	1.524930E+2
2.491960E-2	4.020720E+3	0.000000E+0	1.526760E+2
2.492443E-2	4.021120E+3	0.000000E+0	1.528530E+2
2.494313E-2	4.021360E+3	0.000000E+0	1.530370E+2
2.495210E-2	4.020960E+3	0.000000E+0	1.532190E+2
2.497248E-2	4.020560E+3	0.000000E+0	1.534000E+2
2.498134E-2	4.020640E+3	0.000000E+0	1.535810E+2
2.499735E-2	4.020880E+3	0.000000E+0	1.537630E+2
2.501032E-2	4.020720E+3	0.000000E+0	1.539450E+2
2.502103E-2	4.020880E+3	0.000000E+0	1.541260E+2
2.503803E-2	4.020640E+3	0.000000E+0	1.543060E+2
2.504644E-2	4.020720E+3	0.000000E+0	1.544880E+2
2.506640E-2	4.021437E+3	0.000000E+0	1.546670E+2
2.507140E-2	4.021357E+3	0.000000E+0	1.548520E+2
2.509338E-2	4.020720E+3	0.000000E+0	1.550360E+2
2.509998E-2	4.020240E+3	0.000000E+0	1.552180E+2
2.511896E-2	4.020320E+3	0.000000E+0	1.553980E+2
2.512867E-2	4.020320E+3	0.000000E+0	1.555820E+2
2.514114E-2	4.020087E+3	0.000000E+0	1.557660E+2
2.515649E-2	4.020320E+3	0.000000E+0	1.559440E+2
2.516921E-2	4.020720E+3	0.000000E+0	1.561280E+2
2.518567E-2	4.020960E+3	0.000000E+0	1.563170E+2
2.519498E-2	4.021517E+3	0.000000E+0	1.565000E+2
2.521388E-2	4.021990E+3	0.000000E+0	1.566800E+2
2.521941E-2	4.022070E+3	0.000000E+0	1.568670E+2
2.524109E-2	4.022150E+3	0.000000E+0	1.570470E+2
2.524672E-2	4.022150E+3	0.000000E+0	1.572300E+2
2.526752E-2	4.022230E+3	0.000000E+0	1.574100E+2
2.527494E-2	4.022867E+3	0.000000E+0	1.575910E+2
2.529005E-2	4.023340E+3	0.000000E+0	1.577730E+2
2.530338E-2	4.022947E+3	0.000000E+0	1.579590E+2
2.531606E-2	4.022630E+3	0.000000E+0	1.581400E+2
2.533165E-2	4.022390E+3	0.000000E+0	1.583230E+2
2.533942E-2	4.022390E+3	0.000000E+0	1.585030E+2
2.535895E-2	4.021990E+3	0.000000E+0	1.586830E+2
2.536519E-2	4.020960E+3	0.000000E+0	1.588650E+2
2.538677E-2	4.020880E+3	0.000000E+0	1.590460E+2
2.539227E-2	4.022070E+3	0.000000E+0	1.592290E+2
2.541287E-2	4.022550E+3	0.000000E+0	1.594090E+2
2.542106E-2	4.022390E+3	0.000000E+0	1.595910E+2
2.543568E-2	4.021990E+3	0.000000E+0	1.597720E+2
2.544925E-2	4.021990E+3	0.000000E+0	1.599520E+2
2.546042E-2	4.022070E+3	0.000000E+0	1.601340E+2
2.547718E-2	4.022470E+3	0.000000E+0	1.603110E+2
2.548515E-2	4.022790E+3	0.000000E+0	1.604900E+2
2.550543E-2	4.022390E+3	0.000000E+0	1.606780E+2
2.550949E-2	4.021753E+3	0.000000E+0	1.608600E+2
2.553202E-2	4.021200E+3	0.000000E+0	1.610410E+2
2.553765E-2	4.020560E+3	0.000000E+0	1.612230E+2
2.555708E-2	4.020720E+3	0.000000E+0	1.614020E+2
2.556573E-2	4.021280E+3	0.000000E+0	1.615840E+2
2.558052E-2	4.021990E+3	0.000000E+0	1.617630E+2
2.559403E-2	4.023027E+3	0.000000E+0	1.619440E+2
2.560370E-2	4.023580E+3	0.000000E+0	1.621270E+2
2.562190E-2	4.023103E+3	0.000000E+0	1.623060E+2
2.562873E-2	4.022310E+3	0.000000E+0	1.624830E+2
2.564960E-2	4.021990E+3	0.000000E+0	1.626650E+2
2.565404E-2	4.021673E+3	0.000000E+0	1.628460E+2
2.567550E-2	4.021200E+3	0.000000E+0	1.630280E+2
2.568173E-2	4.021910E+3	0.000000E+0	1.632090E+2
2.569785E-2	4.022787E+3	0.000000E+0	1.633900E+2
2.570938E-2	4.023180E+3	0.000000E+0	1.635710E+2
2.572291E-2	4.023100E+3	0.000000E+0	1.637500E+2
2.573715E-2	4.023500E+3	0.000000E+0	1.639310E+2
2.574590E-2	4.024060E+3	0.000000E+0	1.641110E+2
2.576521E-2	4.023900E+3	0.000000E+0	1.642910E+2
2.577086E-2	4.022150E+3	0.000000E+0	1.644730E+2
2.579191E-2	4.021200E+3	0.000000E+0	1.646520E+2
2.579762E-2	4.022390E+3	0.000000E+0	1.648290E+2
2.581760E-2	4.023180E+3	0.000000E+0	1.650120E+2
2.582515E-2	4.022710E+3	0.000000E+0	1.651910E+2
2.584061E-2	4.022470E+3	0.000000E+0	1.653720E+2
2.585368E-2	4.022947E+3	0.000000E+0	1.655520E+2
2.586349E-2	4.023180E+3	0.000000E+0	1.657340E+2
2.588098E-2	4.023340E+3	0.000000E+0	1.659150E+2
2.588905E-2	4.023023E+3	0.000000E+0	1.660980E+2
2.590847E-2	4.022710E+3	0.000000E+0	1.662820E+2
2.591378E-2	4.023263E+3	0.000000E+0	1.664650E+2
2.593554E-2	4.023500E+3	0.000000E+0	1.666450E+2
2.594073E-2	4.023023E+3	0.000000E+0	1.668310E+2
2.596070E-2	4.022870E+3	0.000000E+0	1.670150E+2
2.596892E-2	4.022790E+3	0.000000E+0	1.671950E+2
2.598383E-2	4.022390E+3	0.000000E+0	1.673750E+2
2.599582E-2	4.022550E+3	0.000000E+0	1.675510E+2
2.600797E-2	4.023263E+3	0.000000E+0	1.677320E+2
2.602446E-2	4.023980E+3	0.000000E+0	1.679140E+2
2.603130E-2	4.023980E+3	0.000000E+0	1.680980E+2
2.605087E-2	4.023580E+3	0.000000E+0	1.682820E+2
2.605635E-2	4.023580E+3	0.000000E+0	1.684640E+2
2.607824E-2	4.023580E+3	0.000000E+0	1.686480E+2
2.608354E-2	4.023420E+3	0.000000E+0	1.688300E+2
2.610318E-2	4.023180E+3	0.000000E+0	1.690110E+2
2.611126E-2	4.023580E+3	0.000000E+0	1.691910E+2
2.612478E-2	4.024140E+3	0.000000E+0	1.693690E+2
2.613961E-2	4.024540E+3	0.000000E+0	1.695480E+2
2.614932E-2	4.025010E+3	0.000000E+0	1.697330E+2
2.616607E-2	4.025810E+3	0.000000E+0	1.699130E+2
2.617061E-2	4.026200E+3	0.000000E+0	1.700930E+2
2.619247E-2	4.026200E+3	0.000000E+0	1.702740E+2
2.619781E-2	4.025807E+3	0.000000E+0	1.704560E+2
2.621968E-2	4.024853E+3	0.000000E+0	1.706430E+2
2.622574E-2	4.023900E+3	0.000000E+0	1.708210E+2
2.624398E-2	4.023580E+3	0.000000E+0	1.710050E+2
2.625304E-2	4.023660E+3	0.000000E+0	1.711860E+2
2.626930E-2	4.023183E+3	0.000000E+0	1.713680E+2
2.628057E-2	4.022790E+3	0.000000E+0	1.715480E+2
2.629066E-2	4.023183E+3	0.000000E+0	1.717290E+2
2.630824E-2	4.024220E+3	0.000000E+0	1.719120E+2
2.631589E-2	4.023980E+3	0.000000E+0	1.720950E+2
2.633573E-2	4.023580E+3	0.000000E+0	1.722740E+2
2.634100E-2	4.023660E+3	0.000000E+0	1.724560E+2
2.636230E-2	4.024140E+3	0.000000E+0	1.726380E+2
2.636751E-2	4.024773E+3	0.000000E+0	1.728180E+2
2.638375E-2	4.024930E+3	0.000000E+0	1.729980E+2
2.639457E-2	4.024850E+3	0.000000E+0	1.731810E+2
2.640914E-2	4.025330E+3	0.000000E+0	1.733630E+2
2.642190E-2	4.025730E+3	0.000000E+0	1.735440E+2
2.642864E-2	4.025330E+3	0.000000E+0	1.737260E+2
2.644813E-2	4.024850E+3	0.000000E+0	1.739100E+2
2.645620E-2	4.024770E+3	0.000000E+0	1.740910E+2
2.647633E-2	4.024617E+3	0.000000E+0	1.742730E+2
2.648128E-2	4.024540E+3	0.000000E+0	1.744540E+2
2.650249E-2	4.024770E+3	0.000000E+0	1.746330E+2
2.650825E-2	4.024617E+3	0.000000E+0	1.748160E+2
2.652611E-2	4.024060E+3	0.000000E+0	1.749970E+2
2.653488E-2	4.023420E+3	0.000000E+0	1.751760E+2
2.654852E-2	4.022710E+3	0.000000E+0	1.753560E+2
2.656267E-2	4.022630E+3	0.000000E+0	1.755340E+2
2.657137E-2	4.022870E+3	0.000000E+0	1.757160E+2
2.658940E-2	4.022870E+3	0.000000E+0	1.758970E+2
2.659577E-2	4.022630E+3	0.000000E+0	1.760770E+2
2.661577E-2	4.022630E+3	0.000000E+0	1.762560E+2
2.662050E-2	4.022150E+3	0.000000E+0	1.764360E+2
2.663838E-2	4.022230E+3	0.000000E+0	1.766170E+2
2.664742E-2	4.022630E+3	0.000000E+0	1.767970E+2
2.666365E-2	4.023103E+3	0.000000E+0	1.769780E+2
2.667544E-2	4.023580E+3	0.000000E+0	1.771600E+2
2.668791E-2	4.023660E+3	0.000000E+0	1.773460E+2
2.670212E-2	4.023980E+3	0.000000E+0	1.775250E+2
2.671018E-2	4.024060E+3	0.000000E+0	1.777060E+2
2.672904E-2	4.024060E+3	0.000000E+0	1.778860E+2
2.673384E-2	4.024060E+3	0.000000E+0	1.780670E+2
2.675447E-2	4.024140E+3	0.000000E+0	1.782450E+2
2.676016E-2	4.024300E+3	0.000000E+0	1.784250E+2
2.676183E-2	4.025330E+3	0.000000E+0	1.786070E+2
2.676274E-2	4.026360E+3	0.000000E+0	1.787880E+2
2.676359E-2	4.025967E+3	0.000000E+0	1.789670E+2
2.676283E-2	4.025330E+3	0.000000E+0	1.791500E+2
2.676436E-2	4.025010E+3	0.000000E+0	1.793280E+2
2.676407E-2	4.024850E+3	0.000000E+0	1.795110E+2
2.676426E-2	4.024617E+3	0.000000E+0	1.796910E+2
2.676463E-2	4.024770E+3	0.000000E+0	1.798740E+2
2.676418E-2	4.025010E+3	0.000000E+0	1.800540E+2
2.676403E-2	4.026123E+3	0.000000E+0	1.802360E+2
2.676444E-2	4.026920E+3	0.000000E+0	1.804170E+2
2.676457E-2	4.026203E+3	0.000000E+0	1.805970E+2
2.676425E-2	4.025170E+3	0.000000E+0	1.807790E+2
2.676470E-2	4.024540E+3	0.000000E+0	1.809600E+2
2.676431E-2	4.024300E+3	0.000000E+0	1.811420E+2
2.676460E-2	4.024460E+3	0.000000E+0	1.813230E+2
2.676451E-2	4.023423E+3	0.000000E+0	1.815050E+2
2.676485E-2	4.022870E+3	0.000000E+0	1.816850E+2
2.676444E-2	4.023023E+3	0.000000E+0	1.818630E+2
2.676499E-2	4.023340E+3	0.000000E+0	1.820450E+2
2.676413E-2	4.023500E+3	0.000000E+0	1.822280E+2
2.676502E-2	4.023580E+3	0.000000E+0	1.824070E+2
2.676522E-2	4.023340E+3	0.000000E+0	1.825880E+2
2.676482E-2	4.023820E+3	0.000000E+0	1.827740E+2
2.676461E-2	4.024853E+3	0.000000E+0	1.829580E+2
2.676487E-2	4.025650E+3	0.000000E+0	1.831390E+2
2.676472E-2	4.025730E+3	0.000000E+0	1.833210E+2
2.676482E-2	4.025570E+3	0.000000E+0	1.835020E+2
2.676469E-2	4.025250E+3	0.000000E+0	1.836840E+2
2.676467E-2	4.025330E+3	0.000000E+0	1.838660E+2
2.676507E-2	4.025810E+3	0.000000E+0	1.840480E+2
2.676457E-2	4.026123E+3	0.000000E+0	1.842280E+2
2.676477E-2	4.025810E+3	0.000000E+0	1.844070E+2
2.676461E-2	4.025490E+3	0.000000E+0	1.845870E+2
2.676485E-2	4.025010E+3	0.000000E+0	1.847670E+2
2.676474E-2	4.024617E+3	0.000000E+0	1.849490E+2
2.676466E-2	4.024617E+3	0.000000E+0	1.851280E+2
2.676500E-2	4.024540E+3	0.000000E+0	1.853090E+2
2.676523E-2	4.024540E+3	0.000000E+0	1.854890E+2
2.676498E-2	4.024540E+3	0.000000E+0	1.856720E+2
2.676480E-2	4.024930E+3	0.000000E+0	1.858550E+2
2.676444E-2	4.025010E+3	0.000000E+0	1.860320E+2
2.676446E-2	4.024770E+3	0.000000E+0	1.862140E+2
2.676413E-2	4.024537E+3	0.000000E+0	1.863980E+2
2.676277E-2	4.024060E+3	0.000000E+0	1.865780E+2
2.676210E-2	4.023980E+3	0.000000E+0	1.867600E+2
2.676224E-2	4.024773E+3	0.000000E+0	1.869410E+2
2.676166E-2	4.025170E+3	0.000000E+0	1.871250E+2
2.676198E-2	4.025730E+3	0.000000E+0	1.873090E+2
2.676252E-2	4.025410E+3	0.000000E+0	1.874940E+2
2.676250E-2	4.025010E+3	0.000000E+0	1.876810E+2
2.676256E-2	4.025010E+3	0.000000E+0	1.878620E+2
2.676175E-2	4.024773E+3	0.000000E+0	1.880430E+2
2.676212E-2	4.024693E+3	0.000000E+0	1.882220E+2
2.676185E-2	4.024770E+3	0.000000E+0	1.884090E+2
2.676229E-2	4.024540E+3	0.000000E+0	1.885910E+2
2.676149E-2	4.024617E+3	0.000000E+0	1.887730E+2
2.676182E-2	4.024930E+3	0.000000E+0	1.889520E+2
2.676206E-2	4.024617E+3	0.000000E+0	1.891320E+2
2.676243E-2	4.024300E+3	0.000000E+0	1.893120E+2
2.676201E-2	4.024060E+3	0.000000E+0	1.894940E+2
2.676177E-2	4.024300E+3	0.000000E+0	1.896730E+2
2.676154E-2	4.024693E+3	0.000000E+0	1.898530E+2
2.676178E-2	4.024770E+3	0.000000E+0	1.900330E+2
2.676229E-2	4.024773E+3	0.000000E+0	1.902150E+2
2.676220E-2	4.025250E+3	0.000000E+0	1.903980E+2
