X channel: Keithley, channel #5; mode:  DCV; scale:  0.10; X converted, conversion factor:1.000000E+0
Y channel: Lock-in, mkV
II channel: B7-78, Ohm; scale:  10000.000000
X channel	Y channel	II channel	timestamp, sec
2.675946E-2	4.027950E+3	0.000000E+0	0.000000E+0
2.675937E-2	4.027870E+3	0.000000E+0	1.820000E-1
2.675933E-2	4.028350E+3	0.000000E+0	3.620000E-1
2.675887E-2	4.029147E+3	0.000000E+0	5.430000E-1
2.675883E-2	4.029540E+3	0.000000E+0	7.230000E-1
2.675984E-2	4.029303E+3	0.000000E+0	9.070000E-1
2.675913E-2	4.028830E+3	0.000000E+0	1.092000E+0
2.675862E-2	4.028670E+3	0.000000E+0	1.272000E+0
2.675865E-2	4.029303E+3	0.000000E+0	1.454000E+0
2.675917E-2	4.029540E+3	0.000000E+0	1.635000E+0
2.675899E-2	4.029700E+3	0.000000E+0	1.815000E+0
2.675951E-2	4.029303E+3	0.000000E+0	1.998000E+0
2.675911E-2	4.028670E+3	0.000000E+0	2.181000E+0
2.675363E-2	4.027870E+3	0.000000E+0	2.364000E+0
2.674470E-2	4.027950E+3	0.000000E+0	2.547000E+0
2.674190E-2	4.028590E+3	0.000000E+0	2.728000E+0
2.672314E-2	4.029463E+3	0.000000E+0	2.909000E+0
2.671987E-2	4.030497E+3	0.000000E+0	3.089000E+0
2.669980E-2	4.030730E+3	0.000000E+0	3.273000E+0
2.669597E-2	4.030500E+3	0.000000E+0	3.457000E+0
2.667903E-2	4.030500E+3	0.000000E+0	3.636000E+0
2.667117E-2	4.030577E+3	0.000000E+0	3.817000E+0
2.665928E-2	4.030653E+3	0.000000E+0	3.999000E+0
2.664728E-2	4.030020E+3	0.000000E+0	4.181000E+0
2.663854E-2	4.029303E+3	0.000000E+0	4.362000E+0
2.662342E-2	4.029070E+3	0.000000E+0	4.544000E+0
2.661780E-2	4.028830E+3	0.000000E+0	4.725000E+0
2.659969E-2	4.028510E+3	0.000000E+0	4.909000E+0
2.659619E-2	4.028350E+3	0.000000E+0	5.092000E+0
2.657683E-2	4.028190E+3	0.000000E+0	5.270000E+0
2.657208E-2	4.028670E+3	0.000000E+0	5.449000E+0
2.655695E-2	4.029540E+3	0.000000E+0	5.635000E+0
2.654818E-2	4.030020E+3	0.000000E+0	5.814000E+0
2.653534E-2	4.029620E+3	0.000000E+0	5.994000E+0
2.652331E-2	4.029540E+3	0.000000E+0	6.174000E+0
2.651744E-2	4.029303E+3	0.000000E+0	6.356000E+0
2.649940E-2	4.028190E+3	0.000000E+0	6.537000E+0
2.649387E-2	4.028110E+3	0.000000E+0	6.719000E+0
2.647512E-2	4.028750E+3	0.000000E+0	6.900000E+0
2.647172E-2	4.028590E+3	0.000000E+0	7.083000E+0
2.645179E-2	4.028430E+3	0.000000E+0	7.266000E+0
2.644645E-2	4.028190E+3	0.000000E+0	7.447000E+0
2.642954E-2	4.028830E+3	0.000000E+0	7.629000E+0
2.642160E-2	4.029070E+3	0.000000E+0	7.810000E+0
2.640948E-2	4.029147E+3	0.000000E+0	7.992000E+0
2.639687E-2	4.029940E+3	0.000000E+0	8.173000E+0
2.638696E-2	4.031050E+3	0.000000E+0	8.355000E+0
2.637226E-2	4.032243E+3	0.000000E+0	8.536000E+0
2.636596E-2	4.032880E+3	0.000000E+0	8.719000E+0
2.634767E-2	4.033833E+3	0.000000E+0	8.899000E+0
2.634390E-2	4.034150E+3	0.000000E+0	9.079000E+0
2.632627E-2	4.033360E+3	0.000000E+0	9.262000E+0
2.631930E-2	4.032640E+3	0.000000E+0	9.442000E+0
2.630400E-2	4.032560E+3	0.000000E+0	9.624000E+0
2.629487E-2	4.032400E+3	0.000000E+0	9.805000E+0
2.628534E-2	4.031770E+3	0.000000E+0	9.987000E+0
2.627009E-2	4.032007E+3	0.000000E+0	1.016800E+1
2.626037E-2	4.032400E+3	0.000000E+0	1.035000E+1
2.624437E-2	4.032240E+3	0.000000E+0	1.053000E+1
2.623969E-2	4.032400E+3	0.000000E+0	1.070900E+1
2.622067E-2	4.032007E+3	0.000000E+0	1.089000E+1
2.621554E-2	4.031930E+3	0.000000E+0	1.107000E+1
2.619664E-2	4.031930E+3	0.000000E+0	1.125200E+1
2.619012E-2	4.031610E+3	0.000000E+0	1.143300E+1
2.617401E-2	4.031450E+3	0.000000E+0	1.161300E+1
2.616467E-2	4.031450E+3	0.000000E+0	1.179500E+1
2.615368E-2	4.032083E+3	0.000000E+0	1.197600E+1
2.613934E-2	4.032960E+3	0.000000E+0	1.215900E+1
2.613124E-2	4.032800E+3	0.000000E+0	1.234100E+1
2.611371E-2	4.032400E+3	0.000000E+0	1.252500E+1
2.610980E-2	4.032960E+3	0.000000E+0	1.270600E+1
2.609010E-2	4.034230E+3	0.000000E+0	1.289200E+1
2.608559E-2	4.034950E+3	0.000000E+0	1.307700E+1
2.606470E-2	4.034630E+3	0.000000E+0	1.326000E+1
2.605955E-2	4.034867E+3	0.000000E+0	1.344000E+1
2.604810E-2	4.035580E+3	0.000000E+0	1.362100E+1
2.603445E-2	4.035660E+3	0.000000E+0	1.380300E+1
2.602150E-2	4.035260E+3	0.000000E+0	1.398400E+1
2.600824E-2	4.035260E+3	0.000000E+0	1.416500E+1
2.599949E-2	4.035260E+3	0.000000E+0	1.434300E+1
2.598332E-2	4.035183E+3	0.000000E+0	1.452900E+1
2.597693E-2	4.034310E+3	0.000000E+0	1.471200E+1
2.595750E-2	4.033520E+3	0.000000E+0	1.489200E+1
2.595350E-2	4.033753E+3	0.000000E+0	1.507300E+1
2.593359E-2	4.033677E+3	0.000000E+0	1.525500E+1
2.592690E-2	4.033600E+3	0.000000E+0	1.543200E+1
2.591300E-2	4.034070E+3	0.000000E+0	1.561400E+1
2.590123E-2	4.034150E+3	0.000000E+0	1.579400E+1
2.588900E-2	4.033910E+3	0.000000E+0	1.597500E+1
2.587523E-2	4.033830E+3	0.000000E+0	1.616200E+1
2.586895E-2	4.033830E+3	0.000000E+0	1.634200E+1
2.585020E-2	4.033910E+3	0.000000E+0	1.652800E+1
2.584408E-2	4.034070E+3	0.000000E+0	1.670800E+1
2.582394E-2	4.034470E+3	0.000000E+0	1.688900E+1
2.581946E-2	4.034630E+3	0.000000E+0	1.707000E+1
2.579997E-2	4.034950E+3	0.000000E+0	1.724900E+1
2.579288E-2	4.034950E+3	0.000000E+0	1.742900E+1
2.577825E-2	4.034390E+3	0.000000E+0	1.761200E+1
2.576687E-2	4.033910E+3	0.000000E+0	1.779500E+1
2.575597E-2	4.034470E+3	0.000000E+0	1.797600E+1
2.574064E-2	4.034870E+3	0.000000E+0	1.815600E+1
2.573374E-2	4.034790E+3	0.000000E+0	1.833900E+1
2.571465E-2	4.035107E+3	0.000000E+0	1.852200E+1
2.571016E-2	4.035260E+3	0.000000E+0	1.870200E+1
2.568932E-2	4.035260E+3	0.000000E+0	1.888400E+1
2.568447E-2	4.035260E+3	0.000000E+0	1.906500E+1
2.566537E-2	4.035107E+3	0.000000E+0	1.924900E+1
2.565792E-2	4.034710E+3	0.000000E+0	1.943300E+1
2.564308E-2	4.034310E+3	0.000000E+0	1.961000E+1
2.563157E-2	4.034070E+3	0.000000E+0	1.979000E+1
2.561942E-2	4.034070E+3	0.000000E+0	1.997600E+1
2.560511E-2	4.034310E+3	0.000000E+0	2.015700E+1
2.559803E-2	4.035500E+3	0.000000E+0	2.034000E+1
2.557963E-2	4.036220E+3	0.000000E+0	2.052000E+1
2.557495E-2	4.035980E+3	0.000000E+0	2.069900E+1
2.555328E-2	4.034707E+3	0.000000E+0	2.087500E+1
2.554906E-2	4.034070E+3	0.000000E+0	2.105500E+1
2.552935E-2	4.034070E+3	0.000000E+0	2.123700E+1
2.552163E-2	4.033910E+3	0.000000E+0	2.142000E+1
2.550889E-2	4.033360E+3	0.000000E+0	2.159700E+1
2.549556E-2	4.032720E+3	0.000000E+0	2.177600E+1
2.548530E-2	4.032640E+3	0.000000E+0	2.195700E+1
2.546853E-2	4.032480E+3	0.000000E+0	2.213900E+1
2.546177E-2	4.032083E+3	0.000000E+0	2.231600E+1
2.544187E-2	4.032007E+3	0.000000E+0	2.249800E+1
2.543721E-2	4.032160E+3	0.000000E+0	2.268200E+1
2.541753E-2	4.031690E+3	0.000000E+0	2.286200E+1
2.541048E-2	4.031050E+3	0.000000E+0	2.304100E+1
2.539429E-2	4.031050E+3	0.000000E+0	2.322400E+1
2.538301E-2	4.031530E+3	0.000000E+0	2.340400E+1
2.537064E-2	4.032400E+3	0.000000E+0	2.358100E+1
2.535693E-2	4.032800E+3	0.000000E+0	2.376400E+1
2.534945E-2	4.032320E+3	0.000000E+0	2.394300E+1
2.533015E-2	4.031930E+3	0.000000E+0	2.412400E+1
2.532435E-2	4.032087E+3	0.000000E+0	2.430600E+1
2.530397E-2	4.032800E+3	0.000000E+0	2.448500E+1
2.529872E-2	4.033520E+3	0.000000E+0	2.466300E+1
2.528369E-2	4.033753E+3	0.000000E+0	2.484500E+1
2.527200E-2	4.033830E+3	0.000000E+0	2.502600E+1
2.525740E-2	4.034150E+3	0.000000E+0	2.520800E+1
2.524414E-2	4.034550E+3	0.000000E+0	2.539000E+1
2.523191E-2	4.034230E+3	0.000000E+0	2.557900E+1
2.521658E-2	4.034310E+3	0.000000E+0	2.576000E+1
2.520864E-2	4.034310E+3	0.000000E+0	2.594200E+1
2.518983E-2	4.033757E+3	0.000000E+0	2.612700E+1
2.518371E-2	4.033360E+3	0.000000E+0	2.630900E+1
2.516293E-2	4.033600E+3	0.000000E+0	2.649400E+1
2.515750E-2	4.033600E+3	0.000000E+0	2.668100E+1
2.513613E-2	4.033600E+3	0.000000E+0	2.686100E+1
2.513020E-2	4.033910E+3	0.000000E+0	2.704200E+1
2.511373E-2	4.033753E+3	0.000000E+0	2.722400E+1
2.510327E-2	4.033600E+3	0.000000E+0	2.740600E+1
2.509187E-2	4.033520E+3	0.000000E+0	2.758300E+1
2.507611E-2	4.032800E+3	0.000000E+0	2.776300E+1
2.506812E-2	4.032480E+3	0.000000E+0	2.794500E+1
2.504901E-2	4.032800E+3	0.000000E+0	2.812500E+1
2.504492E-2	4.032880E+3	0.000000E+0	2.830800E+1
2.502353E-2	4.032880E+3	0.000000E+0	2.848900E+1
2.501733E-2	4.032960E+3	0.000000E+0	2.867100E+1
2.499711E-2	4.033360E+3	0.000000E+0	2.885200E+1
2.498894E-2	4.033990E+3	0.000000E+0	2.903200E+1
2.497378E-2	4.034070E+3	0.000000E+0	2.921100E+1
2.496131E-2	4.033597E+3	0.000000E+0	2.939400E+1
2.494839E-2	4.033120E+3	0.000000E+0	2.957400E+1
2.493324E-2	4.032960E+3	0.000000E+0	2.975800E+1
2.492525E-2	4.032800E+3	0.000000E+0	2.994100E+1
2.490596E-2	4.032320E+3	0.000000E+0	3.012100E+1
2.490038E-2	4.031930E+3	0.000000E+0	3.030300E+1
2.487878E-2	4.031930E+3	0.000000E+0	3.048200E+1
2.487346E-2	4.031850E+3	0.000000E+0	3.066400E+1
2.485472E-2	4.031450E+3	0.000000E+0	3.084600E+1
2.484585E-2	4.031530E+3	0.000000E+0	3.102700E+1
2.483242E-2	4.032163E+3	0.000000E+0	3.120700E+1
2.481786E-2	4.032400E+3	0.000000E+0	3.138700E+1
2.480816E-2	4.032640E+3	0.000000E+0	3.156700E+1
2.479021E-2	4.032320E+3	0.000000E+0	3.174600E+1
2.478564E-2	4.032007E+3	0.000000E+0	3.192600E+1
2.476475E-2	4.031530E+3	0.000000E+0	3.210700E+1
2.475795E-2	4.031130E+3	0.000000E+0	3.228500E+1
2.473641E-2	4.030970E+3	0.000000E+0	3.246500E+1
2.473001E-2	4.030730E+3	0.000000E+0	3.264800E+1
2.471073E-2	4.030577E+3	0.000000E+0	3.283200E+1
2.470118E-2	4.031767E+3	0.000000E+0	3.301400E+1
2.468735E-2	4.033280E+3	0.000000E+0	3.319500E+1
2.467305E-2	4.033830E+3	0.000000E+0	3.337800E+1
2.466296E-2	4.033360E+3	0.000000E+0	3.355800E+1
2.464548E-2	4.032640E+3	0.000000E+0	3.373800E+1
2.463846E-2	4.032480E+3	0.000000E+0	3.391700E+1
2.461731E-2	4.032720E+3	0.000000E+0	3.410000E+1
2.461278E-2	4.032880E+3	0.000000E+0	3.428100E+1
2.459104E-2	4.032640E+3	0.000000E+0	3.446200E+1
2.458435E-2	4.032320E+3	0.000000E+0	3.464300E+1
2.456952E-2	4.031850E+3	0.000000E+0	3.482600E+1
2.455707E-2	4.031290E+3	0.000000E+0	3.500500E+1
2.454311E-2	4.031210E+3	0.000000E+0	3.518600E+1
2.452843E-2	4.031210E+3	0.000000E+0	3.536600E+1
2.451898E-2	4.031210E+3	0.000000E+0	3.554500E+1
2.449974E-2	4.031210E+3	0.000000E+0	3.572700E+1
2.449354E-2	4.031130E+3	0.000000E+0	3.590800E+1
2.447275E-2	4.030573E+3	0.000000E+0	3.609200E+1
2.446746E-2	4.030260E+3	0.000000E+0	3.627400E+1
2.444661E-2	4.030730E+3	0.000000E+0	3.645500E+1
2.443883E-2	4.030970E+3	0.000000E+0	3.663500E+1
2.442229E-2	4.031130E+3	0.000000E+0	3.681700E+1
2.441074E-2	4.031450E+3	0.000000E+0	3.699800E+1
2.439663E-2	4.031450E+3	0.000000E+0	3.718000E+1
2.438132E-2	4.031210E+3	0.000000E+0	3.736100E+1
2.437304E-2	4.030810E+3	0.000000E+0	3.754300E+1
2.435341E-2	4.029940E+3	0.000000E+0	3.772200E+1
2.434698E-2	4.029147E+3	0.000000E+0	3.790400E+1
2.432493E-2	4.029070E+3	0.000000E+0	3.808600E+1
2.431995E-2	4.029300E+3	0.000000E+0	3.826700E+1
2.430236E-2	4.028990E+3	0.000000E+0	3.845000E+1
2.429164E-2	4.028830E+3	0.000000E+0	3.863400E+1
2.427501E-2	4.029070E+3	0.000000E+0	3.881700E+1
2.426274E-2	4.029620E+3	0.000000E+0	3.899800E+1
2.424938E-2	4.030100E+3	0.000000E+0	3.918300E+1
2.423422E-2	4.028827E+3	0.000000E+0	3.936400E+1
2.422547E-2	4.027477E+3	0.000000E+0	3.954600E+1
2.420573E-2	4.026920E+3	0.000000E+0	3.972600E+1
2.419959E-2	4.026920E+3	0.000000E+0	3.990500E+1
2.417777E-2	4.026920E+3	0.000000E+0	4.008500E+1
2.417233E-2	4.026520E+3	0.000000E+0	4.026600E+1
2.415222E-2	4.026840E+3	0.000000E+0	4.044500E+1
2.414288E-2	4.026360E+3	0.000000E+0	4.062800E+1
2.412755E-2	4.025730E+3	0.000000E+0	4.080900E+1
2.411411E-2	4.025730E+3	0.000000E+0	4.099100E+1
2.410278E-2	4.025410E+3	0.000000E+0	4.117300E+1
2.408508E-2	4.024773E+3	0.000000E+0	4.135500E+1
2.407683E-2	4.024540E+3	0.000000E+0	4.153500E+1
2.405681E-2	4.024380E+3	0.000000E+0	4.171700E+1
2.405195E-2	4.024380E+3	0.000000E+0	4.190200E+1
2.403091E-2	4.024773E+3	0.000000E+0	4.208200E+1
2.402351E-2	4.025010E+3	0.000000E+0	4.226800E+1
2.400330E-2	4.024540E+3	0.000000E+0	4.245000E+1
2.399404E-2	4.024060E+3	0.000000E+0	4.263100E+1
2.397814E-2	4.023500E+3	0.000000E+0	4.281200E+1
2.396475E-2	4.023340E+3	0.000000E+0	4.299100E+1
2.395409E-2	4.023500E+3	0.000000E+0	4.317100E+1
2.393590E-2	4.023260E+3	0.000000E+0	4.335300E+1
2.392811E-2	4.023100E+3	0.000000E+0	4.353800E+1
2.390757E-2	4.023580E+3	0.000000E+0	4.371800E+1
2.390024E-2	4.024140E+3	0.000000E+0	4.389900E+1
2.387850E-2	4.024617E+3	0.000000E+0	4.408100E+1
2.387309E-2	4.024617E+3	0.000000E+0	4.426000E+1
2.385364E-2	4.023820E+3	0.000000E+0	4.444600E+1
2.384363E-2	4.023180E+3	0.000000E+0	4.462700E+1
2.382961E-2	4.022870E+3	0.000000E+0	4.480700E+1
2.381469E-2	4.022630E+3	0.000000E+0	4.498900E+1
2.380314E-2	4.022630E+3	0.000000E+0	4.517000E+1
2.378546E-2	4.022390E+3	0.000000E+0	4.535600E+1
2.377937E-2	4.022470E+3	0.000000E+0	4.553700E+1
2.375832E-2	4.022790E+3	0.000000E+0	4.572300E+1
2.375070E-2	4.023420E+3	0.000000E+0	4.590400E+1
2.372816E-2	4.024060E+3	0.000000E+0	4.609000E+1
2.372244E-2	4.023900E+3	0.000000E+0	4.627100E+1
2.370251E-2	4.022867E+3	0.000000E+0	4.645100E+1
2.369264E-2	4.021753E+3	0.000000E+0	4.663200E+1
2.367521E-2	4.021360E+3	0.000000E+0	4.681400E+1
2.366300E-2	4.020880E+3	0.000000E+0	4.699300E+1
2.365200E-2	4.020320E+3	0.000000E+0	4.717700E+1
2.363397E-2	4.019770E+3	0.000000E+0	4.736000E+1
2.362441E-2	4.019050E+3	0.000000E+0	4.754400E+1
2.360505E-2	4.018493E+3	0.000000E+0	4.772700E+1
2.359740E-2	4.019050E+3	0.000000E+0	4.791200E+1
2.357531E-2	4.019530E+3	0.000000E+0	4.809300E+1
2.357017E-2	4.019530E+3	0.000000E+0	4.827300E+1
2.355008E-2	4.019530E+3	0.000000E+0	4.845400E+1
2.354100E-2	4.019370E+3	0.000000E+0	4.863700E+1
2.352524E-2	4.018810E+3	0.000000E+0	4.881400E+1
2.351162E-2	4.017940E+3	0.000000E+0	4.899600E+1
2.349976E-2	4.017380E+3	0.000000E+0	4.917700E+1
2.348245E-2	4.017460E+3	0.000000E+0	4.936000E+1
2.347454E-2	4.017620E+3	0.000000E+0	4.954400E+1
2.345337E-2	4.017220E+3	0.000000E+0	4.972400E+1
2.344638E-2	4.016590E+3	0.000000E+0	4.990700E+1
2.342398E-2	4.015950E+3	0.000000E+0	5.008700E+1
2.341820E-2	4.015000E+3	0.000000E+0	5.027000E+1
2.340144E-2	4.014207E+3	0.000000E+0	5.045400E+1
2.338898E-2	4.013650E+3	0.000000E+0	5.063600E+1
2.337090E-2	4.012773E+3	0.000000E+0	5.081700E+1
2.335867E-2	4.011820E+3	0.000000E+0	5.099800E+1
2.334528E-2	4.010947E+3	0.000000E+0	5.117600E+1
2.332941E-2	4.009990E+3	0.000000E+0	5.135600E+1
2.332067E-2	4.009040E+3	0.000000E+0	5.153800E+1
2.330042E-2	4.008320E+3	0.000000E+0	5.171900E+1
2.329369E-2	4.007370E+3	0.000000E+0	5.190100E+1
2.327121E-2	4.005703E+3	0.000000E+0	5.208200E+1
2.326526E-2	4.001887E+3	0.000000E+0	5.226400E+1
2.324432E-2	3.996640E+3	0.000000E+0	5.244600E+1
2.323553E-2	3.994417E+3	0.000000E+0	5.262900E+1
2.321808E-2	3.995847E+3	0.000000E+0	5.281200E+1
2.320516E-2	3.998390E+3	0.000000E+0	5.299200E+1
2.319142E-2	4.001410E+3	0.000000E+0	5.317600E+1
2.317578E-2	4.003553E+3	0.000000E+0	5.335900E+1
2.316629E-2	4.004350E+3	0.000000E+0	5.354200E+1
2.314621E-2	4.003790E+3	0.000000E+0	5.372800E+1
2.313866E-2	4.003000E+3	0.000000E+0	5.391000E+1
2.311680E-2	4.002840E+3	0.000000E+0	5.408900E+1
2.311180E-2	4.003080E+3	0.000000E+0	5.426800E+1
2.309319E-2	4.002680E+3	0.000000E+0	5.444800E+1
2.308194E-2	4.002840E+3	0.000000E+0	5.462800E+1
2.306519E-2	4.003397E+3	0.000000E+0	5.480700E+1
2.305176E-2	4.002760E+3	0.000000E+0	5.499000E+1
2.303936E-2	4.001490E+3	0.000000E+0	5.516800E+1
2.302185E-2	4.000613E+3	0.000000E+0	5.535000E+1
2.301407E-2	3.999660E+3	0.000000E+0	5.553100E+1
2.299211E-2	3.999100E+3	0.000000E+0	5.570900E+1
2.298619E-2	3.999100E+3	0.000000E+0	5.589200E+1
2.296379E-2	3.998943E+3	0.000000E+0	5.607500E+1
2.295718E-2	3.997593E+3	0.000000E+0	5.625400E+1
2.293738E-2	3.996720E+3	0.000000E+0	5.643400E+1
2.292681E-2	3.997040E+3	0.000000E+0	5.661700E+1
2.291236E-2	3.998150E+3	0.000000E+0	5.679700E+1
2.289830E-2	3.999500E+3	0.000000E+0	5.697800E+1
2.288712E-2	3.999500E+3	0.000000E+0	5.716000E+1
2.286817E-2	3.998627E+3	0.000000E+0	5.734200E+1
2.286000E-2	3.997673E+3	0.000000E+0	5.752300E+1
2.283817E-2	3.996880E+3	0.000000E+0	5.770500E+1
2.283335E-2	3.996480E+3	0.000000E+0	5.788700E+1
2.281273E-2	3.996083E+3	0.000000E+0	5.806600E+1
2.280301E-2	3.995290E+3	0.000000E+0	5.824500E+1
2.278410E-2	3.993700E+3	0.000000E+0	5.842900E+1
2.277239E-2	3.992430E+3	0.000000E+0	5.860700E+1
2.275745E-2	3.991160E+3	0.000000E+0	5.879100E+1
2.274239E-2	3.990760E+3	0.000000E+0	5.897100E+1
2.273248E-2	3.990280E+3	0.000000E+0	5.915500E+1
2.271245E-2	3.989650E+3	0.000000E+0	5.933800E+1
2.270499E-2	3.989010E+3	0.000000E+0	5.951800E+1
2.268240E-2	3.987900E+3	0.000000E+0	5.969800E+1
2.267747E-2	3.986787E+3	0.000000E+0	5.988100E+1
2.265507E-2	3.985833E+3	0.000000E+0	6.006100E+1
2.264735E-2	3.984083E+3	0.000000E+0	6.024300E+1
2.262885E-2	3.982417E+3	0.000000E+0	6.042700E+1
2.261724E-2	3.981780E+3	0.000000E+0	6.060700E+1
2.260419E-2	3.981220E+3	0.000000E+0	6.078700E+1
2.258660E-2	3.980510E+3	0.000000E+0	6.096700E+1
2.257650E-2	3.980030E+3	0.000000E+0	6.114900E+1
2.255647E-2	3.979473E+3	0.000000E+0	6.133400E+1
2.255124E-2	3.978360E+3	0.000000E+0	6.151600E+1
2.252822E-2	3.977330E+3	0.000000E+0	6.169700E+1
2.252170E-2	3.976770E+3	0.000000E+0	6.187800E+1
2.249930E-2	3.975900E+3	0.000000E+0	6.205800E+1
2.249112E-2	3.975103E+3	0.000000E+0	6.223900E+1
2.247375E-2	3.973673E+3	0.000000E+0	6.241700E+1
2.246084E-2	3.972003E+3	0.000000E+0	6.259900E+1
2.244786E-2	3.970177E+3	0.000000E+0	6.278100E+1
2.243064E-2	3.968983E+3	0.000000E+0	6.296500E+1
2.242113E-2	3.968350E+3	0.000000E+0	6.314800E+1
2.240077E-2	3.966997E+3	0.000000E+0	6.332900E+1
2.239371E-2	3.965487E+3	0.000000E+0	6.350900E+1
2.237072E-2	3.965010E+3	0.000000E+0	6.368800E+1
2.236542E-2	3.964453E+3	0.000000E+0	6.386800E+1
2.234425E-2	3.963580E+3	0.000000E+0	6.405100E+1
2.233523E-2	3.962070E+3	0.000000E+0	6.423100E+1
2.231901E-2	3.959923E+3	0.000000E+0	6.441400E+1
2.230449E-2	3.957857E+3	0.000000E+0	6.459800E+1
2.229300E-2	3.956110E+3	0.000000E+0	6.477700E+1
2.227447E-2	3.954917E+3	0.000000E+0	6.495500E+1
2.226835E-2	3.953567E+3	0.000000E+0	6.513700E+1
2.224548E-2	3.952453E+3	0.000000E+0	6.532000E+1
2.223846E-2	3.950943E+3	0.000000E+0	6.550400E+1
2.221522E-2	3.949277E+3	0.000000E+0	6.568300E+1
2.220850E-2	3.947287E+3	0.000000E+0	6.586300E+1
2.218752E-2	3.945303E+3	0.000000E+0	6.604700E+1
2.217800E-2	3.942680E+3	0.000000E+0	6.623000E+1
2.216022E-2	3.939897E+3	0.000000E+0	6.641300E+1
2.214687E-2	3.937753E+3	0.000000E+0	6.659400E+1
2.213545E-2	3.935207E+3	0.000000E+0	6.677400E+1
2.211692E-2	3.932663E+3	0.000000E+0	6.695300E+1
2.210783E-2	3.930677E+3	0.000000E+0	6.713300E+1
2.208655E-2	3.928613E+3	0.000000E+0	6.731300E+1
2.208052E-2	3.925907E+3	0.000000E+0	6.749600E+1
2.205747E-2	3.923683E+3	0.000000E+0	6.767600E+1
2.205084E-2	3.921537E+3	0.000000E+0	6.785800E+1
2.203266E-2	3.919870E+3	0.000000E+0	6.803900E+1
2.202028E-2	3.917803E+3	0.000000E+0	6.822100E+1
2.200329E-2	3.915020E+3	0.000000E+0	6.840200E+1
2.198970E-2	3.911130E+3	0.000000E+0	6.858400E+1
2.198101E-2	3.907790E+3	0.000000E+0	6.876900E+1
2.196078E-2	3.905477E+3	0.000000E+0	6.895200E+1
2.195096E-2	3.903403E+3	0.000000E+0	6.913200E+1
2.192891E-2	3.901573E+3	0.000000E+0	6.931100E+1
2.192281E-2	3.898717E+3	0.000000E+0	6.949100E+1
2.189955E-2	3.896173E+3	0.000000E+0	6.967500E+1
2.189278E-2	3.893390E+3	0.000000E+0	6.985800E+1
2.187252E-2	3.889733E+3	0.000000E+0	7.003800E+1
2.186233E-2	3.886000E+3	0.000000E+0	7.022100E+1
2.184623E-2	3.883137E+3	0.000000E+0	7.040000E+1
2.183200E-2	3.880593E+3	0.000000E+0	7.058100E+1
2.181989E-2	3.877497E+3	0.000000E+0	7.076400E+1
2.180062E-2	3.874557E+3	0.000000E+0	7.094700E+1
2.179218E-2	3.870820E+3	0.000000E+0	7.112700E+1
2.177074E-2	3.867400E+3	0.000000E+0	7.130700E+1
2.176581E-2	3.863750E+3	0.000000E+0	7.148600E+1
2.174459E-2	3.860170E+3	0.000000E+0	7.166600E+1
2.173595E-2	3.856913E+3	0.000000E+0	7.184600E+1
2.171630E-2	3.854130E+3	0.000000E+0	7.202700E+1
2.170464E-2	3.850633E+3	0.000000E+0	7.220900E+1
2.168933E-2	3.846580E+3	0.000000E+0	7.239300E+1
2.167429E-2	3.842050E+3	0.000000E+0	7.257200E+1
2.166328E-2	3.836727E+3	0.000000E+0	7.275400E+1
2.164363E-2	3.831960E+3	0.000000E+0	7.293400E+1
2.163561E-2	3.827667E+3	0.000000E+0	7.311700E+1
2.161348E-2	3.823220E+3	0.000000E+0	7.329700E+1
2.160820E-2	3.817970E+3	0.000000E+0	7.347400E+1
2.158474E-2	3.813040E+3	0.000000E+0	7.365600E+1
2.157617E-2	3.808670E+3	0.000000E+0	7.383700E+1
2.155796E-2	3.804220E+3	0.000000E+0	7.402100E+1
2.154536E-2	3.799930E+3	0.000000E+0	7.420400E+1
2.153163E-2	3.795160E+3	0.000000E+0	7.438300E+1
2.151507E-2	3.790157E+3	0.000000E+0	7.456300E+1
2.150473E-2	3.784113E+3	0.000000E+0	7.474700E+1
2.148409E-2	3.778870E+3	0.000000E+0	7.493000E+1
2.147708E-2	3.773703E+3	0.000000E+0	7.511400E+1
2.145448E-2	3.768860E+3	0.000000E+0	7.529600E+1
2.144920E-2	3.763293E+3	0.000000E+0	7.547700E+1
2.142624E-2	3.758130E+3	0.000000E+0	7.566000E+1
2.141734E-2	3.751927E+3	0.000000E+0	7.584400E+1
2.139800E-2	3.745493E+3	0.000000E+0	7.602700E+1
2.138634E-2	3.739053E+3	0.000000E+0	7.620700E+1
2.137240E-2	3.732697E+3	0.000000E+0	7.638900E+1
2.135605E-2	3.726417E+3	0.000000E+0	7.656900E+1
2.134670E-2	3.719583E+3	0.000000E+0	7.675000E+1
2.132512E-2	3.713303E+3	0.000000E+0	7.693400E+1
2.131852E-2	3.706233E+3	0.000000E+0	7.711300E+1
2.129547E-2	3.700270E+3	0.000000E+0	7.729600E+1
2.128934E-2	3.693517E+3	0.000000E+0	7.748000E+1
2.126546E-2	3.686603E+3	0.000000E+0	7.766200E+1
2.125853E-2	3.679053E+3	0.000000E+0	7.784600E+1
2.124076E-2	3.672457E+3	0.000000E+0	7.802600E+1
2.122725E-2	3.665300E+3	0.000000E+0	7.820600E+1
2.121314E-2	3.657437E+3	0.000000E+0	7.838600E+1
2.119651E-2	3.650997E+3	0.000000E+0	7.856500E+1
2.118693E-2	3.643370E+3	0.000000E+0	7.874500E+1
2.116655E-2	3.635900E+3	0.000000E+0	7.892900E+1
2.115993E-2	3.628030E+3	0.000000E+0	7.911100E+1
2.113598E-2	3.621273E+3	0.000000E+0	7.929300E+1
2.113057E-2	3.614283E+3	0.000000E+0	7.947500E+1
2.110728E-2	3.607683E+3	0.000000E+0	7.965700E+1
2.109879E-2	3.599977E+3	0.000000E+0	7.984100E+1
2.108433E-2	3.592187E+3	0.000000E+0	8.002200E+1
2.106797E-2	3.585353E+3	0.000000E+0	8.020400E+1
2.105494E-2	3.578123E+3	0.000000E+0	8.038300E+1
2.103711E-2	3.571367E+3	0.000000E+0	8.056600E+1
2.102813E-2	3.564133E+3	0.000000E+0	8.074600E+1
2.100612E-2	3.557857E+3	0.000000E+0	8.092700E+1
2.100054E-2	3.550623E+3	0.000000E+0	8.110900E+1
2.097678E-2	3.544503E+3	0.000000E+0	8.128700E+1
2.097018E-2	3.537907E+3	0.000000E+0	8.147000E+1
2.094817E-2	3.531790E+3	0.000000E+0	8.165000E+1
2.093898E-2	3.526227E+3	0.000000E+0	8.183200E+1
2.092284E-2	3.521140E+3	0.000000E+0	8.201300E+1
2.090798E-2	3.516690E+3	0.000000E+0	8.219400E+1
2.089583E-2	3.511840E+3	0.000000E+0	8.237600E+1
2.087680E-2	3.507070E+3	0.000000E+0	8.255600E+1
2.086967E-2	3.501510E+3	0.000000E+0	8.273800E+1
2.084724E-2	3.497457E+3	0.000000E+0	8.291800E+1
2.084078E-2	3.493880E+3	0.000000E+0	8.309800E+1
2.081765E-2	3.491017E+3	0.000000E+0	8.327800E+1
2.081046E-2	3.488317E+3	0.000000E+0	8.345800E+1
2.079357E-2	3.485457E+3	0.000000E+0	8.363800E+1
2.077946E-2	3.482757E+3	0.000000E+0	8.381800E+1
2.076486E-2	3.479733E+3	0.000000E+0	8.400000E+1
2.074831E-2	3.477430E+3	0.000000E+0	8.418100E+1
2.073773E-2	3.476000E+3	0.000000E+0	8.436100E+1
2.071710E-2	3.475440E+3	0.000000E+0	8.454400E+1
2.071003E-2	3.475920E+3	0.000000E+0	8.472300E+1
2.068639E-2	3.477110E+3	0.000000E+0	8.490600E+1
2.068148E-2	3.478303E+3	0.000000E+0	8.508600E+1
2.065875E-2	3.479100E+3	0.000000E+0	8.526500E+1
2.064987E-2	3.480050E+3	0.000000E+0	8.544500E+1
2.063076E-2	3.481323E+3	0.000000E+0	8.562600E+1
2.061855E-2	3.483073E+3	0.000000E+0	8.580500E+1
2.060453E-2	3.485457E+3	0.000000E+0	8.598500E+1
2.058832E-2	3.488557E+3	0.000000E+0	8.617100E+1
2.057962E-2	3.491973E+3	0.000000E+0	8.635000E+1
2.055795E-2	3.494833E+3	0.000000E+0	8.653000E+1
2.055052E-2	3.498890E+3	0.000000E+0	8.670700E+1
2.052745E-2	3.503180E+3	0.000000E+0	8.688600E+1
2.052174E-2	3.507870E+3	0.000000E+0	8.706900E+1
2.050457E-2	3.511920E+3	0.000000E+0	8.724600E+1
2.049138E-2	3.516050E+3	0.000000E+0	8.742900E+1
2.047351E-2	3.521380E+3	0.000000E+0	8.760900E+1
2.045950E-2	3.527340E+3	0.000000E+0	8.778900E+1
2.044568E-2	3.532820E+3	0.000000E+0	8.797200E+1
2.042786E-2	3.537987E+3	0.000000E+0	8.815500E+1
2.041893E-2	3.544027E+3	0.000000E+0	8.833900E+1
2.039702E-2	3.549670E+3	0.000000E+0	8.851900E+1
2.038978E-2	3.555550E+3	0.000000E+0	8.870200E+1
2.036714E-2	3.561113E+3	0.000000E+0	8.888500E+1
2.036105E-2	3.567867E+3	0.000000E+0	8.906400E+1
2.033911E-2	3.573990E+3	0.000000E+0	8.924400E+1
2.032915E-2	3.580267E+3	0.000000E+0	8.942400E+1
2.031235E-2	3.586387E+3	0.000000E+0	8.960400E+1
2.029791E-2	3.593063E+3	0.000000E+0	8.978600E+1
2.028735E-2	3.600373E+3	0.000000E+0	8.997200E+1
2.026821E-2	3.606893E+3	0.000000E+0	9.015300E+1
2.025868E-2	3.613883E+3	0.000000E+0	9.033500E+1
2.023615E-2	3.620403E+3	0.000000E+0	9.051500E+1
2.022962E-2	3.627157E+3	0.000000E+0	9.069600E+1
2.020617E-2	3.633357E+3	0.000000E+0	9.087900E+1
2.020001E-2	3.640110E+3	0.000000E+0	9.105900E+1
2.017828E-2	3.646390E+3	0.000000E+0	9.124100E+1
2.016814E-2	3.652667E+3	0.000000E+0	9.142200E+1
2.015246E-2	3.659663E+3	0.000000E+0	9.160000E+1
2.013724E-2	3.666577E+3	0.000000E+0	9.178000E+1
2.012551E-2	3.673567E+3	0.000000E+0	9.196100E+1
2.010520E-2	3.680007E+3	0.000000E+0	9.214400E+1
2.009718E-2	3.686763E+3	0.000000E+0	9.232400E+1
2.007525E-2	3.692640E+3	0.000000E+0	9.250500E+1
2.006940E-2	3.699000E+3	0.000000E+0	9.268700E+1
2.004564E-2	3.704167E+3	0.000000E+0	9.287000E+1
2.003794E-2	3.710283E+3	0.000000E+0	9.305200E+1
2.001696E-2	3.715770E+3	0.000000E+0	9.323700E+1
2.000643E-2	3.721807E+3	0.000000E+0	9.341700E+1
1.999383E-2	3.728323E+3	0.000000E+0	9.359900E+1
1.997611E-2	3.734287E+3	0.000000E+0	9.378000E+1
1.996483E-2	3.740327E+3	0.000000E+0	9.396000E+1
1.994448E-2	3.745810E+3	0.000000E+0	9.414200E+1
1.993717E-2	3.751210E+3	0.000000E+0	9.432300E+1
1.991429E-2	3.755030E+3	0.000000E+0	9.450200E+1
1.990878E-2	3.759320E+3	0.000000E+0	9.468100E+1
1.988533E-2	3.763530E+3	0.000000E+0	9.486200E+1
1.987724E-2	3.768460E+3	0.000000E+0	9.504400E+1
1.985853E-2	3.773623E+3	0.000000E+0	9.522300E+1
1.984600E-2	3.778310E+3	0.000000E+0	9.540500E+1
1.983118E-2	3.783000E+3	0.000000E+0	9.558900E+1
1.981468E-2	3.787770E+3	0.000000E+0	9.577500E+1
1.980461E-2	3.792780E+3	0.000000E+0	9.595500E+1
1.978300E-2	3.796990E+3	0.000000E+0	9.613700E+1
1.977634E-2	3.801520E+3	0.000000E+0	9.632000E+1
1.975303E-2	3.805413E+3	0.000000E+0	9.650000E+1
1.974684E-2	3.809230E+3	0.000000E+0	9.668200E+1
1.972293E-2	3.812567E+3	0.000000E+0	9.686300E+1
1.971536E-2	3.816380E+3	0.000000E+0	9.704600E+1
1.969596E-2	3.820830E+3	0.000000E+0	9.722600E+1
1.968407E-2	3.825280E+3	0.000000E+0	9.740800E+1
1.967027E-2	3.829097E+3	0.000000E+0	9.758900E+1
1.965303E-2	3.831877E+3	0.000000E+0	9.777200E+1
1.964255E-2	3.834820E+3	0.000000E+0	9.795400E+1
1.962161E-2	3.838080E+3	0.000000E+0	9.813600E+1
1.961348E-2	3.841573E+3	0.000000E+0	9.831800E+1
1.959047E-2	3.844673E+3	0.000000E+0	9.849900E+1
1.958582E-2	3.848090E+3	0.000000E+0	9.868100E+1
1.956226E-2	3.851827E+3	0.000000E+0	9.886200E+1
1.955334E-2	3.855163E+3	0.000000E+0	9.904400E+1
1.953421E-2	3.858500E+3	0.000000E+0	9.922800E+1
1.952224E-2	3.861840E+3	0.000000E+0	9.941100E+1
1.950655E-2	3.864857E+3	0.000000E+0	9.959200E+1
1.949087E-2	3.868040E+3	0.000000E+0	9.977600E+1
1.948023E-2	3.871137E+3	0.000000E+0	9.995900E+1
1.945932E-2	3.873683E+3	0.000000E+0	1.001390E+2
1.945194E-2	3.876223E+3	0.000000E+0	1.003180E+2
1.942875E-2	3.878607E+3	0.000000E+0	1.004980E+2
1.942323E-2	3.881073E+3	0.000000E+0	1.006800E+2
1.940329E-2	3.882900E+3	0.000000E+0	1.008610E+2
1.939252E-2	3.884647E+3	0.000000E+0	1.010450E+2
1.937307E-2	3.886793E+3	0.000000E+0	1.012250E+2
1.936018E-2	3.889657E+3	0.000000E+0	1.014070E+2
1.934579E-2	3.892597E+3	0.000000E+0	1.015900E+2
1.932884E-2	3.895537E+3	0.000000E+0	1.017720E+2
1.931802E-2	3.898237E+3	0.000000E+0	1.019550E+2
1.929777E-2	3.900307E+3	0.000000E+0	1.021380E+2
1.929019E-2	3.903087E+3	0.000000E+0	1.023180E+2
1.926680E-2	3.905553E+3	0.000000E+0	1.025010E+2
1.926112E-2	3.907633E+3	0.000000E+0	1.026840E+2
1.923781E-2	3.908663E+3	0.000000E+0	1.028660E+2
1.922985E-2	3.909777E+3	0.000000E+0	1.030450E+2
1.921061E-2	3.911763E+3	0.000000E+0	1.032240E+2
1.919781E-2	3.913987E+3	0.000000E+0	1.034060E+2
1.918400E-2	3.915973E+3	0.000000E+0	1.035900E+2
1.916605E-2	3.916850E+3	0.000000E+0	1.037710E+2
1.915526E-2	3.917723E+3	0.000000E+0	1.039540E+2
1.913419E-2	3.919710E+3	0.000000E+0	1.041420E+2
1.912949E-2	3.922173E+3	0.000000E+0	1.043220E+2
1.910558E-2	3.924160E+3	0.000000E+0	1.045040E+2
1.909899E-2	3.925910E+3	0.000000E+0	1.046850E+2
1.907453E-2	3.927500E+3	0.000000E+0	1.048680E+2
1.906669E-2	3.929327E+3	0.000000E+0	1.050500E+2
1.904643E-2	3.930760E+3	0.000000E+0	1.052340E+2
1.903483E-2	3.932030E+3	0.000000E+0	1.054160E+2
1.901813E-2	3.933220E+3	0.000000E+0	1.055970E+2
1.900329E-2	3.934493E+3	0.000000E+0	1.057780E+2
1.899279E-2	3.936560E+3	0.000000E+0	1.059570E+2
1.897210E-2	3.938387E+3	0.000000E+0	1.061410E+2
1.896369E-2	3.940137E+3	0.000000E+0	1.063230E+2
1.894028E-2	3.941010E+3	0.000000E+0	1.065040E+2
1.893514E-2	3.941647E+3	0.000000E+0	1.066840E+2
1.891070E-2	3.943393E+3	0.000000E+0	1.068640E+2
1.890409E-2	3.944667E+3	0.000000E+0	1.070430E+2
1.888582E-2	3.945380E+3	0.000000E+0	1.072260E+2
1.887220E-2	3.946177E+3	0.000000E+0	1.074070E+2
1.885823E-2	3.947130E+3	0.000000E+0	1.075890E+2
1.884011E-2	3.948240E+3	0.000000E+0	1.077720E+2
1.883373E-2	3.949830E+3	0.000000E+0	1.079530E+2
1.880947E-2	3.950783E+3	0.000000E+0	1.081350E+2
1.880311E-2	3.951820E+3	0.000000E+0	1.083140E+2
1.877841E-2	3.953250E+3	0.000000E+0	1.084930E+2
1.877301E-2	3.954837E+3	0.000000E+0	1.086770E+2
1.874966E-2	3.955870E+3	0.000000E+0	1.088600E+2
1.874047E-2	3.956823E+3	0.000000E+0	1.090420E+2
1.872343E-2	3.957620E+3	0.000000E+0	1.092210E+2
1.870727E-2	3.957940E+3	0.000000E+0	1.094000E+2
1.869786E-2	3.957860E+3	0.000000E+0	1.095810E+2
1.867392E-2	3.958257E+3	0.000000E+0	1.097620E+2
1.867015E-2	3.958730E+3	0.000000E+0	1.099430E+2
1.865086E-2	3.958810E+3	0.000000E+0	1.101250E+2
1.863336E-2	3.959923E+3	0.000000E+0	1.103070E+2
1.861911E-2	3.961273E+3	0.000000E+0	1.104900E+2
1.860857E-2	3.962070E+3	0.000000E+0	1.106740E+2
1.859832E-2	3.963263E+3	0.000000E+0	1.108540E+2
1.859081E-2	3.964377E+3	0.000000E+0	1.110360E+2
1.858506E-2	3.965090E+3	0.000000E+0	1.112190E+2
1.857919E-2	3.965963E+3	0.000000E+0	1.113980E+2
1.857478E-2	3.966840E+3	0.000000E+0	1.115830E+2
1.857071E-2	3.967310E+3	0.000000E+0	1.117660E+2
1.856682E-2	3.967310E+3	0.000000E+0	1.119470E+2
1.856529E-2	3.967080E+3	0.000000E+0	1.121300E+2
1.856270E-2	3.966760E+3	0.000000E+0	1.123080E+2
1.856059E-2	3.966440E+3	0.000000E+0	1.124910E+2
1.853996E-2	3.966040E+3	0.000000E+0	1.126710E+2
1.846930E-2	3.966120E+3	0.000000E+0	1.128510E+2
1.844876E-2	3.967553E+3	0.000000E+0	1.130300E+2
1.843009E-2	3.969383E+3	0.000000E+0	1.132130E+2
1.841393E-2	3.970650E+3	0.000000E+0	1.133960E+2
1.839654E-2	3.971687E+3	0.000000E+0	1.135760E+2
1.838560E-2	3.972880E+3	0.000000E+0	1.137570E+2
1.836546E-2	3.973670E+3	0.000000E+0	1.139400E+2
1.835815E-2	3.973750E+3	0.000000E+0	1.141200E+2
1.833467E-2	3.974387E+3	0.000000E+0	1.143030E+2
1.832882E-2	3.976453E+3	0.000000E+0	1.144850E+2
1.830507E-2	3.977883E+3	0.000000E+0	1.146680E+2
1.829697E-2	3.978200E+3	0.000000E+0	1.148510E+2
1.827699E-2	3.977570E+3	0.000000E+0	1.150330E+2
1.826544E-2	3.977090E+3	0.000000E+0	1.152170E+2
1.824857E-2	3.977090E+3	0.000000E+0	1.154000E+2
1.823363E-2	3.977330E+3	0.000000E+0	1.155820E+2
1.822484E-2	3.978360E+3	0.000000E+0	1.157620E+2
1.820209E-2	3.979000E+3	0.000000E+0	1.159460E+2
1.819425E-2	3.979710E+3	0.000000E+0	1.161270E+2
1.817071E-2	3.980507E+3	0.000000E+0	1.163100E+2
1.816493E-2	3.981780E+3	0.000000E+0	1.164900E+2
1.814002E-2	3.982180E+3	0.000000E+0	1.166760E+2
1.813346E-2	3.982260E+3	0.000000E+0	1.168570E+2
1.811244E-2	3.982493E+3	0.000000E+0	1.170400E+2
1.810220E-2	3.982890E+3	0.000000E+0	1.172200E+2
1.808599E-2	3.984243E+3	0.000000E+0	1.174020E+2
1.807045E-2	3.985273E+3	0.000000E+0	1.175830E+2
1.805937E-2	3.985197E+3	0.000000E+0	1.177630E+2
1.803878E-2	3.984480E+3	0.000000E+0	1.179450E+2
1.803141E-2	3.984240E+3	0.000000E+0	1.181260E+2
1.800731E-2	3.984240E+3	0.000000E+0	1.183090E+2
1.800207E-2	3.984800E+3	0.000000E+0	1.184900E+2
1.797828E-2	3.985910E+3	0.000000E+0	1.186730E+2
1.797138E-2	3.987023E+3	0.000000E+0	1.188560E+2
1.794971E-2	3.986470E+3	0.000000E+0	1.190390E+2
1.793911E-2	3.986310E+3	0.000000E+0	1.192190E+2
1.792282E-2	3.987583E+3	0.000000E+0	1.194010E+2
1.790650E-2	3.989647E+3	0.000000E+0	1.195830E+2
1.789699E-2	3.990920E+3	0.000000E+0	1.197630E+2
1.787525E-2	3.990920E+3	0.000000E+0	1.199450E+2
1.786807E-2	3.990840E+3	0.000000E+0	1.201260E+2
1.784431E-2	3.991000E+3	0.000000E+0	1.203080E+2
1.783873E-2	3.991400E+3	0.000000E+0	1.204880E+2
1.781479E-2	3.991790E+3	0.000000E+0	1.206700E+2
1.780750E-2	3.991790E+3	0.000000E+0	1.208510E+2
1.778858E-2	3.991710E+3	0.000000E+0	1.210320E+2
1.777564E-2	3.992350E+3	0.000000E+0	1.212150E+2
1.776066E-2	3.992590E+3	0.000000E+0	1.213950E+2
1.774400E-2	3.992590E+3	0.000000E+0	1.215740E+2
1.773421E-2	3.992430E+3	0.000000E+0	1.217540E+2
1.771231E-2	3.992430E+3	0.000000E+0	1.219370E+2
1.770642E-2	3.992827E+3	0.000000E+0	1.221170E+2
1.768280E-2	3.993460E+3	0.000000E+0	1.223010E+2
1.767718E-2	3.994020E+3	0.000000E+0	1.224830E+2
1.765348E-2	3.994890E+3	0.000000E+0	1.226630E+2
1.764431E-2	3.995850E+3	0.000000E+0	1.228430E+2
1.762557E-2	3.996160E+3	0.000000E+0	1.230270E+2
1.761260E-2	3.996320E+3	0.000000E+0	1.232100E+2
1.759837E-2	3.996320E+3	0.000000E+0	1.233900E+2
1.758124E-2	3.995850E+3	0.000000E+0	1.235770E+2
1.757041E-2	3.995850E+3	0.000000E+0	1.237600E+2
1.754936E-2	3.996480E+3	0.000000E+0	1.239430E+2
1.754236E-2	3.996880E+3	0.000000E+0	1.241310E+2
1.751804E-2	3.997357E+3	0.000000E+0	1.243140E+2
1.751267E-2	3.997590E+3	0.000000E+0	1.244950E+2
1.748825E-2	3.997830E+3	0.000000E+0	1.246780E+2
1.748093E-2	3.997830E+3	0.000000E+0	1.248620E+2
1.745987E-2	3.997513E+3	0.000000E+0	1.250450E+2
1.744880E-2	3.997590E+3	0.000000E+0	1.252280E+2
1.743342E-2	3.997830E+3	0.000000E+0	1.254050E+2
1.741717E-2	3.998710E+3	0.000000E+0	1.255890E+2
1.740594E-2	3.998390E+3	0.000000E+0	1.257720E+2
1.738569E-2	3.997593E+3	0.000000E+0	1.259560E+2
1.737691E-2	3.997360E+3	0.000000E+0	1.261390E+2
1.735403E-2	3.997670E+3	0.000000E+0	1.263220E+2
1.734844E-2	3.997830E+3	0.000000E+0	1.265030E+2
1.732384E-2	3.997910E+3	0.000000E+0	1.266880E+2
1.731739E-2	3.998627E+3	0.000000E+0	1.268700E+2
1.729652E-2	3.999340E+3	0.000000E+0	1.270500E+2
1.728507E-2	3.999980E+3	0.000000E+0	1.272310E+2
1.726922E-2	4.000613E+3	0.000000E+0	1.274100E+2
1.725407E-2	4.001410E+3	0.000000E+0	1.275960E+2
1.724514E-2	4.001490E+3	0.000000E+0	1.277790E+2
1.722228E-2	4.001410E+3	0.000000E+0	1.279600E+2
1.721203E-2	4.001570E+3	0.000000E+0	1.281400E+2
1.719017E-2	4.001090E+3	0.000000E+0	1.283230E+2
1.718356E-2	4.000613E+3	0.000000E+0	1.285060E+2
1.715865E-2	4.000380E+3	0.000000E+0	1.286890E+2
1.715346E-2	4.000220E+3	0.000000E+0	1.288700E+2
1.713051E-2	3.999740E+3	0.000000E+0	1.290530E+2
1.712148E-2	3.999260E+3	0.000000E+0	1.292320E+2
1.710359E-2	3.999260E+3	0.000000E+0	1.294130E+2
1.708935E-2	3.999740E+3	0.000000E+0	1.295990E+2
1.707598E-2	4.000537E+3	0.000000E+0	1.297780E+2
1.705768E-2	4.000930E+3	0.000000E+0	1.299620E+2
1.704811E-2	4.000140E+3	0.000000E+0	1.301430E+2
1.702589E-2	3.999260E+3	0.000000E+0	1.303250E+2
1.702113E-2	3.999500E+3	0.000000E+0	1.305060E+2
1.699665E-2	4.000613E+3	0.000000E+0	1.306860E+2
1.699012E-2	4.001650E+3	0.000000E+0	1.308690E+2
1.696681E-2	4.001810E+3	0.000000E+0	1.310490E+2
1.695779E-2	4.001490E+3	0.000000E+0	1.312280E+2
1.693920E-2	4.001490E+3	0.000000E+0	1.314120E+2
1.692523E-2	4.001967E+3	0.000000E+0	1.315950E+2
1.691240E-2	4.002280E+3	0.000000E+0	1.317780E+2
1.689472E-2	4.002600E+3	0.000000E+0	1.319590E+2
1.688529E-2	4.002680E+3	0.000000E+0	1.321410E+2
1.686322E-2	4.003080E+3	0.000000E+0	1.323200E+2
1.685783E-2	4.002680E+3	0.000000E+0	1.324970E+2
1.683383E-2	4.003000E+3	0.000000E+0	1.326770E+2
1.682702E-2	4.003080E+3	0.000000E+0	1.328590E+2
1.680531E-2	4.003080E+3	0.000000E+0	1.330400E+2
1.679491E-2	4.003317E+3	0.000000E+0	1.332230E+2
1.677890E-2	4.003710E+3	0.000000E+0	1.334040E+2
1.676284E-2	4.003950E+3	0.000000E+0	1.335830E+2
1.675055E-2	4.004030E+3	0.000000E+0	1.337660E+2
1.673093E-2	4.004350E+3	0.000000E+0	1.339460E+2
1.672297E-2	4.004830E+3	0.000000E+0	1.341280E+2
1.669986E-2	4.005143E+3	0.000000E+0	1.343080E+2
1.669436E-2	4.005220E+3	0.000000E+0	1.344850E+2
1.667126E-2	4.005300E+3	0.000000E+0	1.346670E+2
1.666320E-2	4.005067E+3	0.000000E+0	1.348480E+2
1.664245E-2	4.005700E+3	0.000000E+0	1.350310E+2
1.663121E-2	4.006890E+3	0.000000E+0	1.352130E+2
1.661829E-2	4.006890E+3	0.000000E+0	1.353990E+2
1.659903E-2	4.005700E+3	0.000000E+0	1.355800E+2
1.658874E-2	4.004350E+3	0.000000E+0	1.357590E+2
1.656711E-2	4.004030E+3	0.000000E+0	1.359390E+2
1.655948E-2	4.004270E+3	0.000000E+0	1.361200E+2
1.653634E-2	4.004987E+3	0.000000E+0	1.363050E+2
1.653076E-2	4.005620E+3	0.000000E+0	1.364840E+2
1.650690E-2	4.005940E+3	0.000000E+0	1.366630E+2
1.649897E-2	4.005700E+3	0.000000E+0	1.368450E+2
1.647993E-2	4.005460E+3	0.000000E+0	1.370260E+2
1.646768E-2	4.005540E+3	0.000000E+0	1.372090E+2
1.645326E-2	4.006100E+3	0.000000E+0	1.373890E+2
1.643539E-2	4.005940E+3	0.000000E+0	1.375710E+2
1.642617E-2	4.005540E+3	0.000000E+0	1.377520E+2
1.640441E-2	4.005220E+3	0.000000E+0	1.379340E+2
1.639778E-2	4.005143E+3	0.000000E+0	1.381150E+2
1.637298E-2	4.005220E+3	0.000000E+0	1.382960E+2
1.636741E-2	4.005460E+3	0.000000E+0	1.384780E+2
1.634463E-2	4.005780E+3	0.000000E+0	1.386580E+2
1.633504E-2	4.005620E+3	0.000000E+0	1.388390E+2
1.632014E-2	4.005380E+3	0.000000E+0	1.390210E+2
1.630323E-2	4.005143E+3	0.000000E+0	1.392030E+2
1.628924E-2	4.005780E+3	0.000000E+0	1.393860E+2
1.627069E-2	4.007050E+3	0.000000E+0	1.395700E+2
1.626177E-2	4.007923E+3	0.000000E+0	1.397510E+2
1.623953E-2	4.008640E+3	0.000000E+0	1.399330E+2
1.623311E-2	4.009040E+3	0.000000E+0	1.401140E+2
1.620915E-2	4.008560E+3	0.000000E+0	1.402940E+2
1.620303E-2	4.007767E+3	0.000000E+0	1.404760E+2
1.618013E-2	4.006653E+3	0.000000E+0	1.406570E+2
1.617112E-2	4.006497E+3	0.000000E+0	1.408390E+2
1.615116E-2	4.007370E+3	0.000000E+0	1.410200E+2
1.613895E-2	4.008480E+3	0.000000E+0	1.412020E+2
1.612536E-2	4.009040E+3	0.000000E+0	1.413830E+2
1.610686E-2	4.009040E+3	0.000000E+0	1.415630E+2
1.609893E-2	4.009200E+3	0.000000E+0	1.417440E+2
1.607517E-2	4.008960E+3	0.000000E+0	1.419260E+2
1.606982E-2	4.008320E+3	0.000000E+0	1.421080E+2
1.604526E-2	4.008080E+3	0.000000E+0	1.422860E+2
1.603936E-2	4.008160E+3	0.000000E+0	1.424680E+2
1.602181E-2	4.008560E+3	0.000000E+0	1.426480E+2
1.600814E-2	4.008560E+3	0.000000E+0	1.428260E+2
1.599051E-2	4.008560E+3	0.000000E+0	1.430030E+2
1.597521E-2	4.008800E+3	0.000000E+0	1.431830E+2
1.596480E-2	4.009360E+3	0.000000E+0	1.433660E+2
1.594392E-2	4.008800E+3	0.000000E+0	1.435460E+2
1.593527E-2	4.008320E+3	0.000000E+0	1.437300E+2
1.591193E-2	4.008320E+3	0.000000E+0	1.439130E+2
1.590766E-2	4.009120E+3	0.000000E+0	1.440930E+2
1.588300E-2	4.009750E+3	0.000000E+0	1.442720E+2
1.587521E-2	4.009750E+3	0.000000E+0	1.444520E+2
1.585504E-2	4.009830E+3	0.000000E+0	1.446340E+2
1.584308E-2	4.009750E+3	0.000000E+0	1.448130E+2
1.582679E-2	4.009750E+3	0.000000E+0	1.449950E+2
1.581114E-2	4.009750E+3	0.000000E+0	1.451740E+2
1.580283E-2	4.009750E+3	0.000000E+0	1.453540E+2
1.578044E-2	4.009597E+3	0.000000E+0	1.455360E+2
1.577358E-2	4.009200E+3	0.000000E+0	1.457170E+2
1.574932E-2	4.008880E+3	0.000000E+0	1.458970E+2
1.574346E-2	4.008800E+3	0.000000E+0	1.460800E+2
1.572342E-2	4.008640E+3	0.000000E+0	1.462660E+2
1.571161E-2	4.008560E+3	0.000000E+0	1.464480E+2
1.569058E-2	4.008560E+3	0.000000E+0	1.466270E+2
1.567861E-2	4.008640E+3	0.000000E+0	1.468090E+2
1.566361E-2	4.009357E+3	0.000000E+0	1.469900E+2
1.564675E-2	4.010070E+3	0.000000E+0	1.471700E+2
1.563600E-2	4.010630E+3	0.000000E+0	1.473530E+2
1.561516E-2	4.010550E+3	0.000000E+0	1.475330E+2
1.560787E-2	4.011103E+3	0.000000E+0	1.477160E+2
1.558454E-2	4.011820E+3	0.000000E+0	1.478970E+2
1.557894E-2	4.012537E+3	0.000000E+0	1.480790E+2
1.555562E-2	4.013090E+3	0.000000E+0	1.482590E+2
1.554685E-2	4.012537E+3	0.000000E+0	1.484410E+2
1.552775E-2	4.012850E+3	0.000000E+0	1.486220E+2
1.551460E-2	4.013490E+3	0.000000E+0	1.488010E+2
1.550340E-2	4.013650E+3	0.000000E+0	1.489820E+2
1.548327E-2	4.014050E+3	0.000000E+0	1.491650E+2
1.547328E-2	4.013650E+3	0.000000E+0	1.493480E+2
1.545188E-2	4.013570E+3	0.000000E+0	1.495280E+2
1.544432E-2	4.013330E+3	0.000000E+0	1.497100E+2
1.542023E-2	4.012377E+3	0.000000E+0	1.498940E+2
1.541476E-2	4.012300E+3	0.000000E+0	1.500770E+2
1.539086E-2	4.012770E+3	0.000000E+0	1.502580E+2
1.538234E-2	4.012380E+3	0.000000E+0	1.504420E+2
1.536210E-2	4.012933E+3	0.000000E+0	1.506260E+2
1.535032E-2	4.013890E+3	0.000000E+0	1.508080E+2
1.533515E-2	4.013810E+3	0.000000E+0	1.509920E+2
1.531746E-2	4.013170E+3	0.000000E+0	1.511780E+2
1.530667E-2	4.012537E+3	0.000000E+0	1.513630E+2
1.528586E-2	4.011900E+3	0.000000E+0	1.515450E+2
1.527922E-2	4.011183E+3	0.000000E+0	1.517250E+2
1.525453E-2	4.010630E+3	0.000000E+0	1.519060E+2
1.524908E-2	4.010790E+3	0.000000E+0	1.520860E+2
1.522453E-2	4.010950E+3	0.000000E+0	1.522690E+2
1.521728E-2	4.011103E+3	0.000000E+0	1.524520E+2
1.519566E-2	4.011180E+3	0.000000E+0	1.526360E+2
1.518482E-2	4.011660E+3	0.000000E+0	1.528180E+2
1.516952E-2	4.011980E+3	0.000000E+0	1.529990E+2
1.515370E-2	4.011660E+3	0.000000E+0	1.531790E+2
1.515078E-2	4.011420E+3	0.000000E+0	1.533610E+2
1.514895E-2	4.011580E+3	0.000000E+0	1.535430E+2
1.514805E-2	4.012300E+3	0.000000E+0	1.537250E+2
1.514764E-2	4.012380E+3	0.000000E+0	1.539060E+2
1.514729E-2	4.012457E+3	0.000000E+0	1.540890E+2
1.514622E-2	4.012930E+3	0.000000E+0	1.542690E+2
1.514621E-2	4.011900E+3	0.000000E+0	1.544510E+2
1.514629E-2	4.010867E+3	0.000000E+0	1.546300E+2
1.514576E-2	4.010470E+3	0.000000E+0	1.548110E+2
1.514569E-2	4.010710E+3	0.000000E+0	1.549940E+2
1.514539E-2	4.010630E+3	0.000000E+0	1.551710E+2
1.514536E-2	4.010310E+3	0.000000E+0	1.553520E+2
1.514535E-2	4.010310E+3	0.000000E+0	1.555340E+2
1.514465E-2	4.011027E+3	0.000000E+0	1.557160E+2
1.514535E-2	4.011660E+3	0.000000E+0	1.559000E+2
1.514500E-2	4.011660E+3	0.000000E+0	1.560820E+2
1.514545E-2	4.011180E+3	0.000000E+0	1.562640E+2
1.514490E-2	4.011420E+3	0.000000E+0	1.564440E+2
1.514518E-2	4.012060E+3	0.000000E+0	1.566220E+2
1.514482E-2	4.012380E+3	0.000000E+0	1.568030E+2
1.514500E-2	4.012533E+3	0.000000E+0	1.569840E+2
1.514509E-2	4.012533E+3	0.000000E+0	1.571690E+2
1.514482E-2	4.012380E+3	0.000000E+0	1.573520E+2
1.514477E-2	4.013170E+3	0.000000E+0	1.575330E+2
1.514478E-2	4.013967E+3	0.000000E+0	1.577130E+2
1.514456E-2	4.014680E+3	0.000000E+0	1.578950E+2
1.514500E-2	4.014047E+3	0.000000E+0	1.580740E+2
1.514459E-2	4.012217E+3	0.000000E+0	1.582540E+2
1.514436E-2	4.011420E+3	0.000000E+0	1.584350E+2
1.514464E-2	4.011580E+3	0.000000E+0	1.586160E+2
1.514504E-2	4.011900E+3	0.000000E+0	1.587940E+2
1.514497E-2	4.011500E+3	0.000000E+0	1.589740E+2
1.514463E-2	4.011420E+3	0.000000E+0	1.591560E+2
1.514467E-2	4.011580E+3	0.000000E+0	1.593370E+2
1.514427E-2	4.012613E+3	0.000000E+0	1.595160E+2
1.514482E-2	4.013730E+3	0.000000E+0	1.596990E+2
1.514510E-2	4.013650E+3	0.000000E+0	1.598820E+2
1.514456E-2	4.013570E+3	0.000000E+0	1.600630E+2
1.514476E-2	4.013250E+3	0.000000E+0	1.602430E+2
1.514462E-2	4.013090E+3	0.000000E+0	1.604250E+2
1.514476E-2	4.012850E+3	0.000000E+0	1.606100E+2
1.514473E-2	4.013010E+3	0.000000E+0	1.607920E+2
1.514467E-2	4.013090E+3	0.000000E+0	1.609740E+2
1.514443E-2	4.013090E+3	0.000000E+0	1.611530E+2
1.514473E-2	4.013170E+3	0.000000E+0	1.613390E+2
1.514480E-2	4.013250E+3	0.000000E+0	1.615220E+2
1.514450E-2	4.013010E+3	0.000000E+0	1.617030E+2
1.514469E-2	4.012457E+3	0.000000E+0	1.618850E+2
1.514433E-2	4.011900E+3	0.000000E+0	1.620620E+2
1.514468E-2	4.011420E+3	0.000000E+0	1.622420E+2
1.514457E-2	4.011500E+3	0.000000E+0	1.624250E+2
1.514443E-2	4.012140E+3	0.000000E+0	1.626060E+2
1.514441E-2	4.012770E+3	0.000000E+0	1.627850E+2
1.514446E-2	4.012850E+3	0.000000E+0	1.629680E+2
1.514485E-2	4.012850E+3	0.000000E+0	1.631490E+2
1.514415E-2	4.012690E+3	0.000000E+0	1.633310E+2
1.514428E-2	4.012533E+3	0.000000E+0	1.635110E+2
1.514482E-2	4.012930E+3	0.000000E+0	1.636940E+2
1.514440E-2	4.013090E+3	0.000000E+0	1.638780E+2
1.514464E-2	4.013010E+3	0.000000E+0	1.640620E+2
1.514489E-2	4.012060E+3	0.000000E+0	1.642450E+2
1.514430E-2	4.011340E+3	0.000000E+0	1.644270E+2
1.514460E-2	4.011027E+3	0.000000E+0	1.646080E+2
1.514429E-2	4.010950E+3	0.000000E+0	1.647920E+2
1.514437E-2	4.011183E+3	0.000000E+0	1.649780E+2
1.514458E-2	4.011580E+3	0.000000E+0	1.651580E+2
1.514462E-2	4.011900E+3	0.000000E+0	1.653380E+2
1.514420E-2	4.012300E+3	0.000000E+0	1.655190E+2
1.514482E-2	4.012457E+3	0.000000E+0	1.657000E+2
1.514475E-2	4.012930E+3	0.000000E+0	1.658810E+2
1.514469E-2	4.013090E+3	0.000000E+0	1.660620E+2
1.514466E-2	4.013010E+3	0.000000E+0	1.662410E+2
