X channel: Keithley, channel #5; mode:  DCV; scale:  0.10; X converted, conversion factor:1.000000E+0
Y channel: Lock-in, mkV
II channel: B7-78, Ohm; scale:  10000.000000
X channel	Y channel	II channel	timestamp, sec
1.514327E-2	3.697770E+3	0.000000E+0	0.000000E+0
1.514403E-2	3.698603E+3	0.000000E+0	1.740000E-1
1.514396E-2	3.700033E+3	0.000000E+0	3.420000E-1
1.514378E-2	3.701143E+3	0.000000E+0	5.100000E-1
1.514388E-2	3.701940E+3	0.000000E+0	6.880000E-1
1.514402E-2	3.702657E+3	0.000000E+0	8.690000E-1
1.514412E-2	3.703530E+3	0.000000E+0	1.050000E+0
1.514446E-2	3.704720E+3	0.000000E+0	1.238000E+0
1.514437E-2	3.705673E+3	0.000000E+0	1.422000E+0
1.514381E-2	3.705280E+3	0.000000E+0	1.603000E+0
1.514406E-2	3.704960E+3	0.000000E+0	1.790000E+0
1.514336E-2	3.705753E+3	0.000000E+0	1.970000E+0
1.514394E-2	3.707263E+3	0.000000E+0	2.150000E+0
1.514382E-2	3.708457E+3	0.000000E+0	2.332000E+0
1.514378E-2	3.709570E+3	0.000000E+0	2.517000E+0
1.514389E-2	3.710680E+3	0.000000E+0	2.699000E+0
1.515506E-2	3.711160E+3	0.000000E+0	2.879000E+0
1.516267E-2	3.711640E+3	0.000000E+0	3.063000E+0
1.517636E-2	3.712350E+3	0.000000E+0	3.250000E+0
1.519131E-2	3.711877E+3	0.000000E+0	3.433000E+0
1.519796E-2	3.712033E+3	0.000000E+0	3.614000E+0
1.521920E-2	3.712987E+3	0.000000E+0	3.796000E+0
1.522656E-2	3.713620E+3	0.000000E+0	3.977000E+0
1.524835E-2	3.714020E+3	0.000000E+0	4.160000E+0
1.525296E-2	3.714420E+3	0.000000E+0	4.344000E+0
1.527656E-2	3.714973E+3	0.000000E+0	4.527000E+0
1.528235E-2	3.715690E+3	0.000000E+0	4.710000E+0
1.530218E-2	3.716090E+3	0.000000E+0	4.892000E+0
1.531216E-2	3.716250E+3	0.000000E+0	5.074000E+0
1.532768E-2	3.716250E+3	0.000000E+0	5.255000E+0
1.534198E-2	3.716250E+3	0.000000E+0	5.436000E+0
1.535482E-2	3.716250E+3	0.000000E+0	5.617000E+0
1.537241E-2	3.716640E+3	0.000000E+0	5.799000E+0
1.537902E-2	3.716800E+3	0.000000E+0	5.980000E+0
1.540133E-2	3.717200E+3	0.000000E+0	6.162000E+0
1.540603E-2	3.718150E+3	0.000000E+0	6.343000E+0
1.542979E-2	3.719263E+3	0.000000E+0	6.525000E+0
1.543640E-2	3.720060E+3	0.000000E+0	6.709000E+0
1.545591E-2	3.720540E+3	0.000000E+0	6.886000E+0
1.546666E-2	3.720777E+3	0.000000E+0	7.066000E+0
1.548153E-2	3.721250E+3	0.000000E+0	7.249000E+0
1.549686E-2	3.721490E+3	0.000000E+0	7.435000E+0
1.550689E-2	3.721810E+3	0.000000E+0	7.616000E+0
1.552652E-2	3.722130E+3	0.000000E+0	7.797000E+0
1.553384E-2	3.722760E+3	0.000000E+0	7.979000E+0
1.555697E-2	3.723320E+3	0.000000E+0	8.160000E+0
1.556105E-2	3.723400E+3	0.000000E+0	8.341000E+0
1.558488E-2	3.723713E+3	0.000000E+0	8.518000E+0
1.559134E-2	3.724590E+3	0.000000E+0	8.700000E+0
1.560897E-2	3.724990E+3	0.000000E+0	8.881000E+0
1.562123E-2	3.724670E+3	0.000000E+0	9.061000E+0
1.563486E-2	3.724590E+3	0.000000E+0	9.244000E+0
1.565215E-2	3.725147E+3	0.000000E+0	9.422000E+0
1.566137E-2	3.726180E+3	0.000000E+0	9.604000E+0
1.568231E-2	3.726740E+3	0.000000E+0	9.785000E+0
1.568747E-2	3.726740E+3	0.000000E+0	9.967000E+0
1.571070E-2	3.726740E+3	0.000000E+0	1.014600E+1
1.571640E-2	3.726893E+3	0.000000E+0	1.032400E+1
1.573906E-2	3.727450E+3	0.000000E+0	1.050800E+1
1.574714E-2	3.728723E+3	0.000000E+0	1.068900E+1
1.576516E-2	3.729913E+3	0.000000E+0	1.087100E+1
1.577791E-2	3.730310E+3	0.000000E+0	1.105200E+1
1.578891E-2	3.730310E+3	0.000000E+0	1.123200E+1
1.580797E-2	3.730550E+3	0.000000E+0	1.141500E+1
1.581611E-2	3.730550E+3	0.000000E+0	1.159500E+1
1.583812E-2	3.731267E+3	0.000000E+0	1.177900E+1
1.584385E-2	3.731740E+3	0.000000E+0	1.195800E+1
1.586737E-2	3.731740E+3	0.000000E+0	1.214000E+1
1.587273E-2	3.732140E+3	0.000000E+0	1.232400E+1
1.589399E-2	3.732853E+3	0.000000E+0	1.250400E+1
1.590376E-2	3.732930E+3	0.000000E+0	1.268400E+1
1.592081E-2	3.733010E+3	0.000000E+0	1.286700E+1
1.593483E-2	3.733490E+3	0.000000E+0	1.304700E+1
1.594634E-2	3.734050E+3	0.000000E+0	1.322700E+1
1.596496E-2	3.734600E+3	0.000000E+0	1.340900E+1
1.597197E-2	3.734680E+3	0.000000E+0	1.359000E+1
1.599483E-2	3.735000E+3	0.000000E+0	1.377000E+1
1.600116E-2	3.735160E+3	0.000000E+0	1.395300E+1
1.602473E-2	3.735797E+3	0.000000E+0	1.413600E+1
1.602955E-2	3.736590E+3	0.000000E+0	1.431700E+1
1.604626E-2	3.736670E+3	0.000000E+0	1.449700E+1
1.605971E-2	3.736033E+3	0.000000E+0	1.467800E+1
1.607781E-2	3.735640E+3	0.000000E+0	1.485900E+1
1.609138E-2	3.736190E+3	0.000000E+0	1.503800E+1
1.610439E-2	3.736910E+3	0.000000E+0	1.522300E+1
1.612176E-2	3.737307E+3	0.000000E+0	1.540600E+1
1.613044E-2	3.737780E+3	0.000000E+0	1.558600E+1
1.615289E-2	3.737700E+3	0.000000E+0	1.577000E+1
1.615795E-2	3.737307E+3	0.000000E+0	1.595200E+1
1.618241E-2	3.737463E+3	0.000000E+0	1.613600E+1
1.618707E-2	3.738260E+3	0.000000E+0	1.631900E+1
1.620926E-2	3.738260E+3	0.000000E+0	1.650000E+1
1.621901E-2	3.738660E+3	0.000000E+0	1.668100E+1
1.623714E-2	3.739370E+3	0.000000E+0	1.686300E+1
1.624978E-2	3.738817E+3	0.000000E+0	1.704600E+1
1.626252E-2	3.738420E+3	0.000000E+0	1.722600E+1
1.628002E-2	3.738740E+3	0.000000E+0	1.740800E+1
1.628806E-2	3.738900E+3	0.000000E+0	1.759000E+1
1.631108E-2	3.738820E+3	0.000000E+0	1.777300E+1
1.631708E-2	3.738740E+3	0.000000E+0	1.796000E+1
1.634085E-2	3.739133E+3	0.000000E+0	1.813900E+1
1.634592E-2	3.739450E+3	0.000000E+0	1.832100E+1
1.636529E-2	3.739930E+3	0.000000E+0	1.850300E+1
1.637652E-2	3.740643E+3	0.000000E+0	1.868500E+1
1.639466E-2	3.741120E+3	0.000000E+0	1.886600E+1
1.640756E-2	3.741280E+3	0.000000E+0	1.904800E+1
1.642068E-2	3.741200E+3	0.000000E+0	1.922900E+1
1.643850E-2	3.741280E+3	0.000000E+0	1.940800E+1
1.644684E-2	3.741200E+3	0.000000E+0	1.959200E+1
1.646861E-2	3.741040E+3	0.000000E+0	1.977200E+1
1.647455E-2	3.741040E+3	0.000000E+0	1.995500E+1
1.649729E-2	3.740960E+3	0.000000E+0	2.013500E+1
1.650384E-2	3.741040E+3	0.000000E+0	2.031600E+1
1.652502E-2	3.741757E+3	0.000000E+0	2.049700E+1
1.653462E-2	3.742470E+3	0.000000E+0	2.067700E+1
1.655116E-2	3.743903E+3	0.000000E+0	2.086100E+1
1.656604E-2	3.745253E+3	0.000000E+0	2.104300E+1
1.657721E-2	3.745810E+3	0.000000E+0	2.122400E+1
1.659654E-2	3.745570E+3	0.000000E+0	2.140400E+1
1.660455E-2	3.745570E+3	0.000000E+0	2.158600E+1
1.662702E-2	3.745890E+3	0.000000E+0	2.177100E+1
1.663160E-2	3.745890E+3	0.000000E+0	2.195400E+1
1.665498E-2	3.745810E+3	0.000000E+0	2.213400E+1
1.666186E-2	3.746763E+3	0.000000E+0	2.231300E+1
1.668386E-2	3.747953E+3	0.000000E+0	2.249600E+1
1.669348E-2	3.748430E+3	0.000000E+0	2.267700E+1
1.670994E-2	3.748990E+3	0.000000E+0	2.286000E+1
1.672426E-2	3.750100E+3	0.000000E+0	2.304000E+1
1.673562E-2	3.751530E+3	0.000000E+0	2.322300E+1
1.675535E-2	3.752483E+3	0.000000E+0	2.340300E+1
1.676318E-2	3.752720E+3	0.000000E+0	2.358200E+1
1.678536E-2	3.752720E+3	0.000000E+0	2.376500E+1
1.679089E-2	3.752327E+3	0.000000E+0	2.394800E+1
1.681529E-2	3.752327E+3	0.000000E+0	2.413400E+1
1.682129E-2	3.752960E+3	0.000000E+0	2.431700E+1
1.684238E-2	3.753837E+3	0.000000E+0	2.449600E+1
1.685172E-2	3.754470E+3	0.000000E+0	2.468000E+1
1.686801E-2	3.754790E+3	0.000000E+0	2.486300E+1
1.688269E-2	3.754870E+3	0.000000E+0	2.504900E+1
1.689554E-2	3.755267E+3	0.000000E+0	2.522900E+1
1.691366E-2	3.755580E+3	0.000000E+0	2.541000E+1
1.692025E-2	3.755820E+3	0.000000E+0	2.559200E+1
1.694376E-2	3.756060E+3	0.000000E+0	2.577300E+1
1.694965E-2	3.756380E+3	0.000000E+0	2.595600E+1
1.697389E-2	3.756300E+3	0.000000E+0	2.613900E+1
1.698015E-2	3.755660E+3	0.000000E+0	2.632000E+1
1.700208E-2	3.755820E+3	0.000000E+0	2.650300E+1
1.701171E-2	3.756697E+3	0.000000E+0	2.668900E+1
1.703013E-2	3.757330E+3	0.000000E+0	2.686600E+1
1.704249E-2	3.757650E+3	0.000000E+0	2.704600E+1
1.705361E-2	3.757730E+3	0.000000E+0	2.722500E+1
1.707265E-2	3.758050E+3	0.000000E+0	2.740700E+1
1.708138E-2	3.758450E+3	0.000000E+0	2.758800E+1
1.710385E-2	3.758450E+3	0.000000E+0	2.777100E+1
1.711107E-2	3.757970E+3	0.000000E+0	2.795600E+1
1.713401E-2	3.756857E+3	0.000000E+0	2.813900E+1
1.713926E-2	3.756540E+3	0.000000E+0	2.831900E+1
1.716028E-2	3.756540E+3	0.000000E+0	2.850200E+1
1.716998E-2	3.757330E+3	0.000000E+0	2.868200E+1
1.718664E-2	3.758210E+3	0.000000E+0	2.886400E+1
1.720121E-2	3.758050E+3	0.000000E+0	2.904500E+1
1.721016E-2	3.758130E+3	0.000000E+0	2.922800E+1
1.723203E-2	3.758923E+3	0.000000E+0	2.941000E+1
1.724136E-2	3.760433E+3	0.000000E+0	2.959000E+1
1.726365E-2	3.761070E+3	0.000000E+0	2.977000E+1
1.726931E-2	3.760830E+3	0.000000E+0	2.995100E+1
1.729329E-2	3.759717E+3	0.000000E+0	3.013400E+1
1.729891E-2	3.758920E+3	0.000000E+0	3.031600E+1
1.732144E-2	3.758603E+3	0.000000E+0	3.050000E+1
1.732986E-2	3.759000E+3	0.000000E+0	3.068100E+1
1.734739E-2	3.759000E+3	0.000000E+0	3.086200E+1
1.736123E-2	3.758603E+3	0.000000E+0	3.104400E+1
1.737343E-2	3.758210E+3	0.000000E+0	3.122700E+1
1.739189E-2	3.757730E+3	0.000000E+0	3.141000E+1
1.740096E-2	3.757810E+3	0.000000E+0	3.158900E+1
1.742300E-2	3.758370E+3	0.000000E+0	3.177000E+1
1.742737E-2	3.758680E+3	0.000000E+0	3.195200E+1
1.745150E-2	3.758840E+3	0.000000E+0	3.213600E+1
1.745850E-2	3.759000E+3	0.000000E+0	3.231700E+1
1.748156E-2	3.759400E+3	0.000000E+0	3.250000E+1
1.749035E-2	3.759160E+3	0.000000E+0	3.268100E+1
1.750757E-2	3.758603E+3	0.000000E+0	3.286300E+1
1.752106E-2	3.758210E+3	0.000000E+0	3.304700E+1
1.753392E-2	3.758290E+3	0.000000E+0	3.323000E+1
1.755249E-2	3.758527E+3	0.000000E+0	3.341000E+1
1.756098E-2	3.758290E+3	0.000000E+0	3.359100E+1
1.758271E-2	3.758290E+3	0.000000E+0	3.377400E+1
1.758857E-2	3.758840E+3	0.000000E+0	3.395400E+1
1.761273E-2	3.758920E+3	0.000000E+0	3.413600E+1
1.761806E-2	3.758680E+3	0.000000E+0	3.431700E+1
1.764096E-2	3.759000E+3	0.000000E+0	3.450000E+1
1.765005E-2	3.759480E+3	0.000000E+0	3.468300E+1
1.766671E-2	3.759640E+3	0.000000E+0	3.486500E+1
1.768020E-2	3.759800E+3	0.000000E+0	3.504600E+1
1.769357E-2	3.760350E+3	0.000000E+0	3.522700E+1
1.771137E-2	3.760830E+3	0.000000E+0	3.540900E+1
1.771795E-2	3.761070E+3	0.000000E+0	3.559000E+1
1.774126E-2	3.760590E+3	0.000000E+0	3.576900E+1
1.774707E-2	3.759877E+3	0.000000E+0	3.595100E+1
1.777109E-2	3.759160E+3	0.000000E+0	3.613200E+1
1.777800E-2	3.758367E+3	0.000000E+0	3.631700E+1
1.780064E-2	3.757810E+3	0.000000E+0	3.650200E+1
1.780858E-2	3.757730E+3	0.000000E+0	3.668200E+1
1.782564E-2	3.757810E+3	0.000000E+0	3.686300E+1
1.784022E-2	3.758603E+3	0.000000E+0	3.704600E+1
1.785251E-2	3.758920E+3	0.000000E+0	3.722600E+1
1.787105E-2	3.758920E+3	0.000000E+0	3.740800E+1
1.787873E-2	3.758840E+3	0.000000E+0	3.758800E+1
1.790157E-2	3.758760E+3	0.000000E+0	3.777100E+1
1.790727E-2	3.758840E+3	0.000000E+0	3.795600E+1
1.793112E-2	3.758603E+3	0.000000E+0	3.813500E+1
1.793770E-2	3.758210E+3	0.000000E+0	3.831400E+1
1.795880E-2	3.757730E+3	0.000000E+0	3.849500E+1
1.796826E-2	3.757250E+3	0.000000E+0	3.867800E+1
1.798537E-2	3.757250E+3	0.000000E+0	3.885800E+1
1.800022E-2	3.756933E+3	0.000000E+0	3.903900E+1
1.800870E-2	3.756460E+3	0.000000E+0	3.922200E+1
1.803033E-2	3.756300E+3	0.000000E+0	3.940400E+1
1.803830E-2	3.756933E+3	0.000000E+0	3.958500E+1
1.806103E-2	3.757650E+3	0.000000E+0	3.976400E+1
1.806754E-2	3.757810E+3	0.000000E+0	3.995100E+1
1.809112E-2	3.757730E+3	0.000000E+0	4.013500E+1
1.809708E-2	3.757173E+3	0.000000E+0	4.031600E+1
1.811884E-2	3.756300E+3	0.000000E+0	4.050200E+1
1.812847E-2	3.756060E+3	0.000000E+0	4.068800E+1
1.814575E-2	3.756300E+3	0.000000E+0	4.086600E+1
1.816023E-2	3.756540E+3	0.000000E+0	4.105300E+1
1.817219E-2	3.756620E+3	0.000000E+0	4.123200E+1
1.819063E-2	3.757650E+3	0.000000E+0	4.141400E+1
1.819982E-2	3.758290E+3	0.000000E+0	4.159400E+1
1.822159E-2	3.758210E+3	0.000000E+0	4.177700E+1
1.822749E-2	3.757810E+3	0.000000E+0	4.196100E+1
1.825149E-2	3.757730E+3	0.000000E+0	4.214400E+1
1.825735E-2	3.757490E+3	0.000000E+0	4.232800E+1
1.827996E-2	3.756540E+3	0.000000E+0	4.250500E+1
1.828852E-2	3.755740E+3	0.000000E+0	4.268800E+1
1.830082E-2	3.755350E+3	0.000000E+0	4.286800E+1
1.832053E-2	3.755350E+3	0.000000E+0	4.305100E+1
1.832952E-2	3.755270E+3	0.000000E+0	4.323300E+1
1.835248E-2	3.754870E+3	0.000000E+0	4.341400E+1
1.835779E-2	3.753997E+3	0.000000E+0	4.359400E+1
1.837552E-2	3.753200E+3	0.000000E+0	4.377900E+1
1.839221E-2	3.753120E+3	0.000000E+0	4.395900E+1
1.840474E-2	3.752640E+3	0.000000E+0	4.413700E+1
1.841512E-2	3.752170E+3	0.000000E+0	4.431600E+1
1.842496E-2	3.751450E+3	0.000000E+0	4.449600E+1
1.843196E-2	3.750817E+3	0.000000E+0	4.467900E+1
1.843805E-2	3.750340E+3	0.000000E+0	4.486200E+1
1.844355E-2	3.750500E+3	0.000000E+0	4.504500E+1
1.845116E-2	3.751370E+3	0.000000E+0	4.522900E+1
1.850164E-2	3.752010E+3	0.000000E+0	4.541000E+1
1.852819E-2	3.751133E+3	0.000000E+0	4.559400E+1
1.853774E-2	3.749547E+3	0.000000E+0	4.576900E+1
1.856036E-2	3.748670E+3	0.000000E+0	4.595000E+1
1.856579E-2	3.747637E+3	0.000000E+0	4.613000E+1
1.858835E-2	3.746920E+3	0.000000E+0	4.631100E+1
1.859706E-2	3.746443E+3	0.000000E+0	4.649100E+1
1.861722E-2	3.745970E+3	0.000000E+0	4.667100E+1
1.862865E-2	3.745650E+3	0.000000E+0	4.685400E+1
1.864269E-2	3.744933E+3	0.000000E+0	4.703400E+1
1.865999E-2	3.743427E+3	0.000000E+0	4.721600E+1
1.866885E-2	3.742310E+3	0.000000E+0	4.740200E+1
1.869067E-2	3.741677E+3	0.000000E+0	4.758400E+1
1.869918E-2	3.740880E+3	0.000000E+0	4.776400E+1
1.872161E-2	3.740170E+3	0.000000E+0	4.794400E+1
1.872754E-2	3.739850E+3	0.000000E+0	4.812600E+1
1.875112E-2	3.739770E+3	0.000000E+0	4.831100E+1
1.875818E-2	3.739133E+3	0.000000E+0	4.849300E+1
1.877824E-2	3.738340E+3	0.000000E+0	4.867400E+1
1.878973E-2	3.736987E+3	0.000000E+0	4.885600E+1
1.880429E-2	3.735797E+3	0.000000E+0	4.903800E+1
1.881893E-2	3.735080E+3	0.000000E+0	4.921900E+1
1.883175E-2	3.734367E+3	0.000000E+0	4.940300E+1
1.884666E-2	3.734130E+3	0.000000E+0	4.958700E+1
1.886123E-2	3.733730E+3	0.000000E+0	4.977200E+1
1.887659E-2	3.733013E+3	0.000000E+0	4.995300E+1
1.888954E-2	3.731743E+3	0.000000E+0	5.013500E+1
1.890475E-2	3.730310E+3	0.000000E+0	5.031900E+1
1.891872E-2	3.729280E+3	0.000000E+0	5.050200E+1
1.893455E-2	3.727847E+3	0.000000E+0	5.068400E+1
1.894937E-2	3.726420E+3	0.000000E+0	5.086800E+1
1.896338E-2	3.726020E+3	0.000000E+0	5.104900E+1
1.897839E-2	3.725940E+3	0.000000E+0	5.123000E+1
1.899279E-2	3.724830E+3	0.000000E+0	5.141300E+1
1.900669E-2	3.723397E+3	0.000000E+0	5.159600E+1
1.902101E-2	3.722047E+3	0.000000E+0	5.177700E+1
1.903574E-2	3.720617E+3	0.000000E+0	5.195700E+1
1.904977E-2	3.718867E+3	0.000000E+0	5.213600E+1
1.906458E-2	3.717753E+3	0.000000E+0	5.231700E+1
1.907874E-2	3.716880E+3	0.000000E+0	5.249600E+1
1.909289E-2	3.716247E+3	0.000000E+0	5.267900E+1
1.910795E-2	3.715450E+3	0.000000E+0	5.286000E+1
1.912228E-2	3.714100E+3	0.000000E+0	5.304200E+1
1.913648E-2	3.712750E+3	0.000000E+0	5.322200E+1
1.914980E-2	3.711240E+3	0.000000E+0	5.340500E+1
1.916536E-2	3.709570E+3	0.000000E+0	5.358700E+1
1.918007E-2	3.708060E+3	0.000000E+0	5.376900E+1
1.919352E-2	3.706947E+3	0.000000E+0	5.395100E+1
1.920787E-2	3.705357E+3	0.000000E+0	5.413100E+1
1.922377E-2	3.703847E+3	0.000000E+0	5.431300E+1
1.923884E-2	3.702417E+3	0.000000E+0	5.449400E+1
1.925332E-2	3.700747E+3	0.000000E+0	5.467800E+1
1.926883E-2	3.699080E+3	0.000000E+0	5.486100E+1
1.928174E-2	3.697490E+3	0.000000E+0	5.504500E+1
1.929607E-2	3.695980E+3	0.000000E+0	5.522100E+1
1.930952E-2	3.694470E+3	0.000000E+0	5.540200E+1
1.932436E-2	3.692723E+3	0.000000E+0	5.558400E+1
1.933856E-2	3.691130E+3	0.000000E+0	5.576500E+1
1.935309E-2	3.689780E+3	0.000000E+0	5.594700E+1
1.936719E-2	3.687873E+3	0.000000E+0	5.612800E+1
1.938242E-2	3.685807E+3	0.000000E+0	5.631300E+1
1.939704E-2	3.684377E+3	0.000000E+0	5.649400E+1
1.941198E-2	3.683423E+3	0.000000E+0	5.667600E+1
1.942605E-2	3.682230E+3	0.000000E+0	5.685700E+1
1.943949E-2	3.679767E+3	0.000000E+0	5.703900E+1
1.945510E-2	3.676430E+3	0.000000E+0	5.722000E+1
1.946962E-2	3.673330E+3	0.000000E+0	5.740400E+1
1.948357E-2	3.671660E+3	0.000000E+0	5.758700E+1
1.949837E-2	3.670230E+3	0.000000E+0	5.777000E+1
1.951355E-2	3.668083E+3	0.000000E+0	5.795300E+1
1.952748E-2	3.665860E+3	0.000000E+0	5.813600E+1
1.954202E-2	3.664190E+3	0.000000E+0	5.831600E+1
1.955721E-2	3.662523E+3	0.000000E+0	5.849300E+1
1.957152E-2	3.660377E+3	0.000000E+0	5.867500E+1
1.958519E-2	3.656960E+3	0.000000E+0	5.885600E+1
1.959970E-2	3.654573E+3	0.000000E+0	5.903700E+1
1.961420E-2	3.652270E+3	0.000000E+0	5.921900E+1
1.962875E-2	3.649807E+3	0.000000E+0	5.940200E+1
1.963920E-2	3.647183E+3	0.000000E+0	5.958200E+1
1.965900E-2	3.644957E+3	0.000000E+0	5.976600E+1
1.966328E-2	3.641700E+3	0.000000E+0	5.994500E+1
1.968777E-2	3.639077E+3	0.000000E+0	6.012500E+1
1.969429E-2	3.636537E+3	0.000000E+0	6.030700E+1
1.971375E-2	3.634227E+3	0.000000E+0	6.048800E+1
1.972471E-2	3.632003E+3	0.000000E+0	6.067000E+1
1.974028E-2	3.629300E+3	0.000000E+0	6.084900E+1
1.975528E-2	3.625963E+3	0.000000E+0	6.103300E+1
1.976463E-2	3.622310E+3	0.000000E+0	6.121800E+1
1.978607E-2	3.619210E+3	0.000000E+0	6.139800E+1
1.979433E-2	3.616747E+3	0.000000E+0	6.157700E+1
1.981704E-2	3.614200E+3	0.000000E+0	6.175900E+1
1.982254E-2	3.609670E+3	0.000000E+0	6.194000E+1
1.984634E-2	3.606017E+3	0.000000E+0	6.212400E+1
1.985378E-2	3.602280E+3	0.000000E+0	6.230600E+1
1.987281E-2	3.599023E+3	0.000000E+0	6.248700E+1
1.988445E-2	3.596003E+3	0.000000E+0	6.266900E+1
1.989902E-2	3.592663E+3	0.000000E+0	6.284800E+1
1.991552E-2	3.589010E+3	0.000000E+0	6.303000E+1
1.992773E-2	3.584160E+3	0.000000E+0	6.320900E+1
1.994565E-2	3.579550E+3	0.000000E+0	6.338900E+1
1.995259E-2	3.575100E+3	0.000000E+0	6.356800E+1
1.997542E-2	3.571683E+3	0.000000E+0	6.374900E+1
1.998129E-2	3.568110E+3	0.000000E+0	6.392800E+1
2.000373E-2	3.564530E+3	0.000000E+0	6.411100E+1
2.001208E-2	3.560953E+3	0.000000E+0	6.429100E+1
2.003095E-2	3.556820E+3	0.000000E+0	6.447400E+1
2.004369E-2	3.552530E+3	0.000000E+0	6.465700E+1
2.005409E-2	3.548000E+3	0.000000E+0	6.483900E+1
2.007331E-2	3.544583E+3	0.000000E+0	6.502000E+1
2.008353E-2	3.540530E+3	0.000000E+0	6.520000E+1
2.010480E-2	3.536240E+3	0.000000E+0	6.538300E+1
2.011172E-2	3.531630E+3	0.000000E+0	6.556700E+1
2.013473E-2	3.527340E+3	0.000000E+0	6.575000E+1
2.014039E-2	3.522810E+3	0.000000E+0	6.593400E+1
2.016419E-2	3.518440E+3	0.000000E+0	6.611400E+1
2.017086E-2	3.514147E+3	0.000000E+0	6.629700E+1
2.018851E-2	3.510170E+3	0.000000E+0	6.647600E+1
2.020233E-2	3.505243E+3	0.000000E+0	6.666100E+1
2.021738E-2	3.500000E+3	0.000000E+0	6.684400E+1
2.023308E-2	3.495710E+3	0.000000E+0	6.702500E+1
2.024459E-2	3.491340E+3	0.000000E+0	6.720700E+1
2.026383E-2	3.487363E+3	0.000000E+0	6.738700E+1
2.026947E-2	3.482990E+3	0.000000E+0	6.757000E+1
2.029338E-2	3.479417E+3	0.000000E+0	6.775400E+1
2.029837E-2	3.475520E+3	0.000000E+0	6.793500E+1
2.032133E-2	3.471710E+3	0.000000E+0	6.811800E+1
2.032941E-2	3.467650E+3	0.000000E+0	6.829800E+1
2.034785E-2	3.463200E+3	0.000000E+0	6.848100E+1
2.036083E-2	3.458910E+3	0.000000E+0	6.866400E+1
2.037418E-2	3.455257E+3	0.000000E+0	6.884800E+1
2.039134E-2	3.451840E+3	0.000000E+0	6.903000E+1
2.040150E-2	3.447787E+3	0.000000E+0	6.921200E+1
2.042231E-2	3.444370E+3	0.000000E+0	6.939600E+1
2.042710E-2	3.441187E+3	0.000000E+0	6.958100E+1
2.045089E-2	3.438963E+3	0.000000E+0	6.976200E+1
2.045832E-2	3.436660E+3	0.000000E+0	6.994400E+1
2.048222E-2	3.434193E+3	0.000000E+0	7.012500E+1
2.048858E-2	3.431097E+3	0.000000E+0	7.030900E+1
2.051037E-2	3.428077E+3	0.000000E+0	7.049200E+1
2.051926E-2	3.426090E+3	0.000000E+0	7.067300E+1
2.053506E-2	3.424580E+3	0.000000E+0	7.085300E+1
2.054969E-2	3.423230E+3	0.000000E+0	7.103300E+1
2.056159E-2	3.421720E+3	0.000000E+0	7.121500E+1
2.058071E-2	3.420367E+3	0.000000E+0	7.139200E+1
2.058799E-2	3.418463E+3	0.000000E+0	7.157200E+1
2.061059E-2	3.416870E+3	0.000000E+0	7.175500E+1
2.061623E-2	3.416157E+3	0.000000E+0	7.193500E+1
2.063973E-2	3.415680E+3	0.000000E+0	7.211700E+1
2.064657E-2	3.415600E+3	0.000000E+0	7.229400E+1
2.066306E-2	3.415840E+3	0.000000E+0	7.247400E+1
2.067721E-2	3.416080E+3	0.000000E+0	7.266000E+1
2.069216E-2	3.416310E+3	0.000000E+0	7.284100E+1
2.070810E-2	3.416390E+3	0.000000E+0	7.302300E+1
2.071858E-2	3.417030E+3	0.000000E+0	7.320200E+1
2.073875E-2	3.418063E+3	0.000000E+0	7.338000E+1
2.074508E-2	3.419893E+3	0.000000E+0	7.356300E+1
2.076868E-2	3.421560E+3	0.000000E+0	7.374300E+1
2.077391E-2	3.423227E+3	0.000000E+0	7.392400E+1
2.079705E-2	3.425057E+3	0.000000E+0	7.410600E+1
2.080444E-2	3.427680E+3	0.000000E+0	7.428800E+1
2.082289E-2	3.430540E+3	0.000000E+0	7.446900E+1
2.083560E-2	3.433880E+3	0.000000E+0	7.465500E+1
2.085010E-2	3.436583E+3	0.000000E+0	7.483600E+1
2.086582E-2	3.439280E+3	0.000000E+0	7.501600E+1
2.087515E-2	3.442700E+3	0.000000E+0	7.519100E+1
2.089682E-2	3.445877E+3	0.000000E+0	7.537400E+1
2.090334E-2	3.449613E+3	0.000000E+0	7.555600E+1
2.092668E-2	3.453270E+3	0.000000E+0	7.573800E+1
2.093167E-2	3.457800E+3	0.000000E+0	7.592400E+1
2.095252E-2	3.461690E+3	0.000000E+0	7.610900E+1
2.096222E-2	3.465907E+3	0.000000E+0	7.629100E+1
2.098201E-2	3.470280E+3	0.000000E+0	7.647600E+1
2.099297E-2	3.474650E+3	0.000000E+0	7.665700E+1
2.100871E-2	3.479340E+3	0.000000E+0	7.683900E+1
2.102388E-2	3.483630E+3	0.000000E+0	7.702700E+1
2.103486E-2	3.488000E+3	0.000000E+0	7.721000E+1
2.105530E-2	3.491970E+3	0.000000E+0	7.738900E+1
2.106240E-2	3.496900E+3	0.000000E+0	7.756800E+1
2.108429E-2	3.501510E+3	0.000000E+0	7.774900E+1
2.108971E-2	3.506280E+3	0.000000E+0	7.793100E+1
2.111231E-2	3.509853E+3	0.000000E+0	7.811000E+1
2.112084E-2	3.514070E+3	0.000000E+0	7.829000E+1
2.113886E-2	3.518677E+3	0.000000E+0	7.847300E+1
2.115169E-2	3.523130E+3	0.000000E+0	7.865300E+1
2.116376E-2	3.528130E+3	0.000000E+0	7.883200E+1
2.118146E-2	3.533460E+3	0.000000E+0	7.901100E+1
2.119054E-2	3.538620E+3	0.000000E+0	7.918700E+1
2.121176E-2	3.542990E+3	0.000000E+0	7.936700E+1
2.121694E-2	3.548400E+3	0.000000E+0	7.954700E+1
2.123855E-2	3.553330E+3	0.000000E+0	7.972700E+1
2.124714E-2	3.558170E+3	0.000000E+0	7.991500E+1
2.126820E-2	3.563020E+3	0.000000E+0	8.009400E+1
2.127824E-2	3.568267E+3	0.000000E+0	8.027700E+1
2.129486E-2	3.573037E+3	0.000000E+0	8.046000E+1
2.130875E-2	3.577250E+3	0.000000E+0	8.064300E+1
2.132119E-2	3.581460E+3	0.000000E+0	8.082700E+1
2.133857E-2	3.585037E+3	0.000000E+0	8.100700E+1
2.134663E-2	3.589170E+3	0.000000E+0	8.118700E+1
2.136864E-2	3.593540E+3	0.000000E+0	8.136500E+1
2.137448E-2	3.599020E+3	0.000000E+0	8.154600E+1
2.139744E-2	3.604110E+3	0.000000E+0	8.172700E+1
2.140425E-2	3.609040E+3	0.000000E+0	8.190900E+1
2.142468E-2	3.613090E+3	0.000000E+0	8.209200E+1
2.143523E-2	3.617300E+3	0.000000E+0	8.227200E+1
2.145012E-2	3.621353E+3	0.000000E+0	8.245200E+1
2.146557E-2	3.625410E+3	0.000000E+0	8.263500E+1
2.147703E-2	3.630337E+3	0.000000E+0	8.281500E+1
2.149596E-2	3.634630E+3	0.000000E+0	8.299700E+1
2.150157E-2	3.638043E+3	0.000000E+0	8.318100E+1
2.152439E-2	3.640747E+3	0.000000E+0	8.335700E+1
2.153154E-2	3.644003E+3	0.000000E+0	8.354100E+1
2.155409E-2	3.647660E+3	0.000000E+0	8.372200E+1
2.156139E-2	3.651950E+3	0.000000E+0	8.390200E+1
2.158086E-2	3.656083E+3	0.000000E+0	8.408400E+1
2.159170E-2	3.659820E+3	0.000000E+0	8.426800E+1
2.160739E-2	3.663473E+3	0.000000E+0	8.444900E+1
2.162266E-2	3.666417E+3	0.000000E+0	8.463200E+1
2.163325E-2	3.669437E+3	0.000000E+0	8.481500E+1
2.165253E-2	3.672613E+3	0.000000E+0	8.499800E+1
2.166176E-2	3.676270E+3	0.000000E+0	8.518000E+1
2.168342E-2	3.679290E+3	0.000000E+0	8.536400E+1
2.168799E-2	3.681993E+3	0.000000E+0	8.554700E+1
2.171192E-2	3.684377E+3	0.000000E+0	8.573300E+1
2.171853E-2	3.687397E+3	0.000000E+0	8.591400E+1
2.173817E-2	3.690813E+3	0.000000E+0	8.609400E+1
2.174834E-2	3.693677E+3	0.000000E+0	8.627400E+1
2.176359E-2	3.696933E+3	0.000000E+0	8.645500E+1
2.177965E-2	3.699793E+3	0.000000E+0	8.663900E+1
2.179069E-2	3.701383E+3	0.000000E+0	8.682000E+1
2.180873E-2	3.703530E+3	0.000000E+0	8.700100E+1
2.181654E-2	3.706233E+3	0.000000E+0	8.718300E+1
2.183794E-2	3.708537E+3	0.000000E+0	8.736100E+1
2.184413E-2	3.710763E+3	0.000000E+0	8.754500E+1
2.186734E-2	3.713147E+3	0.000000E+0	8.772400E+1
2.187442E-2	3.715767E+3	0.000000E+0	8.790800E+1
2.189508E-2	3.718153E+3	0.000000E+0	8.809400E+1
2.190537E-2	3.720697E+3	0.000000E+0	8.827600E+1
2.192000E-2	3.723000E+3	0.000000E+0	8.845800E+1
2.193571E-2	3.724350E+3	0.000000E+0	8.863800E+1
2.194666E-2	3.725543E+3	0.000000E+0	8.881900E+1
2.196548E-2	3.727213E+3	0.000000E+0	8.899900E+1
2.197370E-2	3.729120E+3	0.000000E+0	8.918200E+1
2.199540E-2	3.731347E+3	0.000000E+0	8.936300E+1
2.200091E-2	3.733967E+3	0.000000E+0	8.954600E+1
2.202366E-2	3.736113E+3	0.000000E+0	8.972500E+1
2.203049E-2	3.738180E+3	0.000000E+0	8.990600E+1
2.205021E-2	3.739930E+3	0.000000E+0	9.008400E+1
2.206129E-2	3.741677E+3	0.000000E+0	9.026400E+1
2.207498E-2	3.743823E+3	0.000000E+0	9.044700E+1
2.209139E-2	3.745650E+3	0.000000E+0	9.062700E+1
2.210089E-2	3.747240E+3	0.000000E+0	9.080900E+1
2.212104E-2	3.748910E+3	0.000000E+0	9.099100E+1
2.212854E-2	3.750260E+3	0.000000E+0	9.117200E+1
2.215095E-2	3.751450E+3	0.000000E+0	9.135600E+1
2.215617E-2	3.752723E+3	0.000000E+0	9.153600E+1
2.217523E-2	3.754153E+3	0.000000E+0	9.171600E+1
2.218604E-2	3.755503E+3	0.000000E+0	9.189600E+1
2.220676E-2	3.757253E+3	0.000000E+0	9.208300E+1
2.221748E-2	3.759397E+3	0.000000E+0	9.226100E+1
2.223200E-2	3.761623E+3	0.000000E+0	9.244300E+1
2.224717E-2	3.763850E+3	0.000000E+0	9.262400E+1
2.225800E-2	3.765200E+3	0.000000E+0	9.280600E+1
2.227730E-2	3.766390E+3	0.000000E+0	9.298700E+1
2.228468E-2	3.767743E+3	0.000000E+0	9.316900E+1
2.230723E-2	3.768937E+3	0.000000E+0	9.334900E+1
2.231209E-2	3.769810E+3	0.000000E+0	9.352900E+1
2.233481E-2	3.770683E+3	0.000000E+0	9.371200E+1
2.234282E-2	3.772117E+3	0.000000E+0	9.389300E+1
2.236129E-2	3.773230E+3	0.000000E+0	9.407500E+1
2.237261E-2	3.774020E+3	0.000000E+0	9.425400E+1
2.238377E-2	3.775213E+3	0.000000E+0	9.443200E+1
2.240256E-2	3.776407E+3	0.000000E+0	9.461500E+1
2.241265E-2	3.777280E+3	0.000000E+0	9.479700E+1
2.243181E-2	3.777997E+3	0.000000E+0	9.497800E+1
2.244034E-2	3.779267E+3	0.000000E+0	9.516000E+1
2.246243E-2	3.780300E+3	0.000000E+0	9.534300E+1
2.246810E-2	3.781653E+3	0.000000E+0	9.552500E+1
2.249032E-2	3.783320E+3	0.000000E+0	9.570800E+1
2.249843E-2	3.784830E+3	0.000000E+0	9.589000E+1
2.251593E-2	3.785470E+3	0.000000E+0	9.607100E+1
2.252869E-2	3.786340E+3	0.000000E+0	9.625400E+1
2.254159E-2	3.787770E+3	0.000000E+0	9.643500E+1
2.255752E-2	3.788960E+3	0.000000E+0	9.661600E+1
2.256750E-2	3.789360E+3	0.000000E+0	9.679700E+1
2.258753E-2	3.789040E+3	0.000000E+0	9.698000E+1
2.259396E-2	3.789440E+3	0.000000E+0	9.716100E+1
2.261622E-2	3.790393E+3	0.000000E+0	9.734100E+1
2.262228E-2	3.791110E+3	0.000000E+0	9.752200E+1
2.264425E-2	3.791823E+3	0.000000E+0	9.770400E+1
2.265224E-2	3.792857E+3	0.000000E+0	9.788600E+1
2.266686E-2	3.794367E+3	0.000000E+0	9.806700E+1
2.268125E-2	3.795957E+3	0.000000E+0	9.824600E+1
2.269494E-2	3.797230E+3	0.000000E+0	9.842900E+1
2.271188E-2	3.797470E+3	0.000000E+0	9.860900E+1
2.272110E-2	3.796990E+3	0.000000E+0	9.879200E+1
2.274190E-2	3.796830E+3	0.000000E+0	9.897300E+1
2.274761E-2	3.796910E+3	0.000000E+0	9.915200E+1
2.277004E-2	3.797150E+3	0.000000E+0	9.933100E+1
2.277608E-2	3.797550E+3	0.000000E+0	9.951400E+1
2.279702E-2	3.798180E+3	0.000000E+0	9.969500E+1
2.280734E-2	3.799690E+3	0.000000E+0	9.987700E+1
2.282232E-2	3.800803E+3	0.000000E+0	1.000580E+2
2.283674E-2	3.801440E+3	0.000000E+0	1.002380E+2
2.284871E-2	3.801760E+3	0.000000E+0	1.004210E+2
2.286696E-2	3.801840E+3	0.000000E+0	1.006010E+2
2.287342E-2	3.802237E+3	0.000000E+0	1.007830E+2
2.289583E-2	3.802870E+3	0.000000E+0	1.009630E+2
2.290144E-2	3.803270E+3	0.000000E+0	1.011440E+2
2.292423E-2	3.803587E+3	0.000000E+0	1.013260E+2
2.293044E-2	3.803980E+3	0.000000E+0	1.015050E+2
2.294644E-2	3.804300E+3	0.000000E+0	1.016840E+2
2.295996E-2	3.805097E+3	0.000000E+0	1.018660E+2
2.297593E-2	3.805810E+3	0.000000E+0	1.020520E+2
2.299081E-2	3.806370E+3	0.000000E+0	1.022330E+2
2.300196E-2	3.807320E+3	0.000000E+0	1.024160E+2
2.301980E-2	3.808513E+3	0.000000E+0	1.026010E+2
2.302824E-2	3.809630E+3	0.000000E+0	1.027840E+2
2.304885E-2	3.809710E+3	0.000000E+0	1.029640E+2
2.305453E-2	3.810420E+3	0.000000E+0	1.031440E+2
2.307689E-2	3.811770E+3	0.000000E+0	1.033230E+2
2.308399E-2	3.812250E+3	0.000000E+0	1.035030E+2
2.310491E-2	3.811530E+3	0.000000E+0	1.036850E+2
2.311490E-2	3.811370E+3	0.000000E+0	1.038650E+2
2.312816E-2	3.811293E+3	0.000000E+0	1.040490E+2
2.314366E-2	3.810900E+3	0.000000E+0	1.042250E+2
2.315358E-2	3.810660E+3	0.000000E+0	1.044070E+2
2.317245E-2	3.810660E+3	0.000000E+0	1.045910E+2
2.318065E-2	3.810740E+3	0.000000E+0	1.047730E+2
2.320230E-2	3.811060E+3	0.000000E+0	1.049530E+2
2.320710E-2	3.811060E+3	0.000000E+0	1.051320E+2
2.322775E-2	3.810660E+3	0.000000E+0	1.053210E+2
2.323759E-2	3.810660E+3	0.000000E+0	1.055040E+2
2.325613E-2	3.809863E+3	0.000000E+0	1.056880E+2
2.326756E-2	3.807240E+3	0.000000E+0	1.058750E+2
2.328291E-2	3.803667E+3	0.000000E+0	1.060570E+2
2.329767E-2	3.803347E+3	0.000000E+0	1.062370E+2
2.331019E-2	3.806763E+3	0.000000E+0	1.064210E+2
2.332725E-2	3.810340E+3	0.000000E+0	1.066040E+2
2.333476E-2	3.813043E+3	0.000000E+0	1.067850E+2
2.335563E-2	3.814317E+3	0.000000E+0	1.069690E+2
2.336179E-2	3.815587E+3	0.000000E+0	1.071460E+2
2.338427E-2	3.817333E+3	0.000000E+0	1.073290E+2
2.338993E-2	3.818767E+3	0.000000E+0	1.075090E+2
2.341162E-2	3.820117E+3	0.000000E+0	1.076920E+2
2.342028E-2	3.821150E+3	0.000000E+0	1.078720E+2
2.343484E-2	3.821550E+3	0.000000E+0	1.080560E+2
2.344927E-2	3.821630E+3	0.000000E+0	1.082390E+2
2.346041E-2	3.821783E+3	0.000000E+0	1.084210E+2
2.347904E-2	3.822260E+3	0.000000E+0	1.086050E+2
2.348454E-2	3.823060E+3	0.000000E+0	1.087830E+2
2.350657E-2	3.823850E+3	0.000000E+0	1.089610E+2
2.351369E-2	3.824490E+3	0.000000E+0	1.091450E+2
2.353684E-2	3.825120E+3	0.000000E+0	1.093270E+2
2.354283E-2	3.825200E+3	0.000000E+0	1.095080E+2
2.356320E-2	3.825200E+3	0.000000E+0	1.096870E+2
2.357252E-2	3.825200E+3	0.000000E+0	1.098670E+2
2.358854E-2	3.825040E+3	0.000000E+0	1.100510E+2
2.360276E-2	3.825520E+3	0.000000E+0	1.102330E+2
2.361424E-2	3.826393E+3	0.000000E+0	1.104140E+2
2.363136E-2	3.827110E+3	0.000000E+0	1.105980E+2
2.363896E-2	3.827827E+3	0.000000E+0	1.107790E+2
2.366068E-2	3.828540E+3	0.000000E+0	1.109590E+2
2.366609E-2	3.829020E+3	0.000000E+0	1.111400E+2
2.368857E-2	3.828540E+3	0.000000E+0	1.113200E+2
2.369489E-2	3.828060E+3	0.000000E+0	1.115020E+2
2.371183E-2	3.828380E+3	0.000000E+0	1.116830E+2
2.372393E-2	3.828540E+3	0.000000E+0	1.118660E+2
2.373958E-2	3.829177E+3	0.000000E+0	1.120470E+2
2.375367E-2	3.829730E+3	0.000000E+0	1.122260E+2
2.376541E-2	3.829650E+3	0.000000E+0	1.124080E+2
2.378312E-2	3.829730E+3	0.000000E+0	1.125890E+2
2.379020E-2	3.829970E+3	0.000000E+0	1.127680E+2
2.381228E-2	3.830370E+3	0.000000E+0	1.129510E+2
2.381707E-2	3.830767E+3	0.000000E+0	1.131310E+2
2.383875E-2	3.831240E+3	0.000000E+0	1.133070E+2
2.384587E-2	3.831640E+3	0.000000E+0	1.134870E+2
2.386256E-2	3.832673E+3	0.000000E+0	1.136650E+2
2.387566E-2	3.832990E+3	0.000000E+0	1.138450E+2
2.388806E-2	3.832513E+3	0.000000E+0	1.140220E+2
2.390444E-2	3.831400E+3	0.000000E+0	1.142020E+2
2.391247E-2	3.830687E+3	0.000000E+0	1.143840E+2
2.393355E-2	3.830210E+3	0.000000E+0	1.145670E+2
2.393946E-2	3.830687E+3	0.000000E+0	1.147480E+2
2.396199E-2	3.831640E+3	0.000000E+0	1.149300E+2
2.396774E-2	3.831960E+3	0.000000E+0	1.151120E+2
2.398899E-2	3.831880E+3	0.000000E+0	1.152950E+2
2.399706E-2	3.831960E+3	0.000000E+0	1.154780E+2
2.401301E-2	3.832437E+3	0.000000E+0	1.156580E+2
2.402656E-2	3.832590E+3	0.000000E+0	1.158370E+2
2.403844E-2	3.832357E+3	0.000000E+0	1.160170E+2
2.405563E-2	3.832277E+3	0.000000E+0	1.161990E+2
2.406381E-2	3.832750E+3	0.000000E+0	1.163760E+2
2.408426E-2	3.833070E+3	0.000000E+0	1.165560E+2
2.408920E-2	3.833550E+3	0.000000E+0	1.167350E+2
2.411073E-2	3.834180E+3	0.000000E+0	1.169150E+2
2.411821E-2	3.834023E+3	0.000000E+0	1.170970E+2
2.413656E-2	3.833630E+3	0.000000E+0	1.172780E+2
2.414742E-2	3.833390E+3	0.000000E+0	1.174640E+2
2.415929E-2	3.833550E+3	0.000000E+0	1.176450E+2
2.417585E-2	3.834420E+3	0.000000E+0	1.178240E+2
2.418643E-2	3.834980E+3	0.000000E+0	1.180080E+2
2.420522E-2	3.835770E+3	0.000000E+0	1.181880E+2
2.421201E-2	3.835930E+3	0.000000E+0	1.183690E+2
2.423293E-2	3.836330E+3	0.000000E+0	1.185470E+2
2.423915E-2	3.836967E+3	0.000000E+0	1.187300E+2
2.426065E-2	3.838317E+3	0.000000E+0	1.189140E+2
2.426807E-2	3.838790E+3	0.000000E+0	1.190980E+2
2.428699E-2	3.838790E+3	0.000000E+0	1.192800E+2
2.429745E-2	3.838550E+3	0.000000E+0	1.194600E+2
2.431091E-2	3.838160E+3	0.000000E+0	1.196420E+2
2.432648E-2	3.838080E+3	0.000000E+0	1.198240E+2
2.433630E-2	3.838080E+3	0.000000E+0	1.200060E+2
2.435539E-2	3.838000E+3	0.000000E+0	1.201880E+2
2.436188E-2	3.838080E+3	0.000000E+0	1.203710E+2
2.438351E-2	3.838080E+3	0.000000E+0	1.205530E+2
2.438891E-2	3.838320E+3	0.000000E+0	1.207310E+2
2.441044E-2	3.838550E+3	0.000000E+0	1.209100E+2
2.441791E-2	3.838550E+3	0.000000E+0	1.210900E+2
2.443220E-2	3.838790E+3	0.000000E+0	1.212710E+2
2.444658E-2	3.838950E+3	0.000000E+0	1.214530E+2
2.446001E-2	3.839030E+3	0.000000E+0	1.216360E+2
2.447623E-2	3.839110E+3	0.000000E+0	1.218170E+2
2.448464E-2	3.839747E+3	0.000000E+0	1.219980E+2
2.450457E-2	3.840220E+3	0.000000E+0	1.221810E+2
2.450983E-2	3.840220E+3	0.000000E+0	1.223610E+2
2.453171E-2	3.840620E+3	0.000000E+0	1.225440E+2
2.453772E-2	3.840700E+3	0.000000E+0	1.227240E+2
2.455871E-2	3.840860E+3	0.000000E+0	1.229030E+2
2.456698E-2	3.841653E+3	0.000000E+0	1.230830E+2
2.458178E-2	3.842050E+3	0.000000E+0	1.232630E+2
2.459570E-2	3.842610E+3	0.000000E+0	1.234420E+2
2.460738E-2	3.843080E+3	0.000000E+0	1.236250E+2
2.462463E-2	3.843003E+3	0.000000E+0	1.238080E+2
2.463207E-2	3.842847E+3	0.000000E+0	1.239910E+2
2.465270E-2	3.842050E+3	0.000000E+0	1.241720E+2
2.465918E-2	3.841890E+3	0.000000E+0	1.243550E+2
2.468101E-2	3.842767E+3	0.000000E+0	1.245380E+2
2.468620E-2	3.842847E+3	0.000000E+0	1.247180E+2
2.470711E-2	3.842450E+3	0.000000E+0	1.248950E+2
2.471530E-2	3.842290E+3	0.000000E+0	1.250770E+2
2.472958E-2	3.842290E+3	0.000000E+0	1.252570E+2
2.474404E-2	3.842530E+3	0.000000E+0	1.254400E+2
2.475626E-2	3.842770E+3	0.000000E+0	1.256240E+2
2.477301E-2	3.843320E+3	0.000000E+0	1.258070E+2
2.478114E-2	3.843560E+3	0.000000E+0	1.259880E+2
2.480156E-2	3.843163E+3	0.000000E+0	1.261680E+2
2.480680E-2	3.841970E+3	0.000000E+0	1.263550E+2
2.482869E-2	3.841810E+3	0.000000E+0	1.265350E+2
2.483473E-2	3.842767E+3	0.000000E+0	1.267170E+2
2.485522E-2	3.843800E+3	0.000000E+0	1.268980E+2
2.486385E-2	3.844753E+3	0.000000E+0	1.270810E+2
2.487972E-2	3.845867E+3	0.000000E+0	1.272630E+2
2.489225E-2	3.846103E+3	0.000000E+0	1.274470E+2
2.490325E-2	3.845950E+3	0.000000E+0	1.276280E+2
2.492003E-2	3.845950E+3	0.000000E+0	1.278100E+2
2.492815E-2	3.845870E+3	0.000000E+0	1.279940E+2
2.494853E-2	3.845630E+3	0.000000E+0	1.281740E+2
2.495503E-2	3.845470E+3	0.000000E+0	1.283560E+2
2.497654E-2	3.846583E+3	0.000000E+0	1.285380E+2
2.498181E-2	3.847850E+3	0.000000E+0	1.287210E+2
2.500088E-2	3.848090E+3	0.000000E+0	1.289020E+2
2.501001E-2	3.848090E+3	0.000000E+0	1.290800E+2
2.502624E-2	3.848250E+3	0.000000E+0	1.292630E+2
2.503937E-2	3.848010E+3	0.000000E+0	1.294460E+2
2.505169E-2	3.847610E+3	0.000000E+0	1.296270E+2
2.506833E-2	3.847610E+3	0.000000E+0	1.298110E+2
2.507508E-2	3.848090E+3	0.000000E+0	1.299930E+2
2.509534E-2	3.848807E+3	0.000000E+0	1.301720E+2
2.510144E-2	3.848963E+3	0.000000E+0	1.303530E+2
2.512307E-2	3.848330E+3	0.000000E+0	1.305330E+2
2.512909E-2	3.847930E+3	0.000000E+0	1.307160E+2
2.514929E-2	3.848170E+3	0.000000E+0	1.309000E+2
2.515697E-2	3.848650E+3	0.000000E+0	1.310790E+2
2.517141E-2	3.848810E+3	0.000000E+0	1.312600E+2
2.518545E-2	3.848810E+3	0.000000E+0	1.314370E+2
2.519590E-2	3.848570E+3	0.000000E+0	1.316160E+2
2.521472E-2	3.847377E+3	0.000000E+0	1.317940E+2
2.522094E-2	3.846580E+3	0.000000E+0	1.319740E+2
2.524103E-2	3.847060E+3	0.000000E+0	1.321560E+2
2.524676E-2	3.847140E+3	0.000000E+0	1.323370E+2
2.526746E-2	3.847457E+3	0.000000E+0	1.325200E+2
2.527460E-2	3.848090E+3	0.000000E+0	1.327000E+2
2.529262E-2	3.848807E+3	0.000000E+0	1.328860E+2
2.530371E-2	3.849360E+3	0.000000E+0	1.330670E+2
2.531680E-2	3.849520E+3	0.000000E+0	1.332500E+2
2.533199E-2	3.849440E+3	0.000000E+0	1.334300E+2
2.534080E-2	3.849040E+3	0.000000E+0	1.336130E+2
2.535980E-2	3.849040E+3	0.000000E+0	1.337970E+2
2.536774E-2	3.849520E+3	0.000000E+0	1.339770E+2
2.538810E-2	3.850000E+3	0.000000E+0	1.341590E+2
2.539261E-2	3.850630E+3	0.000000E+0	1.343410E+2
2.541127E-2	3.850710E+3	0.000000E+0	1.345220E+2
2.542082E-2	3.850317E+3	0.000000E+0	1.347100E+2
2.544121E-2	3.850160E+3	0.000000E+0	1.348930E+2
2.544933E-2	3.849760E+3	0.000000E+0	1.350720E+2
2.546536E-2	3.849760E+3	0.000000E+0	1.352540E+2
2.547788E-2	3.850000E+3	0.000000E+0	1.354350E+2
2.548950E-2	3.850950E+3	0.000000E+0	1.356180E+2
2.550584E-2	3.851430E+3	0.000000E+0	1.357980E+2
2.551418E-2	3.851110E+3	0.000000E+0	1.359810E+2
2.553364E-2	3.851030E+3	0.000000E+0	1.361610E+2
2.553888E-2	3.851670E+3	0.000000E+0	1.363410E+2
2.556029E-2	3.852143E+3	0.000000E+0	1.365230E+2
2.556651E-2	3.852540E+3	0.000000E+0	1.367040E+2
2.558569E-2	3.852620E+3	0.000000E+0	1.368860E+2
2.559465E-2	3.852143E+3	0.000000E+0	1.370670E+2
2.560656E-2	3.851510E+3	0.000000E+0	1.372470E+2
2.562144E-2	3.851590E+3	0.000000E+0	1.374290E+2
2.563287E-2	3.852380E+3	0.000000E+0	1.376110E+2
2.565032E-2	3.852860E+3	0.000000E+0	1.377930E+2
2.565739E-2	3.852940E+3	0.000000E+0	1.379740E+2
2.567725E-2	3.853573E+3	0.000000E+0	1.381570E+2
2.568308E-2	3.854290E+3	0.000000E+0	1.383400E+2
2.570498E-2	3.854690E+3	0.000000E+0	1.385250E+2
2.571049E-2	3.854530E+3	0.000000E+0	1.387060E+2
2.572947E-2	3.854530E+3	0.000000E+0	1.388860E+2
2.573890E-2	3.854530E+3	0.000000E+0	1.390670E+2
2.575213E-2	3.854530E+3	0.000000E+0	1.392470E+2
2.576655E-2	3.854530E+3	0.000000E+0	1.394280E+2
2.577635E-2	3.854530E+3	0.000000E+0	1.396060E+2
2.579389E-2	3.854530E+3	0.000000E+0	1.397880E+2
2.580040E-2	3.854450E+3	0.000000E+0	1.399690E+2
2.582128E-2	3.854290E+3	0.000000E+0	1.401490E+2
2.582628E-2	3.854530E+3	0.000000E+0	1.403310E+2
2.584783E-2	3.855480E+3	0.000000E+0	1.405120E+2
2.585485E-2	3.856120E+3	0.000000E+0	1.406940E+2
2.586884E-2	3.856593E+3	0.000000E+0	1.408750E+2
2.588180E-2	3.856280E+3	0.000000E+0	1.410580E+2
2.589528E-2	3.855960E+3	0.000000E+0	1.412380E+2
2.590995E-2	3.855800E+3	0.000000E+0	1.414140E+2
2.591865E-2	3.855320E+3	0.000000E+0	1.415960E+2
2.593780E-2	3.855240E+3	0.000000E+0	1.417770E+2
2.594266E-2	3.854847E+3	0.000000E+0	1.419560E+2
2.596469E-2	3.854770E+3	0.000000E+0	1.421360E+2
2.596922E-2	3.854847E+3	0.000000E+0	1.423180E+2
2.598863E-2	3.855000E+3	0.000000E+0	1.424990E+2
2.599704E-2	3.854770E+3	0.000000E+0	1.426790E+2
2.601107E-2	3.854530E+3	0.000000E+0	1.428610E+2
2.602415E-2	3.854530E+3	0.000000E+0	1.430410E+2
2.603562E-2	3.854530E+3	0.000000E+0	1.432210E+2
2.605228E-2	3.854530E+3	0.000000E+0	1.434000E+2
2.605946E-2	3.854530E+3	0.000000E+0	1.435810E+2
2.607956E-2	3.854770E+3	0.000000E+0	1.437630E+2
2.608448E-2	3.854530E+3	0.000000E+0	1.439440E+2
2.610647E-2	3.854450E+3	0.000000E+0	1.441250E+2
2.611213E-2	3.853970E+3	0.000000E+0	1.443060E+2
2.612723E-2	3.853493E+3	0.000000E+0	1.444870E+2
2.613922E-2	3.853100E+3	0.000000E+0	1.446660E+2
2.615365E-2	3.853260E+3	0.000000E+0	1.448460E+2
2.616695E-2	3.853970E+3	0.000000E+0	1.450250E+2
2.617685E-2	3.855163E+3	0.000000E+0	1.452050E+2
2.619455E-2	3.855880E+3	0.000000E+0	1.453890E+2
2.620077E-2	3.855400E+3	0.000000E+0	1.455680E+2
2.622093E-2	3.854050E+3	0.000000E+0	1.457520E+2
2.622596E-2	3.853417E+3	0.000000E+0	1.459300E+2
2.624685E-2	3.853650E+3	0.000000E+0	1.461110E+2
2.625428E-2	3.854050E+3	0.000000E+0	1.462930E+2
2.627173E-2	3.853650E+3	0.000000E+0	1.464740E+2
2.628142E-2	3.853337E+3	0.000000E+0	1.466570E+2
2.629322E-2	3.852940E+3	0.000000E+0	1.468370E+2
2.630882E-2	3.852780E+3	0.000000E+0	1.470180E+2
2.631649E-2	3.852460E+3	0.000000E+0	1.471960E+2
2.633570E-2	3.852380E+3	0.000000E+0	1.473760E+2
2.634133E-2	3.852460E+3	0.000000E+0	1.475560E+2
2.636184E-2	3.852780E+3	0.000000E+0	1.477390E+2
2.636673E-2	3.853020E+3	0.000000E+0	1.479230E+2
2.638391E-2	3.854050E+3	0.000000E+0	1.481050E+2
2.639426E-2	3.854530E+3	0.000000E+0	1.482840E+2
2.640876E-2	3.854530E+3	0.000000E+0	1.484650E+2
2.642180E-2	3.854130E+3	0.000000E+0	1.486450E+2
2.643355E-2	3.854050E+3	0.000000E+0	1.488270E+2
2.644932E-2	3.854050E+3	0.000000E+0	1.490120E+2
2.645815E-2	3.853650E+3	0.000000E+0	1.491940E+2
2.647631E-2	3.853417E+3	0.000000E+0	1.493780E+2
2.648244E-2	3.853417E+3	0.000000E+0	1.495610E+2
2.650303E-2	3.853810E+3	0.000000E+0	1.497460E+2
2.650835E-2	3.854607E+3	0.000000E+0	1.499270E+2
2.652920E-2	3.855640E+3	0.000000E+0	1.501110E+2
2.653547E-2	3.856360E+3	0.000000E+0	1.502890E+2
2.655306E-2	3.856360E+3	0.000000E+0	1.504710E+2
2.656261E-2	3.855880E+3	0.000000E+0	1.506540E+2
2.657387E-2	3.854923E+3	0.000000E+0	1.508340E+2
2.658985E-2	3.854050E+3	0.000000E+0	1.510150E+2
2.659767E-2	3.853650E+3	0.000000E+0	1.512010E+2
2.661601E-2	3.854210E+3	0.000000E+0	1.513820E+2
2.662033E-2	3.854843E+3	0.000000E+0	1.515650E+2
2.664156E-2	3.854767E+3	0.000000E+0	1.517460E+2
2.664802E-2	3.854290E+3	0.000000E+0	1.519280E+2
2.666879E-2	3.854450E+3	0.000000E+0	1.521100E+2
2.667547E-2	3.854923E+3	0.000000E+0	1.522880E+2
2.669292E-2	3.854923E+3	0.000000E+0	1.524740E+2
2.670297E-2	3.854690E+3	0.000000E+0	1.526550E+2
2.671549E-2	3.854927E+3	0.000000E+0	1.528380E+2
2.672925E-2	3.855480E+3	0.000000E+0	1.530180E+2
2.673941E-2	3.855880E+3	0.000000E+0	1.532040E+2
2.675690E-2	3.856200E+3	0.000000E+0	1.533850E+2
2.676009E-2	3.856200E+3	0.000000E+0	1.535680E+2
2.676152E-2	3.856040E+3	0.000000E+0	1.537480E+2
2.676249E-2	3.855640E+3	0.000000E+0	1.539280E+2
2.676295E-2	3.855320E+3	0.000000E+0	1.541100E+2
2.676319E-2	3.854767E+3	0.000000E+0	1.542940E+2
2.676364E-2	3.854530E+3	0.000000E+0	1.544740E+2
2.676300E-2	3.854687E+3	0.000000E+0	1.546570E+2
2.676383E-2	3.855480E+3	0.000000E+0	1.548390E+2
2.676427E-2	3.856673E+3	0.000000E+0	1.550180E+2
2.676404E-2	3.857867E+3	0.000000E+0	1.551980E+2
2.676382E-2	3.857947E+3	0.000000E+0	1.553810E+2
2.676344E-2	3.857630E+3	0.000000E+0	1.555630E+2
2.676337E-2	3.857390E+3	0.000000E+0	1.557430E+2
2.676380E-2	3.857150E+3	0.000000E+0	1.559250E+2
2.676388E-2	3.856517E+3	0.000000E+0	1.561050E+2
2.676359E-2	3.856990E+3	0.000000E+0	1.562890E+2
2.676391E-2	3.857710E+3	0.000000E+0	1.564700E+2
2.676379E-2	3.857390E+3	0.000000E+0	1.566510E+2
2.676360E-2	3.857390E+3	0.000000E+0	1.568300E+2
2.676409E-2	3.857310E+3	0.000000E+0	1.570140E+2
2.676428E-2	3.856910E+3	0.000000E+0	1.571950E+2
2.676409E-2	3.856910E+3	0.000000E+0	1.573760E+2
2.676390E-2	3.857150E+3	0.000000E+0	1.575560E+2
2.676404E-2	3.856830E+3	0.000000E+0	1.577340E+2
2.676395E-2	3.855960E+3	0.000000E+0	1.579170E+2
2.676426E-2	3.855240E+3	0.000000E+0	1.580970E+2
2.676400E-2	3.855080E+3	0.000000E+0	1.582800E+2
2.676398E-2	3.855560E+3	0.000000E+0	1.584630E+2
2.676437E-2	3.856120E+3	0.000000E+0	1.586390E+2
2.676415E-2	3.856360E+3	0.000000E+0	1.588220E+2
2.676424E-2	3.856200E+3	0.000000E+0	1.590060E+2
2.676381E-2	3.856040E+3	0.000000E+0	1.591900E+2
2.676418E-2	3.855163E+3	0.000000E+0	1.593700E+2
2.676402E-2	3.853970E+3	0.000000E+0	1.595530E+2
2.676401E-2	3.853417E+3	0.000000E+0	1.597330E+2
2.676388E-2	3.853730E+3	0.000000E+0	1.599150E+2
2.676401E-2	3.854450E+3	0.000000E+0	1.600960E+2
2.676426E-2	3.855160E+3	0.000000E+0	1.602780E+2
2.676373E-2	3.855083E+3	0.000000E+0	1.604610E+2
2.676395E-2	3.854530E+3	0.000000E+0	1.606450E+2
2.676392E-2	3.854610E+3	0.000000E+0	1.608260E+2
2.676408E-2	3.855160E+3	0.000000E+0	1.610060E+2
2.676441E-2	3.854767E+3	0.000000E+0	1.611880E+2
2.676460E-2	3.854530E+3	0.000000E+0	1.613680E+2
2.676432E-2	3.854690E+3	0.000000E+0	1.615480E+2
2.676369E-2	3.855320E+3	0.000000E+0	1.617320E+2
2.676382E-2	3.856040E+3	0.000000E+0	1.619130E+2
2.676214E-2	3.856593E+3	0.000000E+0	1.620950E+2
2.676163E-2	3.856670E+3	0.000000E+0	1.622770E+2
2.676190E-2	3.856750E+3	0.000000E+0	1.624580E+2
2.676212E-2	3.857150E+3	0.000000E+0	1.626440E+2
2.676189E-2	3.857310E+3	0.000000E+0	1.628290E+2
2.676139E-2	3.856830E+3	0.000000E+0	1.630110E+2
2.676138E-2	3.856440E+3	0.000000E+0	1.631920E+2
2.676176E-2	3.856673E+3	0.000000E+0	1.633760E+2
2.676064E-2	3.857630E+3	0.000000E+0	1.635620E+2
2.676159E-2	3.858340E+3	0.000000E+0	1.637430E+2
2.676162E-2	3.858820E+3	0.000000E+0	1.639270E+2
2.676155E-2	3.858820E+3	0.000000E+0	1.641070E+2
2.676126E-2	3.858420E+3	0.000000E+0	1.642850E+2
2.676155E-2	3.858420E+3	0.000000E+0	1.644660E+2
2.676174E-2	3.858900E+3	0.000000E+0	1.646470E+2
2.676108E-2	3.858980E+3	0.000000E+0	1.648320E+2
2.676128E-2	3.858340E+3	0.000000E+0	1.650150E+2
2.676125E-2	3.857630E+3	0.000000E+0	1.651950E+2
2.676120E-2	3.856990E+3	0.000000E+0	1.653750E+2
2.676047E-2	3.857310E+3	0.000000E+0	1.655580E+2
2.676125E-2	3.857390E+3	0.000000E+0	1.657380E+2
2.676076E-2	3.856990E+3	0.000000E+0	1.659190E+2
2.676084E-2	3.856670E+3	0.000000E+0	1.661010E+2
2.676067E-2	3.857070E+3	0.000000E+0	1.662830E+2
2.676111E-2	3.857390E+3	0.000000E+0	1.664640E+2
2.676128E-2	3.857390E+3	0.000000E+0	1.666440E+2
2.676119E-2	3.857790E+3	0.000000E+0	1.668260E+2
2.676081E-2	3.858180E+3	0.000000E+0	1.670040E+2
2.676145E-2	3.858340E+3	0.000000E+0	1.671820E+2
2.676074E-2	3.858500E+3	0.000000E+0	1.673690E+2
2.676113E-2	3.858580E+3	0.000000E+0	1.675460E+2
2.676111E-2	3.858580E+3	0.000000E+0	1.677250E+2
2.676083E-2	3.858580E+3	0.000000E+0	1.679050E+2
2.676104E-2	3.859140E+3	0.000000E+0	1.680870E+2
2.676104E-2	3.859060E+3	0.000000E+0	1.682640E+2
2.676110E-2	3.858420E+3	0.000000E+0	1.684440E+2
2.676082E-2	3.858100E+3	0.000000E+0	1.686250E+2
2.676164E-2	3.858100E+3	0.000000E+0	1.688070E+2
2.676022E-2	3.858500E+3	0.000000E+0	1.689860E+2
2.676063E-2	3.858980E+3	0.000000E+0	1.691660E+2
2.676067E-2	3.859297E+3	0.000000E+0	1.693490E+2
2.675929E-2	3.860010E+3	0.000000E+0	1.695290E+2
2.675902E-2	3.860490E+3	0.000000E+0	1.697090E+2
2.675875E-2	3.861123E+3	0.000000E+0	1.698900E+2
2.675848E-2	3.861600E+3	0.000000E+0	1.700750E+2
2.675838E-2	3.861360E+3	0.000000E+0	1.702580E+2
2.675870E-2	3.860967E+3	0.000000E+0	1.704390E+2
2.675865E-2	3.860330E+3	0.000000E+0	1.706220E+2
2.675860E-2	3.859613E+3	0.000000E+0	1.708040E+2
2.675848E-2	3.859060E+3	0.000000E+0	1.709870E+2
2.675867E-2	3.859377E+3	0.000000E+0	1.711680E+2
2.675842E-2	3.860727E+3	0.000000E+0	1.713510E+2
2.675856E-2	3.861280E+3	0.000000E+0	1.715330E+2
2.675798E-2	3.860810E+3	0.000000E+0	1.717100E+2
2.675853E-2	3.860967E+3	0.000000E+0	1.718920E+2
2.675860E-2	3.862000E+3	0.000000E+0	1.720720E+2
2.675847E-2	3.862400E+3	0.000000E+0	1.722520E+2
2.675899E-2	3.861920E+3	0.000000E+0	1.724280E+2
2.675864E-2	3.861920E+3	0.000000E+0	1.726090E+2
2.675805E-2	3.862477E+3	0.000000E+0	1.727910E+2
2.675855E-2	3.863270E+3	0.000000E+0	1.729710E+2
2.675791E-2	3.863750E+3	0.000000E+0	1.731520E+2
2.675844E-2	3.863590E+3	0.000000E+0	1.733390E+2
2.675839E-2	3.863827E+3	0.000000E+0	1.735150E+2
2.675856E-2	3.863983E+3	0.000000E+0	1.736980E+2
2.675847E-2	3.863190E+3	0.000000E+0	1.738780E+2
2.675803E-2	3.862870E+3	0.000000E+0	1.740600E+2
2.675780E-2	3.863350E+3	0.000000E+0	1.742410E+2
2.675818E-2	3.863590E+3	0.000000E+0	1.744210E+2
2.675848E-2	3.863510E+3	0.000000E+0	1.746040E+2
2.675827E-2	3.862950E+3	0.000000E+0	1.747840E+2
2.675836E-2	3.863510E+3	0.000000E+0	1.749660E+2
2.675799E-2	3.864220E+3	0.000000E+0	1.751470E+2
2.675883E-2	3.864140E+3	0.000000E+0	1.753260E+2
2.675881E-2	3.863747E+3	0.000000E+0	1.755100E+2
2.675883E-2	3.862950E+3	0.000000E+0	1.756890E+2
2.675858E-2	3.862870E+3	0.000000E+0	1.758690E+2
2.675836E-2	3.862870E+3	0.000000E+0	1.760490E+2
2.675816E-2	3.862950E+3	0.000000E+0	1.762320E+2
2.675862E-2	3.863350E+3	0.000000E+0	1.764160E+2
2.675862E-2	3.863670E+3	0.000000E+0	1.765990E+2
2.675825E-2	3.864300E+3	0.000000E+0	1.767790E+2
2.675821E-2	3.864700E+3	0.000000E+0	1.769600E+2
2.675812E-2	3.865020E+3	0.000000E+0	1.771420E+2
2.675858E-2	3.864780E+3	0.000000E+0	1.773320E+2
2.675808E-2	3.864300E+3	0.000000E+0	1.775140E+2
2.675850E-2	3.863270E+3	0.000000E+0	1.776970E+2
2.675896E-2	3.862790E+3	0.000000E+0	1.778850E+2
2.675843E-2	3.862710E+3	0.000000E+0	1.780670E+2
2.675846E-2	3.862870E+3	0.000000E+0	1.782470E+2
2.675887E-2	3.862870E+3	0.000000E+0	1.784330E+2
2.675903E-2	3.862950E+3	0.000000E+0	1.786120E+2
2.675802E-2	3.863667E+3	0.000000E+0	1.787920E+2
2.675842E-2	3.864460E+3	0.000000E+0	1.789750E+2
2.675878E-2	3.864940E+3	0.000000E+0	1.791570E+2
2.675845E-2	3.864540E+3	0.000000E+0	1.793390E+2
2.675871E-2	3.863747E+3	0.000000E+0	1.795200E+2
2.675901E-2	3.863270E+3	0.000000E+0	1.797020E+2
2.675934E-2	3.863270E+3	0.000000E+0	1.798830E+2
2.675897E-2	3.863350E+3	0.000000E+0	1.800630E+2
2.675889E-2	3.862870E+3	0.000000E+0	1.802410E+2
2.675901E-2	3.862477E+3	0.000000E+0	1.804200E+2
2.675863E-2	3.862160E+3	0.000000E+0	1.806010E+2
2.675876E-2	3.861600E+3	0.000000E+0	1.807830E+2
2.675856E-2	3.861043E+3	0.000000E+0	1.809620E+2
2.675903E-2	3.860010E+3	0.000000E+0	1.811470E+2
2.675827E-2	3.859530E+3	0.000000E+0	1.813310E+2
2.675903E-2	3.860010E+3	0.000000E+0	1.815150E+2
2.675834E-2	3.860810E+3	0.000000E+0	1.816970E+2
2.675929E-2	3.861200E+3	0.000000E+0	1.818770E+2
2.675935E-2	3.861200E+3	0.000000E+0	1.820580E+2
2.675873E-2	3.860890E+3	0.000000E+0	1.822400E+2
2.675871E-2	3.861047E+3	0.000000E+0	1.824210E+2
2.675915E-2	3.861200E+3	0.000000E+0	1.826040E+2
2.675871E-2	3.860730E+3	0.000000E+0	1.827840E+2
2.675899E-2	3.860170E+3	0.000000E+0	1.829700E+2
2.675843E-2	3.859610E+3	0.000000E+0	1.831510E+2
2.675868E-2	3.859610E+3	0.000000E+0	1.833340E+2
2.675866E-2	3.860330E+3	0.000000E+0	1.835160E+2
2.675875E-2	3.860490E+3	0.000000E+0	1.836940E+2
2.675875E-2	3.860650E+3	0.000000E+0	1.838750E+2
2.675877E-2	3.861123E+3	0.000000E+0	1.840570E+2
2.675860E-2	3.861840E+3	0.000000E+0	1.842380E+2
2.675846E-2	3.861920E+3	0.000000E+0	1.844200E+2
2.675867E-2	3.862320E+3	0.000000E+0	1.846000E+2
2.675915E-2	3.862400E+3	0.000000E+0	1.847830E+2
2.675894E-2	3.862477E+3	0.000000E+0	1.849630E+2
2.675909E-2	3.863030E+3	0.000000E+0	1.851450E+2
2.675890E-2	3.864063E+3	0.000000E+0	1.853260E+2
2.675857E-2	3.865180E+3	0.000000E+0	1.855050E+2
2.675892E-2	3.865730E+3	0.000000E+0	1.856870E+2
2.675901E-2	3.865577E+3	0.000000E+0	1.858650E+2
2.675839E-2	3.865260E+3	0.000000E+0	1.860440E+2
2.675882E-2	3.864700E+3	0.000000E+0	1.862250E+2
2.675847E-2	3.864220E+3	0.000000E+0	1.864070E+2
2.675915E-2	3.864060E+3	0.000000E+0	1.865900E+2
2.675890E-2	3.864300E+3	0.000000E+0	1.867700E+2
2.675903E-2	3.864620E+3	0.000000E+0	1.869500E+2
2.675874E-2	3.865180E+3	0.000000E+0	1.871300E+2
2.675909E-2	3.865890E+3	0.000000E+0	1.873120E+2
2.675906E-2	3.866530E+3	0.000000E+0	1.874930E+2
2.675850E-2	3.866530E+3	0.000000E+0	1.876740E+2
2.675855E-2	3.866130E+3	0.000000E+0	1.878550E+2
2.675879E-2	3.865417E+3	0.000000E+0	1.880350E+2
2.675853E-2	3.864940E+3	0.000000E+0	1.882180E+2
2.675872E-2	3.865497E+3	0.000000E+0	1.884030E+2
2.675864E-2	3.865810E+3	0.000000E+0	1.885850E+2
2.675900E-2	3.865653E+3	0.000000E+0	1.887660E+2
2.675858E-2	3.865500E+3	0.000000E+0	1.889450E+2
2.675893E-2	3.865500E+3	0.000000E+0	1.891280E+2
2.675894E-2	3.865500E+3	0.000000E+0	1.893110E+2
2.675903E-2	3.865180E+3	0.000000E+0	1.894880E+2
2.675844E-2	3.864540E+3	0.000000E+0	1.896710E+2
2.675858E-2	3.864620E+3	0.000000E+0	1.898540E+2
2.675918E-2	3.865733E+3	0.000000E+0	1.900360E+2
2.675882E-2	3.866770E+3	0.000000E+0	1.902190E+2
2.675856E-2	3.867400E+3	0.000000E+0	1.903990E+2
2.675885E-2	3.867880E+3	0.000000E+0	1.905820E+2
2.675895E-2	3.867880E+3	0.000000E+0	1.907620E+2
2.675917E-2	3.867640E+3	0.000000E+0	1.909440E+2
2.675894E-2	3.866847E+3	0.000000E+0	1.911250E+2
2.675887E-2	3.865890E+3	0.000000E+0	1.913070E+2
2.675860E-2	3.866210E+3	0.000000E+0	1.915920E+2
2.675874E-2	3.866927E+3	0.000000E+0	1.917690E+2
2.675861E-2	3.867400E+3	0.000000E+0	1.919370E+2
2.675861E-2	3.867243E+3	0.000000E+0	1.921040E+2
2.675899E-2	3.866370E+3	0.000000E+0	1.922770E+2
2.675924E-2	3.866050E+3	0.000000E+0	1.924590E+2
2.675903E-2	3.866050E+3	0.000000E+0	1.926400E+2
2.675925E-2	3.865730E+3	0.000000E+0	1.928200E+2
2.675914E-2	3.866130E+3	0.000000E+0	1.930040E+2
2.675888E-2	3.866850E+3	0.000000E+0	1.931840E+2
2.675890E-2	3.867163E+3	0.000000E+0	1.933650E+2
2.675914E-2	3.867880E+3	0.000000E+0	1.935440E+2
2.675882E-2	3.868830E+3	0.000000E+0	1.937250E+2
2.675943E-2	3.869070E+3	0.000000E+0	1.939080E+2
2.675908E-2	3.868277E+3	0.000000E+0	1.940920E+2
2.675894E-2	3.867640E+3	0.000000E+0	1.942770E+2
2.675908E-2	3.867400E+3	0.000000E+0	1.944560E+2
2.675887E-2	3.867480E+3	0.000000E+0	1.946350E+2
2.675890E-2	3.867880E+3	0.000000E+0	1.948140E+2
2.675840E-2	3.868200E+3	0.000000E+0	1.949970E+2
2.675932E-2	3.868280E+3	0.000000E+0	1.951780E+2
2.675861E-2	3.867640E+3	0.000000E+0	1.953600E+2
2.675920E-2	3.867240E+3	0.000000E+0	1.955410E+2
2.675895E-2	3.867160E+3	0.000000E+0	1.957230E+2
2.675947E-2	3.867240E+3	0.000000E+0	1.959050E+2
2.675935E-2	3.868277E+3	0.000000E+0	1.960880E+2
2.675941E-2	3.869230E+3	0.000000E+0	1.962710E+2
2.675956E-2	3.869550E+3	0.000000E+0	1.964510E+2
2.675919E-2	3.869710E+3	0.000000E+0	1.966330E+2
2.675917E-2	3.869790E+3	0.000000E+0	1.968140E+2
2.675905E-2	3.869550E+3	0.000000E+0	1.969960E+2
2.675926E-2	3.868990E+3	0.000000E+0	1.971770E+2
2.675849E-2	3.868513E+3	0.000000E+0	1.973570E+2
2.675967E-2	3.868280E+3	0.000000E+0	1.975400E+2
2.675969E-2	3.868040E+3	0.000000E+0	1.977200E+2
2.675875E-2	3.868593E+3	0.000000E+0	1.978990E+2
2.675956E-2	3.868910E+3	0.000000E+0	1.980790E+2
2.675919E-2	3.868750E+3	0.000000E+0	1.982550E+2
2.675921E-2	3.868830E+3	0.000000E+0	1.984340E+2
2.675923E-2	3.868990E+3	0.000000E+0	1.986180E+2
2.675982E-2	3.869310E+3	0.000000E+0	1.987990E+2
2.675945E-2	3.869310E+3	0.000000E+0	1.989810E+2
2.675901E-2	3.869310E+3	0.000000E+0	1.991640E+2
2.675889E-2	3.869070E+3	0.000000E+0	1.993440E+2
2.675894E-2	3.869070E+3	0.000000E+0	1.995240E+2
2.675922E-2	3.868593E+3	0.000000E+0	1.997070E+2
2.675942E-2	3.867720E+3	0.000000E+0	1.998870E+2
2.675932E-2	3.867400E+3	0.000000E+0	2.000690E+2
2.675921E-2	3.867800E+3	0.000000E+0	2.002520E+2
2.675946E-2	3.868277E+3	0.000000E+0	2.004350E+2
2.675900E-2	3.868990E+3	0.000000E+0	2.006190E+2
2.675902E-2	3.868830E+3	0.000000E+0	2.007990E+2
2.675870E-2	3.868590E+3	0.000000E+0	2.009810E+2
2.675899E-2	3.867960E+3	0.000000E+0	2.011630E+2
2.675886E-2	3.867087E+3	0.000000E+0	2.013430E+2
2.675948E-2	3.866930E+3	0.000000E+0	2.015190E+2
2.675906E-2	3.867800E+3	0.000000E+0	2.017020E+2
2.675902E-2	3.868357E+3	0.000000E+0	2.020930E+2
2.675919E-2	3.868670E+3	0.000000E+0	2.022720E+2
2.675860E-2	3.869310E+3	0.000000E+0	2.024520E+2
2.675903E-2	3.869710E+3	0.000000E+0	2.026330E+2
2.675920E-2	3.869390E+3	0.000000E+0	2.028140E+2
2.675905E-2	3.869470E+3	0.000000E+0	2.029950E+2
2.675937E-2	3.869550E+3	0.000000E+0	2.031770E+2
2.675892E-2	3.869550E+3	0.000000E+0	2.033580E+2
2.675938E-2	3.869230E+3	0.000000E+0	2.035410E+2
2.675884E-2	3.868910E+3	0.000000E+0	2.037250E+2
2.675909E-2	3.868990E+3	0.000000E+0	2.039040E+2
2.675919E-2	3.869790E+3	0.000000E+0	2.040870E+2
2.675966E-2	3.869950E+3	0.000000E+0	2.042680E+2
2.675856E-2	3.869070E+3	0.000000E+0	2.044500E+2
2.675908E-2	3.868040E+3	0.000000E+0	2.046310E+2
2.675881E-2	3.867480E+3	0.000000E+0	2.048140E+2
2.675923E-2	3.868117E+3	0.000000E+0	2.049940E+2
2.675924E-2	3.869070E+3	0.000000E+0	2.051760E+2
2.675886E-2	3.869230E+3	0.000000E+0	2.053570E+2
2.675834E-2	3.870107E+3	0.000000E+0	2.055400E+2
2.675933E-2	3.871140E+3	0.000000E+0	2.057200E+2
2.675886E-2	3.870820E+3	0.000000E+0	2.059030E+2
2.675931E-2	3.870027E+3	0.000000E+0	2.060870E+2
2.675865E-2	3.869550E+3	0.000000E+0	2.062690E+2
2.675885E-2	3.869550E+3	0.000000E+0	2.064490E+2
