X channel: Keithley, channel #5; mode:  DCV; scale:  0.10; X converted, conversion factor:1.000000E+0
Y channel: Lock-in, mkV
II channel: B7-78, Ohm; scale:  10000.000000
X channel	Y channel	II channel	timestamp, sec
2.675868E-2	3.695027E+3	0.000000E+0	0.000000E+0
2.675808E-2	3.695260E+3	0.000000E+0	1.830000E-1
2.675794E-2	3.695420E+3	0.000000E+0	3.660000E-1
2.675809E-2	3.696060E+3	0.000000E+0	5.480000E-1
2.675817E-2	3.696693E+3	0.000000E+0	7.270000E-1
2.675806E-2	3.697330E+3	0.000000E+0	9.080000E-1
2.675810E-2	3.698127E+3	0.000000E+0	1.086000E+0
2.675872E-2	3.698600E+3	0.000000E+0	1.268000E+0
2.675812E-2	3.698840E+3	0.000000E+0	1.449000E+0
2.675794E-2	3.698920E+3	0.000000E+0	1.628000E+0
2.675820E-2	3.699477E+3	0.000000E+0	1.808000E+0
2.675846E-2	3.700030E+3	0.000000E+0	1.988000E+0
2.675822E-2	3.700030E+3	0.000000E+0	2.170000E+0
2.675762E-2	3.700110E+3	0.000000E+0	2.347000E+0
2.674516E-2	3.700747E+3	0.000000E+0	2.529000E+0
2.674241E-2	3.701700E+3	0.000000E+0	2.710000E+0
2.672556E-2	3.702340E+3	0.000000E+0	2.894000E+0
2.671873E-2	3.702420E+3	0.000000E+0	3.077000E+0
2.670603E-2	3.702100E+3	0.000000E+0	3.262000E+0
2.669562E-2	3.701460E+3	0.000000E+0	3.447000E+0
2.668535E-2	3.701300E+3	0.000000E+0	3.627000E+0
2.667164E-2	3.701460E+3	0.000000E+0	3.810000E+0
2.666614E-2	3.701540E+3	0.000000E+0	3.991000E+0
2.664790E-2	3.701860E+3	0.000000E+0	4.174000E+0
2.664294E-2	3.701940E+3	0.000000E+0	4.358000E+0
2.662409E-2	3.701940E+3	0.000000E+0	4.540000E+0
2.661994E-2	3.702260E+3	0.000000E+0	4.721000E+0
2.660237E-2	3.703767E+3	0.000000E+0	4.899000E+0
2.659618E-2	3.705437E+3	0.000000E+0	5.080000E+0
2.658278E-2	3.706550E+3	0.000000E+0	5.260000E+0
2.657196E-2	3.707423E+3	0.000000E+0	5.442000E+0
2.656223E-2	3.707980E+3	0.000000E+0	5.621000E+0
2.654772E-2	3.708460E+3	0.000000E+0	5.801000E+0
2.654156E-2	3.709330E+3	0.000000E+0	5.982000E+0
2.652371E-2	3.710127E+3	0.000000E+0	6.162000E+0
2.651990E-2	3.710920E+3	0.000000E+0	6.346000E+0
2.650012E-2	3.711000E+3	0.000000E+0	6.525000E+0
2.649581E-2	3.711400E+3	0.000000E+0	6.707000E+0
2.647969E-2	3.712190E+3	0.000000E+0	6.888000E+0
2.647124E-2	3.712750E+3	0.000000E+0	7.071000E+0
2.645765E-2	3.712910E+3	0.000000E+0	7.251000E+0
2.644624E-2	3.713147E+3	0.000000E+0	7.433000E+0
2.643974E-2	3.713070E+3	0.000000E+0	7.614000E+0
2.642234E-2	3.712990E+3	0.000000E+0	7.794000E+0
2.641580E-2	3.713380E+3	0.000000E+0	7.977000E+0
2.639739E-2	3.713940E+3	0.000000E+0	8.157000E+0
2.639346E-2	3.714657E+3	0.000000E+0	8.339000E+0
2.637387E-2	3.715370E+3	0.000000E+0	8.520000E+0
2.636881E-2	3.716090E+3	0.000000E+0	8.699000E+0
2.635325E-2	3.716480E+3	0.000000E+0	8.880000E+0
2.634417E-2	3.716250E+3	0.000000E+0	9.063000E+0
2.633120E-2	3.716483E+3	0.000000E+0	9.245000E+0
2.631900E-2	3.717120E+3	0.000000E+0	9.426000E+0
2.631037E-2	3.717677E+3	0.000000E+0	9.609000E+0
2.629402E-2	3.718150E+3	0.000000E+0	9.793000E+0
2.628789E-2	3.718710E+3	0.000000E+0	9.976000E+0
2.626913E-2	3.719110E+3	0.000000E+0	1.016000E+1
2.626546E-2	3.719187E+3	0.000000E+0	1.034200E+1
2.624549E-2	3.719110E+3	0.000000E+0	1.052300E+1
2.624027E-2	3.719110E+3	0.000000E+0	1.070600E+1
2.622314E-2	3.718870E+3	0.000000E+0	1.089000E+1
2.621490E-2	3.718470E+3	0.000000E+0	1.107000E+1
2.620226E-2	3.717990E+3	0.000000E+0	1.124900E+1
2.618907E-2	3.718390E+3	0.000000E+0	1.142800E+1
2.618198E-2	3.719503E+3	0.000000E+0	1.160800E+1
2.616446E-2	3.720300E+3	0.000000E+0	1.178800E+1
2.615918E-2	3.720380E+3	0.000000E+0	1.196800E+1
2.614018E-2	3.720540E+3	0.000000E+0	1.214700E+1
2.613616E-2	3.721330E+3	0.000000E+0	1.232700E+1
2.611706E-2	3.721330E+3	0.000000E+0	1.250800E+1
2.611079E-2	3.721250E+3	0.000000E+0	1.268900E+1
2.609622E-2	3.721730E+3	0.000000E+0	1.287300E+1
2.608455E-2	3.722287E+3	0.000000E+0	1.305400E+1
2.607421E-2	3.722920E+3	0.000000E+0	1.323300E+1
2.605995E-2	3.722680E+3	0.000000E+0	1.341200E+1
2.605186E-2	3.722440E+3	0.000000E+0	1.359500E+1
2.603365E-2	3.722600E+3	0.000000E+0	1.377500E+1
2.602979E-2	3.722287E+3	0.000000E+0	1.395500E+1
2.600958E-2	3.721650E+3	0.000000E+0	1.413900E+1
2.600464E-2	3.721490E+3	0.000000E+0	1.431900E+1
2.598717E-2	3.721970E+3	0.000000E+0	1.449600E+1
2.597926E-2	3.722287E+3	0.000000E+0	1.467400E+1
2.596485E-2	3.722920E+3	0.000000E+0	1.485900E+1
2.595316E-2	3.722920E+3	0.000000E+0	1.504400E+1
2.594339E-2	3.723080E+3	0.000000E+0	1.522600E+1
2.592738E-2	3.723480E+3	0.000000E+0	1.541200E+1
2.592006E-2	3.724110E+3	0.000000E+0	1.559300E+1
2.590205E-2	3.724270E+3	0.000000E+0	1.577500E+1
2.589685E-2	3.723557E+3	0.000000E+0	1.595500E+1
2.587711E-2	3.722840E+3	0.000000E+0	1.613200E+1
2.587249E-2	3.722680E+3	0.000000E+0	1.631500E+1
2.585436E-2	3.722920E+3	0.000000E+0	1.649800E+1
2.584544E-2	3.722920E+3	0.000000E+0	1.667800E+1
2.583199E-2	3.722680E+3	0.000000E+0	1.686100E+1
2.582013E-2	3.722920E+3	0.000000E+0	1.704500E+1
2.580916E-2	3.723000E+3	0.000000E+0	1.722500E+1
2.579322E-2	3.723953E+3	0.000000E+0	1.740500E+1
2.578764E-2	3.725147E+3	0.000000E+0	1.758900E+1
2.576842E-2	3.725463E+3	0.000000E+0	1.776800E+1
2.576385E-2	3.725463E+3	0.000000E+0	1.795200E+1
2.574290E-2	3.726500E+3	0.000000E+0	1.813400E+1
2.573780E-2	3.727770E+3	0.000000E+0	1.831400E+1
2.572368E-2	3.728640E+3	0.000000E+0	1.849100E+1
2.571166E-2	3.729280E+3	0.000000E+0	1.867100E+1
2.569844E-2	3.729280E+3	0.000000E+0	1.885200E+1
2.568467E-2	3.728880E+3	0.000000E+0	1.903500E+1
2.567576E-2	3.728167E+3	0.000000E+0	1.921700E+1
2.565889E-2	3.728403E+3	0.000000E+0	1.940000E+1
2.565208E-2	3.729280E+3	0.000000E+0	1.958000E+1
2.563255E-2	3.730550E+3	0.000000E+0	1.976300E+1
2.562790E-2	3.731190E+3	0.000000E+0	1.995000E+1
2.560775E-2	3.730630E+3	0.000000E+0	2.013100E+1
2.560208E-2	3.730390E+3	0.000000E+0	2.031300E+1
2.558311E-2	3.730550E+3	0.000000E+0	2.049300E+1
2.557540E-2	3.730550E+3	0.000000E+0	2.067000E+1
2.556101E-2	3.730150E+3	0.000000E+0	2.085300E+1
2.554848E-2	3.730390E+3	0.000000E+0	2.103700E+1
2.554037E-2	3.731190E+3	0.000000E+0	2.121800E+1
2.552246E-2	3.731270E+3	0.000000E+0	2.139600E+1
2.551678E-2	3.731660E+3	0.000000E+0	2.157600E+1
2.549596E-2	3.731900E+3	0.000000E+0	2.175900E+1
2.549213E-2	3.732617E+3	0.000000E+0	2.194100E+1
2.547408E-2	3.733170E+3	0.000000E+0	2.212100E+1
2.546501E-2	3.733970E+3	0.000000E+0	2.230600E+1
2.544598E-2	3.734130E+3	0.000000E+0	2.248800E+1
2.543735E-2	3.733013E+3	0.000000E+0	2.266900E+1
2.542348E-2	3.732140E+3	0.000000E+0	2.284900E+1
2.541052E-2	3.732220E+3	0.000000E+0	2.302800E+1
2.540084E-2	3.732697E+3	0.000000E+0	2.320800E+1
2.538382E-2	3.733330E+3	0.000000E+0	2.339100E+1
2.537744E-2	3.733410E+3	0.000000E+0	2.357100E+1
2.535713E-2	3.733090E+3	0.000000E+0	2.375300E+1
2.535297E-2	3.732930E+3	0.000000E+0	2.393400E+1
2.533234E-2	3.732930E+3	0.000000E+0	2.411700E+1
2.532619E-2	3.732777E+3	0.000000E+0	2.429700E+1
2.530887E-2	3.732700E+3	0.000000E+0	2.447900E+1
2.529865E-2	3.732620E+3	0.000000E+0	2.465900E+1
2.528720E-2	3.732853E+3	0.000000E+0	2.484000E+1
2.527179E-2	3.733170E+3	0.000000E+0	2.502300E+1
2.526217E-2	3.732930E+3	0.000000E+0	2.520300E+1
2.524465E-2	3.732853E+3	0.000000E+0	2.538600E+1
2.524056E-2	3.732380E+3	0.000000E+0	2.556600E+1
2.521991E-2	3.732220E+3	0.000000E+0	2.574600E+1
2.521371E-2	3.732220E+3	0.000000E+0	2.592800E+1
2.519229E-2	3.731740E+3	0.000000E+0	2.610900E+1
2.518598E-2	3.731820E+3	0.000000E+0	2.629100E+1
2.516894E-2	3.732060E+3	0.000000E+0	2.647200E+1
2.515748E-2	3.732220E+3	0.000000E+0	2.665800E+1
2.514607E-2	3.732537E+3	0.000000E+0	2.683800E+1
2.513121E-2	3.733410E+3	0.000000E+0	2.701500E+1
2.512268E-2	3.733650E+3	0.000000E+0	2.719700E+1
2.510369E-2	3.733410E+3	0.000000E+0	2.737800E+1
2.509949E-2	3.733730E+3	0.000000E+0	2.755900E+1
2.507787E-2	3.733490E+3	0.000000E+0	2.773900E+1
2.507258E-2	3.733490E+3	0.000000E+0	2.792000E+1
2.505231E-2	3.733890E+3	0.000000E+0	2.809800E+1
2.504459E-2	3.734367E+3	0.000000E+0	2.827500E+1
2.503255E-2	3.735160E+3	0.000000E+0	2.845800E+1
2.501760E-2	3.735640E+3	0.000000E+0	2.863900E+1
2.500582E-2	3.735873E+3	0.000000E+0	2.882300E+1
2.498951E-2	3.736190E+3	0.000000E+0	2.900400E+1
2.498167E-2	3.736430E+3	0.000000E+0	2.918400E+1
2.496224E-2	3.735400E+3	0.000000E+0	2.936700E+1
2.495758E-2	3.734600E+3	0.000000E+0	2.954700E+1
2.493618E-2	3.734840E+3	0.000000E+0	2.972600E+1
2.493014E-2	3.735637E+3	0.000000E+0	2.991300E+1
2.491129E-2	3.736510E+3	0.000000E+0	3.009200E+1
2.490216E-2	3.737230E+3	0.000000E+0	3.027300E+1
2.488881E-2	3.737383E+3	0.000000E+0	3.045600E+1
2.487454E-2	3.737780E+3	0.000000E+0	3.064000E+1
2.486369E-2	3.738180E+3	0.000000E+0	3.082200E+1
2.484621E-2	3.738420E+3	0.000000E+0	3.100200E+1
2.483917E-2	3.738900E+3	0.000000E+0	3.118300E+1
2.481898E-2	3.738420E+3	0.000000E+0	3.136500E+1
2.481392E-2	3.737620E+3	0.000000E+0	3.154600E+1
2.479210E-2	3.737307E+3	0.000000E+0	3.172800E+1
2.478628E-2	3.737620E+3	0.000000E+0	3.190900E+1
2.476668E-2	3.738420E+3	0.000000E+0	3.209200E+1
2.475836E-2	3.739133E+3	0.000000E+0	3.227200E+1
2.474389E-2	3.739450E+3	0.000000E+0	3.245800E+1
2.473035E-2	3.740010E+3	0.000000E+0	3.263800E+1
2.471942E-2	3.739133E+3	0.000000E+0	3.281800E+1
2.470213E-2	3.738500E+3	0.000000E+0	3.300100E+1
2.469416E-2	3.738420E+3	0.000000E+0	3.318400E+1
2.467423E-2	3.738260E+3	0.000000E+0	3.336500E+1
2.467021E-2	3.737307E+3	0.000000E+0	3.354700E+1
2.464843E-2	3.736670E+3	0.000000E+0	3.372700E+1
2.464144E-2	3.736190E+3	0.000000E+0	3.390400E+1
2.462388E-2	3.736110E+3	0.000000E+0	3.408400E+1
2.461396E-2	3.736510E+3	0.000000E+0	3.426500E+1
2.459988E-2	3.736990E+3	0.000000E+0	3.444700E+1
2.458476E-2	3.737230E+3	0.000000E+0	3.463100E+1
2.457599E-2	3.737230E+3	0.000000E+0	3.481200E+1
2.455757E-2	3.737150E+3	0.000000E+0	3.499500E+1
2.455055E-2	3.737070E+3	0.000000E+0	3.517600E+1
2.452950E-2	3.737070E+3	0.000000E+0	3.535700E+1
2.452458E-2	3.737307E+3	0.000000E+0	3.553700E+1
2.450352E-2	3.737700E+3	0.000000E+0	3.571500E+1
2.449592E-2	3.738100E+3	0.000000E+0	3.589800E+1
2.448001E-2	3.737860E+3	0.000000E+0	3.608100E+1
2.446792E-2	3.737860E+3	0.000000E+0	3.626400E+1
2.445432E-2	3.737780E+3	0.000000E+0	3.644400E+1
2.443911E-2	3.737780E+3	0.000000E+0	3.662500E+1
2.443042E-2	3.737860E+3	0.000000E+0	3.680600E+1
2.441093E-2	3.737700E+3	0.000000E+0	3.698600E+1
2.440542E-2	3.738340E+3	0.000000E+0	3.716800E+1
2.438368E-2	3.739213E+3	0.000000E+0	3.734900E+1
2.437806E-2	3.739930E+3	0.000000E+0	3.752800E+1
2.435705E-2	3.740640E+3	0.000000E+0	3.771500E+1
2.434925E-2	3.741280E+3	0.000000E+0	3.789800E+1
2.433247E-2	3.741913E+3	0.000000E+0	3.807800E+1
2.432066E-2	3.741913E+3	0.000000E+0	3.826300E+1
2.430886E-2	3.741360E+3	0.000000E+0	3.844200E+1
2.429220E-2	3.740640E+3	0.000000E+0	3.862200E+1
2.428393E-2	3.740800E+3	0.000000E+0	3.880100E+1
2.426329E-2	3.741520E+3	0.000000E+0	3.898100E+1
2.425788E-2	3.741993E+3	0.000000E+0	3.916400E+1
2.423613E-2	3.742550E+3	0.000000E+0	3.934600E+1
2.423101E-2	3.742710E+3	0.000000E+0	3.952400E+1
2.421138E-2	3.742710E+3	0.000000E+0	3.970700E+1
2.420148E-2	3.742310E+3	0.000000E+0	3.988700E+1
2.418644E-2	3.741913E+3	0.000000E+0	4.006900E+1
2.417255E-2	3.741760E+3	0.000000E+0	4.025000E+1
2.416436E-2	3.741760E+3	0.000000E+0	4.043000E+1
2.414460E-2	3.741760E+3	0.000000E+0	4.061300E+1
2.413680E-2	3.742070E+3	0.000000E+0	4.079300E+1
2.411583E-2	3.742230E+3	0.000000E+0	4.097500E+1
2.411090E-2	3.742310E+3	0.000000E+0	4.115600E+1
2.408802E-2	3.742230E+3	0.000000E+0	4.133700E+1
2.408184E-2	3.741990E+3	0.000000E+0	4.151900E+1
2.406133E-2	3.741837E+3	0.000000E+0	4.170100E+1
2.405318E-2	3.740960E+3	0.000000E+0	4.187800E+1
2.403750E-2	3.740407E+3	0.000000E+0	4.205800E+1
2.402408E-2	3.740960E+3	0.000000E+0	4.223800E+1
2.401276E-2	3.742153E+3	0.000000E+0	4.241800E+1
2.399618E-2	3.742950E+3	0.000000E+0	4.259600E+1
2.398821E-2	3.743110E+3	0.000000E+0	4.277900E+1
2.396720E-2	3.742790E+3	0.000000E+0	4.295600E+1
2.396267E-2	3.743030E+3	0.000000E+0	4.313500E+1
2.394221E-2	3.743190E+3	0.000000E+0	4.331400E+1
2.393350E-2	3.743350E+3	0.000000E+0	4.349500E+1
2.391529E-2	3.742630E+3	0.000000E+0	4.367400E+1
2.390381E-2	3.742230E+3	0.000000E+0	4.385900E+1
2.389537E-2	3.742230E+3	0.000000E+0	4.404000E+1
2.387612E-2	3.742470E+3	0.000000E+0	4.422100E+1
2.386444E-2	3.742950E+3	0.000000E+0	4.440700E+1
2.384557E-2	3.743190E+3	0.000000E+0	4.458800E+1
2.383822E-2	3.742470E+3	0.000000E+0	4.477200E+1
2.381689E-2	3.741760E+3	0.000000E+0	4.495300E+1
2.381111E-2	3.741760E+3	0.000000E+0	4.513700E+1
2.378908E-2	3.742150E+3	0.000000E+0	4.532100E+1
2.378261E-2	3.742470E+3	0.000000E+0	4.550200E+1
2.376341E-2	3.742470E+3	0.000000E+0	4.568400E+1
2.375305E-2	3.742630E+3	0.000000E+0	4.586500E+1
2.373913E-2	3.743110E+3	0.000000E+0	4.604400E+1
2.372382E-2	3.743430E+3	0.000000E+0	4.622900E+1
2.371291E-2	3.743430E+3	0.000000E+0	4.641000E+1
2.369421E-2	3.743507E+3	0.000000E+0	4.658900E+1
2.369005E-2	3.743350E+3	0.000000E+0	4.676900E+1
2.366670E-2	3.742870E+3	0.000000E+0	4.695100E+1
2.366093E-2	3.742710E+3	0.000000E+0	4.713200E+1
2.363843E-2	3.742390E+3	0.000000E+0	4.731300E+1
2.363151E-2	3.742230E+3	0.000000E+0	4.749500E+1
2.361250E-2	3.742310E+3	0.000000E+0	4.767700E+1
2.360125E-2	3.743427E+3	0.000000E+0	4.785800E+1
2.358725E-2	3.743900E+3	0.000000E+0	4.804300E+1
2.357158E-2	3.743900E+3	0.000000E+0	4.822900E+1
2.356131E-2	3.743507E+3	0.000000E+0	4.841100E+1
2.354271E-2	3.742950E+3	0.000000E+0	4.859000E+1
2.353574E-2	3.742230E+3	0.000000E+0	4.877300E+1
2.351394E-2	3.741680E+3	0.000000E+0	4.895600E+1
2.350882E-2	3.741993E+3	0.000000E+0	4.913900E+1
2.348622E-2	3.742310E+3	0.000000E+0	4.932100E+1
2.347893E-2	3.742390E+3	0.000000E+0	4.950200E+1
2.346062E-2	3.741993E+3	0.000000E+0	4.968600E+1
2.344922E-2	3.741280E+3	0.000000E+0	4.986500E+1
2.343440E-2	3.740640E+3	0.000000E+0	5.004900E+1
2.341940E-2	3.740560E+3	0.000000E+0	5.022800E+1
2.341209E-2	3.740327E+3	0.000000E+0	5.041100E+1
2.339102E-2	3.740090E+3	0.000000E+0	5.059300E+1
2.338327E-2	3.740483E+3	0.000000E+0	5.077400E+1
2.336106E-2	3.741040E+3	0.000000E+0	5.095600E+1
2.335535E-2	3.740563E+3	0.000000E+0	5.113600E+1
2.333389E-2	3.739690E+3	0.000000E+0	5.131500E+1
2.332561E-2	3.739057E+3	0.000000E+0	5.149500E+1
2.330838E-2	3.738500E+3	0.000000E+0	5.167700E+1
2.329639E-2	3.737940E+3	0.000000E+0	5.185800E+1
2.328214E-2	3.737383E+3	0.000000E+0	5.204400E+1
2.326692E-2	3.735160E+3	0.000000E+0	5.222500E+1
2.325816E-2	3.731580E+3	0.000000E+0	5.240500E+1
2.323734E-2	3.729280E+3	0.000000E+0	5.258500E+1
2.323107E-2	3.730393E+3	0.000000E+0	5.276500E+1
2.320891E-2	3.732297E+3	0.000000E+0	5.294700E+1
2.320327E-2	3.733967E+3	0.000000E+0	5.312800E+1
2.318226E-2	3.735080E+3	0.000000E+0	5.330800E+1
2.317311E-2	3.735797E+3	0.000000E+0	5.349100E+1
2.315696E-2	3.736750E+3	0.000000E+0	5.366700E+1
2.314308E-2	3.736990E+3	0.000000E+0	5.385000E+1
2.313311E-2	3.736510E+3	0.000000E+0	5.403500E+1
2.311366E-2	3.736830E+3	0.000000E+0	5.422000E+1
2.310480E-2	3.737227E+3	0.000000E+0	5.440500E+1
2.308340E-2	3.737620E+3	0.000000E+0	5.458700E+1
2.307606E-2	3.737860E+3	0.000000E+0	5.476800E+1
2.305413E-2	3.737780E+3	0.000000E+0	5.495100E+1
2.304816E-2	3.737940E+3	0.000000E+0	5.513500E+1
2.302715E-2	3.738420E+3	0.000000E+0	5.531500E+1
2.301856E-2	3.737940E+3	0.000000E+0	5.549700E+1
2.300128E-2	3.737150E+3	0.000000E+0	5.567800E+1
2.298818E-2	3.736990E+3	0.000000E+0	5.586000E+1
2.297401E-2	3.737230E+3	0.000000E+0	5.604100E+1
2.295856E-2	3.737463E+3	0.000000E+0	5.622400E+1
2.295066E-2	3.737700E+3	0.000000E+0	5.640400E+1
2.292925E-2	3.737620E+3	0.000000E+0	5.658500E+1
2.292386E-2	3.737150E+3	0.000000E+0	5.676600E+1
2.290015E-2	3.736350E+3	0.000000E+0	5.694900E+1
2.289444E-2	3.735953E+3	0.000000E+0	5.713000E+1
2.287318E-2	3.736110E+3	0.000000E+0	5.731000E+1
2.286400E-2	3.735873E+3	0.000000E+0	5.749200E+1
2.285000E-2	3.735160E+3	0.000000E+0	5.767400E+1
2.283431E-2	3.735000E+3	0.000000E+0	5.785400E+1
2.282138E-2	3.734443E+3	0.000000E+0	5.803800E+1
2.280393E-2	3.733570E+3	0.000000E+0	5.821800E+1
2.279557E-2	3.732537E+3	0.000000E+0	5.840100E+1
2.277434E-2	3.732220E+3	0.000000E+0	5.858100E+1
2.276761E-2	3.732380E+3	0.000000E+0	5.876200E+1
2.274492E-2	3.732540E+3	0.000000E+0	5.894000E+1
2.273894E-2	3.733010E+3	0.000000E+0	5.912200E+1
2.271936E-2	3.733490E+3	0.000000E+0	5.930100E+1
2.270940E-2	3.733570E+3	0.000000E+0	5.948100E+1
2.269277E-2	3.733170E+3	0.000000E+0	5.966200E+1
2.267921E-2	3.732140E+3	0.000000E+0	5.984800E+1
2.266624E-2	3.731267E+3	0.000000E+0	6.002700E+1
2.264879E-2	3.730230E+3	0.000000E+0	6.020700E+1
2.264193E-2	3.729600E+3	0.000000E+0	6.038800E+1
2.262002E-2	3.728640E+3	0.000000E+0	6.056800E+1
2.261423E-2	3.727930E+3	0.000000E+0	6.075100E+1
2.259126E-2	3.727290E+3	0.000000E+0	6.093100E+1
2.258406E-2	3.726737E+3	0.000000E+0	6.110700E+1
2.256935E-2	3.725940E+3	0.000000E+0	6.128700E+1
2.255461E-2	3.725307E+3	0.000000E+0	6.146600E+1
2.253892E-2	3.724990E+3	0.000000E+0	6.164600E+1
2.252326E-2	3.724910E+3	0.000000E+0	6.182600E+1
2.251282E-2	3.725150E+3	0.000000E+0	6.200500E+1
2.249325E-2	3.725540E+3	0.000000E+0	6.218700E+1
2.248658E-2	3.725383E+3	0.000000E+0	6.236800E+1
2.246347E-2	3.724670E+3	0.000000E+0	6.254700E+1
2.245794E-2	3.724110E+3	0.000000E+0	6.273000E+1
2.243523E-2	3.723637E+3	0.000000E+0	6.291300E+1
2.242746E-2	3.722443E+3	0.000000E+0	6.309400E+1
2.241008E-2	3.721330E+3	0.000000E+0	6.327400E+1
2.239739E-2	3.721650E+3	0.000000E+0	6.345900E+1
2.238432E-2	3.721330E+3	0.000000E+0	6.364100E+1
2.236743E-2	3.720060E+3	0.000000E+0	6.382300E+1
2.235986E-2	3.719263E+3	0.000000E+0	6.400200E+1
2.233811E-2	3.718950E+3	0.000000E+0	6.418400E+1
2.233058E-2	3.718470E+3	0.000000E+0	6.435900E+1
2.230795E-2	3.717833E+3	0.000000E+0	6.453900E+1
2.230204E-2	3.716247E+3	0.000000E+0	6.471900E+1
2.227960E-2	3.714657E+3	0.000000E+0	6.490200E+1
2.227134E-2	3.713700E+3	0.000000E+0	6.508600E+1
2.225389E-2	3.712990E+3	0.000000E+0	6.526500E+1
2.224026E-2	3.713383E+3	0.000000E+0	6.544900E+1
2.222765E-2	3.714020E+3	0.000000E+0	6.563200E+1
2.221004E-2	3.714020E+3	0.000000E+0	6.581200E+1
2.219988E-2	3.712907E+3	0.000000E+0	6.600700E+1
2.217954E-2	3.711080E+3	0.000000E+0	6.618900E+1
2.217258E-2	3.709650E+3	0.000000E+0	6.637000E+1
2.214955E-2	3.709090E+3	0.000000E+0	6.655400E+1
2.214415E-2	3.708697E+3	0.000000E+0	6.673500E+1
2.212181E-2	3.708220E+3	0.000000E+0	6.691500E+1
2.211366E-2	3.707580E+3	0.000000E+0	6.709900E+1
2.209447E-2	3.707343E+3	0.000000E+0	6.728200E+1
2.208362E-2	3.706710E+3	0.000000E+0	6.746600E+1
2.206748E-2	3.705833E+3	0.000000E+0	6.765000E+1
2.205234E-2	3.704563E+3	0.000000E+0	6.783500E+1
2.204174E-2	3.703290E+3	0.000000E+0	6.801400E+1
2.202213E-2	3.702180E+3	0.000000E+0	6.819600E+1
2.201506E-2	3.701700E+3	0.000000E+0	6.837300E+1
2.199226E-2	3.701063E+3	0.000000E+0	6.854700E+1
2.198676E-2	3.700270E+3	0.000000E+0	6.872800E+1
2.196380E-2	3.699637E+3	0.000000E+0	6.891100E+1
2.195569E-2	3.698603E+3	0.000000E+0	6.909300E+1
2.193913E-2	3.697090E+3	0.000000E+0	6.927500E+1
2.192522E-2	3.695740E+3	0.000000E+0	6.945500E+1
2.191194E-2	3.694073E+3	0.000000E+0	6.963600E+1
2.189525E-2	3.692720E+3	0.000000E+0	6.981400E+1
2.188841E-2	3.691530E+3	0.000000E+0	6.999700E+1
2.186550E-2	3.690733E+3	0.000000E+0	7.017800E+1
2.185911E-2	3.689700E+3	0.000000E+0	7.035600E+1
2.183591E-2	3.688430E+3	0.000000E+0	7.053600E+1
2.182971E-2	3.686840E+3	0.000000E+0	7.072100E+1
2.180803E-2	3.685093E+3	0.000000E+0	7.090400E+1
2.179869E-2	3.683583E+3	0.000000E+0	7.108800E+1
2.178188E-2	3.681993E+3	0.000000E+0	7.127000E+1
2.176810E-2	3.679847E+3	0.000000E+0	7.144700E+1
2.175540E-2	3.678577E+3	0.000000E+0	7.163000E+1
2.173730E-2	3.677303E+3	0.000000E+0	7.181400E+1
2.172949E-2	3.674997E+3	0.000000E+0	7.199400E+1
2.170713E-2	3.673093E+3	0.000000E+0	7.217600E+1
2.170172E-2	3.670947E+3	0.000000E+0	7.235700E+1
2.167790E-2	3.669197E+3	0.000000E+0	7.253800E+1
2.167090E-2	3.667210E+3	0.000000E+0	7.271600E+1
2.165134E-2	3.665700E+3	0.000000E+0	7.289800E+1
2.164008E-2	3.664033E+3	0.000000E+0	7.307900E+1
2.162355E-2	3.661727E+3	0.000000E+0	7.326300E+1
2.160883E-2	3.659423E+3	0.000000E+0	7.344200E+1
2.160067E-2	3.656560E+3	0.000000E+0	7.362500E+1
2.157924E-2	3.654257E+3	0.000000E+0	7.380400E+1
2.157149E-2	3.653143E+3	0.000000E+0	7.398400E+1
2.154905E-2	3.652270E+3	0.000000E+0	7.416500E+1
2.154378E-2	3.650680E+3	0.000000E+0	7.434000E+1
2.152029E-2	3.648453E+3	0.000000E+0	7.452000E+1
2.151282E-2	3.645593E+3	0.000000E+0	7.470200E+1
2.149422E-2	3.643447E+3	0.000000E+0	7.488300E+1
2.148220E-2	3.640987E+3	0.000000E+0	7.506500E+1
2.146796E-2	3.637727E+3	0.000000E+0	7.524600E+1
2.145124E-2	3.634310E+3	0.000000E+0	7.542800E+1
2.144043E-2	3.631207E+3	0.000000E+0	7.560900E+1
2.142012E-2	3.628507E+3	0.000000E+0	7.579200E+1
2.141363E-2	3.625330E+3	0.000000E+0	7.597600E+1
2.138978E-2	3.622787E+3	0.000000E+0	7.615800E+1
2.138478E-2	3.620083E+3	0.000000E+0	7.634000E+1
2.136190E-2	3.617540E+3	0.000000E+0	7.652300E+1
2.135331E-2	3.614440E+3	0.000000E+0	7.670500E+1
2.133475E-2	3.611977E+3	0.000000E+0	7.688600E+1
2.132308E-2	3.609117E+3	0.000000E+0	7.706600E+1
2.131114E-2	3.605937E+3	0.000000E+0	7.724900E+1
2.129201E-2	3.602993E+3	0.000000E+0	7.743300E+1
2.128167E-2	3.599020E+3	0.000000E+0	7.761500E+1
2.126081E-2	3.595050E+3	0.000000E+0	7.779600E+1
2.125326E-2	3.591473E+3	0.000000E+0	7.797900E+1
2.123078E-2	3.588213E+3	0.000000E+0	7.816300E+1
2.122537E-2	3.584320E+3	0.000000E+0	7.834200E+1
2.120058E-2	3.580587E+3	0.000000E+0	7.852500E+1
2.119455E-2	3.577010E+3	0.000000E+0	7.870800E+1
2.117567E-2	3.574227E+3	0.000000E+0	7.889000E+1
2.116369E-2	3.571763E+3	0.000000E+0	7.906700E+1
2.114814E-2	3.568903E+3	0.000000E+0	7.924900E+1
2.113208E-2	3.565803E+3	0.000000E+0	7.943000E+1
2.112033E-2	3.562467E+3	0.000000E+0	7.961600E+1
2.110090E-2	3.560477E+3	0.000000E+0	7.979700E+1
2.109524E-2	3.556980E+3	0.000000E+0	7.997600E+1
2.107162E-2	3.552930E+3	0.000000E+0	8.015900E+1
2.106580E-2	3.548160E+3	0.000000E+0	8.034000E+1
2.104265E-2	3.543870E+3	0.000000E+0	8.052300E+1
2.103492E-2	3.540530E+3	0.000000E+0	8.070200E+1
2.101998E-2	3.536953E+3	0.000000E+0	8.088100E+1
2.100418E-2	3.533220E+3	0.000000E+0	8.106500E+1
2.098803E-2	3.529167E+3	0.000000E+0	8.124500E+1
2.097187E-2	3.525350E+3	0.000000E+0	8.142800E+1
2.096111E-2	3.521300E+3	0.000000E+0	8.161000E+1
2.094054E-2	3.518040E+3	0.000000E+0	8.179200E+1
2.093400E-2	3.514303E+3	0.000000E+0	8.197200E+1
2.091097E-2	3.510807E+3	0.000000E+0	8.215300E+1
2.090580E-2	3.507470E+3	0.000000E+0	8.233500E+1
2.088227E-2	3.504847E+3	0.000000E+0	8.251700E+1
2.087422E-2	3.502147E+3	0.000000E+0	8.269600E+1
2.085628E-2	3.499123E+3	0.000000E+0	8.287600E+1
2.084280E-2	3.495867E+3	0.000000E+0	8.305700E+1
2.082882E-2	3.493007E+3	0.000000E+0	8.323700E+1
2.081175E-2	3.490303E+3	0.000000E+0	8.341600E+1
2.080507E-2	3.487523E+3	0.000000E+0	8.359700E+1
2.078186E-2	3.485057E+3	0.000000E+0	8.377800E+1
2.077512E-2	3.482677E+3	0.000000E+0	8.396200E+1
2.075154E-2	3.480687E+3	0.000000E+0	8.413900E+1
2.074532E-2	3.478543E+3	0.000000E+0	8.432100E+1
2.072310E-2	3.476793E+3	0.000000E+0	8.450200E+1
2.071421E-2	3.475363E+3	0.000000E+0	8.468100E+1
2.069789E-2	3.473693E+3	0.000000E+0	8.486100E+1
2.068337E-2	3.472023E+3	0.000000E+0	8.504100E+1
2.067167E-2	3.470597E+3	0.000000E+0	8.522000E+1
2.065217E-2	3.469720E+3	0.000000E+0	8.540000E+1
2.064424E-2	3.468770E+3	0.000000E+0	8.558200E+1
2.062210E-2	3.467810E+3	0.000000E+0	8.576400E+1
2.061633E-2	3.467100E+3	0.000000E+0	8.594500E+1
2.059295E-2	3.466780E+3	0.000000E+0	8.612200E+1
2.058567E-2	3.466620E+3	0.000000E+0	8.630200E+1
2.056743E-2	3.466620E+3	0.000000E+0	8.648100E+1
2.055464E-2	3.467020E+3	0.000000E+0	8.666400E+1
2.054102E-2	3.467493E+3	0.000000E+0	8.684000E+1
2.052308E-2	3.466860E+3	0.000000E+0	8.701900E+1
2.051358E-2	3.467177E+3	0.000000E+0	8.720000E+1
2.049253E-2	3.468607E+3	0.000000E+0	8.738200E+1
2.048629E-2	3.470357E+3	0.000000E+0	8.756800E+1
2.046194E-2	3.470910E+3	0.000000E+0	8.774900E+1
2.045624E-2	3.470517E+3	0.000000E+0	8.793100E+1
2.043327E-2	3.470437E+3	0.000000E+0	8.811400E+1
2.042457E-2	3.471943E+3	0.000000E+0	8.829400E+1
2.040639E-2	3.474330E+3	0.000000E+0	8.847400E+1
2.039324E-2	3.477113E+3	0.000000E+0	8.865700E+1
2.038003E-2	3.479417E+3	0.000000E+0	8.883700E+1
2.036266E-2	3.481403E+3	0.000000E+0	8.902000E+1
2.035284E-2	3.483233E+3	0.000000E+0	8.920000E+1
2.033209E-2	3.485297E+3	0.000000E+0	8.938300E+1
2.032513E-2	3.487683E+3	0.000000E+0	8.956300E+1
2.030218E-2	3.490067E+3	0.000000E+0	8.974300E+1
2.029591E-2	3.492847E+3	0.000000E+0	8.992500E+1
2.027357E-2	3.495627E+3	0.000000E+0	9.010600E+1
2.026441E-2	3.498650E+3	0.000000E+0	9.028900E+1
2.024624E-2	3.501430E+3	0.000000E+0	9.047000E+1
2.023310E-2	3.504130E+3	0.000000E+0	9.065000E+1
2.022260E-2	3.507630E+3	0.000000E+0	9.083200E+1
2.020297E-2	3.510490E+3	0.000000E+0	9.101600E+1
2.019281E-2	3.513910E+3	0.000000E+0	9.120000E+1
2.017138E-2	3.517800E+3	0.000000E+0	9.138200E+1
2.016388E-2	3.521853E+3	0.000000E+0	9.156500E+1
2.014094E-2	3.525270E+3	0.000000E+0	9.174600E+1
2.013466E-2	3.529560E+3	0.000000E+0	9.192900E+1
2.011161E-2	3.533537E+3	0.000000E+0	9.211300E+1
2.010309E-2	3.536797E+3	0.000000E+0	9.229500E+1
2.008559E-2	3.540133E+3	0.000000E+0	9.247200E+1
2.007157E-2	3.543950E+3	0.000000E+0	9.265100E+1
2.005915E-2	3.547363E+3	0.000000E+0	9.283100E+1
2.004079E-2	3.550383E+3	0.000000E+0	9.301400E+1
2.003286E-2	3.553643E+3	0.000000E+0	9.319400E+1
2.001033E-2	3.557380E+3	0.000000E+0	9.337400E+1
2.000489E-2	3.562230E+3	0.000000E+0	9.356000E+1
1.997977E-2	3.566440E+3	0.000000E+0	9.374100E+1
1.997392E-2	3.570093E+3	0.000000E+0	9.392400E+1
1.995093E-2	3.573037E+3	0.000000E+0	9.410800E+1
1.994203E-2	3.575817E+3	0.000000E+0	9.429100E+1
1.992787E-2	3.578837E+3	0.000000E+0	9.447400E+1
1.991041E-2	3.581940E+3	0.000000E+0	9.465700E+1
1.989685E-2	3.585513E+3	0.000000E+0	9.483800E+1
1.987900E-2	3.588533E+3	0.000000E+0	9.502300E+1
1.986970E-2	3.591870E+3	0.000000E+0	9.520400E+1
1.984757E-2	3.594413E+3	0.000000E+0	9.538700E+1
1.984176E-2	3.596957E+3	0.000000E+0	9.556800E+1
1.981830E-2	3.599737E+3	0.000000E+0	9.574700E+1
1.981180E-2	3.602997E+3	0.000000E+0	9.593000E+1
1.978954E-2	3.606097E+3	0.000000E+0	9.611100E+1
1.978050E-2	3.609197E+3	0.000000E+0	9.629400E+1
1.976118E-2	3.612293E+3	0.000000E+0	9.647400E+1
1.974905E-2	3.615473E+3	0.000000E+0	9.665300E+1
1.973657E-2	3.618177E+3	0.000000E+0	9.683300E+1
1.971818E-2	3.619843E+3	0.000000E+0	9.701500E+1
1.971019E-2	3.622147E+3	0.000000E+0	9.719500E+1
1.968777E-2	3.624930E+3	0.000000E+0	9.737600E+1
1.968106E-2	3.628190E+3	0.000000E+0	9.755500E+1
1.965671E-2	3.630733E+3	0.000000E+0	9.773800E+1
1.965028E-2	3.633117E+3	0.000000E+0	9.792100E+1
1.963216E-2	3.635343E+3	0.000000E+0	9.810500E+1
1.961908E-2	3.637327E+3	0.000000E+0	9.828500E+1
1.960319E-2	3.638997E+3	0.000000E+0	9.846400E+1
1.958746E-2	3.640907E+3	0.000000E+0	9.864500E+1
1.957661E-2	3.643130E+3	0.000000E+0	9.882400E+1
1.955597E-2	3.645593E+3	0.000000E+0	9.900700E+1
1.954666E-2	3.648613E+3	0.000000E+0	9.918700E+1
1.952457E-2	3.650840E+3	0.000000E+0	9.936900E+1
1.951998E-2	3.652587E+3	0.000000E+0	9.954700E+1
1.949571E-2	3.653860E+3	0.000000E+0	9.972900E+1
1.948841E-2	3.655767E+3	0.000000E+0	9.991000E+1
1.946679E-2	3.657833E+3	0.000000E+0	1.000930E+2
1.945664E-2	3.660217E+3	0.000000E+0	1.002750E+2
1.944013E-2	3.662760E+3	0.000000E+0	1.004550E+2
1.942573E-2	3.664987E+3	0.000000E+0	1.006350E+2
1.941554E-2	3.666813E+3	0.000000E+0	1.008230E+2
1.939456E-2	3.668083E+3	0.000000E+0	1.010030E+2
1.938714E-2	3.669993E+3	0.000000E+0	1.011830E+2
1.936417E-2	3.671900E+3	0.000000E+0	1.013620E+2
1.935857E-2	3.673250E+3	0.000000E+0	1.015420E+2
1.933806E-2	3.674363E+3	0.000000E+0	1.017220E+2
1.932742E-2	3.676430E+3	0.000000E+0	1.019030E+2
1.930654E-2	3.678893E+3	0.000000E+0	1.020810E+2
1.929483E-2	3.680563E+3	0.000000E+0	1.022630E+2
1.928161E-2	3.681913E+3	0.000000E+0	1.024440E+2
1.926363E-2	3.683663E+3	0.000000E+0	1.026270E+2
1.925263E-2	3.685010E+3	0.000000E+0	1.028100E+2
1.923218E-2	3.685807E+3	0.000000E+0	1.029870E+2
1.922453E-2	3.687397E+3	0.000000E+0	1.031690E+2
1.920113E-2	3.689067E+3	0.000000E+0	1.033500E+2
1.919563E-2	3.690733E+3	0.000000E+0	1.035330E+2
1.917250E-2	3.692007E+3	0.000000E+0	1.037130E+2
1.916395E-2	3.693200E+3	0.000000E+0	1.038920E+2
1.914528E-2	3.694310E+3	0.000000E+0	1.040720E+2
1.913250E-2	3.695423E+3	0.000000E+0	1.042520E+2
1.912226E-2	3.696693E+3	0.000000E+0	1.044300E+2
1.910261E-2	3.697887E+3	0.000000E+0	1.046100E+2
1.909339E-2	3.698840E+3	0.000000E+0	1.047900E+2
1.907090E-2	3.699000E+3	0.000000E+0	1.049700E+2
1.906438E-2	3.699873E+3	0.000000E+0	1.051510E+2
1.904008E-2	3.700670E+3	0.000000E+0	1.053330E+2
1.903379E-2	3.701143E+3	0.000000E+0	1.055140E+2
1.901229E-2	3.700910E+3	0.000000E+0	1.056970E+2
1.900210E-2	3.700830E+3	0.000000E+0	1.058770E+2
1.898505E-2	3.701540E+3	0.000000E+0	1.060600E+2
1.896970E-2	3.702893E+3	0.000000E+0	1.062440E+2
1.895751E-2	3.704563E+3	0.000000E+0	1.064280E+2
1.893844E-2	3.705753E+3	0.000000E+0	1.066100E+2
1.892877E-2	3.706390E+3	0.000000E+0	1.067920E+2
1.890729E-2	3.706390E+3	0.000000E+0	1.069770E+2
1.890136E-2	3.707743E+3	0.000000E+0	1.071560E+2
1.887755E-2	3.708933E+3	0.000000E+0	1.073390E+2
1.887123E-2	3.710047E+3	0.000000E+0	1.075210E+2
1.884757E-2	3.711240E+3	0.000000E+0	1.077060E+2
1.883986E-2	3.712273E+3	0.000000E+0	1.078860E+2
1.882034E-2	3.713463E+3	0.000000E+0	1.080720E+2
1.880773E-2	3.714497E+3	0.000000E+0	1.082540E+2
1.879277E-2	3.715450E+3	0.000000E+0	1.084360E+2
1.877566E-2	3.716803E+3	0.000000E+0	1.086240E+2
1.876495E-2	3.718390E+3	0.000000E+0	1.088060E+2
1.874395E-2	3.719423E+3	0.000000E+0	1.089870E+2
1.873692E-2	3.719500E+3	0.000000E+0	1.091670E+2
1.871351E-2	3.719420E+3	0.000000E+0	1.093500E+2
1.870691E-2	3.719580E+3	0.000000E+0	1.095300E+2
1.868486E-2	3.719660E+3	0.000000E+0	1.097090E+2
1.867531E-2	3.720060E+3	0.000000E+0	1.098900E+2
1.865679E-2	3.720140E+3	0.000000E+0	1.100710E+2
1.864265E-2	3.720857E+3	0.000000E+0	1.102520E+2
1.863470E-2	3.722127E+3	0.000000E+0	1.104360E+2
1.861038E-2	3.723240E+3	0.000000E+0	1.106140E+2
1.860526E-2	3.723870E+3	0.000000E+0	1.107950E+2
1.858148E-2	3.723870E+3	0.000000E+0	1.109770E+2
1.857263E-2	3.723870E+3	0.000000E+0	1.111580E+2
1.855753E-2	3.724670E+3	0.000000E+0	1.113400E+2
1.854077E-2	3.725860E+3	0.000000E+0	1.115210E+2
1.852603E-2	3.726580E+3	0.000000E+0	1.117030E+2
1.851433E-2	3.727370E+3	0.000000E+0	1.118880E+2
1.850499E-2	3.727930E+3	0.000000E+0	1.120720E+2
1.849657E-2	3.728323E+3	0.000000E+0	1.122530E+2
1.849036E-2	3.729120E+3	0.000000E+0	1.124400E+2
1.848536E-2	3.729280E+3	0.000000E+0	1.126200E+2
1.848029E-2	3.728800E+3	0.000000E+0	1.128000E+2
1.847651E-2	3.728560E+3	0.000000E+0	1.129860E+2
1.847386E-2	3.728400E+3	0.000000E+0	1.131670E+2
1.847058E-2	3.728400E+3	0.000000E+0	1.133500E+2
1.846884E-2	3.728167E+3	0.000000E+0	1.135300E+2
1.846667E-2	3.727450E+3	0.000000E+0	1.137120E+2
1.844510E-2	3.727690E+3	0.000000E+0	1.138930E+2
1.837195E-2	3.728643E+3	0.000000E+0	1.140760E+2
1.835096E-2	3.730947E+3	0.000000E+0	1.142570E+2
1.833217E-2	3.732853E+3	0.000000E+0	1.144360E+2
1.832419E-2	3.733810E+3	0.000000E+0	1.146180E+2
1.830134E-2	3.734367E+3	0.000000E+0	1.147990E+2
1.829394E-2	3.735000E+3	0.000000E+0	1.149810E+2
1.826900E-2	3.735953E+3	0.000000E+0	1.151620E+2
1.826315E-2	3.736670E+3	0.000000E+0	1.153450E+2
1.823940E-2	3.736910E+3	0.000000E+0	1.155250E+2
1.823116E-2	3.736830E+3	0.000000E+0	1.157060E+2
1.821334E-2	3.735953E+3	0.000000E+0	1.158880E+2
1.819988E-2	3.735560E+3	0.000000E+0	1.160680E+2
1.818609E-2	3.735873E+3	0.000000E+0	1.162510E+2
1.816882E-2	3.737227E+3	0.000000E+0	1.164310E+2
1.815728E-2	3.738340E+3	0.000000E+0	1.166140E+2
1.813677E-2	3.738897E+3	0.000000E+0	1.167970E+2
1.813049E-2	3.739290E+3	0.000000E+0	1.169790E+2
1.810646E-2	3.739210E+3	0.000000E+0	1.171600E+2
1.810147E-2	3.739610E+3	0.000000E+0	1.173410E+2
1.807763E-2	3.740247E+3	0.000000E+0	1.175230E+2
1.806864E-2	3.740560E+3	0.000000E+0	1.177040E+2
1.805058E-2	3.740800E+3	0.000000E+0	1.178830E+2
1.803711E-2	3.741913E+3	0.000000E+0	1.180630E+2
1.802632E-2	3.742630E+3	0.000000E+0	1.182450E+2
1.800563E-2	3.742950E+3	0.000000E+0	1.184290E+2
1.799625E-2	3.743350E+3	0.000000E+0	1.186130E+2
1.797402E-2	3.743270E+3	0.000000E+0	1.187930E+2
1.796763E-2	3.742710E+3	0.000000E+0	1.189750E+2
1.794362E-2	3.742470E+3	0.000000E+0	1.191560E+2
1.793737E-2	3.742550E+3	0.000000E+0	1.193360E+2
1.791382E-2	3.742950E+3	0.000000E+0	1.195150E+2
1.790569E-2	3.743430E+3	0.000000E+0	1.196970E+2
1.788593E-2	3.743663E+3	0.000000E+0	1.198810E+2
1.787308E-2	3.744300E+3	0.000000E+0	1.200580E+2
1.786004E-2	3.745013E+3	0.000000E+0	1.202370E+2
1.784234E-2	3.745090E+3	0.000000E+0	1.204170E+2
1.783272E-2	3.745490E+3	0.000000E+0	1.205970E+2
1.781128E-2	3.746763E+3	0.000000E+0	1.207800E+2
1.780573E-2	3.747480E+3	0.000000E+0	1.209610E+2
1.778185E-2	3.747480E+3	0.000000E+0	1.211430E+2
1.777511E-2	3.747480E+3	0.000000E+0	1.213230E+2
1.775397E-2	3.747957E+3	0.000000E+0	1.215030E+2
1.774342E-2	3.748910E+3	0.000000E+0	1.216860E+2
1.773030E-2	3.749467E+3	0.000000E+0	1.218660E+2
1.771193E-2	3.749390E+3	0.000000E+0	1.220490E+2
1.769818E-2	3.749390E+3	0.000000E+0	1.222330E+2
1.767960E-2	3.749467E+3	0.000000E+0	1.224140E+2
1.766998E-2	3.749620E+3	0.000000E+0	1.225970E+2
1.764822E-2	3.749390E+3	0.000000E+0	1.227810E+2
1.764124E-2	3.749390E+3	0.000000E+0	1.229670E+2
1.761694E-2	3.749467E+3	0.000000E+0	1.231470E+2
1.761151E-2	3.749620E+3	0.000000E+0	1.233300E+2
1.758729E-2	3.749467E+3	0.000000E+0	1.235110E+2
1.757998E-2	3.749070E+3	0.000000E+0	1.236930E+2
1.756217E-2	3.749150E+3	0.000000E+0	1.238730E+2
1.754742E-2	3.749230E+3	0.000000E+0	1.240560E+2
1.753267E-2	3.749543E+3	0.000000E+0	1.242370E+2
1.751578E-2	3.750020E+3	0.000000E+0	1.244190E+2
1.750565E-2	3.750500E+3	0.000000E+0	1.246000E+2
1.748416E-2	3.750660E+3	0.000000E+0	1.247820E+2
1.747788E-2	3.751290E+3	0.000000E+0	1.249630E+2
1.745360E-2	3.751530E+3	0.000000E+0	1.251470E+2
1.744739E-2	3.751610E+3	0.000000E+0	1.253300E+2
1.742411E-2	3.752010E+3	0.000000E+0	1.255110E+2
1.741595E-2	3.752327E+3	0.000000E+0	1.256950E+2
1.739611E-2	3.752327E+3	0.000000E+0	1.258770E+2
1.738389E-2	3.752250E+3	0.000000E+0	1.260600E+2
1.736981E-2	3.752403E+3	0.000000E+0	1.262440E+2
1.735220E-2	3.752720E+3	0.000000E+0	1.264270E+2
1.734174E-2	3.753200E+3	0.000000E+0	1.266080E+2
1.732069E-2	3.753917E+3	0.000000E+0	1.267870E+2
1.731424E-2	3.754470E+3	0.000000E+0	1.269690E+2
1.728986E-2	3.755110E+3	0.000000E+0	1.271500E+2
1.728419E-2	3.755820E+3	0.000000E+0	1.273330E+2
1.726121E-2	3.756380E+3	0.000000E+0	1.275130E+2
1.725264E-2	3.756780E+3	0.000000E+0	1.276950E+2
1.723419E-2	3.756700E+3	0.000000E+0	1.278760E+2
1.722037E-2	3.755820E+3	0.000000E+0	1.280580E+2
1.720992E-2	3.754870E+3	0.000000E+0	1.282390E+2
1.718888E-2	3.754630E+3	0.000000E+0	1.284250E+2
1.717919E-2	3.754310E+3	0.000000E+0	1.286060E+2
1.715765E-2	3.753920E+3	0.000000E+0	1.287880E+2
1.715086E-2	3.754153E+3	0.000000E+0	1.289720E+2
1.712598E-2	3.754870E+3	0.000000E+0	1.291510E+2
1.712096E-2	3.755503E+3	0.000000E+0	1.293320E+2
1.709777E-2	3.755347E+3	0.000000E+0	1.295160E+2
1.708884E-2	3.754470E+3	0.000000E+0	1.296990E+2
1.706986E-2	3.753600E+3	0.000000E+0	1.298830E+2
1.705659E-2	3.753917E+3	0.000000E+0	1.300650E+2
1.704400E-2	3.754870E+3	0.000000E+0	1.302420E+2
1.702546E-2	3.755980E+3	0.000000E+0	1.304220E+2
1.701580E-2	3.756777E+3	0.000000E+0	1.306040E+2
1.699328E-2	3.756933E+3	0.000000E+0	1.307850E+2
1.698768E-2	3.756300E+3	0.000000E+0	1.309680E+2
1.696300E-2	3.755583E+3	0.000000E+0	1.311480E+2
1.695710E-2	3.755427E+3	0.000000E+0	1.313300E+2
1.693464E-2	3.754870E+3	0.000000E+0	1.315110E+2
1.692552E-2	3.754390E+3	0.000000E+0	1.316930E+2
1.691065E-2	3.754550E+3	0.000000E+0	1.318740E+2
1.689435E-2	3.754390E+3	0.000000E+0	1.320540E+2
1.688100E-2	3.754710E+3	0.000000E+0	1.322360E+2
1.686209E-2	3.755267E+3	0.000000E+0	1.324170E+2
1.685300E-2	3.755503E+3	0.000000E+0	1.326000E+2
1.683028E-2	3.755110E+3	0.000000E+0	1.327800E+2
1.682534E-2	3.755347E+3	0.000000E+0	1.329600E+2
1.680050E-2	3.755820E+3	0.000000E+0	1.331420E+2
1.679400E-2	3.756933E+3	0.000000E+0	1.333210E+2
1.677272E-2	3.757810E+3	0.000000E+0	1.335020E+2
1.676170E-2	3.757810E+3	0.000000E+0	1.336820E+2
1.674437E-2	3.757250E+3	0.000000E+0	1.338630E+2
1.672981E-2	3.756933E+3	0.000000E+0	1.340450E+2
1.671953E-2	3.757170E+3	0.000000E+0	1.342250E+2
1.669853E-2	3.757730E+3	0.000000E+0	1.344040E+2
1.669189E-2	3.758447E+3	0.000000E+0	1.345840E+2
1.666738E-2	3.759000E+3	0.000000E+0	1.347670E+2
1.666170E-2	3.759240E+3	0.000000E+0	1.349500E+2
1.663776E-2	3.759400E+3	0.000000E+0	1.351310E+2
1.663012E-2	3.759400E+3	0.000000E+0	1.353140E+2
1.661348E-2	3.758603E+3	0.000000E+0	1.354940E+2
1.659890E-2	3.758210E+3	0.000000E+0	1.356740E+2
1.658392E-2	3.758210E+3	0.000000E+0	1.358530E+2
1.656647E-2	3.758050E+3	0.000000E+0	1.360370E+2
1.655632E-2	3.757730E+3	0.000000E+0	1.362160E+2
1.653436E-2	3.757650E+3	0.000000E+0	1.363980E+2
1.652719E-2	3.758287E+3	0.000000E+0	1.365780E+2
1.650345E-2	3.758920E+3	0.000000E+0	1.367590E+2
1.649844E-2	3.758683E+3	0.000000E+0	1.369420E+2
1.647349E-2	3.758210E+3	0.000000E+0	1.371210E+2
1.646635E-2	3.758210E+3	0.000000E+0	1.373020E+2
1.644652E-2	3.758290E+3	0.000000E+0	1.374850E+2
1.643412E-2	3.758527E+3	0.000000E+0	1.376670E+2
1.641921E-2	3.758447E+3	0.000000E+0	1.378480E+2
1.640233E-2	3.758210E+3	0.000000E+0	1.380320E+2
1.639414E-2	3.757970E+3	0.000000E+0	1.382110E+2
1.637127E-2	3.757810E+3	0.000000E+0	1.383920E+2
1.636369E-2	3.757330E+3	0.000000E+0	1.385720E+2
1.633999E-2	3.756460E+3	0.000000E+0	1.387540E+2
1.633413E-2	3.756933E+3	0.000000E+0	1.389360E+2
1.631522E-2	3.757890E+3	0.000000E+0	1.391170E+2
1.630274E-2	3.758923E+3	0.000000E+0	1.393030E+2
1.628227E-2	3.759877E+3	0.000000E+0	1.394840E+2
1.627016E-2	3.760430E+3	0.000000E+0	1.396640E+2
1.625461E-2	3.760510E+3	0.000000E+0	1.398470E+2
1.623778E-2	3.760113E+3	0.000000E+0	1.400300E+2
1.622721E-2	3.759880E+3	0.000000E+0	1.402150E+2
1.620651E-2	3.760350E+3	0.000000E+0	1.403950E+2
1.619932E-2	3.760830E+3	0.000000E+0	1.405770E+2
1.617508E-2	3.761070E+3	0.000000E+0	1.407580E+2
1.616962E-2	3.760990E+3	0.000000E+0	1.409410E+2
1.614556E-2	3.760590E+3	0.000000E+0	1.411250E+2
1.613813E-2	3.761070E+3	0.000000E+0	1.413070E+2
1.611664E-2	3.762100E+3	0.000000E+0	1.414870E+2
1.610575E-2	3.762740E+3	0.000000E+0	1.416680E+2
1.609342E-2	3.762740E+3	0.000000E+0	1.418500E+2
1.607479E-2	3.762740E+3	0.000000E+0	1.420310E+2
1.606406E-2	3.762580E+3	0.000000E+0	1.422120E+2
1.604272E-2	3.762260E+3	0.000000E+0	1.423940E+2
1.603531E-2	3.762020E+3	0.000000E+0	1.425760E+2
1.601110E-2	3.762260E+3	0.000000E+0	1.427570E+2
1.600552E-2	3.762340E+3	0.000000E+0	1.429420E+2
1.598118E-2	3.762897E+3	0.000000E+0	1.431240E+2
1.597399E-2	3.763370E+3	0.000000E+0	1.433100E+2
1.595229E-2	3.763133E+3	0.000000E+0	1.434960E+2
1.594203E-2	3.763213E+3	0.000000E+0	1.436770E+2
1.592550E-2	3.764170E+3	0.000000E+0	1.438580E+2
1.590990E-2	3.764720E+3	0.000000E+0	1.440420E+2
1.589770E-2	3.764720E+3	0.000000E+0	1.442250E+2
1.587771E-2	3.764250E+3	0.000000E+0	1.444050E+2
1.587070E-2	3.763930E+3	0.000000E+0	1.445870E+2
1.584708E-2	3.763930E+3	0.000000E+0	1.447680E+2
1.584117E-2	3.763930E+3	0.000000E+0	1.449510E+2
1.581654E-2	3.764010E+3	0.000000E+0	1.451310E+2
1.580955E-2	3.764410E+3	0.000000E+0	1.453140E+2
1.579141E-2	3.764010E+3	0.000000E+0	1.454970E+2
1.577853E-2	3.763057E+3	0.000000E+0	1.456760E+2
1.576155E-2	3.763213E+3	0.000000E+0	1.458580E+2
1.574536E-2	3.764010E+3	0.000000E+0	1.460410E+2
1.573355E-2	3.763930E+3	0.000000E+0	1.462230E+2
1.571336E-2	3.763770E+3	0.000000E+0	1.464050E+2
1.570608E-2	3.764010E+3	0.000000E+0	1.465860E+2
1.568301E-2	3.764330E+3	0.000000E+0	1.467670E+2
1.567640E-2	3.765120E+3	0.000000E+0	1.469500E+2
1.565235E-2	3.765760E+3	0.000000E+0	1.471340E+2
1.564600E-2	3.765440E+3	0.000000E+0	1.473150E+2
1.562523E-2	3.764720E+3	0.000000E+0	1.474930E+2
1.561365E-2	3.764800E+3	0.000000E+0	1.476730E+2
1.559816E-2	3.764487E+3	0.000000E+0	1.478560E+2
1.558124E-2	3.764170E+3	0.000000E+0	1.480370E+2
1.557172E-2	3.764010E+3	0.000000E+0	1.482150E+2
1.554992E-2	3.763930E+3	0.000000E+0	1.483950E+2
1.554349E-2	3.763930E+3	0.000000E+0	1.485740E+2
1.551905E-2	3.763690E+3	0.000000E+0	1.487540E+2
1.551328E-2	3.763133E+3	0.000000E+0	1.489340E+2
1.548927E-2	3.762500E+3	0.000000E+0	1.491160E+2
1.548130E-2	3.762260E+3	0.000000E+0	1.492960E+2
1.546354E-2	3.762180E+3	0.000000E+0	1.494770E+2
1.544945E-2	3.762100E+3	0.000000E+0	1.496590E+2
1.543622E-2	3.762500E+3	0.000000E+0	1.498400E+2
1.541764E-2	3.762740E+3	0.000000E+0	1.500190E+2
1.541124E-2	3.763057E+3	0.000000E+0	1.501990E+2
1.538742E-2	3.763210E+3	0.000000E+0	1.503790E+2
1.537962E-2	3.763053E+3	0.000000E+0	1.505640E+2
1.535511E-2	3.762420E+3	0.000000E+0	1.507440E+2
1.534891E-2	3.762100E+3	0.000000E+0	1.509260E+2
1.532655E-2	3.761700E+3	0.000000E+0	1.511070E+2
1.531714E-2	3.761780E+3	0.000000E+0	1.512890E+2
1.530003E-2	3.761700E+3	0.000000E+0	1.514740E+2
1.528476E-2	3.761540E+3	0.000000E+0	1.516570E+2
1.527116E-2	3.761540E+3	0.000000E+0	1.518370E+2
1.525262E-2	3.762020E+3	0.000000E+0	1.520200E+2
1.524312E-2	3.762740E+3	0.000000E+0	1.522030E+2
1.522182E-2	3.763450E+3	0.000000E+0	1.523830E+2
1.521658E-2	3.763530E+3	0.000000E+0	1.525630E+2
1.519187E-2	3.762977E+3	0.000000E+0	1.527430E+2
1.518510E-2	3.762340E+3	0.000000E+0	1.529270E+2
1.516377E-2	3.762820E+3	0.000000E+0	1.531100E+2
1.515293E-2	3.763290E+3	0.000000E+0	1.532920E+2
1.513601E-2	3.763610E+3	0.000000E+0	1.534750E+2
1.512064E-2	3.764010E+3	0.000000E+0	1.536540E+2
1.510799E-2	3.764410E+3	0.000000E+0	1.538360E+2
1.508913E-2	3.764410E+3	0.000000E+0	1.540220E+2
1.508086E-2	3.764010E+3	0.000000E+0	1.542070E+2
1.505717E-2	3.763690E+3	0.000000E+0	1.543900E+2
1.505129E-2	3.764010E+3	0.000000E+0	1.545730E+2
1.502615E-2	3.764410E+3	0.000000E+0	1.547540E+2
1.502019E-2	3.764487E+3	0.000000E+0	1.549370E+2
1.499659E-2	3.764410E+3	0.000000E+0	1.551210E+2
1.498831E-2	3.764330E+3	0.000000E+0	1.553030E+2
1.497017E-2	3.763930E+3	0.000000E+0	1.554840E+2
1.495566E-2	3.764010E+3	0.000000E+0	1.556660E+2
1.494258E-2	3.764723E+3	0.000000E+0	1.558470E+2
1.492393E-2	3.765120E+3	0.000000E+0	1.560290E+2
1.491389E-2	3.764800E+3	0.000000E+0	1.562140E+2
1.489229E-2	3.764410E+3	0.000000E+0	1.563950E+2
1.488657E-2	3.764410E+3	0.000000E+0	1.565760E+2
1.486174E-2	3.763930E+3	0.000000E+0	1.567570E+2
1.485501E-2	3.763450E+3	0.000000E+0	1.569360E+2
1.483038E-2	3.764407E+3	0.000000E+0	1.571200E+2
1.482269E-2	3.765440E+3	0.000000E+0	1.573020E+2
1.480187E-2	3.765520E+3	0.000000E+0	1.574880E+2
1.479092E-2	3.765040E+3	0.000000E+0	1.576700E+2
1.477531E-2	3.764880E+3	0.000000E+0	1.578520E+2
1.475847E-2	3.765040E+3	0.000000E+0	1.580320E+2
1.474783E-2	3.764723E+3	0.000000E+0	1.582130E+2
1.472642E-2	3.763770E+3	0.000000E+0	1.583950E+2
1.472064E-2	3.764010E+3	0.000000E+0	1.585760E+2
1.469603E-2	3.765280E+3	0.000000E+0	1.587530E+2
1.469079E-2	3.765993E+3	0.000000E+0	1.589360E+2
1.466615E-2	3.765837E+3	0.000000E+0	1.591160E+2
1.465813E-2	3.765520E+3	0.000000E+0	1.592990E+2
1.463928E-2	3.764960E+3	0.000000E+0	1.594790E+2
1.462574E-2	3.765120E+3	0.000000E+0	1.596630E+2
1.461081E-2	3.765280E+3	0.000000E+0	1.598450E+2
1.459356E-2	3.764960E+3	0.000000E+0	1.600260E+2
1.458326E-2	3.764880E+3	0.000000E+0	1.602050E+2
1.456163E-2	3.764800E+3	0.000000E+0	1.603890E+2
1.455503E-2	3.764640E+3	0.000000E+0	1.605680E+2
1.453080E-2	3.764410E+3	0.000000E+0	1.607530E+2
1.452500E-2	3.764410E+3	0.000000E+0	1.609330E+2
1.450134E-2	3.764720E+3	0.000000E+0	1.611130E+2
1.449270E-2	3.764880E+3	0.000000E+0	1.612930E+2
1.447440E-2	3.765440E+3	0.000000E+0	1.614720E+2
1.446109E-2	3.765760E+3	0.000000E+0	1.616500E+2
1.444787E-2	3.765280E+3	0.000000E+0	1.618330E+2
1.442825E-2	3.764720E+3	0.000000E+0	1.620170E+2
1.442024E-2	3.764800E+3	0.000000E+0	1.621970E+2
1.439761E-2	3.765440E+3	0.000000E+0	1.623820E+2
1.439084E-2	3.765917E+3	0.000000E+0	1.625640E+2
1.436663E-2	3.766230E+3	0.000000E+0	1.627460E+2
1.436081E-2	3.766390E+3	0.000000E+0	1.629250E+2
1.433840E-2	3.766470E+3	0.000000E+0	1.631100E+2
1.432806E-2	3.766150E+3	0.000000E+0	1.632900E+2
1.431065E-2	3.765200E+3	0.000000E+0	1.634710E+2
1.429654E-2	3.764487E+3	0.000000E+0	1.636530E+2
1.428215E-2	3.764410E+3	0.000000E+0	1.638370E+2
1.426406E-2	3.764410E+3	0.000000E+0	1.640180E+2
1.425630E-2	3.764720E+3	0.000000E+0	1.641980E+2
1.423264E-2	3.765360E+3	0.000000E+0	1.643790E+2
1.422642E-2	3.765840E+3	0.000000E+0	1.645590E+2
1.420154E-2	3.765360E+3	0.000000E+0	1.647390E+2
1.419507E-2	3.764960E+3	0.000000E+0	1.649220E+2
1.417663E-2	3.765600E+3	0.000000E+0	1.651050E+2
1.416389E-2	3.766310E+3	0.000000E+0	1.652840E+2
1.414707E-2	3.766470E+3	0.000000E+0	1.654650E+2
1.413087E-2	3.765917E+3	0.000000E+0	1.656470E+2
1.411907E-2	3.765600E+3	0.000000E+0	1.658280E+2
1.409903E-2	3.765360E+3	0.000000E+0	1.660070E+2
1.409142E-2	3.764960E+3	0.000000E+0	1.661870E+2
1.406751E-2	3.764880E+3	0.000000E+0	1.663670E+2
1.406237E-2	3.765040E+3	0.000000E+0	1.665490E+2
1.403780E-2	3.765280E+3	0.000000E+0	1.667300E+2
1.401856E-2	3.764880E+3	0.000000E+0	1.670390E+2
1.399937E-2	3.764723E+3	0.000000E+0	1.672180E+2
1.399119E-2	3.763930E+3	0.000000E+0	1.673970E+2
1.396786E-2	3.763690E+3	0.000000E+0	1.675780E+2
1.396337E-2	3.763610E+3	0.000000E+0	1.677570E+2
1.393810E-2	3.762977E+3	0.000000E+0	1.679380E+2
1.393119E-2	3.762340E+3	0.000000E+0	1.681200E+2
1.392940E-2	3.762660E+3	0.000000E+0	1.682980E+2
1.392800E-2	3.763057E+3	0.000000E+0	1.684790E+2
1.392696E-2	3.763850E+3	0.000000E+0	1.686590E+2
1.392699E-2	3.764250E+3	0.000000E+0	1.688420E+2
1.392595E-2	3.764010E+3	0.000000E+0	1.690240E+2
1.392558E-2	3.764170E+3	0.000000E+0	1.692050E+2
1.392517E-2	3.764643E+3	0.000000E+0	1.693840E+2
1.392526E-2	3.764880E+3	0.000000E+0	1.695670E+2
1.392463E-2	3.765040E+3	0.000000E+0	1.697480E+2
1.392469E-2	3.765520E+3	0.000000E+0	1.699300E+2
1.392416E-2	3.765600E+3	0.000000E+0	1.701120E+2
1.392461E-2	3.765280E+3	0.000000E+0	1.702910E+2
1.392435E-2	3.764723E+3	0.000000E+0	1.704740E+2
1.392453E-2	3.764250E+3	0.000000E+0	1.706560E+2
1.392343E-2	3.763930E+3	0.000000E+0	1.708350E+2
1.392430E-2	3.763930E+3	0.000000E+0	1.710150E+2
1.392401E-2	3.763930E+3	0.000000E+0	1.711960E+2
1.392398E-2	3.764090E+3	0.000000E+0	1.713750E+2
1.392314E-2	3.764410E+3	0.000000E+0	1.715560E+2
1.392381E-2	3.765040E+3	0.000000E+0	1.717380E+2
1.392387E-2	3.765837E+3	0.000000E+0	1.719210E+2
1.392385E-2	3.766790E+3	0.000000E+0	1.721010E+2
1.392322E-2	3.766470E+3	0.000000E+0	1.722820E+2
1.392326E-2	3.765600E+3	0.000000E+0	1.724690E+2
1.392339E-2	3.764880E+3	0.000000E+0	1.726520E+2
1.392353E-2	3.764407E+3	0.000000E+0	1.728360E+2
1.392325E-2	3.763930E+3	0.000000E+0	1.730170E+2
1.392349E-2	3.763930E+3	0.000000E+0	1.731990E+2
1.392344E-2	3.764010E+3	0.000000E+0	1.733770E+2
1.392361E-2	3.763930E+3	0.000000E+0	1.735590E+2
1.392333E-2	3.764170E+3	0.000000E+0	1.737410E+2
1.392316E-2	3.765120E+3	0.000000E+0	1.739220E+2
1.392364E-2	3.765600E+3	0.000000E+0	1.741010E+2
1.392368E-2	3.765120E+3	0.000000E+0	1.742800E+2
1.392398E-2	3.764563E+3	0.000000E+0	1.744630E+2
1.392330E-2	3.764170E+3	0.000000E+0	1.746440E+2
1.392349E-2	3.764090E+3	0.000000E+0	1.748230E+2
1.392336E-2	3.764960E+3	0.000000E+0	1.750070E+2
1.392336E-2	3.765600E+3	0.000000E+0	1.751880E+2
1.392302E-2	3.764803E+3	0.000000E+0	1.753680E+2
1.392287E-2	3.764410E+3	0.000000E+0	1.755470E+2
1.392319E-2	3.764800E+3	0.000000E+0	1.757270E+2
1.392331E-2	3.764880E+3	0.000000E+0	1.759090E+2
1.392315E-2	3.764880E+3	0.000000E+0	1.760900E+2
1.392379E-2	3.764880E+3	0.000000E+0	1.762730E+2
1.392316E-2	3.764880E+3	0.000000E+0	1.764560E+2
1.392387E-2	3.765360E+3	0.000000E+0	1.766380E+2
1.392337E-2	3.765680E+3	0.000000E+0	1.768210E+2
1.392309E-2	3.766070E+3	0.000000E+0	1.770030E+2
1.392372E-2	3.765677E+3	0.000000E+0	1.771860E+2
1.392306E-2	3.764880E+3	0.000000E+0	1.773690E+2
1.392347E-2	3.764880E+3	0.000000E+0	1.775500E+2
1.392336E-2	3.765120E+3	0.000000E+0	1.777330E+2
1.392324E-2	3.765680E+3	0.000000E+0	1.779160E+2
1.392384E-2	3.766070E+3	0.000000E+0	1.780930E+2
1.392325E-2	3.766470E+3	0.000000E+0	1.782730E+2
1.392282E-2	3.766390E+3	0.000000E+0	1.784560E+2
1.392359E-2	3.765680E+3	0.000000E+0	1.786400E+2
1.392318E-2	3.765600E+3	0.000000E+0	1.788180E+2
1.392323E-2	3.765200E+3	0.000000E+0	1.789990E+2
1.392338E-2	3.764800E+3	0.000000E+0	1.791810E+2
1.392316E-2	3.764563E+3	0.000000E+0	1.793620E+2
1.392308E-2	3.764800E+3	0.000000E+0	1.795480E+2
1.392314E-2	3.764880E+3	0.000000E+0	1.797330E+2
1.392350E-2	3.765120E+3	0.000000E+0	1.799140E+2
1.392310E-2	3.765280E+3	0.000000E+0	1.800960E+2
1.392351E-2	3.765993E+3	0.000000E+0	1.802820E+2
1.392285E-2	3.766630E+3	0.000000E+0	1.804640E+2
