X channel: Keithley, channel #5; mode:  DCV; scale:  0.10; X converted, conversion factor:1.000000E+0
Y channel: Lock-in, mkV
II channel: B7-78, Ohm; scale:  10000.000000
X channel	Y channel	II channel	timestamp, sec
1.392347E-2	3.925510E+3	0.000000E+0	0.000000E+0
1.392318E-2	3.925350E+3	0.000000E+0	1.790000E-1
1.392358E-2	3.925430E+3	0.000000E+0	3.610000E-1
1.392311E-2	3.924400E+3	0.000000E+0	5.420000E-1
1.392308E-2	3.922890E+3	0.000000E+0	7.220000E-1
1.392330E-2	3.922410E+3	0.000000E+0	9.040000E-1
1.392351E-2	3.922810E+3	0.000000E+0	1.085000E+0
1.392314E-2	3.923210E+3	0.000000E+0	1.268000E+0
1.392568E-2	3.922890E+3	0.000000E+0	1.448000E+0
1.394095E-2	3.922970E+3	0.000000E+0	1.630000E+0
1.394248E-2	3.923763E+3	0.000000E+0	1.811000E+0
1.396396E-2	3.923920E+3	0.000000E+0	1.994000E+0
1.397035E-2	3.924000E+3	0.000000E+0	2.173000E+0
1.399066E-2	3.924160E+3	0.000000E+0	2.355000E+0
1.400098E-2	3.924320E+3	0.000000E+0	2.536000E+0
1.401558E-2	3.924400E+3	0.000000E+0	2.717000E+0
1.403094E-2	3.924080E+3	0.000000E+0	2.900000E+0
1.403982E-2	3.923920E+3	0.000000E+0	3.080000E+0
1.405991E-2	3.923920E+3	0.000000E+0	3.262000E+0
1.406604E-2	3.924320E+3	0.000000E+0	3.443000E+0
1.408893E-2	3.924560E+3	0.000000E+0	3.623000E+0
1.409353E-2	3.924000E+3	0.000000E+0	3.805000E+0
1.411627E-2	3.924000E+3	0.000000E+0	3.986000E+0
1.412323E-2	3.924957E+3	0.000000E+0	4.168000E+0
1.414225E-2	3.925750E+3	0.000000E+0	4.348000E+0
1.415377E-2	3.925590E+3	0.000000E+0	4.529000E+0
1.416751E-2	3.925990E+3	0.000000E+0	4.713000E+0
1.418423E-2	3.926470E+3	0.000000E+0	4.892000E+0
1.419335E-2	3.926550E+3	0.000000E+0	5.074000E+0
1.421455E-2	3.926783E+3	0.000000E+0	5.255000E+0
1.422056E-2	3.927020E+3	0.000000E+0	5.437000E+0
1.424360E-2	3.926780E+3	0.000000E+0	5.618000E+0
1.424824E-2	3.927180E+3	0.000000E+0	5.800000E+0
1.427037E-2	3.927500E+3	0.000000E+0	5.981000E+0
1.427908E-2	3.927740E+3	0.000000E+0	6.165000E+0
1.429811E-2	3.928057E+3	0.000000E+0	6.348000E+0
1.431010E-2	3.927977E+3	0.000000E+0	6.530000E+0
1.432487E-2	3.927740E+3	0.000000E+0	6.717000E+0
1.434093E-2	3.927820E+3	0.000000E+0	6.901000E+0
1.434989E-2	3.928530E+3	0.000000E+0	7.085000E+0
1.437057E-2	3.929487E+3	0.000000E+0	7.269000E+0
1.437836E-2	3.929880E+3	0.000000E+0	7.453000E+0
1.440097E-2	3.929880E+3	0.000000E+0	7.635000E+0
1.440578E-2	3.929880E+3	0.000000E+0	7.813000E+0
1.442976E-2	3.929643E+3	0.000000E+0	7.998000E+0
1.443614E-2	3.928850E+3	0.000000E+0	8.179000E+0
1.445500E-2	3.927977E+3	0.000000E+0	8.359000E+0
1.446597E-2	3.927500E+3	0.000000E+0	8.542000E+0
1.448156E-2	3.927260E+3	0.000000E+0	8.722000E+0
1.449686E-2	3.927420E+3	0.000000E+0	8.903000E+0
1.450823E-2	3.927820E+3	0.000000E+0	9.084000E+0
1.452797E-2	3.928610E+3	0.000000E+0	9.265000E+0
1.453311E-2	3.929090E+3	0.000000E+0	9.447000E+0
1.455723E-2	3.929330E+3	0.000000E+0	9.624000E+0
1.456210E-2	3.929800E+3	0.000000E+0	9.805000E+0
1.458475E-2	3.930200E+3	0.000000E+0	9.983000E+0
1.459260E-2	3.930680E+3	0.000000E+0	1.016300E+1
1.460753E-2	3.930920E+3	0.000000E+0	1.034500E+1
1.462293E-2	3.931157E+3	0.000000E+0	1.052600E+1
1.463737E-2	3.931470E+3	0.000000E+0	1.071600E+1
1.465394E-2	3.931000E+3	0.000000E+0	1.089300E+1
1.466366E-2	3.930600E+3	0.000000E+0	1.107500E+1
1.468470E-2	3.931157E+3	0.000000E+0	1.125600E+1
1.469045E-2	3.931550E+3	0.000000E+0	1.143900E+1
1.471397E-2	3.931157E+3	0.000000E+0	1.161900E+1
1.471993E-2	3.931313E+3	0.000000E+0	1.179900E+1
1.474190E-2	3.932190E+3	0.000000E+0	1.198000E+1
1.475056E-2	3.932270E+3	0.000000E+0	1.216200E+1
1.476893E-2	3.931790E+3	0.000000E+0	1.234300E+1
1.478144E-2	3.931710E+3	0.000000E+0	1.252500E+1
1.479343E-2	3.931710E+3	0.000000E+0	1.270700E+1
1.481216E-2	3.931550E+3	0.000000E+0	1.288800E+1
1.482028E-2	3.931550E+3	0.000000E+0	1.307400E+1
1.484178E-2	3.931550E+3	0.000000E+0	1.325300E+1
1.484764E-2	3.931550E+3	0.000000E+0	1.343500E+1
1.487155E-2	3.931550E+3	0.000000E+0	1.361700E+1
1.487702E-2	3.931550E+3	0.000000E+0	1.379800E+1
1.489531E-2	3.931790E+3	0.000000E+0	1.397800E+1
1.490724E-2	3.932270E+3	0.000000E+0	1.415800E+1
1.492527E-2	3.932820E+3	0.000000E+0	1.434300E+1
1.493902E-2	3.933300E+3	0.000000E+0	1.452500E+1
1.495082E-2	3.933220E+3	0.000000E+0	1.470500E+1
1.496973E-2	3.932663E+3	0.000000E+0	1.488600E+1
1.497882E-2	3.931870E+3	0.000000E+0	1.506800E+1
1.500102E-2	3.932190E+3	0.000000E+0	1.525000E+1
1.500520E-2	3.932663E+3	0.000000E+0	1.542900E+1
1.502935E-2	3.933060E+3	0.000000E+0	1.560700E+1
1.503572E-2	3.933300E+3	0.000000E+0	1.579000E+1
1.505750E-2	3.933860E+3	0.000000E+0	1.597000E+1
1.506659E-2	3.933940E+3	0.000000E+0	1.615300E+1
1.508301E-2	3.933780E+3	0.000000E+0	1.632900E+1
1.509716E-2	3.933220E+3	0.000000E+0	1.650800E+1
1.510694E-2	3.932740E+3	0.000000E+0	1.669200E+1
1.512806E-2	3.932980E+3	0.000000E+0	1.687800E+1
1.513669E-2	3.933380E+3	0.000000E+0	1.705900E+1
1.515827E-2	3.933700E+3	0.000000E+0	1.724300E+1
1.519115E-2	3.933060E+3	0.000000E+0	1.768200E+1
1.520008E-2	3.933857E+3	0.000000E+0	1.786300E+1
1.522196E-2	3.934650E+3	0.000000E+0	1.804300E+1
1.522874E-2	3.934650E+3	0.000000E+0	1.822700E+1
1.525210E-2	3.933857E+3	0.000000E+0	1.840900E+1
1.525767E-2	3.932980E+3	0.000000E+0	1.858600E+1
1.527881E-2	3.932820E+3	0.000000E+0	1.876500E+1
1.528886E-2	3.933060E+3	0.000000E+0	1.894400E+1
1.530521E-2	3.933220E+3	0.000000E+0	1.912700E+1
1.532004E-2	3.933220E+3	0.000000E+0	1.931200E+1
1.533119E-2	3.933860E+3	0.000000E+0	1.949200E+1
1.535113E-2	3.933940E+3	0.000000E+0	1.967500E+1
1.535959E-2	3.934017E+3	0.000000E+0	1.986100E+1
1.538174E-2	3.934570E+3	0.000000E+0	2.004900E+1
1.538612E-2	3.935370E+3	0.000000E+0	2.023100E+1
1.541020E-2	3.935450E+3	0.000000E+0	2.041200E+1
1.541718E-2	3.935610E+3	0.000000E+0	2.059300E+1
1.543951E-2	3.935610E+3	0.000000E+0	2.077200E+1
1.544829E-2	3.935530E+3	0.000000E+0	2.095400E+1
1.546695E-2	3.935130E+3	0.000000E+0	2.113900E+1
1.548026E-2	3.934970E+3	0.000000E+0	2.132300E+1
1.549293E-2	3.935290E+3	0.000000E+0	2.150600E+1
1.551406E-2	3.935610E+3	0.000000E+0	2.181000E+1
1.553820E-2	3.935130E+3	0.000000E+0	2.199700E+1
1.554491E-2	3.934810E+3	0.000000E+0	2.217400E+1
1.556435E-2	3.934970E+3	0.000000E+0	2.235700E+1
1.557567E-2	3.935050E+3	0.000000E+0	2.253700E+1
1.559110E-2	3.934650E+3	0.000000E+0	2.271700E+1
1.560769E-2	3.934017E+3	0.000000E+0	2.289600E+1
1.561608E-2	3.934017E+3	0.000000E+0	2.307800E+1
1.563781E-2	3.934330E+3	0.000000E+0	2.325700E+1
1.564451E-2	3.935130E+3	0.000000E+0	2.343900E+1
1.566799E-2	3.935763E+3	0.000000E+0	2.362100E+1
1.567308E-2	3.936160E+3	0.000000E+0	2.380200E+1
1.569687E-2	3.936480E+3	0.000000E+0	2.398600E+1
1.570463E-2	3.936560E+3	0.000000E+0	2.416700E+1
1.572224E-2	3.936560E+3	0.000000E+0	2.434900E+1
1.573514E-2	3.936560E+3	0.000000E+0	2.453100E+1
1.574983E-2	3.937117E+3	0.000000E+0	2.471200E+1
1.576672E-2	3.938070E+3	0.000000E+0	2.489400E+1
1.577346E-2	3.938230E+3	0.000000E+0	2.507500E+1
1.579609E-2	3.938230E+3	0.000000E+0	2.525800E+1
1.580349E-2	3.938230E+3	0.000000E+0	2.543900E+1
1.582757E-2	3.937830E+3	0.000000E+0	2.562200E+1
1.583235E-2	3.937510E+3	0.000000E+0	2.580300E+1
1.585614E-2	3.937510E+3	0.000000E+0	2.598500E+1
1.586470E-2	3.937270E+3	0.000000E+0	2.616400E+1
1.588179E-2	3.937350E+3	0.000000E+0	2.634500E+1
1.589592E-2	3.937510E+3	0.000000E+0	2.652700E+1
1.590934E-2	3.937350E+3	0.000000E+0	2.671100E+1
1.592696E-2	3.937117E+3	0.000000E+0	2.689500E+1
1.593567E-2	3.937040E+3	0.000000E+0	2.707700E+1
1.595752E-2	3.937670E+3	0.000000E+0	2.725800E+1
1.596345E-2	3.938230E+3	0.000000E+0	2.744000E+1
1.598723E-2	3.938390E+3	0.000000E+0	2.762100E+1
1.599340E-2	3.938860E+3	0.000000E+0	2.780300E+1
1.601553E-2	3.939100E+3	0.000000E+0	2.798500E+1
1.602403E-2	3.938543E+3	0.000000E+0	2.816600E+1
1.604222E-2	3.937990E+3	0.000000E+0	2.834600E+1
1.605585E-2	3.937750E+3	0.000000E+0	2.852300E+1
1.606780E-2	3.937750E+3	0.000000E+0	2.870200E+1
1.608648E-2	3.937910E+3	0.000000E+0	2.888200E+1
1.609414E-2	3.937590E+3	0.000000E+0	2.906700E+1
1.611676E-2	3.936880E+3	0.000000E+0	2.924800E+1
1.612276E-2	3.936320E+3	0.000000E+0	2.943100E+1
1.614695E-2	3.936080E+3	0.000000E+0	2.961100E+1
1.615318E-2	3.935843E+3	0.000000E+0	2.979200E+1
1.617131E-2	3.935370E+3	0.000000E+0	2.997300E+1
1.618399E-2	3.935530E+3	0.000000E+0	3.015300E+1
1.620039E-2	3.936080E+3	0.000000E+0	3.033400E+1
1.621608E-2	3.936560E+3	0.000000E+0	3.051700E+1
1.622727E-2	3.936560E+3	0.000000E+0	3.070000E+1
1.624703E-2	3.936960E+3	0.000000E+0	3.088100E+1
1.625441E-2	3.937193E+3	0.000000E+0	3.106300E+1
1.627736E-2	3.937510E+3	0.000000E+0	3.124400E+1
1.628237E-2	3.937830E+3	0.000000E+0	3.142500E+1
1.630693E-2	3.938230E+3	0.000000E+0	3.160400E+1
1.631372E-2	3.938070E+3	0.000000E+0	3.178500E+1
1.633537E-2	3.938230E+3	0.000000E+0	3.196700E+1
1.634486E-2	3.938940E+3	0.000000E+0	3.214700E+1
1.636163E-2	3.939180E+3	0.000000E+0	3.232700E+1
1.637693E-2	3.939020E+3	0.000000E+0	3.250900E+1
1.638496E-2	3.939020E+3	0.000000E+0	3.269000E+1
1.640704E-2	3.939180E+3	0.000000E+0	3.287200E+1
1.641394E-2	3.938940E+3	0.000000E+0	3.305300E+1
1.643792E-2	3.938310E+3	0.000000E+0	3.323300E+1
1.644265E-2	3.938310E+3	0.000000E+0	3.341900E+1
1.646487E-2	3.938780E+3	0.000000E+0	3.360600E+1
1.647424E-2	3.938700E+3	0.000000E+0	3.378700E+1
1.649566E-2	3.939020E+3	0.000000E+0	3.396400E+1
1.650509E-2	3.939340E+3	0.000000E+0	3.414800E+1
1.651990E-2	3.939180E+3	0.000000E+0	3.433200E+1
1.653689E-2	3.938467E+3	0.000000E+0	3.451400E+1
1.654881E-2	3.937750E+3	0.000000E+0	3.469300E+1
1.656756E-2	3.938150E+3	0.000000E+0	3.487300E+1
1.657542E-2	3.938470E+3	0.000000E+0	3.505400E+1
1.659866E-2	3.938230E+3	0.000000E+0	3.523400E+1
1.660349E-2	3.937830E+3	0.000000E+0	3.541600E+1
1.662815E-2	3.937750E+3	0.000000E+0	3.560000E+1
1.663372E-2	3.937830E+3	0.000000E+0	3.578300E+1
1.665553E-2	3.938467E+3	0.000000E+0	3.596400E+1
1.666636E-2	3.938940E+3	0.000000E+0	3.614600E+1
1.667977E-2	3.939420E+3	0.000000E+0	3.632700E+1
1.669763E-2	3.939260E+3	0.000000E+0	3.651100E+1
1.671040E-2	3.938387E+3	0.000000E+0	3.669400E+1
1.672899E-2	3.938230E+3	0.000000E+0	3.687800E+1
1.673696E-2	3.938230E+3	0.000000E+0	3.705900E+1
1.675988E-2	3.938230E+3	0.000000E+0	3.723700E+1
1.676516E-2	3.938390E+3	0.000000E+0	3.742100E+1
1.678872E-2	3.938700E+3	0.000000E+0	3.760200E+1
1.679489E-2	3.939020E+3	0.000000E+0	3.778300E+1
1.681643E-2	3.939340E+3	0.000000E+0	3.796300E+1
1.682660E-2	3.939420E+3	0.000000E+0	3.814500E+1
1.684157E-2	3.939660E+3	0.000000E+0	3.832500E+1
1.685823E-2	3.939500E+3	0.000000E+0	3.850400E+1
1.686851E-2	3.939420E+3	0.000000E+0	3.868400E+1
1.688942E-2	3.939340E+3	0.000000E+0	3.886900E+1
1.689556E-2	3.938860E+3	0.000000E+0	3.905100E+1
1.691913E-2	3.938700E+3	0.000000E+0	3.922800E+1
1.692440E-2	3.939180E+3	0.000000E+0	3.941100E+1
1.694805E-2	3.939820E+3	0.000000E+0	3.959100E+1
1.695535E-2	3.939900E+3	0.000000E+0	3.977100E+1
1.697506E-2	3.939900E+3	0.000000E+0	3.995200E+1
1.698673E-2	3.939740E+3	0.000000E+0	4.013400E+1
1.700072E-2	3.939740E+3	0.000000E+0	4.031600E+1
1.701823E-2	3.939820E+3	0.000000E+0	4.049700E+1
1.702845E-2	3.939500E+3	0.000000E+0	4.068000E+1
1.704946E-2	3.939420E+3	0.000000E+0	4.086000E+1
1.705642E-2	3.939660E+3	0.000000E+0	4.104100E+1
1.708003E-2	3.940293E+3	0.000000E+0	4.122300E+1
1.708508E-2	3.940293E+3	0.000000E+0	4.140300E+1
1.710760E-2	3.939900E+3	0.000000E+0	4.158600E+1
1.711661E-2	3.939740E+3	0.000000E+0	4.176600E+1
1.713457E-2	3.939180E+3	0.000000E+0	4.194900E+1
1.714829E-2	3.938780E+3	0.000000E+0	4.212900E+1
1.716255E-2	3.937990E+3	0.000000E+0	4.231200E+1
1.717934E-2	3.937750E+3	0.000000E+0	4.249200E+1
1.718803E-2	3.938467E+3	0.000000E+0	4.267200E+1
1.721039E-2	3.938780E+3	0.000000E+0	4.285500E+1
1.721664E-2	3.939340E+3	0.000000E+0	4.303700E+1
1.724077E-2	3.939660E+3	0.000000E+0	4.322000E+1
1.724571E-2	3.939900E+3	0.000000E+0	4.340200E+1
1.726892E-2	3.940293E+3	0.000000E+0	4.358100E+1
1.727731E-2	3.940137E+3	0.000000E+0	4.376100E+1
1.729452E-2	3.939820E+3	0.000000E+0	4.394300E+1
1.730810E-2	3.940137E+3	0.000000E+0	4.412800E+1
1.732223E-2	3.940060E+3	0.000000E+0	4.430800E+1
1.733923E-2	3.940140E+3	0.000000E+0	4.449100E+1
1.734593E-2	3.939900E+3	0.000000E+0	4.467100E+1
1.736980E-2	3.939740E+3	0.000000E+0	4.485400E+1
1.737637E-2	3.939820E+3	0.000000E+0	4.503700E+1
1.740091E-2	3.940293E+3	0.000000E+0	4.521700E+1
1.740655E-2	3.940217E+3	0.000000E+0	4.539600E+1
1.742823E-2	3.939820E+3	0.000000E+0	4.557700E+1
1.743791E-2	3.939420E+3	0.000000E+0	4.576000E+1
1.745456E-2	3.939500E+3	0.000000E+0	4.594000E+1
1.746930E-2	3.939660E+3	0.000000E+0	4.612300E+1
1.748152E-2	3.939420E+3	0.000000E+0	4.630300E+1
1.750030E-2	3.939660E+3	0.000000E+0	4.648900E+1
1.750882E-2	3.939660E+3	0.000000E+0	4.667000E+1
1.753171E-2	3.939420E+3	0.000000E+0	4.685300E+1
1.753640E-2	3.938467E+3	0.000000E+0	4.703300E+1
1.756160E-2	3.938230E+3	0.000000E+0	4.721500E+1
1.756723E-2	3.938310E+3	0.000000E+0	4.739600E+1
1.758845E-2	3.938700E+3	0.000000E+0	4.757800E+1
1.759845E-2	3.938700E+3	0.000000E+0	4.775900E+1
1.761594E-2	3.938700E+3	0.000000E+0	4.794200E+1
1.763019E-2	3.938700E+3	0.000000E+0	4.812500E+1
1.764011E-2	3.938780E+3	0.000000E+0	4.830600E+1
1.766072E-2	3.939500E+3	0.000000E+0	4.848900E+1
1.767012E-2	3.939900E+3	0.000000E+0	4.867300E+1
1.769212E-2	3.939740E+3	0.000000E+0	4.885300E+1
1.769799E-2	3.939500E+3	0.000000E+0	4.903700E+1
1.772136E-2	3.939180E+3	0.000000E+0	4.921700E+1
1.772799E-2	3.938547E+3	0.000000E+0	4.939500E+1
1.775149E-2	3.939100E+3	0.000000E+0	4.957600E+1
1.775936E-2	3.939420E+3	0.000000E+0	4.975800E+1
1.777602E-2	3.939340E+3	0.000000E+0	4.994200E+1
1.779092E-2	3.939340E+3	0.000000E+0	5.012200E+1
1.780386E-2	3.939580E+3	0.000000E+0	5.030100E+1
1.782204E-2	3.939180E+3	0.000000E+0	5.048200E+1
1.783091E-2	3.938700E+3	0.000000E+0	5.066500E+1
1.785266E-2	3.938470E+3	0.000000E+0	5.084500E+1
1.785790E-2	3.938230E+3	0.000000E+0	5.102700E+1
1.788162E-2	3.938467E+3	0.000000E+0	5.120700E+1
1.788850E-2	3.938700E+3	0.000000E+0	5.138400E+1
1.790797E-2	3.938623E+3	0.000000E+0	5.156500E+1
1.792049E-2	3.938470E+3	0.000000E+0	5.174700E+1
1.793173E-2	3.938623E+3	0.000000E+0	5.192900E+1
1.795048E-2	3.939100E+3	0.000000E+0	5.210800E+1
1.796371E-2	3.939180E+3	0.000000E+0	5.229000E+1
1.798298E-2	3.938307E+3	0.000000E+0	5.247200E+1
1.799095E-2	3.937830E+3	0.000000E+0	5.265300E+1
1.801386E-2	3.937670E+3	0.000000E+0	5.283600E+1
1.801875E-2	3.936960E+3	0.000000E+0	5.301600E+1
1.804289E-2	3.936560E+3	0.000000E+0	5.319900E+1
1.804972E-2	3.936240E+3	0.000000E+0	5.338100E+1
1.807096E-2	3.935920E+3	0.000000E+0	5.356200E+1
1.808142E-2	3.936080E+3	0.000000E+0	5.375200E+1
1.809735E-2	3.935843E+3	0.000000E+0	5.393200E+1
1.811273E-2	3.935370E+3	0.000000E+0	5.411300E+1
1.812462E-2	3.934570E+3	0.000000E+0	5.429700E+1
1.814374E-2	3.934170E+3	0.000000E+0	5.447600E+1
1.814971E-2	3.934330E+3	0.000000E+0	5.465900E+1
1.817278E-2	3.934730E+3	0.000000E+0	5.484200E+1
1.817917E-2	3.934890E+3	0.000000E+0	5.502300E+1
1.820382E-2	3.934890E+3	0.000000E+0	5.520700E+1
1.821015E-2	3.934890E+3	0.000000E+0	5.538600E+1
1.823053E-2	3.934810E+3	0.000000E+0	5.556800E+1
1.824212E-2	3.934570E+3	0.000000E+0	5.574900E+1
1.825320E-2	3.934017E+3	0.000000E+0	5.592800E+1
1.827522E-2	3.932823E+3	0.000000E+0	5.610800E+1
1.828036E-2	3.931710E+3	0.000000E+0	5.629100E+1
1.829828E-2	3.931080E+3	0.000000E+0	5.647100E+1
1.831412E-2	3.930840E+3	0.000000E+0	5.665100E+1
1.832670E-2	3.929960E+3	0.000000E+0	5.683400E+1
1.833653E-2	3.929170E+3	0.000000E+0	5.701400E+1
1.834520E-2	3.929090E+3	0.000000E+0	5.719500E+1
1.835230E-2	3.929330E+3	0.000000E+0	5.737800E+1
1.835757E-2	3.928610E+3	0.000000E+0	5.755700E+1
1.836322E-2	3.927580E+3	0.000000E+0	5.774000E+1
1.837486E-2	3.927180E+3	0.000000E+0	5.792200E+1
1.842980E-2	3.926783E+3	0.000000E+0	5.810700E+1
1.845265E-2	3.926310E+3	0.000000E+0	5.828700E+1
1.846189E-2	3.925910E+3	0.000000E+0	5.846800E+1
1.848367E-2	3.925190E+3	0.000000E+0	5.865000E+1
1.849143E-2	3.924720E+3	0.000000E+0	5.883600E+1
1.851507E-2	3.924560E+3	0.000000E+0	5.901700E+1
1.852088E-2	3.924000E+3	0.000000E+0	5.919900E+1
1.854495E-2	3.923290E+3	0.000000E+0	5.937600E+1
1.855223E-2	3.922810E+3	0.000000E+0	5.955800E+1
1.856988E-2	3.922810E+3	0.000000E+0	5.973900E+1
1.858421E-2	3.923527E+3	0.000000E+0	5.991900E+1
1.859721E-2	3.923920E+3	0.000000E+0	6.010200E+1
1.861547E-2	3.923603E+3	0.000000E+0	6.028200E+1
1.862311E-2	3.922810E+3	0.000000E+0	6.046500E+1
1.864575E-2	3.922730E+3	0.000000E+0	6.064700E+1
1.865340E-2	3.922253E+3	0.000000E+0	6.082900E+1
1.867674E-2	3.921140E+3	0.000000E+0	6.101000E+1
1.868261E-2	3.919870E+3	0.000000E+0	6.119200E+1
1.870419E-2	3.918997E+3	0.000000E+0	6.137600E+1
1.871437E-2	3.919077E+3	0.000000E+0	6.156400E+1
1.873077E-2	3.919390E+3	0.000000E+0	6.174600E+1
1.874538E-2	3.919470E+3	0.000000E+0	6.192600E+1
1.875991E-2	3.919153E+3	0.000000E+0	6.210800E+1
1.877665E-2	3.918360E+3	0.000000E+0	6.228900E+1
1.878518E-2	3.917087E+3	0.000000E+0	6.247200E+1
1.880468E-2	3.915420E+3	0.000000E+0	6.265200E+1
1.881426E-2	3.914150E+3	0.000000E+0	6.283200E+1
1.882964E-2	3.913510E+3	0.000000E+0	6.301400E+1
1.884422E-2	3.913037E+3	0.000000E+0	6.319100E+1
1.885975E-2	3.913113E+3	0.000000E+0	6.337000E+1
1.887294E-2	3.912560E+3	0.000000E+0	6.355100E+1
1.888745E-2	3.911447E+3	0.000000E+0	6.373100E+1
1.890256E-2	3.910490E+3	0.000000E+0	6.391600E+1
1.891775E-2	3.910330E+3	0.000000E+0	6.409600E+1
1.893127E-2	3.910090E+3	0.000000E+0	6.427900E+1
1.894570E-2	3.909540E+3	0.000000E+0	6.445800E+1
1.896130E-2	3.908900E+3	0.000000E+0	6.464000E+1
1.897499E-2	3.908030E+3	0.000000E+0	6.482300E+1
1.898975E-2	3.906513E+3	0.000000E+0	6.500400E+1
1.900461E-2	3.904597E+3	0.000000E+0	6.518600E+1
1.901917E-2	3.903640E+3	0.000000E+0	6.536700E+1
1.903287E-2	3.903167E+3	0.000000E+0	6.554500E+1
1.904752E-2	3.902690E+3	0.000000E+0	6.572800E+1
1.906151E-2	3.902210E+3	0.000000E+0	6.590700E+1
1.907702E-2	3.901890E+3	0.000000E+0	6.608800E+1
1.909078E-2	3.901257E+3	0.000000E+0	6.627300E+1
1.910486E-2	3.899907E+3	0.000000E+0	6.645600E+1
1.911950E-2	3.898950E+3	0.000000E+0	6.663600E+1
1.913462E-2	3.898400E+3	0.000000E+0	6.681800E+1
1.914978E-2	3.897283E+3	0.000000E+0	6.700200E+1
1.916440E-2	3.896093E+3	0.000000E+0	6.718500E+1
1.917976E-2	3.895060E+3	0.000000E+0	6.737000E+1
1.919444E-2	3.894343E+3	0.000000E+0	6.755300E+1
1.920818E-2	3.893550E+3	0.000000E+0	6.773500E+1
1.922139E-2	3.892673E+3	0.000000E+0	6.791400E+1
1.923691E-2	3.890687E+3	0.000000E+0	6.809200E+1
1.925122E-2	3.888860E+3	0.000000E+0	6.827500E+1
1.926641E-2	3.887750E+3	0.000000E+0	6.845700E+1
1.928043E-2	3.886237E+3	0.000000E+0	6.863900E+1
1.929465E-2	3.885047E+3	0.000000E+0	6.882200E+1
1.930954E-2	3.883377E+3	0.000000E+0	6.900200E+1
1.932498E-2	3.881233E+3	0.000000E+0	6.918500E+1
1.933951E-2	3.879403E+3	0.000000E+0	6.936500E+1
1.935382E-2	3.878530E+3	0.000000E+0	6.955100E+1
1.936841E-2	3.877890E+3	0.000000E+0	6.973100E+1
1.938309E-2	3.876700E+3	0.000000E+0	6.991300E+1
1.939587E-2	3.875113E+3	0.000000E+0	7.009300E+1
1.941168E-2	3.873600E+3	0.000000E+0	7.027300E+1
1.942607E-2	3.872170E+3	0.000000E+0	7.045400E+1
1.944039E-2	3.870740E+3	0.000000E+0	7.063800E+1
1.945526E-2	3.868833E+3	0.000000E+0	7.082200E+1
1.946930E-2	3.866847E+3	0.000000E+0	7.100500E+1
1.948486E-2	3.865337E+3	0.000000E+0	7.118800E+1
1.949948E-2	3.864223E+3	0.000000E+0	7.137000E+1
1.951171E-2	3.862557E+3	0.000000E+0	7.155100E+1
1.952809E-2	3.860250E+3	0.000000E+0	7.173500E+1
1.954314E-2	3.858343E+3	0.000000E+0	7.191400E+1
1.955718E-2	3.856833E+3	0.000000E+0	7.209400E+1
1.956932E-2	3.854767E+3	0.000000E+0	7.227400E+1
1.958635E-2	3.852857E+3	0.000000E+0	7.245700E+1
1.959327E-2	3.850950E+3	0.000000E+0	7.263700E+1
1.961634E-2	3.849283E+3	0.000000E+0	7.281600E+1
1.962170E-2	3.847137E+3	0.000000E+0	7.299900E+1
1.964552E-2	3.844753E+3	0.000000E+0	7.318200E+1
1.965302E-2	3.842447E+3	0.000000E+0	7.336300E+1
1.967199E-2	3.840303E+3	0.000000E+0	7.354500E+1
1.968333E-2	3.838237E+3	0.000000E+0	7.372900E+1
1.969738E-2	3.835613E+3	0.000000E+0	7.390600E+1
1.971490E-2	3.832833E+3	0.000000E+0	7.408900E+1
1.972279E-2	3.830050E+3	0.000000E+0	7.427300E+1
1.974517E-2	3.827747E+3	0.000000E+0	7.445500E+1
1.975319E-2	3.825203E+3	0.000000E+0	7.463600E+1
1.977572E-2	3.823217E+3	0.000000E+0	7.481900E+1
1.978002E-2	3.821070E+3	0.000000E+0	7.499800E+1
1.979892E-2	3.818687E+3	0.000000E+0	7.517900E+1
1.981080E-2	3.816143E+3	0.000000E+0	7.535800E+1
1.982923E-2	3.813043E+3	0.000000E+0	7.553800E+1
1.984274E-2	3.809070E+3	0.000000E+0	7.572000E+1
1.985705E-2	3.805493E+3	0.000000E+0	7.590100E+1
1.987347E-2	3.803030E+3	0.000000E+0	7.608400E+1
1.988281E-2	3.800087E+3	0.000000E+0	7.626700E+1
1.990510E-2	3.797547E+3	0.000000E+0	7.645200E+1
1.991171E-2	3.794210E+3	0.000000E+0	7.663400E+1
1.993440E-2	3.790470E+3	0.000000E+0	7.681100E+1
1.994048E-2	3.786100E+3	0.000000E+0	7.699500E+1
1.996268E-2	3.782210E+3	0.000000E+0	7.717800E+1
1.997134E-2	3.778710E+3	0.000000E+0	7.735900E+1
1.999011E-2	3.775773E+3	0.000000E+0	7.754400E+1
2.000283E-2	3.772750E+3	0.000000E+0	7.772700E+1
2.001466E-2	3.769017E+3	0.000000E+0	7.791100E+1
2.003305E-2	3.765440E+3	0.000000E+0	7.809000E+1
2.004329E-2	3.761623E+3	0.000000E+0	7.827400E+1
2.006437E-2	3.758447E+3	0.000000E+0	7.845100E+1
2.007039E-2	3.754390E+3	0.000000E+0	7.863300E+1
2.009392E-2	3.751133E+3	0.000000E+0	7.881200E+1
2.009982E-2	3.747797E+3	0.000000E+0	7.899200E+1
2.012177E-2	3.744380E+3	0.000000E+0	7.917300E+1
2.013077E-2	3.740170E+3	0.000000E+0	7.935300E+1
2.014775E-2	3.736273E+3	0.000000E+0	7.953600E+1
2.016150E-2	3.733253E+3	0.000000E+0	7.971600E+1
2.017355E-2	3.729597E+3	0.000000E+0	7.989700E+1
2.019209E-2	3.725620E+3	0.000000E+0	8.007900E+1
2.020070E-2	3.721010E+3	0.000000E+0	8.026100E+1
2.022287E-2	3.716880E+3	0.000000E+0	8.044200E+1
2.022867E-2	3.712990E+3	0.000000E+0	8.062500E+1
2.025255E-2	3.709570E+3	0.000000E+0	8.081000E+1
2.025868E-2	3.705520E+3	0.000000E+0	8.099500E+1
2.028119E-2	3.700990E+3	0.000000E+0	8.117600E+1
2.029007E-2	3.696930E+3	0.000000E+0	8.135600E+1
2.030465E-2	3.692960E+3	0.000000E+0	8.153900E+1
2.032019E-2	3.689620E+3	0.000000E+0	8.172100E+1
2.033354E-2	3.686363E+3	0.000000E+0	8.190100E+1
2.035150E-2	3.683027E+3	0.000000E+0	8.208200E+1
2.036042E-2	3.679290E+3	0.000000E+0	8.226400E+1
2.038233E-2	3.677940E+3	0.000000E+0	8.244800E+1
2.038852E-2	3.676350E+3	0.000000E+0	8.263200E+1
2.041245E-2	3.674443E+3	0.000000E+0	8.281600E+1
2.041788E-2	3.671423E+3	0.000000E+0	8.299500E+1
2.043983E-2	3.668643E+3	0.000000E+0	8.317500E+1
2.044955E-2	3.665143E+3	0.000000E+0	8.335500E+1
2.046571E-2	3.661490E+3	0.000000E+0	8.353800E+1
2.047991E-2	3.659103E+3	0.000000E+0	8.372000E+1
2.049233E-2	3.657357E+3	0.000000E+0	8.390500E+1
2.051071E-2	3.655847E+3	0.000000E+0	8.408700E+1
2.051868E-2	3.653463E+3	0.000000E+0	8.426600E+1
2.054121E-2	3.651477E+3	0.000000E+0	8.444900E+1
2.054688E-2	3.650203E+3	0.000000E+0	8.463200E+1
2.057045E-2	3.648693E+3	0.000000E+0	8.480800E+1
2.057672E-2	3.647183E+3	0.000000E+0	8.499000E+1
2.059819E-2	3.646230E+3	0.000000E+0	8.517000E+1
2.060691E-2	3.645513E+3	0.000000E+0	8.535500E+1
2.062225E-2	3.644480E+3	0.000000E+0	8.553400E+1
2.063818E-2	3.644240E+3	0.000000E+0	8.571400E+1
2.065004E-2	3.643923E+3	0.000000E+0	8.589700E+1
2.066915E-2	3.644000E+3	0.000000E+0	8.608000E+1
2.067650E-2	3.644000E+3	0.000000E+0	8.625900E+1
2.069918E-2	3.644160E+3	0.000000E+0	8.644300E+1
2.070452E-2	3.644640E+3	0.000000E+0	8.662300E+1
2.072755E-2	3.644720E+3	0.000000E+0	8.680200E+1
2.073495E-2	3.645117E+3	0.000000E+0	8.697900E+1
2.075509E-2	3.645990E+3	0.000000E+0	8.716100E+1
2.076593E-2	3.647580E+3	0.000000E+0	8.734600E+1
2.078082E-2	3.648533E+3	0.000000E+0	8.752600E+1
2.079626E-2	3.649487E+3	0.000000E+0	8.770800E+1
2.080619E-2	3.651317E+3	0.000000E+0	8.788700E+1
2.082654E-2	3.653303E+3	0.000000E+0	8.806800E+1
2.083449E-2	3.655607E+3	0.000000E+0	8.824900E+1
2.085717E-2	3.657513E+3	0.000000E+0	8.843000E+1
2.086240E-2	3.659183E+3	0.000000E+0	8.861000E+1
2.088242E-2	3.660853E+3	0.000000E+0	8.879100E+1
2.089228E-2	3.662917E+3	0.000000E+0	8.897200E+1
2.091153E-2	3.665067E+3	0.000000E+0	8.915400E+1
2.092379E-2	3.667847E+3	0.000000E+0	8.933500E+1
2.093797E-2	3.671027E+3	0.000000E+0	8.951700E+1
2.095420E-2	3.673647E+3	0.000000E+0	8.969700E+1
2.096550E-2	3.677063E+3	0.000000E+0	8.987900E+1
2.098471E-2	3.680007E+3	0.000000E+0	9.005600E+1
2.099139E-2	3.683343E+3	0.000000E+0	9.023800E+1
2.101410E-2	3.686683E+3	0.000000E+0	9.041800E+1
2.101980E-2	3.689620E+3	0.000000E+0	9.060100E+1
2.104288E-2	3.692643E+3	0.000000E+0	9.078100E+1
2.105104E-2	3.696140E+3	0.000000E+0	9.095800E+1
2.106925E-2	3.698843E+3	0.000000E+0	9.114000E+1
2.108141E-2	3.701383E+3	0.000000E+0	9.131700E+1
2.109237E-2	3.704087E+3	0.000000E+0	9.149700E+1
2.111133E-2	3.707423E+3	0.000000E+0	9.167600E+1
2.111941E-2	3.711240E+3	0.000000E+0	9.185600E+1
2.114199E-2	3.714417E+3	0.000000E+0	9.203800E+1
2.114671E-2	3.717913E+3	0.000000E+0	9.222100E+1
2.116751E-2	3.721173E+3	0.000000E+0	9.240100E+1
2.117735E-2	3.724750E+3	0.000000E+0	9.258200E+1
2.119839E-2	3.728643E+3	0.000000E+0	9.276000E+1
2.120848E-2	3.732857E+3	0.000000E+0	9.293900E+1
2.122400E-2	3.737230E+3	0.000000E+0	9.311700E+1
2.123896E-2	3.741280E+3	0.000000E+0	9.329900E+1
2.125019E-2	3.744617E+3	0.000000E+0	9.348000E+1
2.126975E-2	3.747397E+3	0.000000E+0	9.366400E+1
2.127738E-2	3.750577E+3	0.000000E+0	9.384300E+1
2.129943E-2	3.753280E+3	0.000000E+0	9.402600E+1
2.130473E-2	3.756857E+3	0.000000E+0	9.420700E+1
2.132867E-2	3.760433E+3	0.000000E+0	9.439000E+1
2.133527E-2	3.763530E+3	0.000000E+0	9.457300E+1
2.135555E-2	3.767030E+3	0.000000E+0	9.475700E+1
2.136618E-2	3.770683E+3	0.000000E+0	9.493900E+1
2.137993E-2	3.774180E+3	0.000000E+0	9.512200E+1
2.139663E-2	3.776883E+3	0.000000E+0	9.530300E+1
2.140817E-2	3.779663E+3	0.000000E+0	9.548300E+1
2.142642E-2	3.782763E+3	0.000000E+0	9.566700E+1
2.143508E-2	3.786260E+3	0.000000E+0	9.585000E+1
2.145718E-2	3.789280E+3	0.000000E+0	9.603200E+1
2.146200E-2	3.792460E+3	0.000000E+0	9.621300E+1
2.148541E-2	3.795400E+3	0.000000E+0	9.639300E+1
2.149227E-2	3.798023E+3	0.000000E+0	9.657500E+1
2.151234E-2	3.800647E+3	0.000000E+0	9.675500E+1
2.152301E-2	3.803267E+3	0.000000E+0	9.693800E+1
2.153723E-2	3.806207E+3	0.000000E+0	9.711500E+1
2.155270E-2	3.808830E+3	0.000000E+0	9.729500E+1
2.156403E-2	3.811773E+3	0.000000E+0	9.747700E+1
2.158344E-2	3.814397E+3	0.000000E+0	9.765800E+1
2.159018E-2	3.817333E+3	0.000000E+0	9.783700E+1
2.161323E-2	3.820197E+3	0.000000E+0	9.802300E+1
2.161897E-2	3.822977E+3	0.000000E+0	9.820200E+1
2.164200E-2	3.825203E+3	0.000000E+0	9.838000E+1
2.167549E-2	3.830287E+3	0.000000E+0	9.882900E+1
2.168167E-2	3.832277E+3	0.000000E+0	9.900900E+1
2.170518E-2	3.834817E+3	0.000000E+0	9.919000E+1
2.171252E-2	3.837283E+3	0.000000E+0	9.937200E+1
2.173264E-2	3.839427E+3	0.000000E+0	9.955400E+1
2.174317E-2	3.841417E+3	0.000000E+0	9.973200E+1
2.175770E-2	3.843720E+3	0.000000E+0	9.991500E+1
2.177286E-2	3.846423E+3	0.000000E+0	1.000970E+2
2.178443E-2	3.848727E+3	0.000000E+0	1.002780E+2
2.180316E-2	3.850397E+3	0.000000E+0	1.004610E+2
2.181098E-2	3.852303E+3	0.000000E+0	1.006410E+2
2.183336E-2	3.854130E+3	0.000000E+0	1.008240E+2
2.183826E-2	3.856197E+3	0.000000E+0	1.010040E+2
2.186163E-2	3.858023E+3	0.000000E+0	1.011880E+2
2.186921E-2	3.859853E+3	0.000000E+0	1.013670E+2
2.188665E-2	3.861760E+3	0.000000E+0	1.015480E+2
2.189926E-2	3.863507E+3	0.000000E+0	1.017320E+2
2.191393E-2	3.864940E+3	0.000000E+0	1.019130E+2
2.192972E-2	3.866210E+3	0.000000E+0	1.020930E+2
2.194018E-2	3.867560E+3	0.000000E+0	1.022740E+2
2.195953E-2	3.869070E+3	0.000000E+0	1.024540E+2
2.196644E-2	3.870740E+3	0.000000E+0	1.026360E+2
2.198884E-2	3.872487E+3	0.000000E+0	1.028170E+2
2.199509E-2	3.874397E+3	0.000000E+0	1.030020E+2
2.201827E-2	3.876303E+3	0.000000E+0	1.031840E+2
2.202575E-2	3.878450E+3	0.000000E+0	1.033670E+2
2.204473E-2	3.880517E+3	0.000000E+0	1.035470E+2
2.205645E-2	3.882503E+3	0.000000E+0	1.037300E+2
2.206998E-2	3.883617E+3	0.000000E+0	1.039130E+2
2.208619E-2	3.884010E+3	0.000000E+0	1.040940E+2
2.209637E-2	3.885047E+3	0.000000E+0	1.042760E+2
2.211934E-2	3.887590E+3	0.000000E+0	1.045810E+2
2.214088E-2	3.888780E+3	0.000000E+0	1.047650E+2
2.215010E-2	3.889813E+3	0.000000E+0	1.049450E+2
2.216431E-2	3.890927E+3	0.000000E+0	1.051220E+2
2.218009E-2	3.892437E+3	0.000000E+0	1.053040E+2
2.219144E-2	3.893947E+3	0.000000E+0	1.054850E+2
2.221031E-2	3.895693E+3	0.000000E+0	1.056680E+2
2.221792E-2	3.897443E+3	0.000000E+0	1.058490E+2
2.223952E-2	3.898637E+3	0.000000E+0	1.060310E+2
2.224512E-2	3.899510E+3	0.000000E+0	1.062120E+2
2.226797E-2	3.900067E+3	0.000000E+0	1.063950E+2
2.227571E-2	3.900620E+3	0.000000E+0	1.065750E+2
2.229500E-2	3.901180E+3	0.000000E+0	1.067570E+2
2.230540E-2	3.902130E+3	0.000000E+0	1.069380E+2
2.232067E-2	3.903243E+3	0.000000E+0	1.071180E+2
2.233572E-2	3.903880E+3	0.000000E+0	1.073000E+2
2.234562E-2	3.904677E+3	0.000000E+0	1.074810E+2
2.236542E-2	3.905793E+3	0.000000E+0	1.076620E+2
2.237262E-2	3.906920E+3	0.000000E+0	1.078420E+2
2.239565E-2	3.907230E+3	0.000000E+0	1.080220E+2
2.240093E-2	3.908267E+3	0.000000E+0	1.082060E+2
2.242270E-2	3.909857E+3	0.000000E+0	1.083840E+2
2.243106E-2	3.911050E+3	0.000000E+0	1.085640E+2
2.244782E-2	3.912557E+3	0.000000E+0	1.087470E+2
2.246085E-2	3.913910E+3	0.000000E+0	1.089290E+2
2.247439E-2	3.915260E+3	0.000000E+0	1.091110E+2
2.249117E-2	3.915660E+3	0.000000E+0	1.092930E+2
2.249783E-2	3.916450E+3	0.000000E+0	1.094700E+2
2.251963E-2	3.917803E+3	0.000000E+0	1.096560E+2
2.252668E-2	3.919393E+3	0.000000E+0	1.098360E+2
2.254961E-2	3.920110E+3	0.000000E+0	1.100170E+2
2.255586E-2	3.919870E+3	0.000000E+0	1.101990E+2
2.257730E-2	3.920347E+3	0.000000E+0	1.103810E+2
2.258619E-2	3.920820E+3	0.000000E+0	1.105620E+2
2.260293E-2	3.921300E+3	0.000000E+0	1.107490E+2
2.261629E-2	3.922333E+3	0.000000E+0	1.109330E+2
2.262972E-2	3.923603E+3	0.000000E+0	1.111140E+2
2.264566E-2	3.924480E+3	0.000000E+0	1.112960E+2
2.265693E-2	3.925670E+3	0.000000E+0	1.114770E+2
2.267633E-2	3.926310E+3	0.000000E+0	1.116580E+2
2.268234E-2	3.926943E+3	0.000000E+0	1.118400E+2
2.270484E-2	3.927420E+3	0.000000E+0	1.120200E+2
2.271086E-2	3.927977E+3	0.000000E+0	1.122020E+2
2.273138E-2	3.928210E+3	0.000000E+0	1.123830E+2
2.274129E-2	3.928210E+3	0.000000E+0	1.125650E+2
2.275800E-2	3.928290E+3	0.000000E+0	1.127460E+2
2.277111E-2	3.929170E+3	0.000000E+0	1.129280E+2
2.278074E-2	3.929720E+3	0.000000E+0	1.131090E+2
2.279998E-2	3.929880E+3	0.000000E+0	1.132910E+2
2.280891E-2	3.930520E+3	0.000000E+0	1.134750E+2
2.283098E-2	3.931710E+3	0.000000E+0	1.136560E+2
2.283700E-2	3.933060E+3	0.000000E+0	1.138380E+2
2.285913E-2	3.933380E+3	0.000000E+0	1.140240E+2
2.286590E-2	3.933140E+3	0.000000E+0	1.142090E+2
2.288832E-2	3.933140E+3	0.000000E+0	1.143880E+2
2.289539E-2	3.933857E+3	0.000000E+0	1.145700E+2
2.291502E-2	3.934810E+3	0.000000E+0	1.147510E+2
2.292634E-2	3.935687E+3	0.000000E+0	1.149320E+2
2.294009E-2	3.936240E+3	0.000000E+0	1.151150E+2
2.295557E-2	3.937433E+3	0.000000E+0	1.153000E+2
2.296685E-2	3.937910E+3	0.000000E+0	1.154810E+2
2.298537E-2	3.938150E+3	0.000000E+0	1.156650E+2
2.299167E-2	3.938623E+3	0.000000E+0	1.158490E+2
2.301372E-2	3.938543E+3	0.000000E+0	1.160280E+2
2.301883E-2	3.937433E+3	0.000000E+0	1.162100E+2
2.304112E-2	3.936880E+3	0.000000E+0	1.163910E+2
2.304900E-2	3.936800E+3	0.000000E+0	1.165730E+2
2.306330E-2	3.936800E+3	0.000000E+0	1.167540E+2
2.307828E-2	3.936320E+3	0.000000E+0	1.169370E+2
2.309379E-2	3.936240E+3	0.000000E+0	1.171170E+2
2.310899E-2	3.936880E+3	0.000000E+0	1.172970E+2
2.312010E-2	3.937273E+3	0.000000E+0	1.174800E+2
2.313939E-2	3.937830E+3	0.000000E+0	1.176620E+2
2.314569E-2	3.938230E+3	0.000000E+0	1.178430E+2
2.316770E-2	3.938230E+3	0.000000E+0	1.180230E+2
2.317429E-2	3.938310E+3	0.000000E+0	1.182050E+2
2.319674E-2	3.938703E+3	0.000000E+0	1.183890E+2
2.320330E-2	3.939660E+3	0.000000E+0	1.185690E+2
2.322144E-2	3.939980E+3	0.000000E+0	1.187540E+2
2.323288E-2	3.939980E+3	0.000000E+0	1.189340E+2
2.324748E-2	3.939820E+3	0.000000E+0	1.191140E+2
2.326336E-2	3.939023E+3	0.000000E+0	1.192970E+2
2.327071E-2	3.936320E+3	0.000000E+0	1.194810E+2
2.329197E-2	3.934570E+3	0.000000E+0	1.196600E+2
2.329935E-2	3.936637E+3	0.000000E+0	1.198430E+2
2.332111E-2	3.938783E+3	0.000000E+0	1.200230E+2
2.332604E-2	3.940933E+3	0.000000E+0	1.202060E+2
2.334906E-2	3.942680E+3	0.000000E+0	1.203860E+2
2.335598E-2	3.943470E+3	0.000000E+0	1.205660E+2
2.337359E-2	3.944427E+3	0.000000E+0	1.207450E+2
2.338625E-2	3.945300E+3	0.000000E+0	1.209250E+2
2.339915E-2	3.946333E+3	0.000000E+0	1.211060E+2
2.341563E-2	3.947050E+3	0.000000E+0	1.212840E+2
2.342376E-2	3.948000E+3	0.000000E+0	1.214640E+2
2.344401E-2	3.948640E+3	0.000000E+0	1.216470E+2
2.345055E-2	3.948880E+3	0.000000E+0	1.218270E+2
2.347261E-2	3.949433E+3	0.000000E+0	1.220090E+2
2.347834E-2	3.950150E+3	0.000000E+0	1.221900E+2
2.349933E-2	3.951020E+3	0.000000E+0	1.223740E+2
2.350827E-2	3.951340E+3	0.000000E+0	1.225570E+2
2.352574E-2	3.951420E+3	0.000000E+0	1.227410E+2
2.353891E-2	3.951580E+3	0.000000E+0	1.229220E+2
2.354835E-2	3.951660E+3	0.000000E+0	1.231040E+2
2.356699E-2	3.952217E+3	0.000000E+0	1.232860E+2
2.357625E-2	3.953010E+3	0.000000E+0	1.234650E+2
2.359743E-2	3.953570E+3	0.000000E+0	1.236460E+2
2.360310E-2	3.954120E+3	0.000000E+0	1.238260E+2
2.362562E-2	3.954600E+3	0.000000E+0	1.240100E+2
2.363134E-2	3.955000E+3	0.000000E+0	1.241930E+2
2.365201E-2	3.955313E+3	0.000000E+0	1.243730E+2
2.366101E-2	3.955390E+3	0.000000E+0	1.245520E+2
2.367632E-2	3.955470E+3	0.000000E+0	1.247320E+2
2.369039E-2	3.955790E+3	0.000000E+0	1.249140E+2
2.370163E-2	3.956350E+3	0.000000E+0	1.250950E+2
2.371981E-2	3.956903E+3	0.000000E+0	1.252780E+2
2.372831E-2	3.957300E+3	0.000000E+0	1.254620E+2
2.374921E-2	3.957060E+3	0.000000E+0	1.256450E+2
2.375471E-2	3.957060E+3	0.000000E+0	1.258270E+2
2.377681E-2	3.957060E+3	0.000000E+0	1.260090E+2
2.378377E-2	3.957060E+3	0.000000E+0	1.261920E+2
2.380404E-2	3.957620E+3	0.000000E+0	1.263750E+2
2.381264E-2	3.958493E+3	0.000000E+0	1.265570E+2
2.382609E-2	3.958573E+3	0.000000E+0	1.267390E+2
2.384149E-2	3.958260E+3	0.000000E+0	1.269220E+2
2.385404E-2	3.958020E+3	0.000000E+0	1.271020E+2
2.387143E-2	3.958260E+3	0.000000E+0	1.272840E+2
2.388026E-2	3.958260E+3	0.000000E+0	1.274680E+2
2.390019E-2	3.958493E+3	0.000000E+0	1.276510E+2
2.390629E-2	3.958970E+3	0.000000E+0	1.278310E+2
2.392812E-2	3.959050E+3	0.000000E+0	1.280120E+2
2.393428E-2	3.958730E+3	0.000000E+0	1.281940E+2
2.395518E-2	3.958810E+3	0.000000E+0	1.283760E+2
2.396392E-2	3.959450E+3	0.000000E+0	1.285570E+2
2.397895E-2	3.959920E+3	0.000000E+0	1.287380E+2
2.399343E-2	3.959610E+3	0.000000E+0	1.289200E+2
2.400501E-2	3.959690E+3	0.000000E+0	1.291010E+2
2.402265E-2	3.959610E+3	0.000000E+0	1.292830E+2
2.403030E-2	3.959923E+3	0.000000E+0	1.294680E+2
2.405173E-2	3.960800E+3	0.000000E+0	1.296500E+2
2.405703E-2	3.961510E+3	0.000000E+0	1.298330E+2
2.407961E-2	3.961830E+3	0.000000E+0	1.300110E+2
2.408552E-2	3.962070E+3	0.000000E+0	1.301940E+2
2.410620E-2	3.962070E+3	0.000000E+0	1.303740E+2
2.412203E-2	3.963025E+3	0.000000E+0	1.306560E+2
2.414135E-2	3.963980E+3	0.000000E+0	1.308340E+2
2.414600E-2	3.963980E+3	0.000000E+0	1.310030E+2
2.416510E-2	3.963500E+3	0.000000E+0	1.311700E+2
2.417453E-2	3.962627E+3	0.000000E+0	1.313460E+2
2.418947E-2	3.961830E+3	0.000000E+0	1.315290E+2
2.420391E-2	3.961353E+3	0.000000E+0	1.317140E+2
2.421542E-2	3.961040E+3	0.000000E+0	1.319000E+2
2.423291E-2	3.961353E+3	0.000000E+0	1.320800E+2
2.424039E-2	3.962150E+3	0.000000E+0	1.322600E+2
2.426167E-2	3.963183E+3	0.000000E+0	1.324430E+2
2.426708E-2	3.963740E+3	0.000000E+0	1.326230E+2
2.428993E-2	3.963740E+3	0.000000E+0	1.328060E+2
2.429532E-2	3.963900E+3	0.000000E+0	1.329900E+2
2.431442E-2	3.963900E+3	0.000000E+0	1.331700E+2
2.432500E-2	3.963340E+3	0.000000E+0	1.333490E+2
2.433935E-2	3.963260E+3	0.000000E+0	1.335270E+2
2.435442E-2	3.963820E+3	0.000000E+0	1.337090E+2
2.436155E-2	3.964220E+3	0.000000E+0	1.338900E+2
2.438186E-2	3.964373E+3	0.000000E+0	1.340720E+2
2.439070E-2	3.964690E+3	0.000000E+0	1.342500E+2
2.441207E-2	3.964530E+3	0.000000E+0	1.344320E+2
2.441671E-2	3.964297E+3	0.000000E+0	1.346140E+2
2.443848E-2	3.964140E+3	0.000000E+0	1.347940E+2
2.444585E-2	3.964140E+3	0.000000E+0	1.349750E+2
2.446473E-2	3.964220E+3	0.000000E+0	1.351570E+2
2.447489E-2	3.963740E+3	0.000000E+0	1.353380E+2
2.448804E-2	3.963180E+3	0.000000E+0	1.355210E+2
2.450382E-2	3.962790E+3	0.000000E+0	1.356990E+2
2.451361E-2	3.963580E+3	0.000000E+0	1.358800E+2
2.453257E-2	3.964373E+3	0.000000E+0	1.360610E+2
2.454000E-2	3.964220E+3	0.000000E+0	1.362440E+2
2.456038E-2	3.964060E+3	0.000000E+0	1.364250E+2
2.456512E-2	3.964220E+3	0.000000E+0	1.366060E+2
2.458610E-2	3.964297E+3	0.000000E+0	1.367890E+2
2.459359E-2	3.964690E+3	0.000000E+0	1.369720E+2
2.461083E-2	3.964690E+3	0.000000E+0	1.371530E+2
2.462244E-2	3.965010E+3	0.000000E+0	1.373350E+2
2.463274E-2	3.965010E+3	0.000000E+0	1.375140E+2
2.465098E-2	3.964930E+3	0.000000E+0	1.376960E+2
2.466212E-2	3.964930E+3	0.000000E+0	1.378780E+2
2.468078E-2	3.964770E+3	0.000000E+0	1.380590E+2
2.468652E-2	3.964850E+3	0.000000E+0	1.382410E+2
2.470822E-2	3.965410E+3	0.000000E+0	1.384230E+2
2.471316E-2	3.966040E+3	0.000000E+0	1.386050E+2
2.473588E-2	3.966280E+3	0.000000E+0	1.387850E+2
2.474261E-2	3.966440E+3	0.000000E+0	1.389690E+2
2.476121E-2	3.966840E+3	0.000000E+0	1.391510E+2
2.477220E-2	3.967080E+3	0.000000E+0	1.393320E+2
2.478507E-2	3.966920E+3	0.000000E+0	1.395110E+2
2.480034E-2	3.966600E+3	0.000000E+0	1.396940E+2
2.480975E-2	3.966680E+3	0.000000E+0	1.398740E+2
2.482963E-2	3.967473E+3	0.000000E+0	1.400550E+2
2.483358E-2	3.968587E+3	0.000000E+0	1.402370E+2
2.485544E-2	3.969300E+3	0.000000E+0	1.404150E+2
2.486148E-2	3.969460E+3	0.000000E+0	1.405970E+2
2.488322E-2	3.969460E+3	0.000000E+0	1.407790E+2
2.489070E-2	3.969460E+3	0.000000E+0	1.409590E+2
2.490769E-2	3.969620E+3	0.000000E+0	1.411390E+2
2.491944E-2	3.970020E+3	0.000000E+0	1.413210E+2
2.493220E-2	3.970413E+3	0.000000E+0	1.415010E+2
2.494785E-2	3.971130E+3	0.000000E+0	1.416850E+2
2.495676E-2	3.971130E+3	0.000000E+0	1.418660E+2
2.497671E-2	3.970413E+3	0.000000E+0	1.420440E+2
2.498237E-2	3.969700E+3	0.000000E+0	1.422280E+2
2.500403E-2	3.969700E+3	0.000000E+0	1.424140E+2
2.500884E-2	3.970177E+3	0.000000E+0	1.425920E+2
2.502987E-2	3.970650E+3	0.000000E+0	1.427780E+2
2.503853E-2	3.971370E+3	0.000000E+0	1.429580E+2
2.505434E-2	3.970890E+3	0.000000E+0	1.431390E+2
2.506697E-2	3.970490E+3	0.000000E+0	1.433200E+2
2.507874E-2	3.970810E+3	0.000000E+0	1.434980E+2
2.509583E-2	3.972003E+3	0.000000E+0	1.436800E+2
2.510121E-2	3.973357E+3	0.000000E+0	1.438610E+2
2.512250E-2	3.974470E+3	0.000000E+0	1.440410E+2
2.512842E-2	3.975100E+3	0.000000E+0	1.442240E+2
2.515060E-2	3.975100E+3	0.000000E+0	1.444020E+2
2.515581E-2	3.975260E+3	0.000000E+0	1.445830E+2
2.517639E-2	3.975260E+3	0.000000E+0	1.447670E+2
2.518544E-2	3.975020E+3	0.000000E+0	1.449460E+2
2.519961E-2	3.975500E+3	0.000000E+0	1.451300E+2
2.521311E-2	3.975580E+3	0.000000E+0	1.453090E+2
2.522348E-2	3.975103E+3	0.000000E+0	1.454880E+2
2.524092E-2	3.974310E+3	0.000000E+0	1.456650E+2
2.524844E-2	3.973750E+3	0.000000E+0	1.458450E+2
2.526883E-2	3.973750E+3	0.000000E+0	1.460280E+2
2.527454E-2	3.973990E+3	0.000000E+0	1.462110E+2
2.529578E-2	3.974470E+3	0.000000E+0	1.463940E+2
2.530288E-2	3.974710E+3	0.000000E+0	1.465780E+2
2.532076E-2	3.974710E+3	0.000000E+0	1.467620E+2
2.533021E-2	3.975020E+3	0.000000E+0	1.469420E+2
2.534513E-2	3.975500E+3	0.000000E+0	1.471240E+2
2.535918E-2	3.976137E+3	0.000000E+0	1.473050E+2
2.537008E-2	3.976293E+3	0.000000E+0	1.474880E+2
2.538765E-2	3.975820E+3	0.000000E+0	1.476710E+2
2.539402E-2	3.975340E+3	0.000000E+0	1.478510E+2
2.541448E-2	3.974940E+3	0.000000E+0	1.480310E+2
2.541942E-2	3.975180E+3	0.000000E+0	1.482130E+2
2.544150E-2	3.976057E+3	0.000000E+0	1.483920E+2
2.544813E-2	3.977090E+3	0.000000E+0	1.485740E+2
2.546645E-2	3.978600E+3	0.000000E+0	1.487570E+2
2.547626E-2	3.979240E+3	0.000000E+0	1.489390E+2
2.548989E-2	3.978840E+3	0.000000E+0	1.491190E+2
2.550472E-2	3.978760E+3	0.000000E+0	1.492990E+2
2.551347E-2	3.978280E+3	0.000000E+0	1.494760E+2
2.553270E-2	3.978040E+3	0.000000E+0	1.496580E+2
2.553901E-2	3.978040E+3	0.000000E+0	1.498390E+2
2.555985E-2	3.977887E+3	0.000000E+0	1.500210E+2
2.556456E-2	3.977650E+3	0.000000E+0	1.502020E+2
2.558508E-2	3.977807E+3	0.000000E+0	1.503840E+2
2.559306E-2	3.978760E+3	0.000000E+0	1.505640E+2
2.560936E-2	3.979240E+3	0.000000E+0	1.507440E+2
2.562093E-2	3.979080E+3	0.000000E+0	1.509270E+2
2.563364E-2	3.978760E+3	0.000000E+0	1.511060E+2
2.564953E-2	3.979080E+3	0.000000E+0	1.512900E+2
2.565718E-2	3.979240E+3	0.000000E+0	1.514710E+2
2.567709E-2	3.978840E+3	0.000000E+0	1.516570E+2
2.568322E-2	3.978520E+3	0.000000E+0	1.518380E+2
2.570412E-2	3.978360E+3	0.000000E+0	1.520200E+2
2.570917E-2	3.978840E+3	0.000000E+0	1.522010E+2
2.572990E-2	3.979000E+3	0.000000E+0	1.523810E+2
2.573798E-2	3.979240E+3	0.000000E+0	1.525620E+2
2.575247E-2	3.978680E+3	0.000000E+0	1.527420E+2
2.576564E-2	3.977807E+3	0.000000E+0	1.529220E+2
2.577693E-2	3.977170E+3	0.000000E+0	1.531020E+2
2.579306E-2	3.977250E+3	0.000000E+0	1.532810E+2
2.579872E-2	3.977570E+3	0.000000E+0	1.534620E+2
2.581931E-2	3.976930E+3	0.000000E+0	1.536440E+2
2.582526E-2	3.976610E+3	0.000000E+0	1.538250E+2
2.584703E-2	3.977330E+3	0.000000E+0	1.540060E+2
2.585319E-2	3.977650E+3	0.000000E+0	1.541890E+2
2.587185E-2	3.977570E+3	0.000000E+0	1.543690E+2
2.588117E-2	3.977810E+3	0.000000E+0	1.545520E+2
2.589728E-2	3.977963E+3	0.000000E+0	1.547360E+2
2.590952E-2	3.978040E+3	0.000000E+0	1.549160E+2
2.591955E-2	3.977963E+3	0.000000E+0	1.550970E+2
2.593693E-2	3.977170E+3	0.000000E+0	1.552750E+2
2.594435E-2	3.976370E+3	0.000000E+0	1.554570E+2
2.596428E-2	3.976930E+3	0.000000E+0	1.556370E+2
2.596965E-2	3.977570E+3	0.000000E+0	1.558210E+2
2.599115E-2	3.978680E+3	0.000000E+0	1.560010E+2
2.599635E-2	3.979240E+3	0.000000E+0	1.561770E+2
2.601237E-2	3.979317E+3	0.000000E+0	1.563570E+2
2.602393E-2	3.979550E+3	0.000000E+0	1.565400E+2
2.603673E-2	3.979470E+3	0.000000E+0	1.567240E+2
2.605201E-2	3.979630E+3	0.000000E+0	1.569050E+2
2.605826E-2	3.980270E+3	0.000000E+0	1.570870E+2
2.607769E-2	3.981140E+3	0.000000E+0	1.572680E+2
2.608573E-2	3.981540E+3	0.000000E+0	1.574470E+2
2.610594E-2	3.981460E+3	0.000000E+0	1.576300E+2
2.611150E-2	3.981380E+3	0.000000E+0	1.578110E+2
2.613305E-2	3.981380E+3	0.000000E+0	1.579930E+2
2.613887E-2	3.981380E+3	0.000000E+0	1.581750E+2
2.615700E-2	3.981460E+3	0.000000E+0	1.583600E+2
2.616664E-2	3.982180E+3	0.000000E+0	1.585410E+2
2.618121E-2	3.982810E+3	0.000000E+0	1.587210E+2
2.619429E-2	3.983210E+3	0.000000E+0	1.589030E+2
2.620376E-2	3.982810E+3	0.000000E+0	1.590840E+2
2.622137E-2	3.982180E+3	0.000000E+0	1.592670E+2
2.622971E-2	3.982020E+3	0.000000E+0	1.594540E+2
2.624891E-2	3.981540E+3	0.000000E+0	1.596370E+2
2.625344E-2	3.980903E+3	0.000000E+0	1.598210E+2
2.627453E-2	3.979713E+3	0.000000E+0	1.600050E+2
2.628087E-2	3.978680E+3	0.000000E+0	1.601870E+2
2.630081E-2	3.979077E+3	0.000000E+0	1.603680E+2
2.630799E-2	3.980507E+3	0.000000E+0	1.605480E+2
2.632444E-2	3.981380E+3	0.000000E+0	1.607300E+2
2.633630E-2	3.982020E+3	0.000000E+0	1.609150E+2
2.634792E-2	3.982100E+3	0.000000E+0	1.610990E+2
2.636383E-2	3.982100E+3	0.000000E+0	1.612780E+2
2.637166E-2	3.982260E+3	0.000000E+0	1.614600E+2
2.639071E-2	3.982100E+3	0.000000E+0	1.616410E+2
2.639596E-2	3.981300E+3	0.000000E+0	1.618250E+2
2.641632E-2	3.980980E+3	0.000000E+0	1.620020E+2
2.642223E-2	3.981700E+3	0.000000E+0	1.621820E+2
2.644128E-2	3.982653E+3	0.000000E+0	1.623650E+2
2.644980E-2	3.983370E+3	0.000000E+0	1.625490E+2
2.646386E-2	3.984480E+3	0.000000E+0	1.627300E+2
2.647695E-2	3.985353E+3	0.000000E+0	1.629120E+2
2.648750E-2	3.985830E+3	0.000000E+0	1.630920E+2
2.650422E-2	3.987023E+3	0.000000E+0	1.632740E+2
2.650975E-2	3.988533E+3	0.000000E+0	1.634550E+2
2.653041E-2	3.989490E+3	0.000000E+0	1.636380E+2
2.653516E-2	3.989963E+3	0.000000E+0	1.638180E+2
2.655733E-2	3.991160E+3	0.000000E+0	1.639990E+2
2.656307E-2	3.991400E+3	0.000000E+0	1.641810E+2
2.658055E-2	3.990920E+3	0.000000E+0	1.643590E+2
2.658960E-2	3.990280E+3	0.000000E+0	1.645400E+2
2.660341E-2	3.990680E+3	0.000000E+0	1.647220E+2
2.661711E-2	3.991477E+3	0.000000E+0	1.649020E+2
2.662660E-2	3.992110E+3	0.000000E+0	1.650840E+2
2.664378E-2	3.992670E+3	0.000000E+0	1.652640E+2
2.665011E-2	3.993140E+3	0.000000E+0	1.654450E+2
2.667128E-2	3.993620E+3	0.000000E+0	1.656260E+2
2.667560E-2	3.993620E+3	0.000000E+0	1.658080E+2
2.669586E-2	3.993540E+3	0.000000E+0	1.659870E+2
2.670251E-2	3.993620E+3	0.000000E+0	1.661670E+2
2.671889E-2	3.994020E+3	0.000000E+0	1.663510E+2
2.672938E-2	3.994180E+3	0.000000E+0	1.665310E+2
2.674178E-2	3.994650E+3	0.000000E+0	1.667110E+2
2.675658E-2	3.994257E+3	0.000000E+0	1.668910E+2
2.675969E-2	3.993220E+3	0.000000E+0	1.670730E+2
2.676148E-2	3.992830E+3	0.000000E+0	1.672570E+2
2.676193E-2	3.992907E+3	0.000000E+0	1.674370E+2
2.676223E-2	3.993300E+3	0.000000E+0	1.676170E+2
2.676249E-2	3.993620E+3	0.000000E+0	1.677970E+2
2.676241E-2	3.994020E+3	0.000000E+0	1.679780E+2
2.676287E-2	3.993780E+3	0.000000E+0	1.681600E+2
2.676289E-2	3.992827E+3	0.000000E+0	1.683400E+2
2.676300E-2	3.992430E+3	0.000000E+0	1.685220E+2
2.676262E-2	3.992590E+3	0.000000E+0	1.687040E+2
2.676317E-2	3.992430E+3	0.000000E+0	1.688850E+2
2.676269E-2	3.992190E+3	0.000000E+0	1.690670E+2
2.676307E-2	3.992350E+3	0.000000E+0	1.692490E+2
2.676260E-2	3.991950E+3	0.000000E+0	1.694300E+2
2.676311E-2	3.992030E+3	0.000000E+0	1.696110E+2
2.676281E-2	3.992190E+3	0.000000E+0	1.697920E+2
2.676281E-2	3.992670E+3	0.000000E+0	1.699750E+2
2.676297E-2	3.993300E+3	0.000000E+0	1.701530E+2
2.676263E-2	3.993700E+3	0.000000E+0	1.703310E+2
2.676323E-2	3.993620E+3	0.000000E+0	1.705140E+2
2.676304E-2	3.993220E+3	0.000000E+0	1.706940E+2
2.676304E-2	3.993060E+3	0.000000E+0	1.708760E+2
2.676319E-2	3.992983E+3	0.000000E+0	1.710570E+2
2.676294E-2	3.993220E+3	0.000000E+0	1.712370E+2
2.676253E-2	3.994100E+3	0.000000E+0	1.714170E+2
2.676294E-2	3.994260E+3	0.000000E+0	1.715970E+2
2.676284E-2	3.994180E+3	0.000000E+0	1.717760E+2
2.676277E-2	3.993620E+3	0.000000E+0	1.719570E+2
2.676334E-2	3.993540E+3	0.000000E+0	1.721370E+2
2.676257E-2	3.993540E+3	0.000000E+0	1.723190E+2
2.676308E-2	3.993860E+3	0.000000E+0	1.725000E+2
2.676290E-2	3.993700E+3	0.000000E+0	1.726820E+2
2.676304E-2	3.993460E+3	0.000000E+0	1.728680E+2
2.676285E-2	3.992983E+3	0.000000E+0	1.730530E+2
2.676375E-2	3.992830E+3	0.000000E+0	1.732290E+2
2.676372E-2	3.992830E+3	0.000000E+0	1.734130E+2
2.676369E-2	3.992510E+3	0.000000E+0	1.735930E+2
2.676325E-2	3.992110E+3	0.000000E+0	1.737770E+2
2.676287E-2	3.991710E+3	0.000000E+0	1.739590E+2
2.676250E-2	3.991630E+3	0.000000E+0	1.741420E+2
2.676311E-2	3.991790E+3	0.000000E+0	1.743220E+2
2.676320E-2	3.992270E+3	0.000000E+0	1.745050E+2
2.676260E-2	3.992827E+3	0.000000E+0	1.746850E+2
2.676315E-2	3.993060E+3	0.000000E+0	1.748680E+2
2.676275E-2	3.993060E+3	0.000000E+0	1.750510E+2
2.676063E-2	3.993060E+3	0.000000E+0	1.752320E+2
2.676058E-2	3.993060E+3	0.000000E+0	1.754140E+2
2.676076E-2	3.993060E+3	0.000000E+0	1.755950E+2
2.676028E-2	3.993380E+3	0.000000E+0	1.757770E+2
2.676049E-2	3.993940E+3	0.000000E+0	1.759580E+2
2.676020E-2	3.993620E+3	0.000000E+0	1.761390E+2
2.676085E-2	3.993380E+3	0.000000E+0	1.763180E+2
2.676097E-2	3.994100E+3	0.000000E+0	1.764990E+2
2.676071E-2	3.994730E+3	0.000000E+0	1.766820E+2
2.676066E-2	3.994970E+3	0.000000E+0	1.768660E+2
2.676117E-2	3.995210E+3	0.000000E+0	1.770480E+2
2.676014E-2	3.995370E+3	0.000000E+0	1.772290E+2
2.676044E-2	3.995690E+3	0.000000E+0	1.774110E+2
2.676095E-2	3.995290E+3	0.000000E+0	1.775950E+2
2.676042E-2	3.995210E+3	0.000000E+0	1.777780E+2
2.676109E-2	3.994810E+3	0.000000E+0	1.779590E+2
2.676029E-2	3.994730E+3	0.000000E+0	1.781390E+2
2.676060E-2	3.995130E+3	0.000000E+0	1.783220E+2
2.676043E-2	3.995450E+3	0.000000E+0	1.785020E+2
2.676090E-2	3.995210E+3	0.000000E+0	1.786850E+2
2.676096E-2	3.995210E+3	0.000000E+0	1.788650E+2
2.676042E-2	3.995290E+3	0.000000E+0	1.790470E+2
2.676050E-2	3.995770E+3	0.000000E+0	1.792310E+2
2.676051E-2	3.995690E+3	0.000000E+0	1.794140E+2
2.676059E-2	3.995690E+3	0.000000E+0	1.795980E+2
2.676077E-2	3.995290E+3	0.000000E+0	1.797810E+2
2.676061E-2	3.994970E+3	0.000000E+0	1.799610E+2
2.676050E-2	3.995290E+3	0.000000E+0	1.801420E+2
2.676052E-2	3.995450E+3	0.000000E+0	1.803230E+2
2.676079E-2	3.995130E+3	0.000000E+0	1.805030E+2
2.676049E-2	3.994810E+3	0.000000E+0	1.806870E+2
2.676095E-2	3.994570E+3	0.000000E+0	1.808640E+2
2.676036E-2	3.994570E+3	0.000000E+0	1.810480E+2
2.676043E-2	3.995050E+3	0.000000E+0	1.812310E+2
2.676091E-2	3.995927E+3	0.000000E+0	1.814110E+2
2.676069E-2	3.996560E+3	0.000000E+0	1.815940E+2
2.676022E-2	3.997433E+3	0.000000E+0	1.817780E+2
2.676083E-2	3.997590E+3	0.000000E+0	1.819590E+2
2.676009E-2	3.997513E+3	0.000000E+0	1.821410E+2
2.675891E-2	3.997040E+3	0.000000E+0	1.823220E+2
2.675816E-2	3.996640E+3	0.000000E+0	1.825040E+2
2.675795E-2	3.996640E+3	0.000000E+0	1.826880E+2
2.675812E-2	3.996640E+3	0.000000E+0	1.828710E+2
2.675843E-2	3.996480E+3	0.000000E+0	1.830540E+2
2.675845E-2	3.996400E+3	0.000000E+0	1.832350E+2
2.675808E-2	3.996720E+3	0.000000E+0	1.834160E+2
2.675802E-2	3.996880E+3	0.000000E+0	1.835970E+2
2.675826E-2	3.996800E+3	0.000000E+0	1.837770E+2
2.675793E-2	3.996480E+3	0.000000E+0	1.839590E+2
2.675855E-2	3.996007E+3	0.000000E+0	1.841390E+2
2.675821E-2	3.995930E+3	0.000000E+0	1.843210E+2
2.675834E-2	3.995770E+3	0.000000E+0	1.845030E+2
2.675832E-2	3.995450E+3	0.000000E+0	1.846850E+2
2.675803E-2	3.995210E+3	0.000000E+0	1.848660E+2
2.675871E-2	3.995770E+3	0.000000E+0	1.850460E+2
2.675811E-2	3.996480E+3	0.000000E+0	1.852290E+2
2.675744E-2	3.996720E+3	0.000000E+0	1.854090E+2
2.675792E-2	3.996087E+3	0.000000E+0	1.855950E+2
2.675830E-2	3.995690E+3	0.000000E+0	1.857760E+2
2.675799E-2	3.995530E+3	0.000000E+0	1.859580E+2
2.675796E-2	3.995530E+3	0.000000E+0	1.861420E+2
2.675854E-2	3.995450E+3	0.000000E+0	1.863190E+2
2.675773E-2	3.995610E+3	0.000000E+0	1.864980E+2
2.675814E-2	3.996007E+3	0.000000E+0	1.866780E+2
2.675765E-2	3.996400E+3	0.000000E+0	1.868590E+2
2.675791E-2	3.996400E+3	0.000000E+0	1.870410E+2
2.675780E-2	3.996083E+3	0.000000E+0	1.872200E+2
2.675832E-2	3.995930E+3	0.000000E+0	1.874000E+2
2.675804E-2	3.996007E+3	0.000000E+0	1.875840E+2
2.675790E-2	3.996240E+3	0.000000E+0	1.877660E+2
2.675792E-2	3.996480E+3	0.000000E+0	1.879470E+2
2.675768E-2	3.996560E+3	0.000000E+0	1.881290E+2
2.675801E-2	3.996007E+3	0.000000E+0	1.883090E+2
2.675756E-2	3.995450E+3	0.000000E+0	1.884920E+2
2.675802E-2	3.995690E+3	0.000000E+0	1.886750E+2
2.675797E-2	3.995690E+3	0.000000E+0	1.888560E+2
2.675759E-2	3.995927E+3	0.000000E+0	1.890420E+2
2.675806E-2	3.996400E+3	0.000000E+0	1.892210E+2
2.675821E-2	3.996400E+3	0.000000E+0	1.894030E+2
2.675779E-2	3.996640E+3	0.000000E+0	1.895800E+2
2.675831E-2	3.996400E+3	0.000000E+0	1.897590E+2
2.675797E-2	3.996400E+3	0.000000E+0	1.899420E+2
2.675848E-2	3.996560E+3	0.000000E+0	1.901230E+2
2.675791E-2	3.996163E+3	0.000000E+0	1.903030E+2
2.675754E-2	3.995770E+3	0.000000E+0	1.904840E+2
2.675779E-2	3.995850E+3	0.000000E+0	1.906650E+2
2.675836E-2	3.996480E+3	0.000000E+0	1.908450E+2
2.675786E-2	3.997277E+3	0.000000E+0	1.910310E+2
2.675815E-2	3.997990E+3	0.000000E+0	1.912160E+2
2.675789E-2	3.997830E+3	0.000000E+0	1.913990E+2
2.675835E-2	3.997590E+3	0.000000E+0	1.915830E+2
2.675819E-2	3.997830E+3	0.000000E+0	1.917660E+2
2.675821E-2	3.998230E+3	0.000000E+0	1.919490E+2
2.675744E-2	3.997830E+3	0.000000E+0	1.921320E+2
2.675833E-2	3.996403E+3	0.000000E+0	1.923130E+2
2.675812E-2	3.995290E+3	0.000000E+0	1.924970E+2
2.675819E-2	3.995210E+3	0.000000E+0	1.926790E+2
2.675790E-2	3.994890E+3	0.000000E+0	1.928600E+2
2.675784E-2	3.994970E+3	0.000000E+0	1.930440E+2
2.675826E-2	3.995450E+3	0.000000E+0	1.932260E+2
2.675797E-2	3.996087E+3	0.000000E+0	1.934090E+2
2.675795E-2	3.996560E+3	0.000000E+0	1.935900E+2
2.675818E-2	3.996720E+3	0.000000E+0	1.937730E+2
2.675799E-2	3.996960E+3	0.000000E+0	1.939540E+2
2.675829E-2	3.996960E+3	0.000000E+0	1.941340E+2
2.675789E-2	3.997120E+3	0.000000E+0	1.943150E+2
2.675803E-2	3.997830E+3	0.000000E+0	1.944920E+2
2.675814E-2	3.998230E+3	0.000000E+0	1.946740E+2
2.675832E-2	3.998230E+3	0.000000E+0	1.948550E+2
2.675795E-2	3.997830E+3	0.000000E+0	1.950370E+2
2.675848E-2	3.997830E+3	0.000000E+0	1.952180E+2
2.675818E-2	3.998550E+3	0.000000E+0	1.954010E+2
2.675868E-2	3.999180E+3	0.000000E+0	1.955820E+2
2.675831E-2	3.999740E+3	0.000000E+0	1.957650E+2
2.675811E-2	4.000457E+3	0.000000E+0	1.959460E+2
2.675819E-2	4.001010E+3	0.000000E+0	1.961280E+2
2.675780E-2	4.001570E+3	0.000000E+0	1.963090E+2
2.675860E-2	4.001170E+3	0.000000E+0	1.964910E+2
2.675839E-2	4.000457E+3	0.000000E+0	1.966720E+2
2.675818E-2	3.999500E+3	0.000000E+0	1.968540E+2
2.675846E-2	3.998470E+3	0.000000E+0	1.970380E+2
2.675843E-2	3.998070E+3	0.000000E+0	1.972220E+2
2.675820E-2	3.998070E+3	0.000000E+0	1.974040E+2
2.675866E-2	3.998310E+3	0.000000E+0	1.975880E+2
2.675828E-2	3.997830E+3	0.000000E+0	1.977710E+2
2.675825E-2	3.996640E+3	0.000000E+0	1.979540E+2
2.675850E-2	3.995930E+3	0.000000E+0	1.981350E+2
2.675859E-2	3.996087E+3	0.000000E+0	1.983140E+2
2.675868E-2	3.997037E+3	0.000000E+0	1.984940E+2
2.675799E-2	3.998470E+3	0.000000E+0	1.986760E+2
2.675882E-2	3.999260E+3	0.000000E+0	1.988570E+2
2.675828E-2	3.999660E+3	0.000000E+0	1.990400E+2
2.675844E-2	3.999500E+3	0.000000E+0	1.992190E+2
2.675822E-2	3.999100E+3	0.000000E+0	1.993980E+2
2.675823E-2	3.998943E+3	0.000000E+0	1.995770E+2
2.675816E-2	3.998470E+3	0.000000E+0	1.997580E+2
2.675817E-2	3.998070E+3	0.000000E+0	1.999380E+2
2.675846E-2	3.998070E+3	0.000000E+0	2.001190E+2
2.675880E-2	3.997670E+3	0.000000E+0	2.003000E+2
2.675813E-2	3.997590E+3	0.000000E+0	2.004810E+2
2.675828E-2	3.997990E+3	0.000000E+0	2.006660E+2
2.675856E-2	3.998150E+3	0.000000E+0	2.008460E+2
2.675827E-2	3.998550E+3	0.000000E+0	2.010280E+2
2.675791E-2	3.998630E+3	0.000000E+0	2.012140E+2
2.675862E-2	3.998630E+3	0.000000E+0	2.013970E+2
2.675794E-2	3.998550E+3	0.000000E+0	2.015790E+2
2.675838E-2	3.997990E+3	0.000000E+0	2.017600E+2
2.675837E-2	3.997197E+3	0.000000E+0	2.019420E+2
2.675825E-2	3.995927E+3	0.000000E+0	2.021220E+2
2.675827E-2	3.995050E+3	0.000000E+0	2.023030E+2
2.675799E-2	3.995530E+3	0.000000E+0	2.024850E+2
2.675786E-2	3.996400E+3	0.000000E+0	2.026620E+2
2.675787E-2	3.996880E+3	0.000000E+0	2.028420E+2
2.675796E-2	3.997277E+3	0.000000E+0	2.030250E+2
2.675856E-2	3.997590E+3	0.000000E+0	2.032060E+2
2.675872E-2	3.997590E+3	0.000000E+0	2.033840E+2
2.675854E-2	3.997360E+3	0.000000E+0	2.035660E+2
2.675829E-2	3.997437E+3	0.000000E+0	2.037470E+2
2.675834E-2	3.997590E+3	0.000000E+0	2.039310E+2
2.675855E-2	3.997357E+3	0.000000E+0	2.041130E+2
2.675818E-2	3.997280E+3	0.000000E+0	2.042940E+2
2.675833E-2	3.997670E+3	0.000000E+0	2.044760E+2
2.675832E-2	3.998310E+3	0.000000E+0	2.046570E+2
2.675802E-2	3.999103E+3	0.000000E+0	2.048370E+2
2.675781E-2	3.999660E+3	0.000000E+0	2.050190E+2
2.675794E-2	3.999500E+3	0.000000E+0	2.052000E+2
2.675814E-2	3.999180E+3	0.000000E+0	2.053820E+2
