X channel: Keithley, channel #5; mode:  DCV; scale:  0.10; X converted, conversion factor:1.000000E+0
Y channel: Lock-in, mkV
II channel: B7-78, Ohm; scale:  10000.000000
X channel	Y channel	II channel	timestamp, sec
2.675761E-2	3.708853E+3	0.000000E+0	0.000000E+0
2.675741E-2	3.712033E+3	0.000000E+0	1.770000E-1
2.675792E-2	3.715213E+3	0.000000E+0	3.590000E-1
2.675729E-2	3.717993E+3	0.000000E+0	5.400000E-1
2.675731E-2	3.720777E+3	0.000000E+0	7.200000E-1
2.675785E-2	3.723637E+3	0.000000E+0	9.030000E-1
2.675777E-2	3.726257E+3	0.000000E+0	1.085000E+0
2.675750E-2	3.728247E+3	0.000000E+0	1.265000E+0
2.675722E-2	3.729677E+3	0.000000E+0	1.446000E+0
2.675748E-2	3.730390E+3	0.000000E+0	1.625000E+0
2.675720E-2	3.731823E+3	0.000000E+0	1.809000E+0
2.675692E-2	3.733650E+3	0.000000E+0	1.995000E+0
2.674376E-2	3.735080E+3	0.000000E+0	2.180000E+0
2.674160E-2	3.736113E+3	0.000000E+0	2.360000E+0
2.672453E-2	3.736990E+3	0.000000E+0	2.539000E+0
2.671857E-2	3.737543E+3	0.000000E+0	2.719000E+0
2.670650E-2	3.738340E+3	0.000000E+0	2.898000E+0
2.669463E-2	3.739690E+3	0.000000E+0	3.078000E+0
2.668568E-2	3.742153E+3	0.000000E+0	3.258000E+0
2.667078E-2	3.744777E+3	0.000000E+0	3.441000E+0
2.666725E-2	3.746287E+3	0.000000E+0	3.621000E+0
2.664822E-2	3.747717E+3	0.000000E+0	3.802000E+0
2.664380E-2	3.749147E+3	0.000000E+0	3.984000E+0
2.662472E-2	3.750737E+3	0.000000E+0	4.165000E+0
2.661968E-2	3.752087E+3	0.000000E+0	4.350000E+0
2.660397E-2	3.753280E+3	0.000000E+0	4.532000E+0
2.659519E-2	3.753920E+3	0.000000E+0	4.710000E+0
2.658370E-2	3.753840E+3	0.000000E+0	4.890000E+0
2.657076E-2	3.754710E+3	0.000000E+0	5.072000E+0
2.656308E-2	3.756777E+3	0.000000E+0	5.253000E+0
2.654679E-2	3.758683E+3	0.000000E+0	5.432000E+0
2.654124E-2	3.759957E+3	0.000000E+0	5.616000E+0
2.652307E-2	3.760990E+3	0.000000E+0	5.799000E+0
2.651931E-2	3.761940E+3	0.000000E+0	5.979000E+0
2.650050E-2	3.762500E+3	0.000000E+0	6.159000E+0
2.649429E-2	3.763293E+3	0.000000E+0	6.346000E+0
2.647979E-2	3.764643E+3	0.000000E+0	6.527000E+0
2.647004E-2	3.766153E+3	0.000000E+0	6.708000E+0
2.645789E-2	3.767190E+3	0.000000E+0	6.890000E+0
2.644482E-2	3.767583E+3	0.000000E+0	7.073000E+0
2.643670E-2	3.768857E+3	0.000000E+0	7.255000E+0
2.642084E-2	3.770130E+3	0.000000E+0	7.436000E+0
2.641617E-2	3.770840E+3	0.000000E+0	7.616000E+0
2.639718E-2	3.771797E+3	0.000000E+0	7.798000E+0
2.639289E-2	3.773703E+3	0.000000E+0	7.978000E+0
2.637409E-2	3.775453E+3	0.000000E+0	8.159000E+0
2.636749E-2	3.777043E+3	0.000000E+0	8.341000E+0
2.635252E-2	3.777997E+3	0.000000E+0	8.522000E+0
2.634261E-2	3.778230E+3	0.000000E+0	8.701000E+0
2.633264E-2	3.778153E+3	0.000000E+0	8.884000E+0
2.631779E-2	3.778790E+3	0.000000E+0	9.065000E+0
2.631050E-2	3.779507E+3	0.000000E+0	9.248000E+0
2.629322E-2	3.779900E+3	0.000000E+0	9.428000E+0
2.628836E-2	3.780220E+3	0.000000E+0	9.609000E+0
2.626879E-2	3.780380E+3	0.000000E+0	9.787000E+0
2.626469E-2	3.780860E+3	0.000000E+0	9.971000E+0
2.624745E-2	3.781970E+3	0.000000E+0	1.015000E+1
2.623962E-2	3.783240E+3	0.000000E+0	1.033200E+1
2.622563E-2	3.784113E+3	0.000000E+0	1.051400E+1
2.621395E-2	3.784270E+3	0.000000E+0	1.069700E+1
2.620347E-2	3.784270E+3	0.000000E+0	1.087800E+1
2.618851E-2	3.785230E+3	0.000000E+0	1.106000E+1
2.618203E-2	3.786500E+3	0.000000E+0	1.124400E+1
2.616383E-2	3.787293E+3	0.000000E+0	1.142300E+1
2.615983E-2	3.787450E+3	0.000000E+0	1.160500E+1
2.613956E-2	3.786820E+3	0.000000E+0	1.178700E+1
2.613451E-2	3.786500E+3	0.000000E+0	1.196800E+1
2.611642E-2	3.786977E+3	0.000000E+0	1.214900E+1
2.610889E-2	3.788170E+3	0.000000E+0	1.233000E+1
2.609628E-2	3.788643E+3	0.000000E+0	1.250800E+1
2.608432E-2	3.788410E+3	0.000000E+0	1.268800E+1
2.607456E-2	3.788643E+3	0.000000E+0	1.286800E+1
2.605826E-2	3.789440E+3	0.000000E+0	1.305400E+1
2.605168E-2	3.790393E+3	0.000000E+0	1.323500E+1
2.603344E-2	3.791510E+3	0.000000E+0	1.341500E+1
2.602978E-2	3.792140E+3	0.000000E+0	1.359700E+1
2.600974E-2	3.793017E+3	0.000000E+0	1.377800E+1
2.600334E-2	3.793330E+3	0.000000E+0	1.396000E+1
2.598689E-2	3.793490E+3	0.000000E+0	1.414200E+1
2.597812E-2	3.794370E+3	0.000000E+0	1.432400E+1
2.596503E-2	3.796037E+3	0.000000E+0	1.450400E+1
2.595216E-2	3.798657E+3	0.000000E+0	1.468400E+1
2.594335E-2	3.801123E+3	0.000000E+0	1.486300E+1
2.592634E-2	3.803030E+3	0.000000E+0	1.504500E+1
2.592051E-2	3.803587E+3	0.000000E+0	1.522700E+1
2.590048E-2	3.803900E+3	0.000000E+0	1.541200E+1
2.589689E-2	3.805177E+3	0.000000E+0	1.559300E+1
2.587885E-2	3.806447E+3	0.000000E+0	1.577500E+1
2.587106E-2	3.807480E+3	0.000000E+0	1.595500E+1
2.585286E-2	3.807960E+3	0.000000E+0	1.613600E+1
2.584450E-2	3.808040E+3	0.000000E+0	1.631800E+1
2.583178E-2	3.808040E+3	0.000000E+0	1.649900E+1
2.581831E-2	3.808273E+3	0.000000E+0	1.668000E+1
2.580885E-2	3.808990E+3	0.000000E+0	1.686200E+1
2.579275E-2	3.809787E+3	0.000000E+0	1.704500E+1
2.578640E-2	3.811453E+3	0.000000E+0	1.722800E+1
2.576721E-2	3.812803E+3	0.000000E+0	1.740900E+1
2.576210E-2	3.813440E+3	0.000000E+0	1.759200E+1
2.574160E-2	3.813840E+3	0.000000E+0	1.777300E+1
2.573667E-2	3.814713E+3	0.000000E+0	1.795800E+1
2.571789E-2	3.815903E+3	0.000000E+0	1.813700E+1
2.570997E-2	3.817177E+3	0.000000E+0	1.831700E+1
2.569778E-2	3.817970E+3	0.000000E+0	1.849800E+1
2.568347E-2	3.819003E+3	0.000000E+0	1.868000E+1
2.567314E-2	3.819400E+3	0.000000E+0	1.886000E+1
2.565749E-2	3.819240E+3	0.000000E+0	1.904100E+1
2.565371E-2	3.819480E+3	0.000000E+0	1.922000E+1
2.563383E-2	3.820593E+3	0.000000E+0	1.940000E+1
2.562696E-2	3.821627E+3	0.000000E+0	1.958200E+1
2.560720E-2	3.822260E+3	0.000000E+0	1.976400E+1
2.559996E-2	3.822660E+3	0.000000E+0	1.994600E+1
2.558264E-2	3.822900E+3	0.000000E+0	2.013000E+1
2.557347E-2	3.822260E+3	0.000000E+0	2.031100E+1
2.556139E-2	3.822340E+3	0.000000E+0	2.048900E+1
2.554698E-2	3.823217E+3	0.000000E+0	2.066800E+1
2.553897E-2	3.823610E+3	0.000000E+0	2.084800E+1
2.552078E-2	3.824170E+3	0.000000E+0	2.102800E+1
2.551611E-2	3.824570E+3	0.000000E+0	2.120900E+1
2.549532E-2	3.824807E+3	0.000000E+0	2.139000E+1
2.549044E-2	3.825360E+3	0.000000E+0	2.157100E+1
2.547003E-2	3.825600E+3	0.000000E+0	2.175300E+1
2.546313E-2	3.825920E+3	0.000000E+0	2.193400E+1
2.545019E-2	3.826000E+3	0.000000E+0	2.211700E+1
2.543661E-2	3.826390E+3	0.000000E+0	2.229700E+1
2.542455E-2	3.826390E+3	0.000000E+0	2.247900E+1
2.540941E-2	3.826790E+3	0.000000E+0	2.266000E+1
2.540123E-2	3.827350E+3	0.000000E+0	2.284000E+1
2.538233E-2	3.827670E+3	0.000000E+0	2.301900E+1
2.537768E-2	3.827750E+3	0.000000E+0	2.319900E+1
2.535748E-2	3.827190E+3	0.000000E+0	2.338200E+1
2.535164E-2	3.827030E+3	0.000000E+0	2.356500E+1
2.533286E-2	3.827350E+3	0.000000E+0	2.374600E+1
2.532469E-2	3.826950E+3	0.000000E+0	2.392900E+1
2.530984E-2	3.826950E+3	0.000000E+0	2.411700E+1
2.529710E-2	3.827510E+3	0.000000E+0	2.429700E+1
2.528630E-2	3.828220E+3	0.000000E+0	2.447600E+1
2.527044E-2	3.828540E+3	0.000000E+0	2.465600E+1
2.526346E-2	3.828380E+3	0.000000E+0	2.483600E+1
2.524352E-2	3.827983E+3	0.000000E+0	2.501800E+1
2.523886E-2	3.828220E+3	0.000000E+0	2.519700E+1
2.521756E-2	3.829020E+3	0.000000E+0	2.538100E+1
2.521172E-2	3.829650E+3	0.000000E+0	2.556400E+1
2.519611E-2	3.829730E+3	0.000000E+0	2.574400E+1
2.518454E-2	3.829970E+3	0.000000E+0	2.592700E+1
2.516935E-2	3.830290E+3	0.000000E+0	2.611000E+1
2.515640E-2	3.831003E+3	0.000000E+0	2.629300E+1
2.514521E-2	3.831640E+3	0.000000E+0	2.647400E+1
2.512958E-2	3.832200E+3	0.000000E+0	2.665600E+1
2.512213E-2	3.832590E+3	0.000000E+0	2.684100E+1
2.510251E-2	3.832590E+3	0.000000E+0	2.702300E+1
2.509726E-2	3.832590E+3	0.000000E+0	2.720300E+1
2.507630E-2	3.832590E+3	0.000000E+0	2.738500E+1
2.507028E-2	3.832910E+3	0.000000E+0	2.756600E+1
2.505265E-2	3.833707E+3	0.000000E+0	2.774700E+1
2.504356E-2	3.835297E+3	0.000000E+0	2.792600E+1
2.502876E-2	3.836570E+3	0.000000E+0	2.810900E+1
2.501573E-2	3.836967E+3	0.000000E+0	2.829300E+1
2.500507E-2	3.837280E+3	0.000000E+0	2.848000E+1
2.498803E-2	3.837600E+3	0.000000E+0	2.866000E+1
2.497958E-2	3.838237E+3	0.000000E+0	2.884400E+1
2.496003E-2	3.838710E+3	0.000000E+0	2.903200E+1
2.495417E-2	3.838550E+3	0.000000E+0	2.921400E+1
2.493323E-2	3.838550E+3	0.000000E+0	2.939700E+1
2.492835E-2	3.838550E+3	0.000000E+0	2.957800E+1
2.490806E-2	3.838950E+3	0.000000E+0	2.976400E+1
2.490058E-2	3.839030E+3	0.000000E+0	2.994600E+1
2.488384E-2	3.839030E+3	0.000000E+0	3.012800E+1
2.487242E-2	3.839030E+3	0.000000E+0	3.031100E+1
2.485933E-2	3.839350E+3	0.000000E+0	3.049200E+1
2.484466E-2	3.839510E+3	0.000000E+0	3.066700E+1
2.483656E-2	3.839430E+3	0.000000E+0	3.085100E+1
2.481739E-2	3.839827E+3	0.000000E+0	3.103200E+1
2.481155E-2	3.840220E+3	0.000000E+0	3.121400E+1
2.478989E-2	3.840380E+3	0.000000E+0	3.139700E+1
2.478438E-2	3.840220E+3	0.000000E+0	3.157900E+1
2.476325E-2	3.840460E+3	0.000000E+0	3.176400E+1
2.475621E-2	3.840460E+3	0.000000E+0	3.194000E+1
2.474144E-2	3.840300E+3	0.000000E+0	3.212000E+1
2.472797E-2	3.840060E+3	0.000000E+0	3.229900E+1
2.471724E-2	3.840220E+3	0.000000E+0	3.247900E+1
2.470083E-2	3.840220E+3	0.000000E+0	3.266200E+1
2.469238E-2	3.840700E+3	0.000000E+0	3.284700E+1
2.467276E-2	3.840940E+3	0.000000E+0	3.302600E+1
2.466758E-2	3.840620E+3	0.000000E+0	3.320700E+1
2.464630E-2	3.841653E+3	0.000000E+0	3.338900E+1
2.463970E-2	3.842767E+3	0.000000E+0	3.357500E+1
2.461996E-2	3.843080E+3	0.000000E+0	3.375600E+1
2.461139E-2	3.843080E+3	0.000000E+0	3.393800E+1
2.459916E-2	3.843080E+3	0.000000E+0	3.411900E+1
2.458337E-2	3.843080E+3	0.000000E+0	3.430200E+1
2.457046E-2	3.843320E+3	0.000000E+0	3.448100E+1
2.455479E-2	3.843320E+3	0.000000E+0	3.466400E+1
2.454713E-2	3.843080E+3	0.000000E+0	3.484500E+1
2.452703E-2	3.843080E+3	0.000000E+0	3.502500E+1
2.452145E-2	3.842770E+3	0.000000E+0	3.520700E+1
2.449966E-2	3.842370E+3	0.000000E+0	3.538800E+1
2.449427E-2	3.842610E+3	0.000000E+0	3.557200E+1
2.447384E-2	3.843320E+3	0.000000E+0	3.575100E+1
2.446524E-2	3.843720E+3	0.000000E+0	3.593400E+1
2.445036E-2	3.843800E+3	0.000000E+0	3.611400E+1
2.443654E-2	3.843960E+3	0.000000E+0	3.629400E+1
2.442482E-2	3.844040E+3	0.000000E+0	3.647700E+1
2.440878E-2	3.843800E+3	0.000000E+0	3.665700E+1
2.440231E-2	3.843800E+3	0.000000E+0	3.684000E+1
2.438087E-2	3.844200E+3	0.000000E+0	3.702000E+1
2.437419E-2	3.844120E+3	0.000000E+0	3.720600E+1
2.435219E-2	3.844040E+3	0.000000E+0	3.738800E+1
2.434758E-2	3.844513E+3	0.000000E+0	3.757000E+1
2.432741E-2	3.844670E+3	0.000000E+0	3.775400E+1
2.431834E-2	3.844120E+3	0.000000E+0	3.793700E+1
2.430386E-2	3.844040E+3	0.000000E+0	3.812100E+1
2.428970E-2	3.844357E+3	0.000000E+0	3.830200E+1
2.427664E-2	3.844830E+3	0.000000E+0	3.848000E+1
2.426068E-2	3.844750E+3	0.000000E+0	3.866100E+1
2.425232E-2	3.844750E+3	0.000000E+0	3.884000E+1
2.423307E-2	3.844750E+3	0.000000E+0	3.901900E+1
2.422737E-2	3.844990E+3	0.000000E+0	3.920200E+1
2.420477E-2	3.844433E+3	0.000000E+0	3.938600E+1
2.419942E-2	3.843400E+3	0.000000E+0	3.956600E+1
2.417883E-2	3.843080E+3	0.000000E+0	3.974800E+1
2.417053E-2	3.842850E+3	0.000000E+0	3.993200E+1
2.415477E-2	3.843160E+3	0.000000E+0	4.011500E+1
2.414132E-2	3.843560E+3	0.000000E+0	4.029600E+1
2.412955E-2	3.843160E+3	0.000000E+0	4.047800E+1
2.411258E-2	3.842770E+3	0.000000E+0	4.065800E+1
2.410556E-2	3.842370E+3	0.000000E+0	4.083500E+1
2.408464E-2	3.842770E+3	0.000000E+0	4.101200E+1
2.407886E-2	3.843080E+3	0.000000E+0	4.119200E+1
2.405657E-2	3.843080E+3	0.000000E+0	4.137300E+1
2.405012E-2	3.843480E+3	0.000000E+0	4.155800E+1
2.403100E-2	3.844120E+3	0.000000E+0	4.174000E+1
2.402089E-2	3.844200E+3	0.000000E+0	4.192100E+1
2.400712E-2	3.843720E+3	0.000000E+0	4.210100E+1
2.399283E-2	3.843080E+3	0.000000E+0	4.228300E+1
2.398141E-2	3.843480E+3	0.000000E+0	4.246400E+1
2.396391E-2	3.843560E+3	0.000000E+0	4.264600E+1
2.395622E-2	3.843160E+3	0.000000E+0	4.282700E+1
2.393530E-2	3.842610E+3	0.000000E+0	4.301000E+1
2.392992E-2	3.842370E+3	0.000000E+0	4.319400E+1
2.390818E-2	3.842370E+3	0.000000E+0	4.337500E+1
2.390059E-2	3.842450E+3	0.000000E+0	4.355700E+1
2.388152E-2	3.842690E+3	0.000000E+0	4.373700E+1
2.387186E-2	3.842290E+3	0.000000E+0	4.392000E+1
2.385972E-2	3.841890E+3	0.000000E+0	4.410000E+1
2.384308E-2	3.842050E+3	0.000000E+0	4.428000E+1
2.383183E-2	3.841970E+3	0.000000E+0	4.446300E+1
2.381369E-2	3.841650E+3	0.000000E+0	4.464500E+1
2.380606E-2	3.841730E+3	0.000000E+0	4.482500E+1
2.378495E-2	3.842130E+3	0.000000E+0	4.500500E+1
2.377989E-2	3.842610E+3	0.000000E+0	4.518800E+1
2.375784E-2	3.843080E+3	0.000000E+0	4.536900E+1
2.375030E-2	3.843003E+3	0.000000E+0	4.555000E+1
2.373201E-2	3.842210E+3	0.000000E+0	4.573100E+1
2.372049E-2	3.841730E+3	0.000000E+0	4.591300E+1
2.370771E-2	3.841573E+3	0.000000E+0	4.609500E+1
2.369177E-2	3.840940E+3	0.000000E+0	4.627900E+1
2.368208E-2	3.840860E+3	0.000000E+0	4.646400E+1
2.366241E-2	3.841180E+3	0.000000E+0	4.664600E+1
2.365502E-2	3.840940E+3	0.000000E+0	4.683000E+1
2.363382E-2	3.840140E+3	0.000000E+0	4.701100E+1
2.362905E-2	3.840060E+3	0.000000E+0	4.718800E+1
2.360658E-2	3.840300E+3	0.000000E+0	4.736700E+1
2.359856E-2	3.840540E+3	0.000000E+0	4.754900E+1
2.358423E-2	3.840940E+3	0.000000E+0	4.773200E+1
2.356977E-2	3.841653E+3	0.000000E+0	4.791300E+1
2.355617E-2	3.841810E+3	0.000000E+0	4.809500E+1
2.354046E-2	3.840780E+3	0.000000E+0	4.827600E+1
2.353061E-2	3.839983E+3	0.000000E+0	4.845500E+1
2.351029E-2	3.838950E+3	0.000000E+0	4.863500E+1
2.350417E-2	3.838000E+3	0.000000E+0	4.882000E+1
2.348211E-2	3.837123E+3	0.000000E+0	4.900100E+1
2.347606E-2	3.837123E+3	0.000000E+0	4.918400E+1
2.345432E-2	3.838000E+3	0.000000E+0	4.936800E+1
2.344647E-2	3.838080E+3	0.000000E+0	4.954800E+1
2.342921E-2	3.838317E+3	0.000000E+0	4.973100E+1
2.341670E-2	3.838950E+3	0.000000E+0	4.991200E+1
2.340343E-2	3.839030E+3	0.000000E+0	5.009600E+1
2.338737E-2	3.838790E+3	0.000000E+0	5.027900E+1
2.337872E-2	3.838550E+3	0.000000E+0	5.046100E+1
2.335848E-2	3.838870E+3	0.000000E+0	5.064200E+1
2.335112E-2	3.838950E+3	0.000000E+0	5.082400E+1
2.332917E-2	3.838317E+3	0.000000E+0	5.100500E+1
2.332375E-2	3.838633E+3	0.000000E+0	5.118400E+1
2.330489E-2	3.839030E+3	0.000000E+0	5.136800E+1
2.329424E-2	3.838077E+3	0.000000E+0	5.155000E+1
2.327668E-2	3.836647E+3	0.000000E+0	5.173100E+1
2.326385E-2	3.834977E+3	0.000000E+0	5.191100E+1
2.325084E-2	3.832593E+3	0.000000E+0	5.209000E+1
2.323448E-2	3.832117E+3	0.000000E+0	5.227000E+1
2.322410E-2	3.833470E+3	0.000000E+0	5.245200E+1
2.320498E-2	3.834660E+3	0.000000E+0	5.263500E+1
2.319799E-2	3.836010E+3	0.000000E+0	5.282200E+1
2.317608E-2	3.837203E+3	0.000000E+0	5.300400E+1
2.316981E-2	3.837360E+3	0.000000E+0	5.318500E+1
2.314743E-2	3.837440E+3	0.000000E+0	5.336300E+1
2.314016E-2	3.837680E+3	0.000000E+0	5.354400E+1
2.312130E-2	3.837920E+3	0.000000E+0	5.372400E+1
2.311024E-2	3.838790E+3	0.000000E+0	5.390400E+1
2.309827E-2	3.839590E+3	0.000000E+0	5.408400E+1
2.308080E-2	3.839827E+3	0.000000E+0	5.426700E+1
2.307285E-2	3.839670E+3	0.000000E+0	5.444500E+1
2.305123E-2	3.839030E+3	0.000000E+0	5.462700E+1
2.304637E-2	3.838710E+3	0.000000E+0	5.480800E+1
2.302545E-2	3.838710E+3	0.000000E+0	5.498800E+1
2.301649E-2	3.838397E+3	0.000000E+0	5.516800E+1
2.299559E-2	3.838320E+3	0.000000E+0	5.534700E+1
2.298616E-2	3.838550E+3	0.000000E+0	5.553100E+1
2.296937E-2	3.838473E+3	0.000000E+0	5.571000E+1
2.295597E-2	3.838080E+3	0.000000E+0	5.589200E+1
2.294332E-2	3.838160E+3	0.000000E+0	5.607400E+1
2.292588E-2	3.838240E+3	0.000000E+0	5.625700E+1
2.291706E-2	3.837680E+3	0.000000E+0	5.644000E+1
2.289630E-2	3.837680E+3	0.000000E+0	5.662500E+1
2.288992E-2	3.838000E+3	0.000000E+0	5.680500E+1
2.286759E-2	3.838080E+3	0.000000E+0	5.698300E+1
2.286093E-2	3.838000E+3	0.000000E+0	5.716200E+1
2.284155E-2	3.837600E+3	0.000000E+0	5.734200E+1
2.283132E-2	3.837123E+3	0.000000E+0	5.752400E+1
2.281814E-2	3.837520E+3	0.000000E+0	5.770400E+1
2.280202E-2	3.838790E+3	0.000000E+0	5.788500E+1
2.279034E-2	3.838790E+3	0.000000E+0	5.806400E+1
2.277157E-2	3.838237E+3	0.000000E+0	5.824400E+1
2.276366E-2	3.837760E+3	0.000000E+0	5.842300E+1
2.274210E-2	3.837920E+3	0.000000E+0	5.859900E+1
2.273738E-2	3.838080E+3	0.000000E+0	5.877900E+1
2.271471E-2	3.838080E+3	0.000000E+0	5.896300E+1
2.270678E-2	3.838160E+3	0.000000E+0	5.914700E+1
2.268795E-2	3.837840E+3	0.000000E+0	5.932800E+1
2.267609E-2	3.837280E+3	0.000000E+0	5.951000E+1
2.266290E-2	3.836890E+3	0.000000E+0	5.969200E+1
2.264673E-2	3.836890E+3	0.000000E+0	5.987300E+1
2.263652E-2	3.836410E+3	0.000000E+0	6.005600E+1
2.261642E-2	3.836010E+3	0.000000E+0	6.023900E+1
2.260985E-2	3.835690E+3	0.000000E+0	6.042100E+1
2.258718E-2	3.835297E+3	0.000000E+0	6.059900E+1
2.258076E-2	3.835140E+3	0.000000E+0	6.077900E+1
2.255868E-2	3.834660E+3	0.000000E+0	6.096000E+1
2.255105E-2	3.834180E+3	0.000000E+0	6.114200E+1
2.253549E-2	3.833630E+3	0.000000E+0	6.132700E+1
2.252112E-2	3.833070E+3	0.000000E+0	6.150800E+1
2.250676E-2	3.833390E+3	0.000000E+0	6.168900E+1
2.248973E-2	3.833943E+3	0.000000E+0	6.187200E+1
2.247985E-2	3.833787E+3	0.000000E+0	6.205400E+1
2.246038E-2	3.833390E+3	0.000000E+0	6.223500E+1
2.245317E-2	3.832990E+3	0.000000E+0	6.241900E+1
2.243029E-2	3.832830E+3	0.000000E+0	6.260100E+1
2.242505E-2	3.832593E+3	0.000000E+0	6.278200E+1
2.240226E-2	3.831640E+3	0.000000E+0	6.296400E+1
2.239410E-2	3.831400E+3	0.000000E+0	6.314400E+1
2.237746E-2	3.831800E+3	0.000000E+0	6.332400E+1
2.236394E-2	3.831640E+3	0.000000E+0	6.350700E+1
2.235092E-2	3.831080E+3	0.000000E+0	6.368800E+1
2.233352E-2	3.830210E+3	0.000000E+0	6.386700E+1
2.232475E-2	3.829650E+3	0.000000E+0	6.404700E+1
2.230378E-2	3.829020E+3	0.000000E+0	6.422900E+1
2.229672E-2	3.828700E+3	0.000000E+0	6.440800E+1
2.227525E-2	3.828540E+3	0.000000E+0	6.458600E+1
2.226863E-2	3.828620E+3	0.000000E+0	6.476900E+1
2.224704E-2	3.829180E+3	0.000000E+0	6.494900E+1
2.223786E-2	3.829260E+3	0.000000E+0	6.513000E+1
2.222227E-2	3.828780E+3	0.000000E+0	6.531200E+1
2.220773E-2	3.827983E+3	0.000000E+0	6.549200E+1
2.219549E-2	3.827110E+3	0.000000E+0	6.567200E+1
2.217738E-2	3.826470E+3	0.000000E+0	6.585500E+1
2.216849E-2	3.826390E+3	0.000000E+0	6.603400E+1
2.214762E-2	3.826630E+3	0.000000E+0	6.621800E+1
2.214193E-2	3.827350E+3	0.000000E+0	6.639800E+1
2.211893E-2	3.826790E+3	0.000000E+0	6.657700E+1
2.211160E-2	3.825520E+3	0.000000E+0	6.676200E+1
2.209139E-2	3.824490E+3	0.000000E+0	6.694400E+1
2.208085E-2	3.823613E+3	0.000000E+0	6.712500E+1
2.206538E-2	3.822103E+3	0.000000E+0	6.730700E+1
2.205041E-2	3.820673E+3	0.000000E+0	6.748700E+1
2.204036E-2	3.820040E+3	0.000000E+0	6.766800E+1
2.201983E-2	3.820200E+3	0.000000E+0	6.785000E+1
2.201162E-2	3.819880E+3	0.000000E+0	6.803300E+1
2.198996E-2	3.819480E+3	0.000000E+0	6.821300E+1
2.198467E-2	3.818923E+3	0.000000E+0	6.839500E+1
2.196104E-2	3.818450E+3	0.000000E+0	6.857400E+1
2.195385E-2	3.817253E+3	0.000000E+0	6.875600E+1
2.193569E-2	3.815983E+3	0.000000E+0	6.893900E+1
2.192295E-2	3.814950E+3	0.000000E+0	6.912100E+1
2.190788E-2	3.813760E+3	0.000000E+0	6.930100E+1
2.189260E-2	3.812883E+3	0.000000E+0	6.948700E+1
2.188065E-2	3.811930E+3	0.000000E+0	6.966800E+1
2.186225E-2	3.810740E+3	0.000000E+0	6.984900E+1
2.185409E-2	3.810420E+3	0.000000E+0	7.003100E+1
2.183253E-2	3.810340E+3	0.000000E+0	7.021400E+1
2.182692E-2	3.809787E+3	0.000000E+0	7.039400E+1
2.180339E-2	3.808830E+3	0.000000E+0	7.057300E+1
2.179633E-2	3.807640E+3	0.000000E+0	7.075300E+1
2.178037E-2	3.807000E+3	0.000000E+0	7.093400E+1
2.176569E-2	3.806290E+3	0.000000E+0	7.111600E+1
2.175133E-2	3.805413E+3	0.000000E+0	7.129600E+1
2.173424E-2	3.804220E+3	0.000000E+0	7.147800E+1
2.172558E-2	3.802790E+3	0.000000E+0	7.165700E+1
2.170422E-2	3.801840E+3	0.000000E+0	7.183900E+1
2.169652E-2	3.800487E+3	0.000000E+0	7.202000E+1
2.167411E-2	3.799213E+3	0.000000E+0	7.220200E+1
2.166870E-2	3.797627E+3	0.000000E+0	7.238100E+1
2.164583E-2	3.796197E+3	0.000000E+0	7.255900E+1
2.163882E-2	3.794923E+3	0.000000E+0	7.274200E+1
2.161978E-2	3.793493E+3	0.000000E+0	7.292200E+1
2.160677E-2	3.791743E+3	0.000000E+0	7.310400E+1
2.159360E-2	3.789360E+3	0.000000E+0	7.328400E+1
2.157633E-2	3.787137E+3	0.000000E+0	7.346500E+1
2.156852E-2	3.785627E+3	0.000000E+0	7.364700E+1
2.154603E-2	3.784590E+3	0.000000E+0	7.382800E+1
2.154031E-2	3.782763E+3	0.000000E+0	7.400700E+1
2.151705E-2	3.781333E+3	0.000000E+0	7.419100E+1
2.151032E-2	3.780063E+3	0.000000E+0	7.437300E+1
2.149271E-2	3.778393E+3	0.000000E+0	7.455400E+1
2.148014E-2	3.776247E+3	0.000000E+0	7.473700E+1
2.146163E-2	3.774023E+3	0.000000E+0	7.491700E+1
2.144794E-2	3.772513E+3	0.000000E+0	7.509700E+1
2.143465E-2	3.771080E+3	0.000000E+0	7.527900E+1
2.141763E-2	3.768937E+3	0.000000E+0	7.545600E+1
2.140845E-2	3.766073E+3	0.000000E+0	7.563900E+1
2.138706E-2	3.763533E+3	0.000000E+0	7.582000E+1
2.138035E-2	3.761227E+3	0.000000E+0	7.600300E+1
2.135697E-2	3.759557E+3	0.000000E+0	7.618600E+1
2.135137E-2	3.757013E+3	0.000000E+0	7.637000E+1
2.132935E-2	3.754633E+3	0.000000E+0	7.655300E+1
2.131985E-2	3.752483E+3	0.000000E+0	7.673400E+1
2.130227E-2	3.750023E+3	0.000000E+0	7.691500E+1
2.128923E-2	3.747320E+3	0.000000E+0	7.709700E+1
2.127783E-2	3.744060E+3	0.000000E+0	7.727900E+1
2.125913E-2	3.741597E+3	0.000000E+0	7.746000E+1
2.124966E-2	3.739453E+3	0.000000E+0	7.764000E+1
2.122716E-2	3.737463E+3	0.000000E+0	7.782400E+1
2.122102E-2	3.735083E+3	0.000000E+0	7.800500E+1
2.119800E-2	3.732773E+3	0.000000E+0	7.818600E+1
2.119187E-2	3.729597E+3	0.000000E+0	7.836900E+1
2.116954E-2	3.726737E+3	0.000000E+0	7.855100E+1
2.116028E-2	3.723557E+3	0.000000E+0	7.873400E+1
2.114359E-2	3.720457E+3	0.000000E+0	7.891500E+1
2.112967E-2	3.717677E+3	0.000000E+0	7.909600E+1
2.111662E-2	3.714417E+3	0.000000E+0	7.927800E+1
2.109907E-2	3.710760E+3	0.000000E+0	7.946300E+1
2.108966E-2	3.707343E+3	0.000000E+0	7.964900E+1
2.106830E-2	3.704800E+3	0.000000E+0	7.982900E+1
2.106235E-2	3.701860E+3	0.000000E+0	8.001000E+1
2.103891E-2	3.698760E+3	0.000000E+0	8.018600E+1
2.103258E-2	3.695820E+3	0.000000E+0	8.036900E+1
2.101009E-2	3.693040E+3	0.000000E+0	8.055100E+1
2.100083E-2	3.690257E+3	0.000000E+0	8.073600E+1
2.098635E-2	3.687717E+3	0.000000E+0	8.091900E+1
2.097035E-2	3.684853E+3	0.000000E+0	8.109900E+1
2.095768E-2	3.681673E+3	0.000000E+0	8.128000E+1
2.093870E-2	3.678973E+3	0.000000E+0	8.146100E+1
2.093020E-2	3.677303E+3	0.000000E+0	8.164200E+1
2.090839E-2	3.676033E+3	0.000000E+0	8.182400E+1
2.090300E-2	3.672773E+3	0.000000E+0	8.200500E+1
2.087852E-2	3.669597E+3	0.000000E+0	8.218400E+1
2.087167E-2	3.667210E+3	0.000000E+0	8.236600E+1
2.085136E-2	3.664667E+3	0.000000E+0	8.254600E+1
2.084108E-2	3.662283E+3	0.000000E+0	8.272300E+1
2.082678E-2	3.660217E+3	0.000000E+0	8.290300E+1
2.081063E-2	3.657993E+3	0.000000E+0	8.308300E+1
2.079968E-2	3.656007E+3	0.000000E+0	8.326600E+1
2.077942E-2	3.655290E+3	0.000000E+0	8.344500E+1
2.075189E-2	3.654375E+3	0.000000E+0	8.373000E+1
2.074597E-2	3.652983E+3	0.000000E+0	8.390300E+1
2.073631E-2	3.651157E+3	0.000000E+0	8.406600E+1
2.071558E-2	3.650043E+3	0.000000E+0	8.423400E+1
2.071137E-2	3.649490E+3	0.000000E+0	8.440600E+1
2.068864E-2	3.649250E+3	0.000000E+0	8.459200E+1
2.068060E-2	3.649250E+3	0.000000E+0	8.477600E+1
2.065860E-2	3.649490E+3	0.000000E+0	8.495300E+1
2.064875E-2	3.649730E+3	0.000000E+0	8.513500E+1
2.063112E-2	3.650200E+3	0.000000E+0	8.531600E+1
2.061711E-2	3.650840E+3	0.000000E+0	8.549800E+1
2.060528E-2	3.651557E+3	0.000000E+0	8.567900E+1
2.058613E-2	3.652430E+3	0.000000E+0	8.586100E+1
2.057838E-2	3.653140E+3	0.000000E+0	8.604200E+1
2.055536E-2	3.653860E+3	0.000000E+0	8.622200E+1
2.055028E-2	3.655287E+3	0.000000E+0	8.640100E+1
2.052724E-2	3.658230E+3	0.000000E+0	8.658100E+1
2.051884E-2	3.661250E+3	0.000000E+0	8.676300E+1
2.049948E-2	3.663473E+3	0.000000E+0	8.694400E+1
2.048809E-2	3.665463E+3	0.000000E+0	8.712600E+1
2.047365E-2	3.667370E+3	0.000000E+0	8.730700E+1
2.045684E-2	3.669357E+3	0.000000E+0	8.748900E+1
2.044628E-2	3.671897E+3	0.000000E+0	8.767000E+1
2.042610E-2	3.674600E+3	0.000000E+0	8.785200E+1
2.042070E-2	3.677860E+3	0.000000E+0	8.803300E+1
2.039739E-2	3.680720E+3	0.000000E+0	8.821600E+1
2.039058E-2	3.683423E+3	0.000000E+0	8.839900E+1
2.036656E-2	3.685727E+3	0.000000E+0	8.858000E+1
2.035893E-2	3.688273E+3	0.000000E+0	8.876200E+1
2.033885E-2	3.690653E+3	0.000000E+0	8.894300E+1
2.032811E-2	3.693597E+3	0.000000E+0	8.912300E+1
2.031303E-2	3.696297E+3	0.000000E+0	8.930700E+1
2.029656E-2	3.699557E+3	0.000000E+0	8.949000E+1
2.028498E-2	3.703133E+3	0.000000E+0	8.966900E+1
2.026489E-2	3.705833E+3	0.000000E+0	8.985200E+1
2.025628E-2	3.708457E+3	0.000000E+0	9.003500E+1
2.023445E-2	3.710843E+3	0.000000E+0	9.021600E+1
2.022942E-2	3.713623E+3	0.000000E+0	9.039600E+1
2.020599E-2	3.716800E+3	0.000000E+0	9.057900E+1
2.019813E-2	3.720380E+3	0.000000E+0	9.075900E+1
2.017915E-2	3.723637E+3	0.000000E+0	9.094300E+1
2.016717E-2	3.726340E+3	0.000000E+0	9.112400E+1
2.015090E-2	3.729597E+3	0.000000E+0	9.130700E+1
2.013570E-2	3.733093E+3	0.000000E+0	9.149000E+1
2.012360E-2	3.736353E+3	0.000000E+0	9.167000E+1
2.010427E-2	3.738817E+3	0.000000E+0	9.185200E+1
2.009602E-2	3.741993E+3	0.000000E+0	9.203700E+1
2.007385E-2	3.745330E+3	0.000000E+0	9.221700E+1
2.006828E-2	3.748910E+3	0.000000E+0	9.239700E+1
2.004393E-2	3.752087E+3	0.000000E+0	9.257800E+1
2.003660E-2	3.755187E+3	0.000000E+0	9.275800E+1
2.002077E-2	3.758447E+3	0.000000E+0	9.294100E+1
2.000545E-2	3.761703E+3	0.000000E+0	9.312300E+1
1.998868E-2	3.765120E+3	0.000000E+0	9.330600E+1
1.997361E-2	3.768300E+3	0.000000E+0	9.348600E+1
1.996088E-2	3.771637E+3	0.000000E+0	9.366600E+1
1.994230E-2	3.774497E+3	0.000000E+0	9.385000E+1
1.993394E-2	3.777283E+3	0.000000E+0	9.403000E+1
1.991212E-2	3.779107E+3	0.000000E+0	9.421200E+1
1.990631E-2	3.781493E+3	0.000000E+0	9.439300E+1
1.988204E-2	3.784037E+3	0.000000E+0	9.457500E+1
1.987508E-2	3.786737E+3	0.000000E+0	9.475700E+1
1.985447E-2	3.789123E+3	0.000000E+0	9.493900E+1
1.984380E-2	3.791267E+3	0.000000E+0	9.511900E+1
1.982833E-2	3.792937E+3	0.000000E+0	9.530500E+1
1.981217E-2	3.793970E+3	0.000000E+0	9.548600E+1
1.980205E-2	3.795797E+3	0.000000E+0	9.567000E+1
1.978168E-2	3.798103E+3	0.000000E+0	9.585300E+1
1.977293E-2	3.800487E+3	0.000000E+0	9.603200E+1
1.974984E-2	3.802553E+3	0.000000E+0	9.621500E+1
1.974363E-2	3.804697E+3	0.000000E+0	9.639600E+1
1.971912E-2	3.806447E+3	0.000000E+0	9.657900E+1
1.971320E-2	3.808753E+3	0.000000E+0	9.676200E+1
1.969192E-2	3.810500E+3	0.000000E+0	9.694400E+1
1.968157E-2	3.811850E+3	0.000000E+0	9.712600E+1
1.966528E-2	3.813680E+3	0.000000E+0	9.730800E+1
1.964965E-2	3.815347E+3	0.000000E+0	9.749200E+1
1.963803E-2	3.816620E+3	0.000000E+0	9.767300E+1
1.961869E-2	3.818130E+3	0.000000E+0	9.785600E+1
1.961006E-2	3.820037E+3	0.000000E+0	9.804000E+1
1.958765E-2	3.821467E+3	0.000000E+0	9.822200E+1
1.958239E-2	3.823057E+3	0.000000E+0	9.840300E+1
1.955819E-2	3.824330E+3	0.000000E+0	9.858400E+1
1.955150E-2	3.825600E+3	0.000000E+0	9.876900E+1
1.952812E-2	3.826870E+3	0.000000E+0	9.895200E+1
1.951966E-2	3.828697E+3	0.000000E+0	9.913300E+1
1.950484E-2	3.830767E+3	0.000000E+0	9.931900E+1
1.948821E-2	3.832277E+3	0.000000E+0	9.949900E+1
1.947436E-2	3.833547E+3	0.000000E+0	9.968300E+1
1.945644E-2	3.835217E+3	0.000000E+0	9.986600E+1
1.944672E-2	3.836410E+3	0.000000E+0	1.000490E+2
1.942487E-2	3.836967E+3	0.000000E+0	1.002300E+2
1.941845E-2	3.837520E+3	0.000000E+0	1.004150E+2
1.939460E-2	3.838080E+3	0.000000E+0	1.005950E+2
1.938875E-2	3.839270E+3	0.000000E+0	1.007750E+2
1.936560E-2	3.840860E+3	0.000000E+0	1.009580E+2
1.935715E-2	3.842130E+3	0.000000E+0	1.011400E+2
1.933957E-2	3.843400E+3	0.000000E+0	1.013230E+2
1.932565E-2	3.844673E+3	0.000000E+0	1.015030E+2
1.931242E-2	3.845787E+3	0.000000E+0	1.016860E+2
1.929416E-2	3.846820E+3	0.000000E+0	1.018690E+2
1.928513E-2	3.848090E+3	0.000000E+0	1.020520E+2
1.926335E-2	3.849600E+3	0.000000E+0	1.022330E+2
1.925629E-2	3.850633E+3	0.000000E+0	1.024160E+2
1.923254E-2	3.851670E+3	0.000000E+0	1.025960E+2
1.922706E-2	3.852540E+3	0.000000E+0	1.027800E+2
1.920650E-2	3.853337E+3	0.000000E+0	1.029620E+2
1.919497E-2	3.853650E+3	0.000000E+0	1.031430E+2
1.917611E-2	3.853890E+3	0.000000E+0	1.033280E+2
1.916277E-2	3.854527E+3	0.000000E+0	1.035090E+2
1.914847E-2	3.855560E+3	0.000000E+0	1.036900E+2
1.913177E-2	3.856040E+3	0.000000E+0	1.038690E+2
1.912269E-2	3.857867E+3	0.000000E+0	1.040510E+2
1.910044E-2	3.859613E+3	0.000000E+0	1.042310E+2
1.909416E-2	3.860650E+3	0.000000E+0	1.044160E+2
1.907006E-2	3.861200E+3	0.000000E+0	1.045990E+2
1.906430E-2	3.861360E+3	0.000000E+0	1.047790E+2
1.904150E-2	3.862713E+3	0.000000E+0	1.049580E+2
1.903244E-2	3.863510E+3	0.000000E+0	1.051410E+2
1.901376E-2	3.863983E+3	0.000000E+0	1.053280E+2
1.900119E-2	3.865020E+3	0.000000E+0	1.055090E+2
1.898757E-2	3.865970E+3	0.000000E+0	1.056910E+2
1.896958E-2	3.866850E+3	0.000000E+0	1.058730E+2
1.895942E-2	3.867083E+3	0.000000E+0	1.060560E+2
1.893760E-2	3.867640E+3	0.000000E+0	1.062380E+2
1.893305E-2	3.867880E+3	0.000000E+0	1.064190E+2
1.890890E-2	3.868197E+3	0.000000E+0	1.066010E+2
1.890218E-2	3.868990E+3	0.000000E+0	1.067780E+2
1.887869E-2	3.869630E+3	0.000000E+0	1.069600E+2
1.887010E-2	3.870900E+3	0.000000E+0	1.071420E+2
1.885123E-2	3.871613E+3	0.000000E+0	1.073230E+2
1.883787E-2	3.871537E+3	0.000000E+0	1.075040E+2
1.882484E-2	3.871613E+3	0.000000E+0	1.076850E+2
1.880670E-2	3.871690E+3	0.000000E+0	1.078660E+2
1.879749E-2	3.871690E+3	0.000000E+0	1.080470E+2
1.877458E-2	3.871690E+3	0.000000E+0	1.082330E+2
1.876923E-2	3.871690E+3	0.000000E+0	1.084170E+2
1.874449E-2	3.872330E+3	0.000000E+0	1.086000E+2
1.873866E-2	3.873600E+3	0.000000E+0	1.087810E+2
1.871498E-2	3.874793E+3	0.000000E+0	1.089670E+2
1.870690E-2	3.875510E+3	0.000000E+0	1.091460E+2
1.868869E-2	3.875987E+3	0.000000E+0	1.093300E+2
1.867522E-2	3.876620E+3	0.000000E+0	1.095140E+2
1.866031E-2	3.876860E+3	0.000000E+0	1.096950E+2
1.864251E-2	3.877100E+3	0.000000E+0	1.098780E+2
1.863228E-2	3.876940E+3	0.000000E+0	1.100580E+2
1.861074E-2	3.875987E+3	0.000000E+0	1.102400E+2
1.860531E-2	3.875830E+3	0.000000E+0	1.104260E+2
1.858023E-2	3.876540E+3	0.000000E+0	1.106070E+2
1.857410E-2	3.877497E+3	0.000000E+0	1.107880E+2
1.855186E-2	3.878210E+3	0.000000E+0	1.109730E+2
1.854140E-2	3.879010E+3	0.000000E+0	1.111550E+2
1.852825E-2	3.879090E+3	0.000000E+0	1.113370E+2
1.850660E-2	3.879090E+3	0.000000E+0	1.115150E+2
1.850173E-2	3.879090E+3	0.000000E+0	1.116950E+2
1.848425E-2	3.879010E+3	0.000000E+0	1.118780E+2
1.847000E-2	3.879560E+3	0.000000E+0	1.120580E+2
1.845759E-2	3.880040E+3	0.000000E+0	1.122410E+2
1.844792E-2	3.880753E+3	0.000000E+0	1.124210E+2
1.844007E-2	3.881630E+3	0.000000E+0	1.126030E+2
1.843323E-2	3.882260E+3	0.000000E+0	1.127840E+2
1.842750E-2	3.882340E+3	0.000000E+0	1.129660E+2
1.842281E-2	3.882103E+3	0.000000E+0	1.131490E+2
1.841836E-2	3.881470E+3	0.000000E+0	1.133290E+2
1.841554E-2	3.880990E+3	0.000000E+0	1.135110E+2
1.841287E-2	3.881470E+3	0.000000E+0	1.136950E+2
1.841079E-2	3.882103E+3	0.000000E+0	1.138760E+2
1.840864E-2	3.882340E+3	0.000000E+0	1.140590E+2
1.838013E-2	3.882660E+3	0.000000E+0	1.142400E+2
1.830502E-2	3.883537E+3	0.000000E+0	1.144210E+2
1.829503E-2	3.884570E+3	0.000000E+0	1.146020E+2
1.826963E-2	3.885207E+3	0.000000E+0	1.147890E+2
1.826224E-2	3.886080E+3	0.000000E+0	1.149750E+2
1.823957E-2	3.886633E+3	0.000000E+0	1.151560E+2
1.823065E-2	3.886710E+3	0.000000E+0	1.153420E+2
1.821238E-2	3.886710E+3	0.000000E+0	1.155220E+2
1.819846E-2	3.886710E+3	0.000000E+0	1.157030E+2
1.818614E-2	3.886710E+3	0.000000E+0	1.158870E+2
1.816708E-2	3.886710E+3	0.000000E+0	1.160640E+2
1.815813E-2	3.886633E+3	0.000000E+0	1.162440E+2
1.813567E-2	3.886000E+3	0.000000E+0	1.164240E+2
1.813074E-2	3.885360E+3	0.000000E+0	1.166050E+2
1.810836E-2	3.885680E+3	0.000000E+0	1.167880E+2
1.809905E-2	3.886240E+3	0.000000E+0	1.169720E+2
1.807741E-2	3.887110E+3	0.000000E+0	1.171510E+2
1.806719E-2	3.888383E+3	0.000000E+0	1.173310E+2
1.805135E-2	3.889020E+3	0.000000E+0	1.175130E+2
1.803501E-2	3.889180E+3	0.000000E+0	1.176940E+2
1.802445E-2	3.888860E+3	0.000000E+0	1.178760E+2
1.800457E-2	3.888780E+3	0.000000E+0	1.180560E+2
1.799703E-2	3.888940E+3	0.000000E+0	1.182350E+2
1.797388E-2	3.889340E+3	0.000000E+0	1.184140E+2
1.796724E-2	3.889180E+3	0.000000E+0	1.185920E+2
1.794250E-2	3.888860E+3	0.000000E+0	1.187760E+2
1.793567E-2	3.888620E+3	0.000000E+0	1.189570E+2
1.791655E-2	3.888620E+3	0.000000E+0	1.191390E+2
1.790418E-2	3.888940E+3	0.000000E+0	1.193220E+2
1.788930E-2	3.889420E+3	0.000000E+0	1.195060E+2
1.787259E-2	3.889580E+3	0.000000E+0	1.196890E+2
1.786155E-2	3.889733E+3	0.000000E+0	1.198720E+2
1.784099E-2	3.889580E+3	0.000000E+0	1.200520E+2
1.783313E-2	3.889500E+3	0.000000E+0	1.202340E+2
1.780947E-2	3.889580E+3	0.000000E+0	1.204180E+2
1.780509E-2	3.889657E+3	0.000000E+0	1.205990E+2
1.778078E-2	3.890130E+3	0.000000E+0	1.207810E+2
1.777267E-2	3.890530E+3	0.000000E+0	1.209650E+2
1.775206E-2	3.890850E+3	0.000000E+0	1.211450E+2
1.774077E-2	3.890770E+3	0.000000E+0	1.213250E+2
1.772499E-2	3.890690E+3	0.000000E+0	1.215090E+2
1.770904E-2	3.890290E+3	0.000000E+0	1.216920E+2
1.769900E-2	3.889733E+3	0.000000E+0	1.218700E+2
1.767751E-2	3.889340E+3	0.000000E+0	1.220540E+2
1.766977E-2	3.888860E+3	0.000000E+0	1.222350E+2
1.764609E-2	3.889340E+3	0.000000E+0	1.224180E+2
1.764110E-2	3.890290E+3	0.000000E+0	1.226010E+2
1.761969E-2	3.891243E+3	0.000000E+0	1.227810E+2
1.760979E-2	3.892120E+3	0.000000E+0	1.229610E+2
1.758941E-2	3.893070E+3	0.000000E+0	1.231440E+2
1.757781E-2	3.893390E+3	0.000000E+0	1.233250E+2
1.756251E-2	3.893630E+3	0.000000E+0	1.235080E+2
1.754588E-2	3.894263E+3	0.000000E+0	1.236900E+2
1.753321E-2	3.894580E+3	0.000000E+0	1.238740E+2
1.751426E-2	3.894580E+3	0.000000E+0	1.240540E+2
1.750710E-2	3.894343E+3	0.000000E+0	1.242380E+2
1.748351E-2	3.893950E+3	0.000000E+0	1.244210E+2
1.747721E-2	3.894107E+3	0.000000E+0	1.246050E+2
1.745261E-2	3.894580E+3	0.000000E+0	1.247880E+2
1.744601E-2	3.894740E+3	0.000000E+0	1.249710E+2
1.742343E-2	3.894343E+3	0.000000E+0	1.251550E+2
1.741387E-2	3.893870E+3	0.000000E+0	1.253390E+2
1.739749E-2	3.893630E+3	0.000000E+0	1.255220E+2
1.738217E-2	3.892913E+3	0.000000E+0	1.257050E+2
1.736882E-2	3.892200E+3	0.000000E+0	1.258890E+2
1.735087E-2	3.891640E+3	0.000000E+0	1.260690E+2
1.734439E-2	3.891400E+3	0.000000E+0	1.262510E+2
1.732039E-2	3.892277E+3	0.000000E+0	1.264350E+2
1.731226E-2	3.893550E+3	0.000000E+0	1.266140E+2
1.728830E-2	3.894820E+3	0.000000E+0	1.267950E+2
1.728267E-2	3.894820E+3	0.000000E+0	1.269770E+2
1.725918E-2	3.894187E+3	0.000000E+0	1.271580E+2
1.725015E-2	3.894580E+3	0.000000E+0	1.273410E+2
1.723182E-2	3.895220E+3	0.000000E+0	1.275220E+2
1.721826E-2	3.895220E+3	0.000000E+0	1.277040E+2
1.720444E-2	3.895060E+3	0.000000E+0	1.278850E+2
1.718671E-2	3.894660E+3	0.000000E+0	1.280680E+2
1.717727E-2	3.894107E+3	0.000000E+0	1.282520E+2
1.715514E-2	3.893630E+3	0.000000E+0	1.284350E+2
1.714937E-2	3.893070E+3	0.000000E+0	1.286150E+2
1.712460E-2	3.893710E+3	0.000000E+0	1.287970E+2
1.711943E-2	3.894263E+3	0.000000E+0	1.289780E+2
1.709744E-2	3.893950E+3	0.000000E+0	1.291660E+2
1.708697E-2	3.894343E+3	0.000000E+0	1.293460E+2
1.706740E-2	3.895140E+3	0.000000E+0	1.295270E+2
1.705502E-2	3.895300E+3	0.000000E+0	1.297090E+2
1.704031E-2	3.895460E+3	0.000000E+0	1.298890E+2
1.702292E-2	3.895930E+3	0.000000E+0	1.300710E+2
1.701366E-2	3.895773E+3	0.000000E+0	1.302520E+2
1.699170E-2	3.894660E+3	0.000000E+0	1.304350E+2
1.698500E-2	3.893790E+3	0.000000E+0	1.306150E+2
1.696135E-2	3.893630E+3	0.000000E+0	1.307950E+2
1.695555E-2	3.893950E+3	0.000000E+0	1.309780E+2
1.693244E-2	3.894343E+3	0.000000E+0	1.311580E+2
1.692267E-2	3.894580E+3	0.000000E+0	1.313380E+2
1.690493E-2	3.894660E+3	0.000000E+0	1.315210E+2
1.689098E-2	3.894660E+3	0.000000E+0	1.317030E+2
1.687894E-2	3.894420E+3	0.000000E+0	1.318800E+2
1.685930E-2	3.894580E+3	0.000000E+0	1.320600E+2
1.685083E-2	3.895457E+3	0.000000E+0	1.322430E+2
1.682847E-2	3.896170E+3	0.000000E+0	1.324230E+2
1.682311E-2	3.896330E+3	0.000000E+0	1.326050E+2
1.679962E-2	3.896730E+3	0.000000E+0	1.327860E+2
1.679176E-2	3.896730E+3	0.000000E+0	1.329660E+2
1.677014E-2	3.896730E+3	0.000000E+0	1.331490E+2
1.675966E-2	3.896970E+3	0.000000E+0	1.333310E+2
1.674329E-2	3.896810E+3	0.000000E+0	1.335120E+2
1.672790E-2	3.896330E+3	0.000000E+0	1.336920E+2
1.671726E-2	3.896010E+3	0.000000E+0	1.338740E+2
1.669618E-2	3.896090E+3	0.000000E+0	1.340540E+2
1.668898E-2	3.896250E+3	0.000000E+0	1.342370E+2
1.666565E-2	3.896010E+3	0.000000E+0	1.344140E+2
1.666003E-2	3.895930E+3	0.000000E+0	1.345940E+2
1.663631E-2	3.895300E+3	0.000000E+0	1.347730E+2
1.662822E-2	3.894343E+3	0.000000E+0	1.349520E+2
1.660969E-2	3.894187E+3	0.000000E+0	1.351320E+2
1.659629E-2	3.895060E+3	0.000000E+0	1.353160E+2
1.658204E-2	3.896330E+3	0.000000E+0	1.355000E+2
1.656394E-2	3.897047E+3	0.000000E+0	1.356830E+2
1.655347E-2	3.896970E+3	0.000000E+0	1.358670E+2
1.653199E-2	3.896810E+3	0.000000E+0	1.360490E+2
1.652722E-2	3.896650E+3	0.000000E+0	1.362300E+2
1.650310E-2	3.896570E+3	0.000000E+0	1.364100E+2
1.649611E-2	3.896170E+3	0.000000E+0	1.365920E+2
1.647215E-2	3.895770E+3	0.000000E+0	1.367750E+2
1.646433E-2	3.895693E+3	0.000000E+0	1.369560E+2
1.644440E-2	3.895460E+3	0.000000E+0	1.371380E+2
1.643168E-2	3.895460E+3	0.000000E+0	1.373190E+2
1.641751E-2	3.895693E+3	0.000000E+0	1.374990E+2
1.640002E-2	3.896010E+3	0.000000E+0	1.376810E+2
1.639050E-2	3.896490E+3	0.000000E+0	1.378620E+2
1.636784E-2	3.897840E+3	0.000000E+0	1.380450E+2
1.636105E-2	3.899190E+3	0.000000E+0	1.382250E+2
1.633714E-2	3.900067E+3	0.000000E+0	1.384070E+2
1.633177E-2	3.900300E+3	0.000000E+0	1.385880E+2
1.630894E-2	3.899990E+3	0.000000E+0	1.387680E+2
1.630034E-2	3.899270E+3	0.000000E+0	1.389510E+2
1.628197E-2	3.898480E+3	0.000000E+0	1.391350E+2
1.626829E-2	3.898320E+3	0.000000E+0	1.393180E+2
1.625386E-2	3.897840E+3	0.000000E+0	1.394980E+2
1.623593E-2	3.897520E+3	0.000000E+0	1.396810E+2
1.622870E-2	3.898397E+3	0.000000E+0	1.398630E+2
1.620552E-2	3.899510E+3	0.000000E+0	1.400440E+2
1.619819E-2	3.900303E+3	0.000000E+0	1.402260E+2
1.617364E-2	3.900780E+3	0.000000E+0	1.404080E+2
1.616782E-2	3.901417E+3	0.000000E+0	1.405890E+2
1.614315E-2	3.901970E+3	0.000000E+0	1.407750E+2
1.613561E-2	3.902210E+3	0.000000E+0	1.409570E+2
1.611460E-2	3.901890E+3	0.000000E+0	1.411360E+2
1.610336E-2	3.901890E+3	0.000000E+0	1.413190E+2
1.608891E-2	3.901730E+3	0.000000E+0	1.415010E+2
1.607142E-2	3.901577E+3	0.000000E+0	1.416810E+2
1.606036E-2	3.901260E+3	0.000000E+0	1.418620E+2
1.603985E-2	3.900940E+3	0.000000E+0	1.420420E+2
1.603215E-2	3.901100E+3	0.000000E+0	1.422280E+2
1.600826E-2	3.901573E+3	0.000000E+0	1.424090E+2
1.600370E-2	3.902050E+3	0.000000E+0	1.425920E+2
1.598036E-2	3.902290E+3	0.000000E+0	1.427720E+2
1.597145E-2	3.902850E+3	0.000000E+0	1.429540E+2
1.595259E-2	3.902930E+3	0.000000E+0	1.431350E+2
1.593902E-2	3.902850E+3	0.000000E+0	1.433170E+2
1.592893E-2	3.902930E+3	0.000000E+0	1.434980E+2
1.590845E-2	3.903167E+3	0.000000E+0	1.436800E+2
1.589741E-2	3.903640E+3	0.000000E+0	1.438610E+2
1.587603E-2	3.904120E+3	0.000000E+0	1.440470E+2
1.586781E-2	3.903800E+3	0.000000E+0	1.442280E+2
1.584471E-2	3.902850E+3	0.000000E+0	1.444100E+2
1.583880E-2	3.902690E+3	0.000000E+0	1.445940E+2
1.581383E-2	3.902690E+3	0.000000E+0	1.447780E+2
1.580711E-2	3.902690E+3	0.000000E+0	1.449580E+2
1.578616E-2	3.902450E+3	0.000000E+0	1.451360E+2
1.577514E-2	3.901890E+3	0.000000E+0	1.453160E+2
1.576005E-2	3.901730E+3	0.000000E+0	1.454970E+2
1.574338E-2	3.901730E+3	0.000000E+0	1.456790E+2
1.573274E-2	3.901497E+3	0.000000E+0	1.458600E+2
1.571153E-2	3.901340E+3	0.000000E+0	1.460400E+2
1.570608E-2	3.901890E+3	0.000000E+0	1.462220E+2
1.568160E-2	3.902210E+3	0.000000E+0	1.464030E+2
1.567551E-2	3.902210E+3	0.000000E+0	1.465870E+2
1.565099E-2	3.901417E+3	0.000000E+0	1.467670E+2
1.564288E-2	3.900227E+3	0.000000E+0	1.469490E+2
1.562300E-2	3.899750E+3	0.000000E+0	1.471300E+2
1.561058E-2	3.899430E+3	0.000000E+0	1.473100E+2
1.559614E-2	3.899350E+3	0.000000E+0	1.474920E+2
1.557880E-2	3.898793E+3	0.000000E+0	1.476730E+2
1.556914E-2	3.897520E+3	0.000000E+0	1.478520E+2
1.554671E-2	3.896810E+3	0.000000E+0	1.480330E+2
1.554181E-2	3.897283E+3	0.000000E+0	1.482130E+2
1.551711E-2	3.898397E+3	0.000000E+0	1.483930E+2
1.551040E-2	3.898870E+3	0.000000E+0	1.485750E+2
1.548777E-2	3.898717E+3	0.000000E+0	1.487560E+2
1.547924E-2	3.898870E+3	0.000000E+0	1.489370E+2
1.546131E-2	3.899430E+3	0.000000E+0	1.491200E+2
1.544670E-2	3.900070E+3	0.000000E+0	1.493040E+2
1.543324E-2	3.900070E+3	0.000000E+0	1.494840E+2
1.541440E-2	3.900070E+3	0.000000E+0	1.496640E+2
1.540545E-2	3.899830E+3	0.000000E+0	1.498440E+2
1.538362E-2	3.899510E+3	0.000000E+0	1.500280E+2
1.537750E-2	3.899830E+3	0.000000E+0	1.502090E+2
1.535297E-2	3.900460E+3	0.000000E+0	1.503900E+2
1.534627E-2	3.900540E+3	0.000000E+0	1.505700E+2
1.532346E-2	3.900460E+3	0.000000E+0	1.507530E+2
1.531415E-2	3.899590E+3	0.000000E+0	1.509330E+2
1.529614E-2	3.898557E+3	0.000000E+0	1.511160E+2
1.528189E-2	3.898637E+3	0.000000E+0	1.512990E+2
1.526989E-2	3.898793E+3	0.000000E+0	1.514800E+2
1.524998E-2	3.898640E+3	0.000000E+0	1.516630E+2
1.524137E-2	3.899190E+3	0.000000E+0	1.518460E+2
1.521827E-2	3.899670E+3	0.000000E+0	1.520280E+2
1.521189E-2	3.899270E+3	0.000000E+0	1.522100E+2
1.518735E-2	3.898717E+3	0.000000E+0	1.523930E+2
1.518151E-2	3.898640E+3	0.000000E+0	1.525760E+2
1.515909E-2	3.898870E+3	0.000000E+0	1.527590E+2
1.514941E-2	3.899030E+3	0.000000E+0	1.529390E+2
1.513277E-2	3.899510E+3	0.000000E+0	1.531160E+2
1.511747E-2	3.899590E+3	0.000000E+0	1.532980E+2
1.510503E-2	3.899590E+3	0.000000E+0	1.534770E+2
1.508601E-2	3.900067E+3	0.000000E+0	1.536600E+2
1.507878E-2	3.900380E+3	0.000000E+0	1.538420E+2
1.505490E-2	3.900460E+3	0.000000E+0	1.540220E+2
1.504978E-2	3.900940E+3	0.000000E+0	1.542050E+2
1.502459E-2	3.901260E+3	0.000000E+0	1.543910E+2
1.501795E-2	3.901260E+3	0.000000E+0	1.545750E+2
1.499495E-2	3.901020E+3	0.000000E+0	1.547560E+2
1.498495E-2	3.901180E+3	0.000000E+0	1.549390E+2
1.496908E-2	3.901890E+3	0.000000E+0	1.551200E+2
1.495364E-2	3.902050E+3	0.000000E+0	1.553020E+2
1.494134E-2	3.901260E+3	0.000000E+0	1.554820E+2
1.492197E-2	3.900540E+3	0.000000E+0	1.556610E+2
1.491330E-2	3.900070E+3	0.000000E+0	1.558440E+2
1.489020E-2	3.900460E+3	0.000000E+0	1.560270E+2
1.488517E-2	3.900147E+3	0.000000E+0	1.562070E+2
1.486028E-2	3.900147E+3	0.000000E+0	1.563890E+2
1.485308E-2	3.900620E+3	0.000000E+0	1.565700E+2
1.483112E-2	3.901100E+3	0.000000E+0	1.567510E+2
1.482089E-2	3.901260E+3	0.000000E+0	1.569330E+2
1.480467E-2	3.901180E+3	0.000000E+0	1.571120E+2
1.478816E-2	3.901260E+3	0.000000E+0	1.572950E+2
1.477780E-2	3.901340E+3	0.000000E+0	1.574770E+2
1.475680E-2	3.901260E+3	0.000000E+0	1.576570E+2
1.474979E-2	3.900780E+3	0.000000E+0	1.578390E+2
1.472576E-2	3.900540E+3	0.000000E+0	1.580160E+2
1.472018E-2	3.900780E+3	0.000000E+0	1.581980E+2
1.469537E-2	3.901100E+3	0.000000E+0	1.583830E+2
1.468848E-2	3.901420E+3	0.000000E+0	1.585630E+2
1.466870E-2	3.901500E+3	0.000000E+0	1.587450E+2
1.465606E-2	3.901730E+3	0.000000E+0	1.589250E+2
1.464043E-2	3.901970E+3	0.000000E+0	1.591090E+2
1.462436E-2	3.901810E+3	0.000000E+0	1.592890E+2
1.461704E-2	3.901730E+3	0.000000E+0	1.594710E+2
1.459294E-2	3.901970E+3	0.000000E+0	1.596500E+2
1.458468E-2	3.903483E+3	0.000000E+0	1.598330E+2
1.456100E-2	3.904360E+3	0.000000E+0	1.600110E+2
1.455610E-2	3.903880E+3	0.000000E+0	1.601910E+2
1.453202E-2	3.904280E+3	0.000000E+0	1.603740E+2
1.452351E-2	3.905310E+3	0.000000E+0	1.605540E+2
1.450397E-2	3.905550E+3	0.000000E+0	1.607330E+2
1.449135E-2	3.905150E+3	0.000000E+0	1.609160E+2
1.447520E-2	3.905310E+3	0.000000E+0	1.610990E+2
1.445964E-2	3.906277E+3	0.000000E+0	1.612830E+2
1.444852E-2	3.906440E+3	0.000000E+0	1.614640E+2
1.442742E-2	3.905950E+3	0.000000E+0	1.616470E+2
1.442112E-2	3.905550E+3	0.000000E+0	1.618270E+2
1.439653E-2	3.904990E+3	0.000000E+0	1.620090E+2
1.439128E-2	3.904600E+3	0.000000E+0	1.621910E+2
1.436788E-2	3.904990E+3	0.000000E+0	1.623720E+2
1.435870E-2	3.905470E+3	0.000000E+0	1.625530E+2
1.433786E-2	3.905470E+3	0.000000E+0	1.627340E+2
1.432623E-2	3.904753E+3	0.000000E+0	1.629150E+2
1.431653E-2	3.904200E+3	0.000000E+0	1.630990E+2
1.429521E-2	3.904360E+3	0.000000E+0	1.632790E+2
1.428436E-2	3.903880E+3	0.000000E+0	1.634590E+2
1.426253E-2	3.903640E+3	0.000000E+0	1.636380E+2
1.425611E-2	3.903960E+3	0.000000E+0	1.638180E+2
1.421395E-2	3.904753E+3	0.000000E+0	1.642870E+2
1.419596E-2	3.904990E+3	0.000000E+0	1.644700E+2
1.418637E-2	3.904360E+3	0.000000E+0	1.646530E+2
1.416438E-2	3.904677E+3	0.000000E+0	1.648320E+2
1.415865E-2	3.905470E+3	0.000000E+0	1.650100E+2
1.413384E-2	3.905550E+3	0.000000E+0	1.651890E+2
1.412787E-2	3.905470E+3	0.000000E+0	1.653690E+2
1.410424E-2	3.905070E+3	0.000000E+0	1.655490E+2
1.409570E-2	3.904597E+3	0.000000E+0	1.657320E+2
1.408053E-2	3.904200E+3	0.000000E+0	1.659150E+2
1.406354E-2	3.904120E+3	0.000000E+0	1.660980E+2
1.404974E-2	3.904120E+3	0.000000E+0	1.662790E+2
1.403046E-2	3.903960E+3	0.000000E+0	1.664620E+2
1.402179E-2	3.903640E+3	0.000000E+0	1.666420E+2
1.399880E-2	3.903800E+3	0.000000E+0	1.668220E+2
1.399355E-2	3.904280E+3	0.000000E+0	1.670050E+2
1.396886E-2	3.904360E+3	0.000000E+0	1.671870E+2
1.396219E-2	3.904753E+3	0.000000E+0	1.673670E+2
1.393994E-2	3.904280E+3	0.000000E+0	1.675480E+2
1.392995E-2	3.903880E+3	0.000000E+0	1.677300E+2
1.392743E-2	3.904280E+3	0.000000E+0	1.679110E+2
1.392588E-2	3.904520E+3	0.000000E+0	1.680900E+2
1.392559E-2	3.904677E+3	0.000000E+0	1.682730E+2
1.392462E-2	3.904830E+3	0.000000E+0	1.684500E+2
1.392439E-2	3.905070E+3	0.000000E+0	1.686320E+2
1.392379E-2	3.905150E+3	0.000000E+0	1.688130E+2
1.392370E-2	3.904753E+3	0.000000E+0	1.689950E+2
1.392318E-2	3.904280E+3	0.000000E+0	1.691730E+2
1.392237E-2	3.904120E+3	0.000000E+0	1.693520E+2
1.392273E-2	3.904200E+3	0.000000E+0	1.695340E+2
1.392242E-2	3.904440E+3	0.000000E+0	1.697150E+2
1.392258E-2	3.905310E+3	0.000000E+0	1.698970E+2
1.392236E-2	3.905790E+3	0.000000E+0	1.700810E+2
1.392198E-2	3.906197E+3	0.000000E+0	1.702610E+2
1.392210E-2	3.906520E+3	0.000000E+0	1.704430E+2
1.392224E-2	3.906520E+3	0.000000E+0	1.706260E+2
1.392224E-2	3.906760E+3	0.000000E+0	1.708060E+2
