X channel: Keithley, channel #5; mode:  DCV; scale:  0.10; X converted, conversion factor:1.000000E+0
Y channel: Lock-in, mkV
II channel: B7-78, Ohm; scale:  10000.000000
X channel	Y channel	II channel	timestamp, sec
1.392085E-2	3.920030E+3	0.000000E+0	0.000000E+0
1.392059E-2	3.919710E+3	0.000000E+0	1.830000E-1
1.392077E-2	3.919470E+3	0.000000E+0	3.650000E-1
1.392047E-2	3.919390E+3	0.000000E+0	5.460000E-1
1.392032E-2	3.919150E+3	0.000000E+0	7.290000E-1
1.392034E-2	3.919390E+3	0.000000E+0	9.110000E-1
1.392016E-2	3.920343E+3	0.000000E+0	1.094000E+0
1.392015E-2	3.920820E+3	0.000000E+0	1.275000E+0
1.392048E-2	3.920820E+3	0.000000E+0	1.456000E+0
1.392028E-2	3.920820E+3	0.000000E+0	1.638000E+0
1.392049E-2	3.921060E+3	0.000000E+0	1.821000E+0
1.392034E-2	3.920900E+3	0.000000E+0	2.002000E+0
1.391999E-2	3.920580E+3	0.000000E+0	2.182000E+0
1.392050E-2	3.920980E+3	0.000000E+0	2.365000E+0
1.391996E-2	3.921620E+3	0.000000E+0	2.545000E+0
1.391986E-2	3.922570E+3	0.000000E+0	2.721000E+0
1.393027E-2	3.922970E+3	0.000000E+0	2.903000E+0
1.393922E-2	3.923050E+3	0.000000E+0	3.084000E+0
1.395054E-2	3.922970E+3	0.000000E+0	3.266000E+0
1.396692E-2	3.922330E+3	0.000000E+0	3.455000E+0
1.397404E-2	3.921940E+3	0.000000E+0	3.637000E+0
1.399563E-2	3.921700E+3	0.000000E+0	3.818000E+0
1.399990E-2	3.921620E+3	0.000000E+0	4.000000E+0
1.402339E-2	3.922017E+3	0.000000E+0	4.181000E+0
1.402882E-2	3.922890E+3	0.000000E+0	4.364000E+0
1.405243E-2	3.923450E+3	0.000000E+0	4.547000E+0
1.405955E-2	3.923527E+3	0.000000E+0	4.728000E+0
1.407275E-2	3.923760E+3	0.000000E+0	4.911000E+0
1.408951E-2	3.923680E+3	0.000000E+0	5.091000E+0
1.410265E-2	3.923680E+3	0.000000E+0	5.273000E+0
1.411985E-2	3.924000E+3	0.000000E+0	5.454000E+0
1.412952E-2	3.924320E+3	0.000000E+0	5.636000E+0
1.414936E-2	3.924000E+3	0.000000E+0	5.817000E+0
1.415466E-2	3.923287E+3	0.000000E+0	5.997000E+0
1.417865E-2	3.922730E+3	0.000000E+0	6.180000E+0
1.418347E-2	3.922970E+3	0.000000E+0	6.362000E+0
1.420673E-2	3.923763E+3	0.000000E+0	6.541000E+0
1.421402E-2	3.924320E+3	0.000000E+0	6.721000E+0
1.423064E-2	3.924957E+3	0.000000E+0	6.902000E+0
1.424466E-2	3.924800E+3	0.000000E+0	7.082000E+0
1.425833E-2	3.924160E+3	0.000000E+0	7.270000E+0
1.427528E-2	3.923920E+3	0.000000E+0	7.453000E+0
1.428190E-2	3.923367E+3	0.000000E+0	7.634000E+0
1.430479E-2	3.923050E+3	0.000000E+0	7.815000E+0
1.431129E-2	3.923210E+3	0.000000E+0	7.996000E+0
1.433464E-2	3.923290E+3	0.000000E+0	8.178000E+0
1.433952E-2	3.923920E+3	0.000000E+0	8.359000E+0
1.436265E-2	3.924797E+3	0.000000E+0	8.542000E+0
1.436999E-2	3.925510E+3	0.000000E+0	8.722000E+0
1.438804E-2	3.926150E+3	0.000000E+0	8.906000E+0
1.440073E-2	3.926310E+3	0.000000E+0	9.089000E+0
1.441444E-2	3.926070E+3	0.000000E+0	9.269000E+0
1.443170E-2	3.926470E+3	0.000000E+0	9.452000E+0
1.443938E-2	3.926550E+3	0.000000E+0	9.633000E+0
1.446185E-2	3.927100E+3	0.000000E+0	9.815000E+0
1.446758E-2	3.927660E+3	0.000000E+0	9.999000E+0
1.449149E-2	3.927740E+3	0.000000E+0	1.018100E+1
1.449623E-2	3.927740E+3	0.000000E+0	1.035700E+1
1.451808E-2	3.927340E+3	0.000000E+0	1.054000E+1
1.452773E-2	3.927420E+3	0.000000E+0	1.072100E+1
1.454477E-2	3.928213E+3	0.000000E+0	1.090100E+1
1.455844E-2	3.928450E+3	0.000000E+0	1.108400E+1
1.456697E-2	3.928850E+3	0.000000E+0	1.126400E+1
1.458775E-2	3.929330E+3	0.000000E+0	1.144400E+1
1.459630E-2	3.929640E+3	0.000000E+0	1.162500E+1
1.461854E-2	3.929720E+3	0.000000E+0	1.180700E+1
1.462444E-2	3.929880E+3	0.000000E+0	1.199000E+1
1.464762E-2	3.929880E+3	0.000000E+0	1.217100E+1
1.465364E-2	3.929880E+3	0.000000E+0	1.235500E+1
1.467515E-2	3.929800E+3	0.000000E+0	1.253800E+1
1.468498E-2	3.929720E+3	0.000000E+0	1.272000E+1
1.470011E-2	3.930360E+3	0.000000E+0	1.289900E+1
1.471525E-2	3.930120E+3	0.000000E+0	1.307900E+1
1.472603E-2	3.929410E+3	0.000000E+0	1.326000E+1
1.474561E-2	3.929410E+3	0.000000E+0	1.344000E+1
1.475301E-2	3.929640E+3	0.000000E+0	1.362200E+1
1.477579E-2	3.929563E+3	0.000000E+0	1.380300E+1
1.478041E-2	3.929410E+3	0.000000E+0	1.398600E+1
1.480429E-2	3.929643E+3	0.000000E+0	1.416600E+1
1.481139E-2	3.930520E+3	0.000000E+0	1.434800E+1
1.483210E-2	3.930440E+3	0.000000E+0	1.452900E+1
1.484198E-2	3.929960E+3	0.000000E+0	1.471000E+1
1.485496E-2	3.929410E+3	0.000000E+0	1.489200E+1
1.487281E-2	3.929960E+3	0.000000E+0	1.507700E+1
1.488348E-2	3.930840E+3	0.000000E+0	1.525800E+1
1.490331E-2	3.931233E+3	0.000000E+0	1.543900E+1
1.491155E-2	3.931080E+3	0.000000E+0	1.562500E+1
1.493459E-2	3.930680E+3	0.000000E+0	1.580600E+1
1.493948E-2	3.930120E+3	0.000000E+0	1.598900E+1
1.496270E-2	3.929487E+3	0.000000E+0	1.616900E+1
1.496971E-2	3.929563E+3	0.000000E+0	1.635100E+1
1.499075E-2	3.929800E+3	0.000000E+0	1.653500E+1
1.499991E-2	3.930120E+3	0.000000E+0	1.671500E+1
1.501844E-2	3.930040E+3	0.000000E+0	1.689800E+1
1.503159E-2	3.929880E+3	0.000000E+0	1.707900E+1
1.504292E-2	3.930120E+3	0.000000E+0	1.726100E+1
1.506236E-2	3.930920E+3	0.000000E+0	1.744400E+1
1.506870E-2	3.931550E+3	0.000000E+0	1.762500E+1
1.509180E-2	3.931470E+3	0.000000E+0	1.780600E+1
1.509756E-2	3.930680E+3	0.000000E+0	1.798700E+1
1.512196E-2	3.929803E+3	0.000000E+0	1.817000E+1
1.512795E-2	3.929250E+3	0.000000E+0	1.835100E+1
1.514529E-2	3.929800E+3	0.000000E+0	1.853500E+1
1.515814E-2	3.930040E+3	0.000000E+0	1.871700E+1
1.517415E-2	3.929720E+3	0.000000E+0	1.889800E+1
1.518937E-2	3.930120E+3	0.000000E+0	1.907800E+1
1.520040E-2	3.930680E+3	0.000000E+0	1.925500E+1
1.522034E-2	3.930600E+3	0.000000E+0	1.944100E+1
1.522915E-2	3.930120E+3	0.000000E+0	1.962100E+1
1.525125E-2	3.930200E+3	0.000000E+0	1.980300E+1
1.525560E-2	3.930997E+3	0.000000E+0	1.998400E+1
1.527975E-2	3.931950E+3	0.000000E+0	2.016400E+1
1.528674E-2	3.932270E+3	0.000000E+0	2.034100E+1
1.530754E-2	3.932270E+3	0.000000E+0	2.052300E+1
1.531797E-2	3.932583E+3	0.000000E+0	2.070300E+1
1.533400E-2	3.933220E+3	0.000000E+0	2.088800E+1
1.534963E-2	3.933220E+3	0.000000E+0	2.106900E+1
1.535825E-2	3.933220E+3	0.000000E+0	2.125100E+1
1.537940E-2	3.933540E+3	0.000000E+0	2.143200E+1
1.538603E-2	3.933860E+3	0.000000E+0	2.161200E+1
1.540992E-2	3.933940E+3	0.000000E+0	2.179400E+1
1.541542E-2	3.933540E+3	0.000000E+0	2.197500E+1
1.543880E-2	3.933220E+3	0.000000E+0	2.215700E+1
1.544620E-2	3.933140E+3	0.000000E+0	2.233800E+1
1.546394E-2	3.932980E+3	0.000000E+0	2.252100E+1
1.547741E-2	3.933140E+3	0.000000E+0	2.270100E+1
1.549143E-2	3.933220E+3	0.000000E+0	2.288100E+1
1.550889E-2	3.933060E+3	0.000000E+0	2.306100E+1
1.551769E-2	3.933300E+3	0.000000E+0	2.324000E+1
1.553889E-2	3.933460E+3	0.000000E+0	2.342300E+1
1.554483E-2	3.933140E+3	0.000000E+0	2.360600E+1
1.556836E-2	3.932980E+3	0.000000E+0	2.379000E+1
1.557371E-2	3.933220E+3	0.000000E+0	2.397000E+1
1.559684E-2	3.933540E+3	0.000000E+0	2.415000E+1
1.560483E-2	3.933940E+3	0.000000E+0	2.433200E+1
1.562365E-2	3.934410E+3	0.000000E+0	2.451100E+1
1.563673E-2	3.935130E+3	0.000000E+0	2.469500E+1
1.564857E-2	3.935370E+3	0.000000E+0	2.487600E+1
1.566753E-2	3.935370E+3	0.000000E+0	2.505800E+1
1.567732E-2	3.935687E+3	0.000000E+0	2.523900E+1
1.569882E-2	3.935840E+3	0.000000E+0	2.542100E+1
1.570392E-2	3.936000E+3	0.000000E+0	2.560200E+1
1.572824E-2	3.936080E+3	0.000000E+0	2.577800E+1
1.573396E-2	3.935767E+3	0.000000E+0	2.596000E+1
1.575444E-2	3.935130E+3	0.000000E+0	2.614100E+1
1.576527E-2	3.935530E+3	0.000000E+0	2.632700E+1
1.578385E-2	3.936080E+3	0.000000E+0	2.650800E+1
1.579694E-2	3.936957E+3	0.000000E+0	2.669500E+1
1.581222E-2	3.937350E+3	0.000000E+0	2.687900E+1
1.582873E-2	3.937670E+3	0.000000E+0	2.706100E+1
1.583759E-2	3.937910E+3	0.000000E+0	2.724100E+1
1.585909E-2	3.938150E+3	0.000000E+0	2.742300E+1
1.586573E-2	3.938387E+3	0.000000E+0	2.760500E+1
1.589010E-2	3.939420E+3	0.000000E+0	2.778700E+1
1.589428E-2	3.939500E+3	0.000000E+0	2.796600E+1
1.591742E-2	3.938783E+3	0.000000E+0	2.814400E+1
1.592615E-2	3.937990E+3	0.000000E+0	2.832600E+1
1.594433E-2	3.937750E+3	0.000000E+0	2.850700E+1
1.595700E-2	3.937670E+3	0.000000E+0	2.868700E+1
1.597004E-2	3.936800E+3	0.000000E+0	2.886900E+1
1.598742E-2	3.935767E+3	0.000000E+0	2.905000E+1
1.599677E-2	3.935923E+3	0.000000E+0	2.923300E+1
1.601916E-2	3.937117E+3	0.000000E+0	2.941000E+1
1.602559E-2	3.938070E+3	0.000000E+0	2.959300E+1
1.604910E-2	3.938230E+3	0.000000E+0	2.977300E+1
1.605446E-2	3.938470E+3	0.000000E+0	2.995500E+1
1.607598E-2	3.938470E+3	0.000000E+0	3.013700E+1
1.608613E-2	3.938470E+3	0.000000E+0	3.032000E+1
1.610397E-2	3.938230E+3	0.000000E+0	3.050100E+1
1.611691E-2	3.937670E+3	0.000000E+0	3.068200E+1
1.612657E-2	3.937040E+3	0.000000E+0	3.086100E+1
1.614797E-2	3.937040E+3	0.000000E+0	3.104200E+1
1.615600E-2	3.937193E+3	0.000000E+0	3.122800E+1
1.617944E-2	3.936480E+3	0.000000E+0	3.140800E+1
1.618456E-2	3.936000E+3	0.000000E+0	3.158900E+1
1.620936E-2	3.935920E+3	0.000000E+0	3.177100E+1
1.621487E-2	3.936240E+3	0.000000E+0	3.195200E+1
1.623612E-2	3.936800E+3	0.000000E+0	3.213400E+1
1.624653E-2	3.937510E+3	0.000000E+0	3.231200E+1
1.626190E-2	3.938230E+3	0.000000E+0	3.249300E+1
1.627789E-2	3.938860E+3	0.000000E+0	3.267400E+1
1.628808E-2	3.938623E+3	0.000000E+0	3.285400E+1
1.630839E-2	3.938150E+3	0.000000E+0	3.303300E+1
1.631559E-2	3.937990E+3	0.000000E+0	3.321300E+1
1.633875E-2	3.938230E+3	0.000000E+0	3.339700E+1
1.634416E-2	3.938547E+3	0.000000E+0	3.358000E+1
1.636774E-2	3.938940E+3	0.000000E+0	3.376200E+1
1.637546E-2	3.939420E+3	0.000000E+0	3.394300E+1
1.639522E-2	3.939500E+3	0.000000E+0	3.412500E+1
1.640613E-2	3.940137E+3	0.000000E+0	3.430500E+1
1.641827E-2	3.941090E+3	0.000000E+0	3.448600E+1
1.643677E-2	3.941647E+3	0.000000E+0	3.466800E+1
1.644737E-2	3.941960E+3	0.000000E+0	3.484800E+1
1.646847E-2	3.942440E+3	0.000000E+0	3.502900E+1
1.647556E-2	3.942120E+3	0.000000E+0	3.521200E+1
1.649906E-2	3.941960E+3	0.000000E+0	3.539600E+1
1.650399E-2	3.941647E+3	0.000000E+0	3.557700E+1
1.652730E-2	3.941570E+3	0.000000E+0	3.575500E+1
1.653512E-2	3.941570E+3	0.000000E+0	3.593400E+1
1.655361E-2	3.941803E+3	0.000000E+0	3.611700E+1
1.656718E-2	3.942040E+3	0.000000E+0	3.630000E+1
1.659820E-2	3.941723E+3	0.000000E+0	3.666100E+1
1.660645E-2	3.941330E+3	0.000000E+0	3.683900E+1
1.662889E-2	3.940690E+3	0.000000E+0	3.702000E+1
1.663387E-2	3.940610E+3	0.000000E+0	3.719900E+1
1.665854E-2	3.940610E+3	0.000000E+0	3.738100E+1
1.666426E-2	3.941010E+3	0.000000E+0	3.756500E+1
1.668778E-2	3.941330E+3	0.000000E+0	3.774900E+1
1.669578E-2	3.941963E+3	0.000000E+0	3.793300E+1
1.671068E-2	3.942997E+3	0.000000E+0	3.811200E+1
1.672710E-2	3.943390E+3	0.000000E+0	3.829100E+1
1.673986E-2	3.943077E+3	0.000000E+0	3.847200E+1
1.675873E-2	3.942840E+3	0.000000E+0	3.865200E+1
1.676593E-2	3.942760E+3	0.000000E+0	3.883000E+1
1.678871E-2	3.942680E+3	0.000000E+0	3.900900E+1
1.679442E-2	3.942997E+3	0.000000E+0	3.919000E+1
1.682037E-2	3.943390E+3	0.000000E+0	3.937100E+1
1.682528E-2	3.943310E+3	0.000000E+0	3.955200E+1
1.684502E-2	3.943470E+3	0.000000E+0	3.973400E+1
1.685632E-2	3.944587E+3	0.000000E+0	3.991500E+1
1.687330E-2	3.945540E+3	0.000000E+0	4.009500E+1
1.688771E-2	3.945460E+3	0.000000E+0	4.027800E+1
1.690026E-2	3.944900E+3	0.000000E+0	4.045800E+1
1.691924E-2	3.944823E+3	0.000000E+0	4.063900E+1
1.692522E-2	3.944430E+3	0.000000E+0	4.082100E+1
1.694900E-2	3.944030E+3	0.000000E+0	4.100300E+1
1.695441E-2	3.943950E+3	0.000000E+0	4.118400E+1
1.697884E-2	3.944350E+3	0.000000E+0	4.136800E+1
1.698597E-2	3.944823E+3	0.000000E+0	4.155100E+1
1.700198E-2	3.945460E+3	0.000000E+0	4.173100E+1
1.701685E-2	3.946020E+3	0.000000E+0	4.191300E+1
1.703399E-2	3.946333E+3	0.000000E+0	4.209500E+1
1.704860E-2	3.946490E+3	0.000000E+0	4.227600E+1
1.706090E-2	3.946330E+3	0.000000E+0	4.245700E+1
1.708062E-2	3.946650E+3	0.000000E+0	4.263900E+1
1.708850E-2	3.947050E+3	0.000000E+0	4.282300E+1
1.711072E-2	3.947050E+3	0.000000E+0	4.300600E+1
1.711639E-2	3.946810E+3	0.000000E+0	4.318800E+1
1.714072E-2	3.946257E+3	0.000000E+0	4.336700E+1
1.714727E-2	3.945460E+3	0.000000E+0	4.355000E+1
1.716824E-2	3.945540E+3	0.000000E+0	4.373000E+1
1.717804E-2	3.946413E+3	0.000000E+0	4.391600E+1
1.719476E-2	3.946970E+3	0.000000E+0	4.409700E+1
1.720946E-2	3.947527E+3	0.000000E+0	4.428100E+1
1.721912E-2	3.947760E+3	0.000000E+0	4.446400E+1
1.724069E-2	3.947527E+3	0.000000E+0	4.464700E+1
1.724899E-2	3.947130E+3	0.000000E+0	4.482700E+1
1.727167E-2	3.946810E+3	0.000000E+0	4.500900E+1
1.727786E-2	3.946650E+3	0.000000E+0	4.519300E+1
1.730229E-2	3.947050E+3	0.000000E+0	4.537600E+1
1.730785E-2	3.947840E+3	0.000000E+0	4.556000E+1
1.733012E-2	3.948320E+3	0.000000E+0	4.574100E+1
1.733946E-2	3.948640E+3	0.000000E+0	4.592700E+1
1.735707E-2	3.948720E+3	0.000000E+0	4.611000E+1
1.737062E-2	3.948640E+3	0.000000E+0	4.629200E+1
1.738454E-2	3.948320E+3	0.000000E+0	4.647500E+1
1.740216E-2	3.948080E+3	0.000000E+0	4.665900E+1
1.741125E-2	3.948240E+3	0.000000E+0	4.683900E+1
1.743297E-2	3.949117E+3	0.000000E+0	4.702200E+1
1.743949E-2	3.949430E+3	0.000000E+0	4.720600E+1
1.746328E-2	3.948960E+3	0.000000E+0	4.739100E+1
1.746895E-2	3.948720E+3	0.000000E+0	4.757300E+1
1.749272E-2	3.949197E+3	0.000000E+0	4.775500E+1
1.750009E-2	3.949910E+3	0.000000E+0	4.793500E+1
1.751694E-2	3.950783E+3	0.000000E+0	4.811900E+1
1.753123E-2	3.951660E+3	0.000000E+0	4.829900E+1
1.754591E-2	3.951740E+3	0.000000E+0	4.848100E+1
1.756326E-2	3.951580E+3	0.000000E+0	4.866100E+1
1.757332E-2	3.951580E+3	0.000000E+0	4.884200E+1
1.759398E-2	3.951660E+3	0.000000E+0	4.902400E+1
1.760024E-2	3.952060E+3	0.000000E+0	4.920500E+1
1.762398E-2	3.952137E+3	0.000000E+0	4.938900E+1
1.762955E-2	3.951980E+3	0.000000E+0	4.956800E+1
1.765265E-2	3.951900E+3	0.000000E+0	4.975100E+1
1.766044E-2	3.952213E+3	0.000000E+0	4.993400E+1
1.767872E-2	3.952057E+3	0.000000E+0	5.011500E+1
1.769248E-2	3.951580E+3	0.000000E+0	5.029800E+1
1.770659E-2	3.951580E+3	0.000000E+0	5.048100E+1
1.772380E-2	3.951580E+3	0.000000E+0	5.066400E+1
1.773297E-2	3.951660E+3	0.000000E+0	5.084500E+1
1.775500E-2	3.951900E+3	0.000000E+0	5.102700E+1
1.776162E-2	3.952060E+3	0.000000E+0	5.120800E+1
1.778476E-2	3.951740E+3	0.000000E+0	5.139100E+1
1.779030E-2	3.950783E+3	0.000000E+0	5.157100E+1
1.781124E-2	3.949910E+3	0.000000E+0	5.175400E+1
1.782084E-2	3.950150E+3	0.000000E+0	5.193600E+1
1.784024E-2	3.950783E+3	0.000000E+0	5.211800E+1
1.785306E-2	3.951340E+3	0.000000E+0	5.230000E+1
1.786735E-2	3.951820E+3	0.000000E+0	5.248100E+1
1.788409E-2	3.952213E+3	0.000000E+0	5.266300E+1
1.789414E-2	3.951660E+3	0.000000E+0	5.284400E+1
1.791536E-2	3.951900E+3	0.000000E+0	5.302600E+1
1.792219E-2	3.952060E+3	0.000000E+0	5.320700E+1
1.794559E-2	3.952293E+3	0.000000E+0	5.338700E+1
1.795156E-2	3.952453E+3	0.000000E+0	5.357100E+1
1.797539E-2	3.951023E+3	0.000000E+0	5.375000E+1
1.798307E-2	3.949670E+3	0.000000E+0	5.393300E+1
1.800023E-2	3.949430E+3	0.000000E+0	5.411300E+1
1.801366E-2	3.949430E+3	0.000000E+0	5.430000E+1
1.802687E-2	3.949430E+3	0.000000E+0	5.447600E+1
1.804472E-2	3.949200E+3	0.000000E+0	5.465900E+1
1.805403E-2	3.949430E+3	0.000000E+0	5.484200E+1
1.807594E-2	3.949830E+3	0.000000E+0	5.502500E+1
1.807988E-2	3.950150E+3	0.000000E+0	5.520800E+1
1.810380E-2	3.950390E+3	0.000000E+0	5.538800E+1
1.811098E-2	3.950150E+3	0.000000E+0	5.556900E+1
1.813423E-2	3.949910E+3	0.000000E+0	5.575200E+1
1.814310E-2	3.949910E+3	0.000000E+0	5.593200E+1
1.815910E-2	3.949910E+3	0.000000E+0	5.611300E+1
1.817496E-2	3.949910E+3	0.000000E+0	5.629400E+1
1.818496E-2	3.949590E+3	0.000000E+0	5.647100E+1
1.820750E-2	3.949590E+3	0.000000E+0	5.665300E+1
1.821219E-2	3.949910E+3	0.000000E+0	5.683400E+1
1.823103E-2	3.949990E+3	0.000000E+0	5.701400E+1
1.824677E-2	3.950230E+3	0.000000E+0	5.719900E+1
1.825891E-2	3.949990E+3	0.000000E+0	5.738300E+1
1.827145E-2	3.949910E+3	0.000000E+0	5.756600E+1
1.828160E-2	3.949670E+3	0.000000E+0	5.774700E+1
1.828959E-2	3.949277E+3	0.000000E+0	5.792900E+1
1.829648E-2	3.948800E+3	0.000000E+0	5.811300E+1
1.830220E-2	3.948880E+3	0.000000E+0	5.829300E+1
1.830928E-2	3.948800E+3	0.000000E+0	5.847600E+1
1.835915E-2	3.948480E+3	0.000000E+0	5.866000E+1
1.838512E-2	3.948400E+3	0.000000E+0	5.884200E+1
1.839460E-2	3.949037E+3	0.000000E+0	5.902300E+1
1.841699E-2	3.949353E+3	0.000000E+0	5.920200E+1
1.842342E-2	3.948800E+3	0.000000E+0	5.938600E+1
1.844787E-2	3.948800E+3	0.000000E+0	5.956900E+1
1.845321E-2	3.949353E+3	0.000000E+0	5.975200E+1
1.847738E-2	3.949273E+3	0.000000E+0	5.993600E+1
1.848499E-2	3.948320E+3	0.000000E+0	6.011600E+1
1.850219E-2	3.947367E+3	0.000000E+0	6.029600E+1
1.851598E-2	3.946970E+3	0.000000E+0	6.047900E+1
1.853110E-2	3.947447E+3	0.000000E+0	6.066500E+1
1.854853E-2	3.948160E+3	0.000000E+0	6.084800E+1
1.855788E-2	3.948160E+3	0.000000E+0	6.103000E+1
1.857921E-2	3.947527E+3	0.000000E+0	6.121300E+1
1.858564E-2	3.947290E+3	0.000000E+0	6.139300E+1
1.860964E-2	3.947530E+3	0.000000E+0	6.157200E+1
1.861543E-2	3.947530E+3	0.000000E+0	6.175600E+1
1.863768E-2	3.947607E+3	0.000000E+0	6.193700E+1
1.864751E-2	3.947683E+3	0.000000E+0	6.211900E+1
1.866175E-2	3.947450E+3	0.000000E+0	6.229800E+1
1.867607E-2	3.947290E+3	0.000000E+0	6.247800E+1
1.868955E-2	3.947683E+3	0.000000E+0	6.266200E+1
1.870388E-2	3.948160E+3	0.000000E+0	6.284400E+1
1.871809E-2	3.948800E+3	0.000000E+0	6.302700E+1
1.873408E-2	3.949670E+3	0.000000E+0	6.320500E+1
1.874862E-2	3.949910E+3	0.000000E+0	6.338900E+1
1.876374E-2	3.949510E+3	0.000000E+0	6.357400E+1
1.877803E-2	3.948560E+3	0.000000E+0	6.375900E+1
1.879347E-2	3.947840E+3	0.000000E+0	6.394100E+1
1.880793E-2	3.947760E+3	0.000000E+0	6.412200E+1
1.882269E-2	3.948240E+3	0.000000E+0	6.430500E+1
1.883681E-2	3.948720E+3	0.000000E+0	6.448600E+1
1.884919E-2	3.948960E+3	0.000000E+0	6.466600E+1
1.886529E-2	3.948240E+3	0.000000E+0	6.484700E+1
1.887897E-2	3.947210E+3	0.000000E+0	6.502900E+1
1.889414E-2	3.946650E+3	0.000000E+0	6.521200E+1
1.890902E-2	3.946810E+3	0.000000E+0	6.539500E+1
1.892366E-2	3.947050E+3	0.000000E+0	6.557800E+1
1.893807E-2	3.947447E+3	0.000000E+0	6.576200E+1
1.895339E-2	3.948000E+3	0.000000E+0	6.594300E+1
1.896798E-2	3.948400E+3	0.000000E+0	6.612200E+1
1.898166E-2	3.948480E+3	0.000000E+0	6.630400E+1
1.899557E-2	3.948480E+3	0.000000E+0	6.648500E+1
1.901016E-2	3.948240E+3	0.000000E+0	6.666700E+1
1.902510E-2	3.947447E+3	0.000000E+0	6.684700E+1
1.903972E-2	3.946730E+3	0.000000E+0	6.703200E+1
1.905537E-2	3.946730E+3	0.000000E+0	6.721400E+1
1.906839E-2	3.946650E+3	0.000000E+0	6.739500E+1
1.908369E-2	3.946177E+3	0.000000E+0	6.757900E+1
1.909843E-2	3.946100E+3	0.000000E+0	6.776000E+1
1.911338E-2	3.945940E+3	0.000000E+0	6.793800E+1
1.912804E-2	3.945460E+3	0.000000E+0	6.812000E+1
1.914021E-2	3.945380E+3	0.000000E+0	6.830500E+1
1.915638E-2	3.945540E+3	0.000000E+0	6.848600E+1
1.917122E-2	3.945860E+3	0.000000E+0	6.866800E+1
1.918567E-2	3.945300E+3	0.000000E+0	6.885100E+1
1.919981E-2	3.943870E+3	0.000000E+0	6.903100E+1
1.921438E-2	3.942840E+3	0.000000E+0	6.921700E+1
1.922915E-2	3.942760E+3	0.000000E+0	6.939900E+1
1.924388E-2	3.943233E+3	0.000000E+0	6.958000E+1
1.925893E-2	3.944030E+3	0.000000E+0	6.976100E+1
1.927279E-2	3.943630E+3	0.000000E+0	6.994100E+1
1.928616E-2	3.942680E+3	0.000000E+0	7.012300E+1
1.930236E-2	3.941880E+3	0.000000E+0	7.030700E+1
1.931646E-2	3.941960E+3	0.000000E+0	7.048700E+1
1.933099E-2	3.942120E+3	0.000000E+0	7.066500E+1
1.934474E-2	3.942520E+3	0.000000E+0	7.084700E+1
1.935973E-2	3.941963E+3	0.000000E+0	7.102900E+1
1.937442E-2	3.940850E+3	0.000000E+0	7.121200E+1
1.938906E-2	3.939820E+3	0.000000E+0	7.139300E+1
1.940303E-2	3.939420E+3	0.000000E+0	7.157500E+1
1.941824E-2	3.939420E+3	0.000000E+0	7.175800E+1
1.943149E-2	3.939500E+3	0.000000E+0	7.193900E+1
1.944726E-2	3.939740E+3	0.000000E+0	7.212200E+1
1.946188E-2	3.939820E+3	0.000000E+0	7.230500E+1
1.947661E-2	3.939100E+3	0.000000E+0	7.248700E+1
1.949057E-2	3.937990E+3	0.000000E+0	7.267100E+1
1.950418E-2	3.937353E+3	0.000000E+0	7.285200E+1
1.952055E-2	3.936880E+3	0.000000E+0	7.303400E+1
1.952772E-2	3.936560E+3	0.000000E+0	7.321500E+1
1.955008E-2	3.936080E+3	0.000000E+0	7.339800E+1
1.955482E-2	3.936080E+3	0.000000E+0	7.357800E+1
1.957664E-2	3.935843E+3	0.000000E+0	7.376000E+1
1.958645E-2	3.935050E+3	0.000000E+0	7.393700E+1
1.960563E-2	3.934810E+3	0.000000E+0	7.412300E+1
1.961743E-2	3.934490E+3	0.000000E+0	7.430700E+1
1.963279E-2	3.934410E+3	0.000000E+0	7.449000E+1
1.964865E-2	3.934490E+3	0.000000E+0	7.467100E+1
1.965888E-2	3.934330E+3	0.000000E+0	7.485100E+1
1.967887E-2	3.933540E+3	0.000000E+0	7.503100E+1
1.968639E-2	3.932743E+3	0.000000E+0	7.521000E+1
1.970885E-2	3.931950E+3	0.000000E+0	7.539600E+1
1.971505E-2	3.930520E+3	0.000000E+0	7.557700E+1
1.973886E-2	3.929010E+3	0.000000E+0	7.575700E+1
1.974516E-2	3.928133E+3	0.000000E+0	7.594000E+1
1.976710E-2	3.927740E+3	0.000000E+0	7.612300E+1
1.977742E-2	3.926627E+3	0.000000E+0	7.630700E+1
1.979148E-2	3.925113E+3	0.000000E+0	7.648700E+1
1.980792E-2	3.923603E+3	0.000000E+0	7.666800E+1
1.981841E-2	3.922333E+3	0.000000E+0	7.685000E+1
1.983889E-2	3.921460E+3	0.000000E+0	7.703300E+1
1.984376E-2	3.920583E+3	0.000000E+0	7.721600E+1
1.986708E-2	3.919870E+3	0.000000E+0	7.739900E+1
1.987384E-2	3.919310E+3	0.000000E+0	7.757900E+1
1.989750E-2	3.918997E+3	0.000000E+0	7.776100E+1
1.990507E-2	3.918360E+3	0.000000E+0	7.794300E+1
1.992394E-2	3.917247E+3	0.000000E+0	7.812300E+1
1.993673E-2	3.916053E+3	0.000000E+0	7.830600E+1
1.995328E-2	3.914783E+3	0.000000E+0	7.849000E+1
1.996799E-2	3.913590E+3	0.000000E+0	7.867200E+1
1.998031E-2	3.912240E+3	0.000000E+0	7.885300E+1
1.999844E-2	3.910810E+3	0.000000E+0	7.903600E+1
2.000618E-2	3.909380E+3	0.000000E+0	7.921600E+1
2.002928E-2	3.908347E+3	0.000000E+0	7.939900E+1
2.003519E-2	3.907153E+3	0.000000E+0	7.958400E+1
2.005911E-2	3.906277E+3	0.000000E+0	7.976500E+1
2.006504E-2	3.905073E+3	0.000000E+0	7.994600E+1
2.008363E-2	3.903483E+3	0.000000E+0	8.012600E+1
2.009566E-2	3.901100E+3	0.000000E+0	8.030800E+1
2.011215E-2	3.898637E+3	0.000000E+0	8.048900E+1
2.012670E-2	3.896170E+3	0.000000E+0	8.066800E+1
2.013433E-2	3.893153E+3	0.000000E+0	8.085200E+1
2.015635E-2	3.890767E+3	0.000000E+0	8.103500E+1
2.016544E-2	3.888940E+3	0.000000E+0	8.121800E+1
2.018824E-2	3.887270E+3	0.000000E+0	8.139800E+1
2.019464E-2	3.885603E+3	0.000000E+0	8.158400E+1
2.021774E-2	3.884490E+3	0.000000E+0	8.176600E+1
2.022440E-2	3.883060E+3	0.000000E+0	8.195000E+1
2.024631E-2	3.881947E+3	0.000000E+0	8.213400E+1
2.025498E-2	3.879960E+3	0.000000E+0	8.231800E+1
2.027247E-2	3.877577E+3	0.000000E+0	8.249900E+1
2.028579E-2	3.875507E+3	0.000000E+0	8.268300E+1
2.029935E-2	3.873363E+3	0.000000E+0	8.286600E+1
2.031733E-2	3.871217E+3	0.000000E+0	8.304900E+1
2.032640E-2	3.868673E+3	0.000000E+0	8.322900E+1
2.034790E-2	3.865733E+3	0.000000E+0	8.341000E+1
2.035256E-2	3.862317E+3	0.000000E+0	8.359100E+1
2.037620E-2	3.859853E+3	0.000000E+0	8.377400E+1
2.038344E-2	3.858023E+3	0.000000E+0	8.395500E+1
2.040484E-2	3.856117E+3	0.000000E+0	8.413700E+1
2.041453E-2	3.853653E+3	0.000000E+0	8.431700E+1
2.043122E-2	3.851190E+3	0.000000E+0	8.449800E+1
2.044519E-2	3.848887E+3	0.000000E+0	8.468000E+1
2.045813E-2	3.846423E+3	0.000000E+0	8.486100E+1
2.047645E-2	3.844673E+3	0.000000E+0	8.504400E+1
2.048499E-2	3.842527E+3	0.000000E+0	8.522700E+1
2.050630E-2	3.840143E+3	0.000000E+0	8.540800E+1
2.051151E-2	3.837363E+3	0.000000E+0	8.559100E+1
2.053533E-2	3.834740E+3	0.000000E+0	8.577400E+1
2.054192E-2	3.831877E+3	0.000000E+0	8.595300E+1
2.056310E-2	3.829337E+3	0.000000E+0	8.613000E+1
2.057289E-2	3.826793E+3	0.000000E+0	8.631200E+1
2.058804E-2	3.824487E+3	0.000000E+0	8.648900E+1
2.060374E-2	3.822263E+3	0.000000E+0	8.666900E+1
2.061458E-2	3.819797E+3	0.000000E+0	8.685100E+1
2.063411E-2	3.817573E+3	0.000000E+0	8.703200E+1
2.064006E-2	3.815507E+3	0.000000E+0	8.721500E+1
2.066269E-2	3.814790E+3	0.000000E+0	8.739600E+1
2.066898E-2	3.814397E+3	0.000000E+0	8.757600E+1
2.069293E-2	3.813600E+3	0.000000E+0	8.775600E+1
2.069966E-2	3.812567E+3	0.000000E+0	8.793600E+1
2.071910E-2	3.811057E+3	0.000000E+0	8.811400E+1
2.073059E-2	3.809707E+3	0.000000E+0	8.829100E+1
2.074468E-2	3.808750E+3	0.000000E+0	8.847500E+1
2.076160E-2	3.808430E+3	0.000000E+0	8.865400E+1
2.077127E-2	3.808750E+3	0.000000E+0	8.883400E+1
2.079240E-2	3.808433E+3	0.000000E+0	8.901600E+1
2.079802E-2	3.807640E+3	0.000000E+0	8.919700E+1
2.082154E-2	3.807640E+3	0.000000E+0	8.937700E+1
2.082760E-2	3.808197E+3	0.000000E+0	8.955800E+1
2.085030E-2	3.808910E+3	0.000000E+0	8.974000E+1
2.085862E-2	3.809867E+3	0.000000E+0	8.992300E+1
2.087464E-2	3.811057E+3	0.000000E+0	9.010300E+1
2.088916E-2	3.812250E+3	0.000000E+0	9.028200E+1
2.090154E-2	3.813360E+3	0.000000E+0	9.046200E+1
2.091957E-2	3.814953E+3	0.000000E+0	9.064100E+1
2.092596E-2	3.817017E+3	0.000000E+0	9.082400E+1
2.094882E-2	3.818687E+3	0.000000E+0	9.100700E+1
2.095578E-2	3.820833E+3	0.000000E+0	9.119100E+1
2.097911E-2	3.822180E+3	0.000000E+0	9.137300E+1
2.098553E-2	3.823533E+3	0.000000E+0	9.155400E+1
2.100718E-2	3.824727E+3	0.000000E+0	9.173500E+1
2.101697E-2	3.826713E+3	0.000000E+0	9.191700E+1
2.103226E-2	3.829257E+3	0.000000E+0	9.209800E+1
2.104698E-2	3.831957E+3	0.000000E+0	9.227700E+1
2.105887E-2	3.835137E+3	0.000000E+0	9.246000E+1
2.107778E-2	3.838000E+3	0.000000E+0	9.264000E+1
2.108564E-2	3.841257E+3	0.000000E+0	9.282000E+1
2.110702E-2	3.843957E+3	0.000000E+0	9.300000E+1
2.111296E-2	3.846423E+3	0.000000E+0	9.318100E+1
2.113638E-2	3.848647E+3	0.000000E+0	9.336200E+1
2.114337E-2	3.851350E+3	0.000000E+0	9.354200E+1
2.116209E-2	3.853893E+3	0.000000E+0	9.372200E+1
2.117397E-2	3.856037E+3	0.000000E+0	9.390200E+1
2.118874E-2	3.858583E+3	0.000000E+0	9.408400E+1
2.120492E-2	3.861283E+3	0.000000E+0	9.426800E+1
2.121283E-2	3.864463E+3	0.000000E+0	9.445000E+1
2.123433E-2	3.866927E+3	0.000000E+0	9.463300E+1
2.124293E-2	3.869070E+3	0.000000E+0	9.481600E+1
2.126555E-2	3.870820E+3	0.000000E+0	9.500000E+1
2.127094E-2	3.873763E+3	0.000000E+0	9.518000E+1
2.129421E-2	3.875987E+3	0.000000E+0	9.536000E+1
2.130147E-2	3.878293E+3	0.000000E+0	9.554000E+1
2.132006E-2	3.880117E+3	0.000000E+0	9.572200E+1
2.133146E-2	3.881867E+3	0.000000E+0	9.590600E+1
2.134692E-2	3.884093E+3	0.000000E+0	9.609000E+1
2.136182E-2	3.885997E+3	0.000000E+0	9.627000E+1
2.137501E-2	3.888067E+3	0.000000E+0	9.645300E+1
2.139301E-2	3.890450E+3	0.000000E+0	9.663300E+1
2.139969E-2	3.893073E+3	0.000000E+0	9.681700E+1
2.142196E-2	3.895377E+3	0.000000E+0	9.699900E+1
2.142759E-2	3.897683E+3	0.000000E+0	9.718000E+1
2.145043E-2	3.899987E+3	0.000000E+0	9.736200E+1
2.145835E-2	3.902450E+3	0.000000E+0	9.754300E+1
2.147717E-2	3.904437E+3	0.000000E+0	9.772400E+1
2.148889E-2	3.906033E+3	0.000000E+0	9.790400E+1
2.150094E-2	3.907073E+3	0.000000E+0	9.808500E+1
2.151921E-2	3.908267E+3	0.000000E+0	9.826700E+1
2.152974E-2	3.909937E+3	0.000000E+0	9.845000E+1
2.154971E-2	3.911683E+3	0.000000E+0	9.863100E+1
2.155636E-2	3.913433E+3	0.000000E+0	9.881000E+1
2.157943E-2	3.915260E+3	0.000000E+0	9.899000E+1
2.158500E-2	3.917010E+3	0.000000E+0	9.917200E+1
2.160859E-2	3.918360E+3	0.000000E+0	9.935200E+1
2.161570E-2	3.919630E+3	0.000000E+0	9.953500E+1
2.163342E-2	3.920030E+3	0.000000E+0	9.971800E+1
2.164587E-2	3.920900E+3	0.000000E+0	9.989600E+1
2.166062E-2	3.922253E+3	0.000000E+0	1.000760E+2
2.167664E-2	3.923527E+3	0.000000E+0	1.002600E+2
2.168722E-2	3.924000E+3	0.000000E+0	1.004370E+2
2.170717E-2	3.924640E+3	0.000000E+0	1.006220E+2
2.171262E-2	3.925350E+3	0.000000E+0	1.008040E+2
2.173526E-2	3.925830E+3	0.000000E+0	1.009840E+2
2.174139E-2	3.926943E+3	0.000000E+0	1.011670E+2
2.176315E-2	3.928453E+3	0.000000E+0	1.013470E+2
2.177180E-2	3.929487E+3	0.000000E+0	1.015300E+2
2.178918E-2	3.930760E+3	0.000000E+0	1.017100E+2
2.180301E-2	3.931950E+3	0.000000E+0	1.018930E+2
2.181519E-2	3.933220E+3	0.000000E+0	1.020770E+2
2.183272E-2	3.934493E+3	0.000000E+0	1.022600E+2
2.184218E-2	3.936083E+3	0.000000E+0	1.024430E+2
2.186337E-2	3.937117E+3	0.000000E+0	1.026220E+2
2.186764E-2	3.937990E+3	0.000000E+0	1.028070E+2
2.189059E-2	3.938467E+3	0.000000E+0	1.029880E+2
2.189850E-2	3.939100E+3	0.000000E+0	1.031660E+2
2.192178E-2	3.939660E+3	0.000000E+0	1.033500E+2
2.192928E-2	3.940213E+3	0.000000E+0	1.035330E+2
2.194921E-2	3.940770E+3	0.000000E+0	1.037150E+2
2.195991E-2	3.941010E+3	0.000000E+0	1.038950E+2
2.197402E-2	3.941567E+3	0.000000E+0	1.040760E+2
2.199031E-2	3.943313E+3	0.000000E+0	1.042560E+2
2.200082E-2	3.945063E+3	0.000000E+0	1.044390E+2
2.201986E-2	3.945940E+3	0.000000E+0	1.046210E+2
2.202709E-2	3.947127E+3	0.000000E+0	1.048030E+2
2.204969E-2	3.948240E+3	0.000000E+0	1.049850E+2
2.205527E-2	3.948960E+3	0.000000E+0	1.051650E+2
2.207793E-2	3.949670E+3	0.000000E+0	1.053480E+2
2.208578E-2	3.949830E+3	0.000000E+0	1.055280E+2
2.210065E-2	3.949273E+3	0.000000E+0	1.057110E+2
2.211517E-2	3.948800E+3	0.000000E+0	1.058940E+2
2.213054E-2	3.949040E+3	0.000000E+0	1.060790E+2
2.214554E-2	3.949430E+3	0.000000E+0	1.062620E+2
2.215731E-2	3.949910E+3	0.000000E+0	1.064460E+2
2.217561E-2	3.950783E+3	0.000000E+0	1.066280E+2
2.218357E-2	3.951500E+3	0.000000E+0	1.068110E+2
2.220556E-2	3.951420E+3	0.000000E+0	1.069940E+2
2.221107E-2	3.951897E+3	0.000000E+0	1.071730E+2
2.223446E-2	3.953170E+3	0.000000E+0	1.073540E+2
2.224177E-2	3.953570E+3	0.000000E+0	1.075360E+2
2.225996E-2	3.953010E+3	0.000000E+0	1.077170E+2
2.227180E-2	3.952293E+3	0.000000E+0	1.078990E+2
2.228696E-2	3.952060E+3	0.000000E+0	1.080840E+2
2.230255E-2	3.952530E+3	0.000000E+0	1.082640E+2
2.231218E-2	3.953410E+3	0.000000E+0	1.084470E+2
2.233212E-2	3.954600E+3	0.000000E+0	1.086270E+2
2.233940E-2	3.955157E+3	0.000000E+0	1.088090E+2
2.236185E-2	3.955470E+3	0.000000E+0	1.089900E+2
2.236715E-2	3.955870E+3	0.000000E+0	1.091730E+2
2.238789E-2	3.956510E+3	0.000000E+0	1.093570E+2
2.239718E-2	3.956980E+3	0.000000E+0	1.095410E+2
2.241664E-2	3.957620E+3	0.000000E+0	1.097240E+2
2.242755E-2	3.958493E+3	0.000000E+0	1.099060E+2
2.244314E-2	3.959130E+3	0.000000E+0	1.100870E+2
2.245780E-2	3.959450E+3	0.000000E+0	1.102700E+2
2.246782E-2	3.959920E+3	0.000000E+0	1.104500E+2
2.248757E-2	3.960400E+3	0.000000E+0	1.106300E+2
2.249448E-2	3.961040E+3	0.000000E+0	1.108090E+2
2.251693E-2	3.961430E+3	0.000000E+0	1.109910E+2
2.252181E-2	3.961590E+3	0.000000E+0	1.111720E+2
2.254464E-2	3.961117E+3	0.000000E+0	1.113510E+2
2.255199E-2	3.960880E+3	0.000000E+0	1.115310E+2
2.256938E-2	3.961590E+3	0.000000E+0	1.117090E+2
2.258247E-2	3.962150E+3	0.000000E+0	1.118910E+2
2.259522E-2	3.962787E+3	0.000000E+0	1.120740E+2
2.261244E-2	3.963260E+3	0.000000E+0	1.122570E+2
2.262263E-2	3.963740E+3	0.000000E+0	1.124440E+2
2.264295E-2	3.964613E+3	0.000000E+0	1.126250E+2
2.264738E-2	3.965330E+3	0.000000E+0	1.128050E+2
2.267027E-2	3.965410E+3	0.000000E+0	1.129880E+2
2.267672E-2	3.965803E+3	0.000000E+0	1.131700E+2
2.269948E-2	3.966280E+3	0.000000E+0	1.133510E+2
2.270769E-2	3.966120E+3	0.000000E+0	1.135360E+2
2.272605E-2	3.966040E+3	0.000000E+0	1.137180E+2
2.273774E-2	3.966120E+3	0.000000E+0	1.139000E+2
2.275109E-2	3.965960E+3	0.000000E+0	1.140810E+2
2.276785E-2	3.966600E+3	0.000000E+0	1.142600E+2
2.277698E-2	3.968587E+3	0.000000E+0	1.144430E+2
2.279718E-2	3.970813E+3	0.000000E+0	1.146240E+2
2.280419E-2	3.972480E+3	0.000000E+0	1.148040E+2
2.282626E-2	3.973040E+3	0.000000E+0	1.149870E+2
2.283155E-2	3.973040E+3	0.000000E+0	1.151670E+2
2.285368E-2	3.972880E+3	0.000000E+0	1.153490E+2
2.286223E-2	3.973040E+3	0.000000E+0	1.155300E+2
2.287888E-2	3.973670E+3	0.000000E+0	1.157120E+2
2.289212E-2	3.974150E+3	0.000000E+0	1.158930E+2
2.290492E-2	3.974630E+3	0.000000E+0	1.160720E+2
2.292197E-2	3.974943E+3	0.000000E+0	1.162510E+2
2.292746E-2	3.975820E+3	0.000000E+0	1.164320E+2
2.294962E-2	3.975900E+3	0.000000E+0	1.166140E+2
2.295599E-2	3.975900E+3	0.000000E+0	1.167960E+2
2.297926E-2	3.976137E+3	0.000000E+0	1.169770E+2
2.298503E-2	3.976370E+3	0.000000E+0	1.171580E+2
2.300575E-2	3.976370E+3	0.000000E+0	1.173380E+2
2.301582E-2	3.976850E+3	0.000000E+0	1.175220E+2
2.303296E-2	3.977330E+3	0.000000E+0	1.177020E+2
2.304571E-2	3.977330E+3	0.000000E+0	1.178810E+2
2.305731E-2	3.977170E+3	0.000000E+0	1.180610E+2
2.307563E-2	3.977570E+3	0.000000E+0	1.182440E+2
2.308364E-2	3.978200E+3	0.000000E+0	1.184240E+2
2.310450E-2	3.979237E+3	0.000000E+0	1.186040E+2
2.311146E-2	3.980190E+3	0.000000E+0	1.187860E+2
2.313394E-2	3.979790E+3	0.000000E+0	1.189670E+2
2.313970E-2	3.979550E+3	0.000000E+0	1.191500E+2
2.315903E-2	3.979470E+3	0.000000E+0	1.193340E+2
2.316942E-2	3.979710E+3	0.000000E+0	1.195150E+2
2.318382E-2	3.980110E+3	0.000000E+0	1.196940E+2
2.319947E-2	3.980590E+3	0.000000E+0	1.198730E+2
2.320692E-2	3.980670E+3	0.000000E+0	1.200560E+2
2.322772E-2	3.980430E+3	0.000000E+0	1.202360E+2
2.323669E-2	3.979237E+3	0.000000E+0	1.204160E+2
2.325785E-2	3.976693E+3	0.000000E+0	1.205980E+2
2.326342E-2	3.974227E+3	0.000000E+0	1.207780E+2
2.328629E-2	3.972720E+3	0.000000E+0	1.209610E+2
2.329294E-2	3.972960E+3	0.000000E+0	1.211440E+2
2.331249E-2	3.974070E+3	0.000000E+0	1.213290E+2
2.332288E-2	3.975103E+3	0.000000E+0	1.215090E+2
2.333856E-2	3.975660E+3	0.000000E+0	1.216930E+2
2.335204E-2	3.975900E+3	0.000000E+0	1.218720E+2
2.336349E-2	3.976293E+3	0.000000E+0	1.220550E+2
2.338186E-2	3.976370E+3	0.000000E+0	1.222330E+2
2.338939E-2	3.976370E+3	0.000000E+0	1.224150E+2
2.341123E-2	3.976370E+3	0.000000E+0	1.225960E+2
2.341557E-2	3.976850E+3	0.000000E+0	1.227770E+2
2.343705E-2	3.977330E+3	0.000000E+0	1.229630E+2
2.344462E-2	3.977650E+3	0.000000E+0	1.231430E+2
2.346528E-2	3.978280E+3	0.000000E+0	1.233250E+2
2.347527E-2	3.979393E+3	0.000000E+0	1.235040E+2
2.348955E-2	3.980030E+3	0.000000E+0	1.236850E+2
2.350454E-2	3.980110E+3	0.000000E+0	1.238660E+2
2.351610E-2	3.979473E+3	0.000000E+0	1.240480E+2
2.353460E-2	3.979240E+3	0.000000E+0	1.242320E+2
2.354204E-2	3.979317E+3	0.000000E+0	1.244130E+2
2.356343E-2	3.979470E+3	0.000000E+0	1.245940E+2
2.356883E-2	3.979240E+3	0.000000E+0	1.247750E+2
2.359034E-2	3.979000E+3	0.000000E+0	1.249540E+2
2.359822E-2	3.978760E+3	0.000000E+0	1.251370E+2
2.361707E-2	3.977963E+3	0.000000E+0	1.253170E+2
2.362796E-2	3.976690E+3	0.000000E+0	1.254970E+2
2.364107E-2	3.976370E+3	0.000000E+0	1.256770E+2
2.365693E-2	3.976850E+3	0.000000E+0	1.258590E+2
2.366751E-2	3.977410E+3	0.000000E+0	1.260400E+2
2.368668E-2	3.977810E+3	0.000000E+0	1.262230E+2
2.369384E-2	3.977570E+3	0.000000E+0	1.264030E+2
2.371447E-2	3.977250E+3	0.000000E+0	1.265850E+2
2.372009E-2	3.977330E+3	0.000000E+0	1.267660E+2
2.374113E-2	3.977650E+3	0.000000E+0	1.269470E+2
2.374935E-2	3.978120E+3	0.000000E+0	1.271270E+2
2.376693E-2	3.979000E+3	0.000000E+0	1.273080E+2
2.377906E-2	3.979710E+3	0.000000E+0	1.274890E+2
2.379245E-2	3.979710E+3	0.000000E+0	1.276720E+2
2.380870E-2	3.979710E+3	0.000000E+0	1.278540E+2
2.381716E-2	3.979870E+3	0.000000E+0	1.280360E+2
2.383723E-2	3.979710E+3	0.000000E+0	1.282150E+2
2.384365E-2	3.979473E+3	0.000000E+0	1.283980E+2
2.386560E-2	3.979473E+3	0.000000E+0	1.285780E+2
2.387166E-2	3.979710E+3	0.000000E+0	1.287610E+2
2.388979E-2	3.979710E+3	0.000000E+0	1.289440E+2
2.390042E-2	3.979950E+3	0.000000E+0	1.291240E+2
2.391759E-2	3.979870E+3	0.000000E+0	1.293040E+2
2.393001E-2	3.980030E+3	0.000000E+0	1.294860E+2
2.394337E-2	3.980430E+3	0.000000E+0	1.296670E+2
2.395955E-2	3.980350E+3	0.000000E+0	1.298490E+2
2.396752E-2	3.979473E+3	0.000000E+0	1.300300E+2
2.398829E-2	3.979240E+3	0.000000E+0	1.302100E+2
2.399428E-2	3.979240E+3	0.000000E+0	1.303930E+2
2.401637E-2	3.979950E+3	0.000000E+0	1.305730E+2
2.402227E-2	3.980430E+3	0.000000E+0	1.307550E+2
2.404224E-2	3.980510E+3	0.000000E+0	1.309360E+2
2.405214E-2	3.981300E+3	0.000000E+0	1.311180E+2
2.406721E-2	3.982573E+3	0.000000E+0	1.313000E+2
2.408118E-2	3.983050E+3	0.000000E+0	1.314810E+2
2.409177E-2	3.983370E+3	0.000000E+0	1.316620E+2
2.410986E-2	3.983450E+3	0.000000E+0	1.318440E+2
2.411833E-2	3.982810E+3	0.000000E+0	1.320210E+2
2.413853E-2	3.982493E+3	0.000000E+0	1.322040E+2
2.414324E-2	3.981940E+3	0.000000E+0	1.323850E+2
2.416380E-2	3.981460E+3	0.000000E+0	1.325670E+2
2.417272E-2	3.981700E+3	0.000000E+0	1.327480E+2
2.419216E-2	3.982573E+3	0.000000E+0	1.329300E+2
2.420226E-2	3.982730E+3	0.000000E+0	1.331110E+2
2.421734E-2	3.982337E+3	0.000000E+0	1.332940E+2
2.423135E-2	3.982100E+3	0.000000E+0	1.334740E+2
2.424224E-2	3.982100E+3	0.000000E+0	1.336560E+2
2.425980E-2	3.982100E+3	0.000000E+0	1.338370E+2
2.426745E-2	3.982573E+3	0.000000E+0	1.340180E+2
2.428866E-2	3.983050E+3	0.000000E+0	1.341970E+2
2.429484E-2	3.982970E+3	0.000000E+0	1.343780E+2
2.431704E-2	3.982970E+3	0.000000E+0	1.345600E+2
2.432246E-2	3.984083E+3	0.000000E+0	1.347400E+2
2.434073E-2	3.985117E+3	0.000000E+0	1.349210E+2
2.435240E-2	3.986150E+3	0.000000E+0	1.351020E+2
2.436534E-2	3.986390E+3	0.000000E+0	1.352830E+2
2.438121E-2	3.986390E+3	0.000000E+0	1.354650E+2
2.439045E-2	3.985990E+3	0.000000E+0	1.356420E+2
2.440971E-2	3.985433E+3	0.000000E+0	1.358240E+2
2.441441E-2	3.984640E+3	0.000000E+0	1.360050E+2
2.443625E-2	3.984320E+3	0.000000E+0	1.361890E+2
2.444317E-2	3.984560E+3	0.000000E+0	1.363710E+2
2.446393E-2	3.984880E+3	0.000000E+0	1.365500E+2
2.447176E-2	3.985353E+3	0.000000E+0	1.367340E+2
2.448843E-2	3.985430E+3	0.000000E+0	1.369110E+2
2.450114E-2	3.985353E+3	0.000000E+0	1.370940E+2
2.451524E-2	3.984960E+3	0.000000E+0	1.372740E+2
2.453018E-2	3.984800E+3	0.000000E+0	1.374540E+2
2.453816E-2	3.985513E+3	0.000000E+0	1.376350E+2
2.455842E-2	3.986230E+3	0.000000E+0	1.378160E+2
2.456496E-2	3.986470E+3	0.000000E+0	1.379970E+2
2.458640E-2	3.985990E+3	0.000000E+0	1.381780E+2
2.459244E-2	3.985990E+3	0.000000E+0	1.383600E+2
2.461198E-2	3.985670E+3	0.000000E+0	1.385440E+2
2.462159E-2	3.984960E+3	0.000000E+0	1.387270E+2
2.463633E-2	3.984720E+3	0.000000E+0	1.389080E+2
2.464945E-2	3.984480E+3	0.000000E+0	1.390880E+2
2.466171E-2	3.983847E+3	0.000000E+0	1.392700E+2
2.467933E-2	3.983370E+3	0.000000E+0	1.394510E+2
2.468766E-2	3.983923E+3	0.000000E+0	1.396340E+2
2.470757E-2	3.984960E+3	0.000000E+0	1.398180E+2
2.471284E-2	3.985590E+3	0.000000E+0	1.400000E+2
2.473468E-2	3.985830E+3	0.000000E+0	1.401810E+2
2.474119E-2	3.985910E+3	0.000000E+0	1.403640E+2
2.476102E-2	3.985910E+3	0.000000E+0	1.405440E+2
2.476993E-2	3.985670E+3	0.000000E+0	1.407240E+2
2.478544E-2	3.985990E+3	0.000000E+0	1.409040E+2
2.479826E-2	3.986630E+3	0.000000E+0	1.410870E+2
2.480942E-2	3.987580E+3	0.000000E+0	1.412680E+2
2.482693E-2	3.987580E+3	0.000000E+0	1.414500E+2
2.483487E-2	3.987580E+3	0.000000E+0	1.416320E+2
2.485479E-2	3.987103E+3	0.000000E+0	1.418130E+2
2.486031E-2	3.986470E+3	0.000000E+0	1.419950E+2
2.488285E-2	3.986707E+3	0.000000E+0	1.421760E+2
2.488830E-2	3.987660E+3	0.000000E+0	1.423580E+2
2.490682E-2	3.987900E+3	0.000000E+0	1.425350E+2
2.491697E-2	3.987900E+3	0.000000E+0	1.427180E+2
2.493182E-2	3.987340E+3	0.000000E+0	1.429010E+2
2.494580E-2	3.987340E+3	0.000000E+0	1.430820E+2
2.495699E-2	3.988137E+3	0.000000E+0	1.432620E+2
2.497363E-2	3.989250E+3	0.000000E+0	1.434400E+2
2.498084E-2	3.990280E+3	0.000000E+0	1.436210E+2
2.500191E-2	3.990360E+3	0.000000E+0	1.438030E+2
2.500881E-2	3.989807E+3	0.000000E+0	1.439840E+2
2.503014E-2	3.988850E+3	0.000000E+0	1.441660E+2
2.503605E-2	3.988140E+3	0.000000E+0	1.443470E+2
2.505424E-2	3.988060E+3	0.000000E+0	1.445270E+2
2.506468E-2	3.988533E+3	0.000000E+0	1.447080E+2
2.507794E-2	3.989490E+3	0.000000E+0	1.448890E+2
2.509271E-2	3.989730E+3	0.000000E+0	1.450720E+2
2.510498E-2	3.989090E+3	0.000000E+0	1.452530E+2
2.512166E-2	3.988530E+3	0.000000E+0	1.454350E+2
2.512646E-2	3.988530E+3	0.000000E+0	1.456120E+2
2.514721E-2	3.988610E+3	0.000000E+0	1.457920E+2
2.515414E-2	3.988930E+3	0.000000E+0	1.459710E+2
2.517636E-2	3.988373E+3	0.000000E+0	1.461570E+2
2.518292E-2	3.988060E+3	0.000000E+0	1.463370E+2
2.520105E-2	3.988060E+3	0.000000E+0	1.465140E+2
2.521184E-2	3.987980E+3	0.000000E+0	1.466960E+2
2.522452E-2	3.987820E+3	0.000000E+0	1.468770E+2
2.523941E-2	3.987980E+3	0.000000E+0	1.470570E+2
2.524901E-2	3.988140E+3	0.000000E+0	1.472390E+2
2.526735E-2	3.988533E+3	0.000000E+0	1.474200E+2
2.527336E-2	3.988690E+3	0.000000E+0	1.476030E+2
2.529491E-2	3.989010E+3	0.000000E+0	1.477830E+2
2.530022E-2	3.989410E+3	0.000000E+0	1.479660E+2
2.532114E-2	3.989963E+3	0.000000E+0	1.481490E+2
2.532826E-2	3.990360E+3	0.000000E+0	1.483300E+2
2.534674E-2	3.990120E+3	0.000000E+0	1.485120E+2
2.535710E-2	3.989807E+3	0.000000E+0	1.486930E+2
2.537031E-2	3.989730E+3	0.000000E+0	1.488760E+2
2.538550E-2	3.989730E+3	0.000000E+0	1.490590E+2
2.539518E-2	3.989883E+3	0.000000E+0	1.492420E+2
2.541394E-2	3.990040E+3	0.000000E+0	1.494190E+2
2.541798E-2	3.990200E+3	0.000000E+0	1.495980E+2
2.543947E-2	3.990200E+3	0.000000E+0	1.497780E+2
2.544580E-2	3.990200E+3	0.000000E+0	1.499580E+2
2.546695E-2	3.990280E+3	0.000000E+0	1.501400E+2
2.547419E-2	3.990680E+3	0.000000E+0	1.503210E+2
2.549078E-2	3.990520E+3	0.000000E+0	1.505030E+2
2.550302E-2	3.990440E+3	0.000000E+0	1.506840E+2
2.551428E-2	3.990920E+3	0.000000E+0	1.508640E+2
2.553055E-2	3.991477E+3	0.000000E+0	1.510440E+2
2.553847E-2	3.991400E+3	0.000000E+0	1.512220E+2
2.555835E-2	3.991400E+3	0.000000E+0	1.514020E+2
2.556334E-2	3.991477E+3	0.000000E+0	1.515790E+2
2.558389E-2	3.991630E+3	0.000000E+0	1.517590E+2
2.559108E-2	3.991400E+3	0.000000E+0	1.519450E+2
2.560919E-2	3.991320E+3	0.000000E+0	1.521220E+2
2.561936E-2	3.991950E+3	0.000000E+0	1.523120E+2
2.563274E-2	3.991950E+3	0.000000E+0	1.524930E+2
2.564719E-2	3.991240E+3	0.000000E+0	1.526750E+2
2.565821E-2	3.990680E+3	0.000000E+0	1.528530E+2
2.567500E-2	3.990600E+3	0.000000E+0	1.530360E+2
2.568039E-2	3.990680E+3	0.000000E+0	1.532190E+2
2.570178E-2	3.990280E+3	0.000000E+0	1.534020E+2
2.570773E-2	3.990600E+3	0.000000E+0	1.535830E+2
2.572942E-2	3.990920E+3	0.000000E+0	1.537660E+2
2.573565E-2	3.991240E+3	0.000000E+0	1.539480E+2
2.575419E-2	3.991400E+3	0.000000E+0	1.541290E+2
2.576357E-2	3.991553E+3	0.000000E+0	1.543120E+2
2.577717E-2	3.991870E+3	0.000000E+0	1.544920E+2
2.579135E-2	3.991870E+3	0.000000E+0	1.546740E+2
2.580205E-2	3.991870E+3	0.000000E+0	1.548590E+2
2.581969E-2	3.991950E+3	0.000000E+0	1.550370E+2
2.582748E-2	3.992270E+3	0.000000E+0	1.552180E+2
2.584725E-2	3.991790E+3	0.000000E+0	1.553990E+2
2.585185E-2	3.991240E+3	0.000000E+0	1.555810E+2
2.587285E-2	3.991320E+3	0.000000E+0	1.557610E+2
2.587988E-2	3.991790E+3	0.000000E+0	1.559470E+2
2.589724E-2	3.992110E+3	0.000000E+0	1.561240E+2
2.590660E-2	3.992270E+3	0.000000E+0	1.563040E+2
2.592092E-2	3.992590E+3	0.000000E+0	1.564870E+2
2.593534E-2	3.992110E+3	0.000000E+0	1.566710E+2
2.594290E-2	3.991477E+3	0.000000E+0	1.568540E+2
2.596242E-2	3.991477E+3	0.000000E+0	1.570340E+2
2.596925E-2	3.992030E+3	0.000000E+0	1.572160E+2
2.598933E-2	3.992430E+3	0.000000E+0	1.573970E+2
2.599457E-2	3.992510E+3	0.000000E+0	1.575820E+2
2.601570E-2	3.991870E+3	0.000000E+0	1.577640E+2
2.602272E-2	3.991400E+3	0.000000E+0	1.579470E+2
2.604070E-2	3.991870E+3	0.000000E+0	1.581230E+2
2.605001E-2	3.992510E+3	0.000000E+0	1.583070E+2
2.606359E-2	3.992983E+3	0.000000E+0	1.584900E+2
2.607769E-2	3.993540E+3	0.000000E+0	1.586740E+2
2.608899E-2	3.993540E+3	0.000000E+0	1.588580E+2
2.610506E-2	3.993540E+3	0.000000E+0	1.590370E+2
2.611352E-2	3.993540E+3	0.000000E+0	1.592190E+2
2.613299E-2	3.993860E+3	0.000000E+0	1.594000E+2
2.613728E-2	3.994020E+3	0.000000E+0	1.595860E+2
2.615836E-2	3.993780E+3	0.000000E+0	1.597670E+2
2.616430E-2	3.993780E+3	0.000000E+0	1.599480E+2
2.618292E-2	3.993780E+3	0.000000E+0	1.601290E+2
2.619248E-2	3.994020E+3	0.000000E+0	1.603060E+2
2.620270E-2	3.994020E+3	0.000000E+0	1.604850E+2
2.621903E-2	3.993540E+3	0.000000E+0	1.606660E+2
2.622975E-2	3.993540E+3	0.000000E+0	1.608450E+2
2.624767E-2	3.993780E+3	0.000000E+0	1.610270E+2
2.625347E-2	3.993860E+3	0.000000E+0	1.612080E+2
2.627411E-2	3.994260E+3	0.000000E+0	1.613900E+2
2.627921E-2	3.994413E+3	0.000000E+0	1.615720E+2
2.630065E-2	3.994730E+3	0.000000E+0	1.617530E+2
2.630690E-2	3.994730E+3	0.000000E+0	1.619340E+2
2.632266E-2	3.994730E+3	0.000000E+0	1.621160E+2
2.633352E-2	3.994970E+3	0.000000E+0	1.622960E+2
2.634733E-2	3.995130E+3	0.000000E+0	1.624770E+2
2.636161E-2	3.994493E+3	0.000000E+0	1.626560E+2
2.637096E-2	3.994020E+3	0.000000E+0	1.628400E+2
2.638854E-2	3.993860E+3	0.000000E+0	1.630230E+2
2.639359E-2	3.994493E+3	0.000000E+0	1.632050E+2
2.641495E-2	3.994730E+3	0.000000E+0	1.633860E+2
2.642001E-2	3.994100E+3	0.000000E+0	1.635660E+2
2.644075E-2	3.993700E+3	0.000000E+0	1.637480E+2
2.644745E-2	3.994493E+3	0.000000E+0	1.639290E+2
2.646530E-2	3.994730E+3	0.000000E+0	1.641130E+2
2.647484E-2	3.994810E+3	0.000000E+0	1.642950E+2
2.648810E-2	3.995450E+3	0.000000E+0	1.644780E+2
2.650308E-2	3.995770E+3	0.000000E+0	1.646580E+2
2.651217E-2	3.995210E+3	0.000000E+0	1.648390E+2
2.652956E-2	3.995210E+3	0.000000E+0	1.650210E+2
2.653527E-2	3.995050E+3	0.000000E+0	1.652020E+2
2.655552E-2	3.995050E+3	0.000000E+0	1.653800E+2
2.655999E-2	3.995290E+3	0.000000E+0	1.655570E+2
2.658046E-2	3.995610E+3	0.000000E+0	1.657380E+2
2.658786E-2	3.995927E+3	0.000000E+0	1.659200E+2
2.660285E-2	3.996320E+3	0.000000E+0	1.661000E+2
2.661495E-2	3.995530E+3	0.000000E+0	1.662800E+2
2.662705E-2	3.994573E+3	0.000000E+0	1.664590E+2
2.664205E-2	3.994337E+3	0.000000E+0	1.666440E+2
2.665154E-2	3.994970E+3	0.000000E+0	1.668260E+2
2.666916E-2	3.995530E+3	0.000000E+0	1.670060E+2
2.667392E-2	3.995690E+3	0.000000E+0	1.671880E+2
2.669474E-2	3.995850E+3	0.000000E+0	1.673690E+2
2.670038E-2	3.995930E+3	0.000000E+0	1.675550E+2
2.672066E-2	3.995930E+3	0.000000E+0	1.677440E+2
2.672778E-2	3.996240E+3	0.000000E+0	1.679240E+2
2.674406E-2	3.996320E+3	0.000000E+0	1.681050E+2
2.675505E-2	3.996480E+3	0.000000E+0	1.682940E+2
2.675732E-2	3.996960E+3	0.000000E+0	1.684740E+2
2.675804E-2	3.997200E+3	0.000000E+0	1.686540E+2
2.675913E-2	3.997200E+3	0.000000E+0	1.688360E+2
2.675985E-2	3.997513E+3	0.000000E+0	1.690170E+2
2.676014E-2	3.997830E+3	0.000000E+0	1.691970E+2
2.676038E-2	3.997513E+3	0.000000E+0	1.693800E+2
2.675929E-2	3.997360E+3	0.000000E+0	1.695620E+2
2.676028E-2	3.997513E+3	0.000000E+0	1.697450E+2
2.675994E-2	3.997590E+3	0.000000E+0	1.699280E+2
2.676049E-2	3.997040E+3	0.000000E+0	1.701090E+2
2.675997E-2	3.996007E+3	0.000000E+0	1.702920E+2
2.676060E-2	3.995290E+3	0.000000E+0	1.704760E+2
2.675983E-2	3.995847E+3	0.000000E+0	1.706600E+2
2.676014E-2	3.996640E+3	0.000000E+0	1.708430E+2
2.676006E-2	3.997040E+3	0.000000E+0	1.710220E+2
2.675963E-2	3.997280E+3	0.000000E+0	1.712000E+2
2.675947E-2	3.997120E+3	0.000000E+0	1.713830E+2
2.676046E-2	3.996880E+3	0.000000E+0	1.715650E+2
2.676031E-2	3.997040E+3	0.000000E+0	1.717490E+2
2.676037E-2	3.996880E+3	0.000000E+0	1.719310E+2
2.676067E-2	3.997357E+3	0.000000E+0	1.721150E+2
2.676045E-2	3.997910E+3	0.000000E+0	1.722970E+2
2.676043E-2	3.998070E+3	0.000000E+0	1.724750E+2
2.676058E-2	3.997433E+3	0.000000E+0	1.726570E+2
2.676075E-2	3.996800E+3	0.000000E+0	1.728410E+2
2.676049E-2	3.996243E+3	0.000000E+0	1.730220E+2
2.676044E-2	3.995530E+3	0.000000E+0	1.732010E+2
2.676046E-2	3.995290E+3	0.000000E+0	1.733870E+2
2.676071E-2	3.995290E+3	0.000000E+0	1.735650E+2
2.676109E-2	3.995370E+3	0.000000E+0	1.737480E+2
2.676053E-2	3.996243E+3	0.000000E+0	1.739310E+2
2.676063E-2	3.996800E+3	0.000000E+0	1.741120E+2
2.676066E-2	3.996880E+3	0.000000E+0	1.742900E+2
2.676097E-2	3.996880E+3	0.000000E+0	1.744730E+2
2.676030E-2	3.996880E+3	0.000000E+0	1.746540E+2
2.676041E-2	3.997040E+3	0.000000E+0	1.748360E+2
2.676077E-2	3.997513E+3	0.000000E+0	1.750170E+2
2.676063E-2	3.997590E+3	0.000000E+0	1.752000E+2
2.676092E-2	3.997830E+3	0.000000E+0	1.753800E+2
2.676046E-2	3.998070E+3	0.000000E+0	1.755600E+2
2.676065E-2	3.997750E+3	0.000000E+0	1.757420E+2
2.676007E-2	3.997590E+3	0.000000E+0	1.759230E+2
2.676043E-2	3.997830E+3	0.000000E+0	1.761050E+2
