X channel: Keithley, channel #5; mode:  DCV; scale:  0.10; X converted, conversion factor:1.000000E+0
Y channel: Lock-in, mkV
II channel: B7-78, Ohm; scale:  10000.000000
X channel	Y channel	II channel	timestamp, sec
2.674418E-2	4.040430E+3	0.000000E+0	0.000000E+0
2.674436E-2	4.041143E+3	0.000000E+0	1.850000E-1
2.674492E-2	4.042657E+3	0.000000E+0	3.680000E-1
2.674459E-2	4.043930E+3	0.000000E+0	5.480000E-1
2.674441E-2	4.044010E+3	0.000000E+0	7.300000E-1
2.674447E-2	4.044167E+3	0.000000E+0	9.110000E-1
2.674440E-2	4.045437E+3	0.000000E+0	1.094000E+0
2.674491E-2	4.045830E+3	0.000000E+0	1.274000E+0
2.673911E-2	4.046070E+3	0.000000E+0	1.455000E+0
2.672997E-2	4.046230E+3	0.000000E+0	1.640000E+0
2.672604E-2	4.046630E+3	0.000000E+0	1.821000E+0
2.670785E-2	4.047583E+3	0.000000E+0	2.003000E+0
2.670421E-2	4.047900E+3	0.000000E+0	2.190000E+0
2.668581E-2	4.047423E+3	0.000000E+0	2.370000E+0
2.668120E-2	4.046470E+3	0.000000E+0	2.551000E+0
2.666456E-2	4.046070E+3	0.000000E+0	2.737000E+0
2.665691E-2	4.046230E+3	0.000000E+0	2.918000E+0
2.664537E-2	4.046630E+3	0.000000E+0	3.100000E+0
2.663332E-2	4.046310E+3	0.000000E+0	3.285000E+0
2.662302E-2	4.045830E+3	0.000000E+0	3.467000E+0
2.660928E-2	4.045440E+3	0.000000E+0	3.648000E+0
2.660503E-2	4.044960E+3	0.000000E+0	3.828000E+0
2.658623E-2	4.044640E+3	0.000000E+0	4.011000E+0
2.655917E-2	4.045520E+3	0.000000E+0	4.451000E+0
2.655254E-2	4.045360E+3	0.000000E+0	4.631000E+0
2.653473E-2	4.045360E+3	0.000000E+0	4.814000E+0
2.652991E-2	4.045750E+3	0.000000E+0	4.995000E+0
2.651139E-2	4.045597E+3	0.000000E+0	5.175000E+0
2.650730E-2	4.045673E+3	0.000000E+0	5.356000E+0
2.648888E-2	4.045200E+3	0.000000E+0	5.536000E+0
2.648239E-2	4.045200E+3	0.000000E+0	5.718000E+0
2.646861E-2	4.045597E+3	0.000000E+0	5.901000E+0
2.645819E-2	4.045910E+3	0.000000E+0	6.083000E+0
2.644745E-2	4.045750E+3	0.000000E+0	6.264000E+0
2.643395E-2	4.045750E+3	0.000000E+0	6.447000E+0
2.642779E-2	4.046150E+3	0.000000E+0	6.629000E+0
2.640987E-2	4.046230E+3	0.000000E+0	6.811000E+0
2.640459E-2	4.045910E+3	0.000000E+0	6.994000E+0
2.638474E-2	4.045440E+3	0.000000E+0	7.175000E+0
2.638081E-2	4.045360E+3	0.000000E+0	7.354000E+0
2.636783E-2	4.045990E+3	0.000000E+0	7.534000E+0
2.635645E-2	4.046867E+3	0.000000E+0	7.718000E+0
2.634193E-2	4.047820E+3	0.000000E+0	7.899000E+0
2.633139E-2	4.048220E+3	0.000000E+0	8.081000E+0
2.631967E-2	4.049013E+3	0.000000E+0	8.266000E+0
2.630603E-2	4.049890E+3	0.000000E+0	8.451000E+0
2.629815E-2	4.049330E+3	0.000000E+0	8.633000E+0
2.628093E-2	4.048697E+3	0.000000E+0	8.817000E+0
2.627573E-2	4.048140E+3	0.000000E+0	9.000000E+0
2.625684E-2	4.047580E+3	0.000000E+0	9.180000E+0
2.625264E-2	4.048140E+3	0.000000E+0	9.363000E+0
2.623408E-2	4.049093E+3	0.000000E+0	9.543000E+0
2.622764E-2	4.050363E+3	0.000000E+0	9.721000E+0
2.621370E-2	4.051240E+3	0.000000E+0	9.902000E+0
2.620232E-2	4.050760E+3	0.000000E+0	1.007600E+1
2.619553E-2	4.050127E+3	0.000000E+0	1.025600E+1
2.617818E-2	4.050127E+3	0.000000E+0	1.043600E+1
2.617128E-2	4.050280E+3	0.000000E+0	1.061700E+1
2.615216E-2	4.049970E+3	0.000000E+0	1.079800E+1
2.614851E-2	4.049650E+3	0.000000E+0	1.097600E+1
2.612857E-2	4.050363E+3	0.000000E+0	1.115400E+1
2.612353E-2	4.050840E+3	0.000000E+0	1.133500E+1
2.610836E-2	4.050600E+3	0.000000E+0	1.151400E+1
2.609740E-2	4.049810E+3	0.000000E+0	1.169500E+1
2.608587E-2	4.049570E+3	0.000000E+0	1.187400E+1
2.607217E-2	4.049810E+3	0.000000E+0	1.205600E+1
2.606482E-2	4.050363E+3	0.000000E+0	1.223700E+1
2.604721E-2	4.050520E+3	0.000000E+0	1.241900E+1
2.604150E-2	4.050680E+3	0.000000E+0	1.260300E+1
2.602203E-2	4.050760E+3	0.000000E+0	1.278600E+1
2.601751E-2	4.050363E+3	0.000000E+0	1.296900E+1
2.599873E-2	4.049170E+3	0.000000E+0	1.315300E+1
2.599255E-2	4.048697E+3	0.000000E+0	1.333300E+1
2.597677E-2	4.049410E+3	0.000000E+0	1.351400E+1
2.596652E-2	4.049970E+3	0.000000E+0	1.369600E+1
2.595688E-2	4.050207E+3	0.000000E+0	1.388000E+1
2.594107E-2	4.051240E+3	0.000000E+0	1.406300E+1
2.593169E-2	4.051950E+3	0.000000E+0	1.424400E+1
2.591490E-2	4.051873E+3	0.000000E+0	1.442800E+1
2.590910E-2	4.051640E+3	0.000000E+0	1.460900E+1
2.588957E-2	4.051480E+3	0.000000E+0	1.478700E+1
2.588516E-2	4.051640E+3	0.000000E+0	1.496800E+1
2.586613E-2	4.052430E+3	0.000000E+0	1.514800E+1
2.585974E-2	4.052910E+3	0.000000E+0	1.533000E+1
2.584490E-2	4.052273E+3	0.000000E+0	1.550900E+1
2.583353E-2	4.051160E+3	0.000000E+0	1.568900E+1
2.582301E-2	4.050760E+3	0.000000E+0	1.586800E+1
2.580823E-2	4.050920E+3	0.000000E+0	1.604800E+1
2.580078E-2	4.051160E+3	0.000000E+0	1.622500E+1
2.578197E-2	4.051717E+3	0.000000E+0	1.640800E+1
2.577809E-2	4.052030E+3	0.000000E+0	1.658800E+1
2.575767E-2	4.052510E+3	0.000000E+0	1.676800E+1
2.575194E-2	4.052830E+3	0.000000E+0	1.695200E+1
2.573312E-2	4.052270E+3	0.000000E+0	1.713500E+1
2.572544E-2	4.051797E+3	0.000000E+0	1.731800E+1
2.571409E-2	4.052510E+3	0.000000E+0	1.749800E+1
2.569957E-2	4.052990E+3	0.000000E+0	1.767800E+1
2.568920E-2	4.052750E+3	0.000000E+0	1.786100E+1
2.567321E-2	4.051877E+3	0.000000E+0	1.804100E+1
2.566638E-2	4.051320E+3	0.000000E+0	1.822200E+1
2.564691E-2	4.051000E+3	0.000000E+0	1.840300E+1
2.564265E-2	4.050760E+3	0.000000E+0	1.858400E+1
2.562167E-2	4.050840E+3	0.000000E+0	1.876700E+1
2.561635E-2	4.051160E+3	0.000000E+0	1.894700E+1
2.559877E-2	4.050760E+3	0.000000E+0	1.912900E+1
2.558961E-2	4.050760E+3	0.000000E+0	1.931000E+1
2.557513E-2	4.050760E+3	0.000000E+0	1.948900E+1
2.556296E-2	4.050760E+3	0.000000E+0	1.966900E+1
2.555399E-2	4.051637E+3	0.000000E+0	1.984900E+1
2.553701E-2	4.052830E+3	0.000000E+0	2.003100E+1
2.553089E-2	4.053383E+3	0.000000E+0	2.020900E+1
2.551075E-2	4.053860E+3	0.000000E+0	2.039200E+1
2.550629E-2	4.053780E+3	0.000000E+0	2.057500E+1
2.548592E-2	4.053303E+3	0.000000E+0	2.075500E+1
2.547982E-2	4.053460E+3	0.000000E+0	2.094100E+1
2.546326E-2	4.053940E+3	0.000000E+0	2.112000E+1
2.545319E-2	4.054340E+3	0.000000E+0	2.130100E+1
2.544098E-2	4.054100E+3	0.000000E+0	2.148300E+1
2.542610E-2	4.053463E+3	0.000000E+0	2.166400E+1
2.541773E-2	4.052910E+3	0.000000E+0	2.184400E+1
2.539948E-2	4.052910E+3	0.000000E+0	2.202300E+1
2.539393E-2	4.052430E+3	0.000000E+0	2.220300E+1
2.537342E-2	4.051950E+3	0.000000E+0	2.238300E+1
2.536813E-2	4.052670E+3	0.000000E+0	2.256500E+1
2.534933E-2	4.052910E+3	0.000000E+0	2.274600E+1
2.534099E-2	4.052190E+3	0.000000E+0	2.292900E+1
2.532541E-2	4.052030E+3	0.000000E+0	2.311300E+1
2.531446E-2	4.052430E+3	0.000000E+0	2.329400E+1
2.530279E-2	4.052110E+3	0.000000E+0	2.347500E+1
2.528688E-2	4.051797E+3	0.000000E+0	2.365600E+1
2.527976E-2	4.051720E+3	0.000000E+0	2.383800E+1
2.526042E-2	4.051720E+3	0.000000E+0	2.401500E+1
2.525467E-2	4.051720E+3	0.000000E+0	2.420300E+1
2.522972E-2	4.051240E+3	0.000000E+0	2.448700E+1
2.522080E-2	4.051797E+3	0.000000E+0	2.466400E+1
2.520413E-2	4.052430E+3	0.000000E+0	2.482800E+1
2.520053E-2	4.052350E+3	0.000000E+0	2.499200E+1
2.517943E-2	4.051797E+3	0.000000E+0	2.516700E+1
2.517296E-2	4.051797E+3	0.000000E+0	2.534700E+1
2.515583E-2	4.052350E+3	0.000000E+0	2.552900E+1
2.514529E-2	4.052750E+3	0.000000E+0	2.570900E+1
2.513552E-2	4.053700E+3	0.000000E+0	2.589000E+1
2.511896E-2	4.054020E+3	0.000000E+0	2.607000E+1
2.510750E-2	4.053940E+3	0.000000E+0	2.625300E+1
2.509081E-2	4.053860E+3	0.000000E+0	2.643500E+1
2.508482E-2	4.054020E+3	0.000000E+0	2.661500E+1
2.506341E-2	4.053543E+3	0.000000E+0	2.679600E+1
2.505876E-2	4.052590E+3	0.000000E+0	2.698100E+1
2.503777E-2	4.052430E+3	0.000000E+0	2.715900E+1
2.503097E-2	4.052830E+3	0.000000E+0	2.734300E+1
2.501160E-2	4.053223E+3	0.000000E+0	2.752900E+1
2.500312E-2	4.053780E+3	0.000000E+0	2.770900E+1
2.498947E-2	4.053460E+3	0.000000E+0	2.789200E+1
2.497640E-2	4.053380E+3	0.000000E+0	2.807500E+1
2.496704E-2	4.053620E+3	0.000000E+0	2.825400E+1
2.494888E-2	4.054100E+3	0.000000E+0	2.843600E+1
2.494279E-2	4.054500E+3	0.000000E+0	2.862100E+1
2.492187E-2	4.054970E+3	0.000000E+0	2.880300E+1
2.491622E-2	4.054657E+3	0.000000E+0	2.898500E+1
2.489442E-2	4.054500E+3	0.000000E+0	2.916600E+1
2.488900E-2	4.053780E+3	0.000000E+0	2.934800E+1
2.486940E-2	4.052750E+3	0.000000E+0	2.952700E+1
2.486054E-2	4.053147E+3	0.000000E+0	2.970300E+1
2.484753E-2	4.054893E+3	0.000000E+0	2.988300E+1
2.483279E-2	4.055530E+3	0.000000E+0	3.006400E+1
2.482362E-2	4.055530E+3	0.000000E+0	3.024600E+1
2.480496E-2	4.055530E+3	0.000000E+0	3.042700E+1
2.479904E-2	4.054970E+3	0.000000E+0	3.060700E+1
2.477827E-2	4.054580E+3	0.000000E+0	3.078900E+1
2.477262E-2	4.054657E+3	0.000000E+0	3.097000E+1
2.475223E-2	4.055050E+3	0.000000E+0	3.115200E+1
2.474514E-2	4.054580E+3	0.000000E+0	3.133200E+1
2.472862E-2	4.054100E+3	0.000000E+0	3.151500E+1
2.471692E-2	4.053860E+3	0.000000E+0	3.169400E+1
2.470398E-2	4.053620E+3	0.000000E+0	3.187600E+1
2.468865E-2	4.053460E+3	0.000000E+0	3.205800E+1
2.468232E-2	4.053540E+3	0.000000E+0	3.223500E+1
2.466204E-2	4.054100E+3	0.000000E+0	3.241800E+1
2.465595E-2	4.053940E+3	0.000000E+0	3.259600E+1
2.463422E-2	4.053147E+3	0.000000E+0	3.277700E+1
2.462847E-2	4.052430E+3	0.000000E+0	3.295900E+1
2.460825E-2	4.052430E+3	0.000000E+0	3.314100E+1
2.459999E-2	4.052670E+3	0.000000E+0	3.332300E+1
2.458516E-2	4.052910E+3	0.000000E+0	3.350400E+1
2.457151E-2	4.052510E+3	0.000000E+0	3.368700E+1
2.456022E-2	4.051950E+3	0.000000E+0	3.386900E+1
2.454375E-2	4.052190E+3	0.000000E+0	3.405300E+1
2.453589E-2	4.052030E+3	0.000000E+0	3.423400E+1
2.451594E-2	4.052270E+3	0.000000E+0	3.442000E+1
2.450965E-2	4.052430E+3	0.000000E+0	3.460100E+1
2.448805E-2	4.052350E+3	0.000000E+0	3.478300E+1
2.448283E-2	4.051953E+3	0.000000E+0	3.496400E+1
2.446340E-2	4.051873E+3	0.000000E+0	3.514400E+1
2.445404E-2	4.051797E+3	0.000000E+0	3.532700E+1
2.443867E-2	4.052110E+3	0.000000E+0	3.550700E+1
2.442617E-2	4.052190E+3	0.000000E+0	3.568600E+1
2.441745E-2	4.052430E+3	0.000000E+0	3.586600E+1
2.439878E-2	4.052510E+3	0.000000E+0	3.604600E+1
2.439030E-2	4.052430E+3	0.000000E+0	3.622800E+1
2.437002E-2	4.053067E+3	0.000000E+0	3.641100E+1
2.436437E-2	4.053860E+3	0.000000E+0	3.659200E+1
2.434208E-2	4.053860E+3	0.000000E+0	3.677200E+1
2.433654E-2	4.053780E+3	0.000000E+0	3.695400E+1
2.431818E-2	4.053460E+3	0.000000E+0	3.713500E+1
2.430750E-2	4.052990E+3	0.000000E+0	3.731700E+1
2.429286E-2	4.052590E+3	0.000000E+0	3.749900E+1
2.427915E-2	4.052590E+3	0.000000E+0	3.768300E+1
2.426654E-2	4.053147E+3	0.000000E+0	3.786500E+1
2.424964E-2	4.053540E+3	0.000000E+0	3.804700E+1
2.424200E-2	4.053620E+3	0.000000E+0	3.823000E+1
2.422135E-2	4.053780E+3	0.000000E+0	3.841400E+1
2.421626E-2	4.054100E+3	0.000000E+0	3.859600E+1
2.419450E-2	4.054813E+3	0.000000E+0	3.877800E+1
2.418816E-2	4.055530E+3	0.000000E+0	3.895800E+1
2.416882E-2	4.056170E+3	0.000000E+0	3.913800E+1
2.415972E-2	4.056403E+3	0.000000E+0	3.932000E+1
2.414739E-2	4.056480E+3	0.000000E+0	3.950000E+1
2.413083E-2	4.056327E+3	0.000000E+0	3.968700E+1
2.411909E-2	4.056250E+3	0.000000E+0	3.987200E+1
2.410176E-2	4.055450E+3	0.000000E+0	4.005200E+1
2.409293E-2	4.055050E+3	0.000000E+0	4.023800E+1
2.407290E-2	4.054890E+3	0.000000E+0	4.042100E+1
2.406646E-2	4.054580E+3	0.000000E+0	4.060000E+1
2.404446E-2	4.054340E+3	0.000000E+0	4.077800E+1
2.403929E-2	4.054340E+3	0.000000E+0	4.096000E+1
2.401934E-2	4.054737E+3	0.000000E+0	4.114100E+1
2.401035E-2	4.055130E+3	0.000000E+0	4.132100E+1
2.399443E-2	4.055290E+3	0.000000E+0	4.150100E+1
2.398142E-2	4.055290E+3	0.000000E+0	4.167900E+1
2.396972E-2	4.055530E+3	0.000000E+0	4.186100E+1
2.395217E-2	4.055530E+3	0.000000E+0	4.204000E+1
2.394645E-2	4.055210E+3	0.000000E+0	4.222000E+1
2.392470E-2	4.055050E+3	0.000000E+0	4.239800E+1
2.391951E-2	4.054657E+3	0.000000E+0	4.257900E+1
2.389208E-2	4.054657E+3	0.000000E+0	4.288900E+1
2.386224E-2	4.055450E+3	0.000000E+0	4.329300E+1
2.384754E-2	4.055850E+3	0.000000E+0	4.347600E+1
2.383195E-2	4.056010E+3	0.000000E+0	4.365800E+1
2.382162E-2	4.056010E+3	0.000000E+0	4.384000E+1
2.380271E-2	4.056090E+3	0.000000E+0	4.402000E+1
2.379647E-2	4.055053E+3	0.000000E+0	4.420400E+1
2.377450E-2	4.053860E+3	0.000000E+0	4.438400E+1
2.376922E-2	4.053227E+3	0.000000E+0	4.456400E+1
2.374794E-2	4.053463E+3	0.000000E+0	4.474600E+1
2.374001E-2	4.054733E+3	0.000000E+0	4.492800E+1
2.372246E-2	4.055770E+3	0.000000E+0	4.511100E+1
2.370991E-2	4.055930E+3	0.000000E+0	4.529300E+1
2.369721E-2	4.055370E+3	0.000000E+0	4.547300E+1
2.368100E-2	4.055050E+3	0.000000E+0	4.565400E+1
2.367423E-2	4.055210E+3	0.000000E+0	4.583600E+1
2.364935E-2	4.055370E+3	0.000000E+0	4.614200E+1
2.361710E-2	4.055850E+3	0.000000E+0	4.657600E+1
2.359473E-2	4.056327E+3	0.000000E+0	4.676200E+1
2.358799E-2	4.056640E+3	0.000000E+0	4.694500E+1
2.356866E-2	4.056720E+3	0.000000E+0	4.712600E+1
2.355889E-2	4.056327E+3	0.000000E+0	4.730800E+1
2.354460E-2	4.056010E+3	0.000000E+0	4.748500E+1
2.352892E-2	4.056170E+3	0.000000E+0	4.766700E+1
2.351932E-2	4.056480E+3	0.000000E+0	4.784800E+1
2.349993E-2	4.056560E+3	0.000000E+0	4.802900E+1
2.349222E-2	4.056250E+3	0.000000E+0	4.821100E+1
2.346646E-2	4.056723E+3	0.000000E+0	4.853000E+1
2.344999E-2	4.057677E+3	0.000000E+0	4.871300E+1
2.343677E-2	4.057600E+3	0.000000E+0	4.889400E+1
2.342368E-2	4.057040E+3	0.000000E+0	4.907400E+1
2.340677E-2	4.056720E+3	0.000000E+0	4.925600E+1
2.339775E-2	4.057200E+3	0.000000E+0	4.943700E+1
2.337847E-2	4.057913E+3	0.000000E+0	4.961700E+1
2.337232E-2	4.058150E+3	0.000000E+0	4.979600E+1
2.335038E-2	4.057913E+3	0.000000E+0	4.997600E+1
2.334469E-2	4.057200E+3	0.000000E+0	5.015900E+1
2.332277E-2	4.056483E+3	0.000000E+0	5.034200E+1
2.331413E-2	4.055610E+3	0.000000E+0	5.052300E+1
2.329807E-2	4.055370E+3	0.000000E+0	5.070200E+1
2.328503E-2	4.055530E+3	0.000000E+0	5.088200E+1
2.327355E-2	4.055530E+3	0.000000E+0	5.106100E+1
2.325568E-2	4.054813E+3	0.000000E+0	5.124200E+1
2.324725E-2	4.054580E+3	0.000000E+0	5.142400E+1
2.322578E-2	4.054970E+3	0.000000E+0	5.160600E+1
2.322009E-2	4.055050E+3	0.000000E+0	5.179000E+1
2.319758E-2	4.055530E+3	0.000000E+0	5.197100E+1
2.319082E-2	4.056800E+3	0.000000E+0	5.215100E+1
2.317161E-2	4.057360E+3	0.000000E+0	5.233300E+1
2.316107E-2	4.057280E+3	0.000000E+0	5.251000E+1
2.314637E-2	4.056483E+3	0.000000E+0	5.269000E+1
2.313130E-2	4.056250E+3	0.000000E+0	5.287300E+1
2.312126E-2	4.056720E+3	0.000000E+0	5.304900E+1
2.310131E-2	4.057440E+3	0.000000E+0	5.323100E+1
2.309509E-2	4.057757E+3	0.000000E+0	5.341200E+1
2.307329E-2	4.057280E+3	0.000000E+0	5.359300E+1
2.306759E-2	4.057200E+3	0.000000E+0	5.377300E+1
2.304609E-2	4.056720E+3	0.000000E+0	5.395100E+1
2.303744E-2	4.056250E+3	0.000000E+0	5.413000E+1
2.301991E-2	4.056643E+3	0.000000E+0	5.431300E+1
2.300732E-2	4.057360E+3	0.000000E+0	5.449600E+1
2.299447E-2	4.057200E+3	0.000000E+0	5.467800E+1
2.297739E-2	4.056483E+3	0.000000E+0	5.485700E+1
2.296901E-2	4.056250E+3	0.000000E+0	5.503600E+1
2.294785E-2	4.056090E+3	0.000000E+0	5.521900E+1
2.294359E-2	4.055610E+3	0.000000E+0	5.540200E+1
2.292059E-2	4.055050E+3	0.000000E+0	5.558300E+1
2.291307E-2	4.054580E+3	0.000000E+0	5.576500E+1
2.289134E-2	4.054813E+3	0.000000E+0	5.595000E+1
2.288268E-2	4.055130E+3	0.000000E+0	5.613600E+1
2.286531E-2	4.055530E+3	0.000000E+0	5.631600E+1
2.285277E-2	4.056010E+3	0.000000E+0	5.649600E+1
2.284030E-2	4.056010E+3	0.000000E+0	5.667600E+1
2.282308E-2	4.055210E+3	0.000000E+0	5.685600E+1
2.281447E-2	4.054970E+3	0.000000E+0	5.703800E+1
2.279371E-2	4.054733E+3	0.000000E+0	5.721800E+1
2.278713E-2	4.054420E+3	0.000000E+0	5.739800E+1
2.276421E-2	4.054500E+3	0.000000E+0	5.757800E+1
2.275821E-2	4.055050E+3	0.000000E+0	5.775800E+1
2.273785E-2	4.055050E+3	0.000000E+0	5.794300E+1
2.272849E-2	4.055130E+3	0.000000E+0	5.812300E+1
2.271380E-2	4.055530E+3	0.000000E+0	5.830100E+1
2.269826E-2	4.056010E+3	0.000000E+0	5.848300E+1
2.268597E-2	4.055770E+3	0.000000E+0	5.866800E+1
2.266818E-2	4.055050E+3	0.000000E+0	5.884900E+1
2.266241E-2	4.054260E+3	0.000000E+0	5.903100E+1
2.263999E-2	4.053460E+3	0.000000E+0	5.921100E+1
2.263307E-2	4.053460E+3	0.000000E+0	5.939100E+1
2.260987E-2	4.053860E+3	0.000000E+0	5.957500E+1
2.260288E-2	4.053860E+3	0.000000E+0	5.975400E+1
2.258368E-2	4.053383E+3	0.000000E+0	5.993500E+1
2.257305E-2	4.052990E+3	0.000000E+0	6.011500E+1
2.255670E-2	4.053620E+3	0.000000E+0	6.029500E+1
2.254203E-2	4.054420E+3	0.000000E+0	6.047700E+1
2.253016E-2	4.054500E+3	0.000000E+0	6.065600E+1
2.251206E-2	4.054340E+3	0.000000E+0	6.083700E+1
2.250428E-2	4.054420E+3	0.000000E+0	6.102100E+1
2.248256E-2	4.054580E+3	0.000000E+0	6.120300E+1
2.247664E-2	4.054580E+3	0.000000E+0	6.138400E+1
2.245358E-2	4.054970E+3	0.000000E+0	6.156400E+1
2.244666E-2	4.055530E+3	0.000000E+0	6.174700E+1
2.242781E-2	4.055450E+3	0.000000E+0	6.193700E+1
2.241700E-2	4.054497E+3	0.000000E+0	6.211800E+1
2.239958E-2	4.053380E+3	0.000000E+0	6.230400E+1
2.238589E-2	4.053540E+3	0.000000E+0	6.249300E+1
2.237643E-2	4.054100E+3	0.000000E+0	6.267600E+1
2.235637E-2	4.054657E+3	0.000000E+0	6.285900E+1
2.234493E-2	4.055290E+3	0.000000E+0	6.304300E+1
2.232524E-2	4.055290E+3	0.000000E+0	6.322300E+1
2.231942E-2	4.054577E+3	0.000000E+0	6.340300E+1
2.229655E-2	4.053303E+3	0.000000E+0	6.358600E+1
2.228970E-2	4.052430E+3	0.000000E+0	6.376600E+1
2.226655E-2	4.051797E+3	0.000000E+0	6.395200E+1
2.225924E-2	4.051240E+3	0.000000E+0	6.413500E+1
2.224075E-2	4.050600E+3	0.000000E+0	6.431200E+1
2.222867E-2	4.050360E+3	0.000000E+0	6.449200E+1
2.221493E-2	4.050680E+3	0.000000E+0	6.467500E+1
2.219873E-2	4.051080E+3	0.000000E+0	6.485800E+1
2.218926E-2	4.051240E+3	0.000000E+0	6.503900E+1
2.216863E-2	4.051320E+3	0.000000E+0	6.522200E+1
2.216333E-2	4.051560E+3	0.000000E+0	6.540200E+1
2.214035E-2	4.051720E+3	0.000000E+0	6.558400E+1
2.213382E-2	4.051720E+3	0.000000E+0	6.576600E+1
2.211080E-2	4.051640E+3	0.000000E+0	6.594600E+1
2.210210E-2	4.051080E+3	0.000000E+0	6.612700E+1
2.208348E-2	4.050283E+3	0.000000E+0	6.631100E+1
2.207161E-2	4.050127E+3	0.000000E+0	6.649100E+1
2.205850E-2	4.050127E+3	0.000000E+0	6.667000E+1
2.204108E-2	4.049330E+3	0.000000E+0	6.685400E+1
2.203212E-2	4.049010E+3	0.000000E+0	6.703400E+1
2.201106E-2	4.048930E+3	0.000000E+0	6.721600E+1
2.200490E-2	4.048697E+3	0.000000E+0	6.739700E+1
2.198167E-2	4.048620E+3	0.000000E+0	6.757900E+1
2.197542E-2	4.048620E+3	0.000000E+0	6.776300E+1
2.195349E-2	4.048697E+3	0.000000E+0	6.794400E+1
2.194453E-2	4.048773E+3	0.000000E+0	6.812600E+1
2.192745E-2	4.048697E+3	0.000000E+0	6.830900E+1
2.191464E-2	4.048460E+3	0.000000E+0	6.849100E+1
2.190076E-2	4.047900E+3	0.000000E+0	6.867000E+1
2.188339E-2	4.047500E+3	0.000000E+0	6.884900E+1
2.187391E-2	4.047420E+3	0.000000E+0	6.903200E+1
2.185272E-2	4.047420E+3	0.000000E+0	6.921400E+1
2.184776E-2	4.047420E+3	0.000000E+0	6.939600E+1
2.182468E-2	4.047660E+3	0.000000E+0	6.957400E+1
2.181728E-2	4.047660E+3	0.000000E+0	6.975600E+1
2.179613E-2	4.046710E+3	0.000000E+0	6.993700E+1
2.178681E-2	4.045437E+3	0.000000E+0	7.011900E+1
2.177041E-2	4.044163E+3	0.000000E+0	7.029600E+1
2.175646E-2	4.043210E+3	0.000000E+0	7.047900E+1
2.174458E-2	4.043370E+3	0.000000E+0	7.066400E+1
2.172577E-2	4.043850E+3	0.000000E+0	7.084100E+1
2.171708E-2	4.043450E+3	0.000000E+0	7.102500E+1
2.169543E-2	4.042893E+3	0.000000E+0	7.120500E+1
2.168911E-2	4.042020E+3	0.000000E+0	7.138500E+1
2.166599E-2	4.040987E+3	0.000000E+0	7.156500E+1
2.165903E-2	4.040110E+3	0.000000E+0	7.174500E+1
2.164034E-2	4.040030E+3	0.000000E+0	7.192700E+1
2.162901E-2	4.040030E+3	0.000000E+0	7.210800E+1
2.161363E-2	4.039637E+3	0.000000E+0	7.229000E+1
2.159805E-2	4.039320E+3	0.000000E+0	7.247100E+1
2.158679E-2	4.038760E+3	0.000000E+0	7.265300E+1
2.156771E-2	4.037810E+3	0.000000E+0	7.283400E+1
2.156056E-2	4.036930E+3	0.000000E+0	7.301600E+1
2.153813E-2	4.036060E+3	0.000000E+0	7.319700E+1
2.153180E-2	4.035027E+3	0.000000E+0	7.337700E+1
2.150855E-2	4.034150E+3	0.000000E+0	7.355900E+1
2.150102E-2	4.033520E+3	0.000000E+0	7.374100E+1
2.148164E-2	4.032800E+3	0.000000E+0	7.392200E+1
2.147012E-2	4.031927E+3	0.000000E+0	7.410600E+1
2.145577E-2	4.030497E+3	0.000000E+0	7.428800E+1
2.143858E-2	4.029067E+3	0.000000E+0	7.447000E+1
2.142744E-2	4.027793E+3	0.000000E+0	7.465600E+1
2.140884E-2	4.026443E+3	0.000000E+0	7.483700E+1
2.139935E-2	4.025170E+3	0.000000E+0	7.501900E+1
2.137800E-2	4.024220E+3	0.000000E+0	7.520800E+1
2.137188E-2	4.022627E+3	0.000000E+0	7.539100E+1
2.134847E-2	4.020960E+3	0.000000E+0	7.557500E+1
2.134171E-2	4.020007E+3	0.000000E+0	7.576200E+1
2.132006E-2	4.018813E+3	0.000000E+0	7.594200E+1
2.131126E-2	4.016587E+3	0.000000E+0	7.612400E+1
2.129421E-2	4.014283E+3	0.000000E+0	7.630600E+1
2.127916E-2	4.012137E+3	0.000000E+0	7.648800E+1
2.126784E-2	4.010310E+3	0.000000E+0	7.666800E+1
2.124877E-2	4.008960E+3	0.000000E+0	7.684900E+1
2.124046E-2	4.007370E+3	0.000000E+0	7.703100E+1
2.121876E-2	4.005940E+3	0.000000E+0	7.721200E+1
2.121280E-2	4.004110E+3	0.000000E+0	7.739300E+1
2.118893E-2	4.002523E+3	0.000000E+0	7.757500E+1
2.118240E-2	4.000693E+3	0.000000E+0	7.775400E+1
2.116305E-2	3.999103E+3	0.000000E+0	7.793400E+1
2.115153E-2	3.997513E+3	0.000000E+0	7.811400E+1
2.113625E-2	3.995053E+3	0.000000E+0	7.829600E+1
2.112052E-2	3.993303E+3	0.000000E+0	7.847700E+1
2.111246E-2	3.991950E+3	0.000000E+0	7.866000E+1
2.109042E-2	3.990920E+3	0.000000E+0	7.884300E+1
2.108225E-2	3.989727E+3	0.000000E+0	7.902700E+1
2.105903E-2	3.988533E+3	0.000000E+0	7.920800E+1
2.105308E-2	3.987027E+3	0.000000E+0	7.939100E+1
2.102947E-2	3.986150E+3	0.000000E+0	7.957800E+1
2.102324E-2	3.985117E+3	0.000000E+0	7.975800E+1
2.100062E-2	3.983527E+3	0.000000E+0	7.993800E+1
2.099119E-2	3.981223E+3	0.000000E+0	8.012100E+1
2.097620E-2	3.979633E+3	0.000000E+0	8.030300E+1
2.096120E-2	3.978600E+3	0.000000E+0	8.048400E+1
2.094707E-2	3.977570E+3	0.000000E+0	8.066700E+1
2.092965E-2	3.976690E+3	0.000000E+0	8.084700E+1
2.092250E-2	3.975820E+3	0.000000E+0	8.102800E+1
2.089956E-2	3.975340E+3	0.000000E+0	8.120900E+1
2.089506E-2	3.974787E+3	0.000000E+0	8.138800E+1
2.087156E-2	3.974310E+3	0.000000E+0	8.156800E+1
2.086334E-2	3.974470E+3	0.000000E+0	8.175000E+1
2.084336E-2	3.975420E+3	0.000000E+0	8.192900E+1
2.083160E-2	3.976690E+3	0.000000E+0	8.211200E+1
2.082083E-2	3.977330E+3	0.000000E+0	8.229000E+1
2.080155E-2	3.977807E+3	0.000000E+0	8.247000E+1
2.078916E-2	3.978840E+3	0.000000E+0	8.265200E+1
2.076948E-2	3.980190E+3	0.000000E+0	8.283200E+1
2.076373E-2	3.981620E+3	0.000000E+0	8.301400E+1
2.074048E-2	3.982890E+3	0.000000E+0	8.319400E+1
2.073441E-2	3.984640E+3	0.000000E+0	8.337700E+1
2.070995E-2	3.986070E+3	0.000000E+0	8.355700E+1
2.070335E-2	3.986867E+3	0.000000E+0	8.373900E+1
2.068400E-2	3.988533E+3	0.000000E+0	8.391600E+1
2.067128E-2	3.990840E+3	0.000000E+0	8.409800E+1
2.065840E-2	3.992507E+3	0.000000E+0	8.427500E+1
2.064078E-2	3.994177E+3	0.000000E+0	8.445500E+1
2.063138E-2	3.996880E+3	0.000000E+0	8.463700E+1
2.060968E-2	3.999423E+3	0.000000E+0	8.481800E+1
2.060508E-2	4.001090E+3	0.000000E+0	8.500000E+1
2.058098E-2	4.002603E+3	0.000000E+0	8.518100E+1
2.057392E-2	4.005143E+3	0.000000E+0	8.536100E+1
2.055132E-2	4.006890E+3	0.000000E+0	8.554300E+1
2.054262E-2	4.007450E+3	0.000000E+0	8.572000E+1
2.053134E-2	4.008720E+3	0.000000E+0	8.589900E+1
2.051224E-2	4.010787E+3	0.000000E+0	8.607800E+1
2.049944E-2	4.012853E+3	0.000000E+0	8.626100E+1
2.048032E-2	4.014603E+3	0.000000E+0	8.644200E+1
2.047233E-2	4.016190E+3	0.000000E+0	8.662400E+1
2.045003E-2	4.017540E+3	0.000000E+0	8.680500E+1
2.044426E-2	4.018573E+3	0.000000E+0	8.698500E+1
2.042084E-2	4.019210E+3	0.000000E+0	8.716700E+1
2.041394E-2	4.020720E+3	0.000000E+0	8.734500E+1
2.039364E-2	4.022390E+3	0.000000E+0	8.752600E+1
2.038228E-2	4.024137E+3	0.000000E+0	8.770700E+1
2.036786E-2	4.025650E+3	0.000000E+0	8.789000E+1
2.035181E-2	4.026840E+3	0.000000E+0	8.807000E+1
2.033997E-2	4.028350E+3	0.000000E+0	8.825000E+1
2.031999E-2	4.029067E+3	0.000000E+0	8.843600E+1
2.031417E-2	4.029940E+3	0.000000E+0	8.861800E+1
2.029064E-2	4.030733E+3	0.000000E+0	8.879900E+1
2.028390E-2	4.031450E+3	0.000000E+0	8.897900E+1
2.026052E-2	4.032007E+3	0.000000E+0	8.916000E+1
2.025351E-2	4.032560E+3	0.000000E+0	8.933800E+1
2.023403E-2	4.033440E+3	0.000000E+0	8.951500E+1
2.022183E-2	4.034310E+3	0.000000E+0	8.970100E+1
2.020700E-2	4.034710E+3	0.000000E+0	8.988200E+1
2.019065E-2	4.035107E+3	0.000000E+0	9.006800E+1
2.017887E-2	4.035740E+3	0.000000E+0	9.025400E+1
2.015952E-2	4.036613E+3	0.000000E+0	9.043600E+1
2.015161E-2	4.037650E+3	0.000000E+0	9.061700E+1
2.012916E-2	4.038127E+3	0.000000E+0	9.079800E+1
2.012371E-2	4.039000E+3	0.000000E+0	9.097900E+1
2.009939E-2	4.039793E+3	0.000000E+0	9.115900E+1
2.009212E-2	4.040510E+3	0.000000E+0	9.133900E+1
2.007320E-2	4.041460E+3	0.000000E+0	9.152100E+1
2.006004E-2	4.042100E+3	0.000000E+0	9.170400E+1
2.004530E-2	4.042657E+3	0.000000E+0	9.188400E+1
2.002920E-2	4.043770E+3	0.000000E+0	9.206500E+1
2.002070E-2	4.044480E+3	0.000000E+0	9.225200E+1
1.999807E-2	4.044640E+3	0.000000E+0	9.243200E+1
1.999024E-2	4.045040E+3	0.000000E+0	9.261400E+1
1.996683E-2	4.045833E+3	0.000000E+0	9.279500E+1
1.996206E-2	4.046710E+3	0.000000E+0	9.297700E+1
1.993781E-2	4.047343E+3	0.000000E+0	9.315700E+1
1.993057E-2	4.047420E+3	0.000000E+0	9.333600E+1
1.991243E-2	4.047420E+3	0.000000E+0	9.351700E+1
1.989905E-2	4.048140E+3	0.000000E+0	9.369700E+1
1.988559E-2	4.048853E+3	0.000000E+0	9.387600E+1
1.986850E-2	4.049570E+3	0.000000E+0	9.405900E+1
1.985973E-2	4.049730E+3	0.000000E+0	9.423900E+1
1.983772E-2	4.049570E+3	0.000000E+0	9.442000E+1
1.983130E-2	4.049650E+3	0.000000E+0	9.460300E+1
1.980722E-2	4.050363E+3	0.000000E+0	9.478700E+1
1.980142E-2	4.050920E+3	0.000000E+0	9.497300E+1
1.977803E-2	4.050680E+3	0.000000E+0	9.515600E+1
1.976949E-2	4.050680E+3	0.000000E+0	9.533900E+1
1.974953E-2	4.050760E+3	0.000000E+0	9.552000E+1
1.973785E-2	4.051080E+3	0.000000E+0	9.570100E+1
1.972343E-2	4.051953E+3	0.000000E+0	9.588300E+1
1.970604E-2	4.052510E+3	0.000000E+0	9.606400E+1
1.969685E-2	4.052910E+3	0.000000E+0	9.624700E+1
1.967523E-2	4.052910E+3	0.000000E+0	9.643000E+1
1.966827E-2	4.052990E+3	0.000000E+0	9.661000E+1
1.964486E-2	4.053620E+3	0.000000E+0	9.678900E+1
1.963898E-2	4.053940E+3	0.000000E+0	9.697100E+1
1.961613E-2	4.053860E+3	0.000000E+0	9.715200E+1
1.960757E-2	4.053620E+3	0.000000E+0	9.733200E+1
1.959005E-2	4.053303E+3	0.000000E+0	9.751500E+1
1.957670E-2	4.052910E+3	0.000000E+0	9.769500E+1
1.954256E-2	4.052510E+3	0.000000E+0	9.815600E+1
1.951168E-2	4.052830E+3	0.000000E+0	9.848000E+1
1.950043E-2	4.053227E+3	0.000000E+0	9.866400E+1
1.948129E-2	4.053540E+3	0.000000E+0	9.884500E+1
1.947250E-2	4.053700E+3	0.000000E+0	9.902700E+1
1.944954E-2	4.053380E+3	0.000000E+0	9.921000E+1
1.941587E-2	4.053620E+3	0.000000E+0	9.965200E+1
1.939085E-2	4.054180E+3	0.000000E+0	9.994500E+1
1.938138E-2	4.054580E+3	0.000000E+0	1.001270E+2
1.936382E-2	4.054813E+3	0.000000E+0	1.003080E+2
1.934936E-2	4.055290E+3	0.000000E+0	1.004880E+2
1.933752E-2	4.055610E+3	0.000000E+0	1.006710E+2
1.931789E-2	4.055850E+3	0.000000E+0	1.008510E+2
1.928414E-2	4.056720E+3	0.000000E+0	1.013030E+2
1.925457E-2	4.056720E+3	0.000000E+0	1.016220E+2
1.924837E-2	4.057120E+3	0.000000E+0	1.018030E+2
1.922454E-2	4.056800E+3	0.000000E+0	1.019860E+2
1.921827E-2	4.056327E+3	0.000000E+0	1.021670E+2
1.919592E-2	4.056010E+3	0.000000E+0	1.023500E+2
1.918658E-2	4.055690E+3	0.000000E+0	1.025310E+2
1.916885E-2	4.056010E+3	0.000000E+0	1.027120E+2
1.913016E-2	4.055610E+3	0.000000E+0	1.031700E+2
1.912136E-2	4.055530E+3	0.000000E+0	1.033550E+2
1.910075E-2	4.055530E+3	0.000000E+0	1.035370E+2
1.908920E-2	4.055530E+3	0.000000E+0	1.037200E+2
1.907317E-2	4.055850E+3	0.000000E+0	1.039040E+2
1.905777E-2	4.056563E+3	0.000000E+0	1.040840E+2
1.904447E-2	4.057040E+3	0.000000E+0	1.042660E+2
1.902577E-2	4.057280E+3	0.000000E+0	1.044450E+2
1.901694E-2	4.057520E+3	0.000000E+0	1.046250E+2
1.899458E-2	4.057910E+3	0.000000E+0	1.048060E+2
1.898929E-2	4.058150E+3	0.000000E+0	1.049890E+2
1.896587E-2	4.057910E+3	0.000000E+0	1.051650E+2
1.895873E-2	4.058150E+3	0.000000E+0	1.053450E+2
1.893667E-2	4.058710E+3	0.000000E+0	1.055310E+2
1.892685E-2	4.058870E+3	0.000000E+0	1.057120E+2
1.891242E-2	4.059027E+3	0.000000E+0	1.058930E+2
1.889594E-2	4.059660E+3	0.000000E+0	1.060750E+2
1.888311E-2	4.059820E+3	0.000000E+0	1.062550E+2
1.886443E-2	4.058707E+3	0.000000E+0	1.064360E+2
1.885880E-2	4.057360E+3	0.000000E+0	1.066180E+2
1.883524E-2	4.057200E+3	0.000000E+0	1.068000E+2
1.882747E-2	4.057677E+3	0.000000E+0	1.069810E+2
1.880251E-2	4.058310E+3	0.000000E+0	1.071630E+2
1.879608E-2	4.058390E+3	0.000000E+0	1.073440E+2
1.877390E-2	4.058390E+3	0.000000E+0	1.075270E+2
1.876381E-2	4.058310E+3	0.000000E+0	1.077090E+2
1.874721E-2	4.057910E+3	0.000000E+0	1.078910E+2
1.873187E-2	4.058070E+3	0.000000E+0	1.080750E+2
1.871963E-2	4.057990E+3	0.000000E+0	1.082560E+2
1.870076E-2	4.057757E+3	0.000000E+0	1.084330E+2
1.869323E-2	4.057757E+3	0.000000E+0	1.086160E+2
1.867066E-2	4.058150E+3	0.000000E+0	1.087990E+2
1.866443E-2	4.058630E+3	0.000000E+0	1.089800E+2
1.864040E-2	4.059583E+3	0.000000E+0	1.091600E+2
1.863363E-2	4.060380E+3	0.000000E+0	1.093430E+2
1.861509E-2	4.060380E+3	0.000000E+0	1.095260E+2
1.860110E-2	4.059740E+3	0.000000E+0	1.097080E+2
1.858502E-2	4.059107E+3	0.000000E+0	1.098880E+2
1.856919E-2	4.058630E+3	0.000000E+0	1.100720E+2
1.855820E-2	4.058150E+3	0.000000E+0	1.102530E+2
1.853634E-2	4.057910E+3	0.000000E+0	1.104320E+2
1.853053E-2	4.058230E+3	0.000000E+0	1.106160E+2
1.850545E-2	4.058947E+3	0.000000E+0	1.107980E+2
1.850038E-2	4.059900E+3	0.000000E+0	1.109780E+2
1.848088E-2	4.060300E+3	0.000000E+0	1.111590E+2
1.846537E-2	4.060140E+3	0.000000E+0	1.113380E+2
1.845709E-2	4.059580E+3	0.000000E+0	1.115180E+2
1.843791E-2	4.059580E+3	0.000000E+0	1.117000E+2
1.842321E-2	4.059187E+3	0.000000E+0	1.118820E+2
1.841129E-2	4.058470E+3	0.000000E+0	1.120640E+2
1.840138E-2	4.058630E+3	0.000000E+0	1.122460E+2
1.839304E-2	4.059187E+3	0.000000E+0	1.124290E+2
1.838664E-2	4.059980E+3	0.000000E+0	1.126120E+2
1.838061E-2	4.060540E+3	0.000000E+0	1.127920E+2
1.837544E-2	4.060060E+3	0.000000E+0	1.129740E+2
1.837157E-2	4.058630E+3	0.000000E+0	1.131540E+2
1.836849E-2	4.057757E+3	0.000000E+0	1.133360E+2
1.836556E-2	4.057440E+3	0.000000E+0	1.135180E+2
1.836339E-2	4.057833E+3	0.000000E+0	1.137010E+2
1.836155E-2	4.058310E+3	0.000000E+0	1.138800E+2
1.835245E-2	4.058630E+3	0.000000E+0	1.140610E+2
1.827052E-2	4.058870E+3	0.000000E+0	1.142440E+2
1.825112E-2	4.058870E+3	0.000000E+0	1.144280E+2
1.822696E-2	4.059107E+3	0.000000E+0	1.146110E+2
1.821971E-2	4.059580E+3	0.000000E+0	1.147910E+2
1.819577E-2	4.059500E+3	0.000000E+0	1.149740E+2
1.818866E-2	4.058950E+3	0.000000E+0	1.151540E+2
1.816825E-2	4.058950E+3	0.000000E+0	1.153370E+2
1.815709E-2	4.059580E+3	0.000000E+0	1.155170E+2
1.814020E-2	4.059900E+3	0.000000E+0	1.156970E+2
1.812493E-2	4.059580E+3	0.000000E+0	1.158800E+2
1.811299E-2	4.059580E+3	0.000000E+0	1.160600E+2
1.809337E-2	4.059820E+3	0.000000E+0	1.162420E+2
1.808564E-2	4.060060E+3	0.000000E+0	1.164270E+2
1.806282E-2	4.060060E+3	0.000000E+0	1.166100E+2
1.805667E-2	4.060060E+3	0.000000E+0	1.167900E+2
1.803211E-2	4.059580E+3	0.000000E+0	1.169720E+2
1.802570E-2	4.058630E+3	0.000000E+0	1.171530E+2
1.800357E-2	4.058470E+3	0.000000E+0	1.173390E+2
1.799401E-2	4.059343E+3	0.000000E+0	1.175200E+2
1.797794E-2	4.060060E+3	0.000000E+0	1.177000E+2
1.796212E-2	4.060220E+3	0.000000E+0	1.178830E+2
1.794982E-2	4.060220E+3	0.000000E+0	1.180630E+2
1.793109E-2	4.059263E+3	0.000000E+0	1.182460E+2
1.792491E-2	4.059027E+3	0.000000E+0	1.184290E+2
1.790102E-2	4.059980E+3	0.000000E+0	1.186080E+2
1.789441E-2	4.060540E+3	0.000000E+0	1.187870E+2
1.786994E-2	4.060300E+3	0.000000E+0	1.189710E+2
1.786238E-2	4.060300E+3	0.000000E+0	1.191520E+2
1.784166E-2	4.060140E+3	0.000000E+0	1.193320E+2
1.783077E-2	4.059580E+3	0.000000E+0	1.195130E+2
1.781573E-2	4.060060E+3	0.000000E+0	1.196950E+2
1.779955E-2	4.061250E+3	0.000000E+0	1.198780E+2
1.778764E-2	4.061970E+3	0.000000E+0	1.200580E+2
1.776735E-2	4.062287E+3	0.000000E+0	1.202440E+2
1.775936E-2	4.062363E+3	0.000000E+0	1.204250E+2
1.773657E-2	4.062210E+3	0.000000E+0	1.206110E+2
1.773109E-2	4.062443E+3	0.000000E+0	1.207920E+2
1.770663E-2	4.062760E+3	0.000000E+0	1.209740E+2
1.769966E-2	4.062760E+3	0.000000E+0	1.211590E+2
1.767847E-2	4.062920E+3	0.000000E+0	1.213430E+2
1.766754E-2	4.062520E+3	0.000000E+0	1.215260E+2
1.765048E-2	4.062210E+3	0.000000E+0	1.217060E+2
1.763521E-2	4.061650E+3	0.000000E+0	1.218880E+2
1.762633E-2	4.060460E+3	0.000000E+0	1.220690E+2
1.760441E-2	4.060300E+3	0.000000E+0	1.222520E+2
1.759624E-2	4.060700E+3	0.000000E+0	1.224320E+2
1.757246E-2	4.060380E+3	0.000000E+0	1.226120E+2
1.756687E-2	4.059820E+3	0.000000E+0	1.227950E+2
1.754232E-2	4.059107E+3	0.000000E+0	1.229750E+2
1.753617E-2	4.058870E+3	0.000000E+0	1.231570E+2
1.751573E-2	4.058870E+3	0.000000E+0	1.233380E+2
1.750494E-2	4.058630E+3	0.000000E+0	1.235170E+2
1.748865E-2	4.058470E+3	0.000000E+0	1.237000E+2
1.747319E-2	4.057913E+3	0.000000E+0	1.238830E+2
1.745949E-2	4.057520E+3	0.000000E+0	1.240640E+2
1.744079E-2	4.057280E+3	0.000000E+0	1.242460E+2
1.743402E-2	4.057040E+3	0.000000E+0	1.244270E+2
1.741009E-2	4.057200E+3	0.000000E+0	1.246070E+2
1.740523E-2	4.058150E+3	0.000000E+0	1.247900E+2
1.738099E-2	4.058790E+3	0.000000E+0	1.249700E+2
1.737297E-2	4.058870E+3	0.000000E+0	1.251530E+2
1.735248E-2	4.058870E+3	0.000000E+0	1.253330E+2
1.734118E-2	4.058870E+3	0.000000E+0	1.255150E+2
1.732864E-2	4.058630E+3	0.000000E+0	1.257000E+2
1.731022E-2	4.058390E+3	0.000000E+0	1.258820E+2
1.729862E-2	4.058390E+3	0.000000E+0	1.260610E+2
1.727777E-2	4.058470E+3	0.000000E+0	1.262450E+2
1.727032E-2	4.059187E+3	0.000000E+0	1.264240E+2
1.724694E-2	4.060300E+3	0.000000E+0	1.266040E+2
1.724063E-2	4.060540E+3	0.000000E+0	1.267860E+2
1.721549E-2	4.060700E+3	0.000000E+0	1.269670E+2
1.720956E-2	4.060300E+3	0.000000E+0	1.271490E+2
1.718985E-2	4.059423E+3	0.000000E+0	1.273300E+2
1.717793E-2	4.058390E+3	0.000000E+0	1.275100E+2
1.716196E-2	4.058230E+3	0.000000E+0	1.276910E+2
1.714581E-2	4.058390E+3	0.000000E+0	1.278690E+2
1.713430E-2	4.058470E+3	0.000000E+0	1.280530E+2
1.711411E-2	4.058950E+3	0.000000E+0	1.282370E+2
1.710794E-2	4.059500E+3	0.000000E+0	1.284200E+2
1.708387E-2	4.059980E+3	0.000000E+0	1.286020E+2
1.707729E-2	4.060140E+3	0.000000E+0	1.287830E+2
1.705356E-2	4.060777E+3	0.000000E+0	1.289620E+2
1.704669E-2	4.061250E+3	0.000000E+0	1.291420E+2
1.702520E-2	4.062127E+3	0.000000E+0	1.293250E+2
1.701405E-2	4.062920E+3	0.000000E+0	1.295060E+2
1.699890E-2	4.062523E+3	0.000000E+0	1.296910E+2
1.698250E-2	4.062050E+3	0.000000E+0	1.298710E+2
1.697070E-2	4.062130E+3	0.000000E+0	1.300530E+2
1.695031E-2	4.062840E+3	0.000000E+0	1.302330E+2
1.694312E-2	4.062760E+3	0.000000E+0	1.304160E+2
1.691964E-2	4.062600E+3	0.000000E+0	1.305980E+2
1.691428E-2	4.062130E+3	0.000000E+0	1.307800E+2
1.688970E-2	4.061970E+3	0.000000E+0	1.309650E+2
1.688231E-2	4.062210E+3	0.000000E+0	1.311470E+2
1.686197E-2	4.062210E+3	0.000000E+0	1.313300E+2
1.685032E-2	4.061730E+3	0.000000E+0	1.315170E+2
1.683368E-2	4.061330E+3	0.000000E+0	1.316980E+2
1.681827E-2	4.060857E+3	0.000000E+0	1.318810E+2
1.680933E-2	4.060540E+3	0.000000E+0	1.320610E+2
1.678688E-2	4.061013E+3	0.000000E+0	1.322410E+2
1.677934E-2	4.061330E+3	0.000000E+0	1.324210E+2
1.675585E-2	4.061250E+3	0.000000E+0	1.326010E+2
1.675058E-2	4.061250E+3	0.000000E+0	1.327840E+2
1.672584E-2	4.061490E+3	0.000000E+0	1.329660E+2
1.671828E-2	4.061730E+3	0.000000E+0	1.331480E+2
1.669864E-2	4.061730E+3	0.000000E+0	1.333270E+2
1.668660E-2	4.061730E+3	0.000000E+0	1.335100E+2
1.667075E-2	4.061730E+3	0.000000E+0	1.336930E+2
1.665491E-2	4.061730E+3	0.000000E+0	1.338730E+2
1.664500E-2	4.061730E+3	0.000000E+0	1.340540E+2
1.662404E-2	4.061730E+3	0.000000E+0	1.342330E+2
1.661691E-2	4.061490E+3	0.000000E+0	1.344120E+2
1.659256E-2	4.061650E+3	0.000000E+0	1.345920E+2
1.658710E-2	4.061730E+3	0.000000E+0	1.347710E+2
1.656455E-2	4.062287E+3	0.000000E+0	1.349500E+2
1.655524E-2	4.063320E+3	0.000000E+0	1.351300E+2
1.653821E-2	4.063640E+3	0.000000E+0	1.353060E+2
1.652352E-2	4.063320E+3	0.000000E+0	1.354870E+2
1.651400E-2	4.062680E+3	0.000000E+0	1.356680E+2
1.649226E-2	4.062287E+3	0.000000E+0	1.358490E+2
1.648324E-2	4.062840E+3	0.000000E+0	1.360310E+2
1.646019E-2	4.063080E+3	0.000000E+0	1.362160E+2
1.645407E-2	4.063000E+3	0.000000E+0	1.363990E+2
1.642936E-2	4.063480E+3	0.000000E+0	1.365820E+2
1.642382E-2	4.063000E+3	0.000000E+0	1.367650E+2
1.640076E-2	4.062210E+3	0.000000E+0	1.369490E+2
1.639149E-2	4.062210E+3	0.000000E+0	1.371320E+2
1.637381E-2	4.062287E+3	0.000000E+0	1.373130E+2
1.635921E-2	4.062920E+3	0.000000E+0	1.374960E+2
1.634593E-2	4.063320E+3	0.000000E+0	1.376790E+2
1.632753E-2	4.063000E+3	0.000000E+0	1.378600E+2
1.631873E-2	4.063000E+3	0.000000E+0	1.380410E+2
1.629571E-2	4.063400E+3	0.000000E+0	1.382230E+2
1.629062E-2	4.063400E+3	0.000000E+0	1.384040E+2
1.626576E-2	4.063793E+3	0.000000E+0	1.385850E+2
1.626015E-2	4.064270E+3	0.000000E+0	1.387690E+2
1.623652E-2	4.063950E+3	0.000000E+0	1.389490E+2
1.622800E-2	4.063637E+3	0.000000E+0	1.391350E+2
1.621246E-2	4.063793E+3	0.000000E+0	1.393190E+2
1.619620E-2	4.063870E+3	0.000000E+0	1.395020E+2
1.618162E-2	4.063480E+3	0.000000E+0	1.396830E+2
1.616319E-2	4.063000E+3	0.000000E+0	1.398660E+2
1.615367E-2	4.062680E+3	0.000000E+0	1.400470E+2
1.613202E-2	4.062600E+3	0.000000E+0	1.402300E+2
1.612422E-2	4.061890E+3	0.000000E+0	1.404130E+2
1.609985E-2	4.061490E+3	0.000000E+0	1.405960E+2
1.609481E-2	4.061330E+3	0.000000E+0	1.407750E+2
1.607177E-2	4.061650E+3	0.000000E+0	1.409560E+2
1.606267E-2	4.061650E+3	0.000000E+0	1.411390E+2
1.604244E-2	4.061410E+3	0.000000E+0	1.413230E+2
1.603106E-2	4.061410E+3	0.000000E+0	1.415040E+2
1.601498E-2	4.061970E+3	0.000000E+0	1.416860E+2
1.599872E-2	4.062600E+3	0.000000E+0	1.418690E+2
1.598920E-2	4.062600E+3	0.000000E+0	1.420530E+2
1.596787E-2	4.061970E+3	0.000000E+0	1.422370E+2
1.596074E-2	4.061650E+3	0.000000E+0	1.424160E+2
1.593656E-2	4.061330E+3	0.000000E+0	1.425960E+2
1.593097E-2	4.061490E+3	0.000000E+0	1.427750E+2
1.590808E-2	4.061970E+3	0.000000E+0	1.429510E+2
1.589862E-2	4.062210E+3	0.000000E+0	1.431310E+2
1.588262E-2	4.062287E+3	0.000000E+0	1.433130E+2
1.586703E-2	4.062600E+3	0.000000E+0	1.434940E+2
1.585420E-2	4.062600E+3	0.000000E+0	1.436750E+2
1.583568E-2	4.062520E+3	0.000000E+0	1.438570E+2
1.582983E-2	4.063160E+3	0.000000E+0	1.440380E+2
1.580549E-2	4.063400E+3	0.000000E+0	1.442190E+2
1.579802E-2	4.062920E+3	0.000000E+0	1.443960E+2
1.577285E-2	4.062920E+3	0.000000E+0	1.445790E+2
1.576713E-2	4.063000E+3	0.000000E+0	1.447630E+2
1.574563E-2	4.063160E+3	0.000000E+0	1.449460E+2
1.573511E-2	4.062840E+3	0.000000E+0	1.451260E+2
1.571711E-2	4.062920E+3	0.000000E+0	1.453080E+2
1.570358E-2	4.063480E+3	0.000000E+0	1.454870E+2
1.568996E-2	4.063793E+3	0.000000E+0	1.456690E+2
1.567122E-2	4.063793E+3	0.000000E+0	1.458480E+2
1.566265E-2	4.062920E+3	0.000000E+0	1.460320E+2
1.563975E-2	4.061970E+3	0.000000E+0	1.462140E+2
1.563470E-2	4.061650E+3	0.000000E+0	1.463950E+2
1.560995E-2	4.061730E+3	0.000000E+0	1.465770E+2
1.560354E-2	4.061330E+3	0.000000E+0	1.467590E+2
1.558354E-2	4.060620E+3	0.000000E+0	1.469390E+2
1.557131E-2	4.060460E+3	0.000000E+0	1.471210E+2
1.555359E-2	4.059820E+3	0.000000E+0	1.473020E+2
1.553864E-2	4.059580E+3	0.000000E+0	1.474840E+2
1.552494E-2	4.059980E+3	0.000000E+0	1.476650E+2
1.550693E-2	4.060460E+3	0.000000E+0	1.478470E+2
1.549793E-2	4.060540E+3	0.000000E+0	1.480280E+2
1.547498E-2	4.060937E+3	0.000000E+0	1.482120E+2
1.546922E-2	4.061250E+3	0.000000E+0	1.483940E+2
1.544504E-2	4.061170E+3	0.000000E+0	1.485750E+2
1.543885E-2	4.061010E+3	0.000000E+0	1.487580E+2
1.541680E-2	4.061010E+3	0.000000E+0	1.489380E+2
1.540664E-2	4.061170E+3	0.000000E+0	1.491200E+2
1.538999E-2	4.061970E+3	0.000000E+0	1.493010E+2
1.537411E-2	4.063080E+3	0.000000E+0	1.494830E+2
1.536291E-2	4.063793E+3	0.000000E+0	1.496640E+2
1.534237E-2	4.063560E+3	0.000000E+0	1.498470E+2
1.533422E-2	4.063400E+3	0.000000E+0	1.500270E+2
1.531088E-2	4.063160E+3	0.000000E+0	1.502090E+2
1.530549E-2	4.062920E+3	0.000000E+0	1.503890E+2
1.528086E-2	4.062760E+3	0.000000E+0	1.505700E+2
1.527406E-2	4.062680E+3	0.000000E+0	1.507490E+2
1.525290E-2	4.062680E+3	0.000000E+0	1.509370E+2
1.524193E-2	4.062840E+3	0.000000E+0	1.511190E+2
1.522454E-2	4.062920E+3	0.000000E+0	1.513000E+2
1.520947E-2	4.062520E+3	0.000000E+0	1.514880E+2
1.519631E-2	4.062840E+3	0.000000E+0	1.516700E+2
1.517735E-2	4.062920E+3	0.000000E+0	1.518490E+2
1.516991E-2	4.062760E+3	0.000000E+0	1.520310E+2
1.514675E-2	4.062600E+3	0.000000E+0	1.522110E+2
1.514059E-2	4.062680E+3	0.000000E+0	1.523920E+2
1.511645E-2	4.062363E+3	0.000000E+0	1.525730E+2
1.511011E-2	4.061810E+3	0.000000E+0	1.527520E+2
1.508835E-2	4.061730E+3	0.000000E+0	1.529320E+2
1.507768E-2	4.062443E+3	0.000000E+0	1.531120E+2
1.506282E-2	4.063080E+3	0.000000E+0	1.532940E+2
1.504557E-2	4.063557E+3	0.000000E+0	1.534750E+2
1.503462E-2	4.063870E+3	0.000000E+0	1.536560E+2
1.501403E-2	4.063400E+3	0.000000E+0	1.538390E+2
1.500585E-2	4.062287E+3	0.000000E+0	1.540200E+2
1.498296E-2	4.061730E+3	0.000000E+0	1.542010E+2
1.497772E-2	4.061810E+3	0.000000E+0	1.543860E+2
1.495331E-2	4.062363E+3	0.000000E+0	1.545680E+2
1.494606E-2	4.062680E+3	0.000000E+0	1.547520E+2
1.492430E-2	4.062363E+3	0.000000E+0	1.549350E+2
1.491331E-2	4.062287E+3	0.000000E+0	1.551160E+2
1.490135E-2	4.062363E+3	0.000000E+0	1.552970E+2
1.488193E-2	4.062443E+3	0.000000E+0	1.554740E+2
1.487175E-2	4.062920E+3	0.000000E+0	1.556570E+2
1.485015E-2	4.062207E+3	0.000000E+0	1.558370E+2
1.484272E-2	4.060933E+3	0.000000E+0	1.560170E+2
1.481860E-2	4.060300E+3	0.000000E+0	1.562010E+2
1.481370E-2	4.060697E+3	0.000000E+0	1.563800E+2
1.479003E-2	4.061490E+3	0.000000E+0	1.565580E+2
1.478111E-2	4.061730E+3	0.000000E+0	1.567410E+2
1.476097E-2	4.061730E+3	0.000000E+0	1.569250E+2
1.474866E-2	4.061970E+3	0.000000E+0	1.571060E+2
1.473323E-2	4.061570E+3	0.000000E+0	1.572880E+2
1.471664E-2	4.061490E+3	0.000000E+0	1.574680E+2
1.470667E-2	4.061330E+3	0.000000E+0	1.576490E+2
1.468413E-2	4.061330E+3	0.000000E+0	1.578330E+2
1.467836E-2	4.061730E+3	0.000000E+0	1.580140E+2
1.465401E-2	4.061650E+3	0.000000E+0	1.581950E+2
1.464850E-2	4.061250E+3	0.000000E+0	1.583760E+2
1.462495E-2	4.061250E+3	0.000000E+0	1.585570E+2
1.461666E-2	4.060933E+3	0.000000E+0	1.587380E+2
1.460123E-2	4.060857E+3	0.000000E+0	1.589180E+2
1.458449E-2	4.061490E+3	0.000000E+0	1.591000E+2
1.457130E-2	4.061970E+3	0.000000E+0	1.592810E+2
1.455244E-2	4.062287E+3	0.000000E+0	1.594630E+2
1.454336E-2	4.062760E+3	0.000000E+0	1.596450E+2
1.452100E-2	4.062920E+3	0.000000E+0	1.598250E+2
1.451330E-2	4.063240E+3	0.000000E+0	1.600070E+2
1.448949E-2	4.063560E+3	0.000000E+0	1.601870E+2
1.448399E-2	4.063080E+3	0.000000E+0	1.603640E+2
1.446207E-2	4.062130E+3	0.000000E+0	1.605460E+2
1.445189E-2	4.061730E+3	0.000000E+0	1.607290E+2
1.443366E-2	4.061490E+3	0.000000E+0	1.609110E+2
1.441946E-2	4.061570E+3	0.000000E+0	1.610900E+2
1.440703E-2	4.062127E+3	0.000000E+0	1.612720E+2
1.438688E-2	4.063240E+3	0.000000E+0	1.614560E+2
1.438035E-2	4.063400E+3	0.000000E+0	1.616380E+2
1.435653E-2	4.063000E+3	0.000000E+0	1.618190E+2
1.434873E-2	4.062443E+3	0.000000E+0	1.620010E+2
1.432445E-2	4.062050E+3	0.000000E+0	1.621820E+2
1.431961E-2	4.061650E+3	0.000000E+0	1.623640E+2
1.430133E-2	4.061170E+3	0.000000E+0	1.625450E+2
1.428759E-2	4.060780E+3	0.000000E+0	1.627270E+2
1.426918E-2	4.060933E+3	0.000000E+0	1.629080E+2
1.425492E-2	4.061010E+3	0.000000E+0	1.630900E+2
1.424035E-2	4.061250E+3	0.000000E+0	1.632720E+2
1.422199E-2	4.061730E+3	0.000000E+0	1.634550E+2
1.421324E-2	4.061330E+3	0.000000E+0	1.636370E+2
1.419059E-2	4.060300E+3	0.000000E+0	1.638180E+2
1.418368E-2	4.059900E+3	0.000000E+0	1.640040E+2
1.415968E-2	4.060380E+3	0.000000E+0	1.641850E+2
1.415384E-2	4.061250E+3	0.000000E+0	1.643650E+2
1.413146E-2	4.061970E+3	0.000000E+0	1.645450E+2
1.412250E-2	4.062440E+3	0.000000E+0	1.647270E+2
1.410375E-2	4.062287E+3	0.000000E+0	1.649080E+2
1.408993E-2	4.062210E+3	0.000000E+0	1.650880E+2
1.407579E-2	4.062130E+3	0.000000E+0	1.652740E+2
1.405773E-2	4.061730E+3	0.000000E+0	1.654550E+2
1.404913E-2	4.061250E+3	0.000000E+0	1.656410E+2
1.402604E-2	4.061250E+3	0.000000E+0	1.658210E+2
1.401938E-2	4.061250E+3	0.000000E+0	1.660040E+2
1.399514E-2	4.061330E+3	0.000000E+0	1.661850E+2
1.398966E-2	4.061730E+3	0.000000E+0	1.663690E+2
1.396823E-2	4.061490E+3	0.000000E+0	1.665510E+2
1.395725E-2	4.061250E+3	0.000000E+0	1.667320E+2
1.393837E-2	4.061250E+3	0.000000E+0	1.669140E+2
1.392513E-2	4.061250E+3	0.000000E+0	1.670940E+2
1.392187E-2	4.061090E+3	0.000000E+0	1.672770E+2
1.392061E-2	4.061170E+3	0.000000E+0	1.674580E+2
1.391923E-2	4.061250E+3	0.000000E+0	1.676400E+2
1.391915E-2	4.061730E+3	0.000000E+0	1.678210E+2
1.391864E-2	4.062050E+3	0.000000E+0	1.680010E+2
1.391822E-2	4.061810E+3	0.000000E+0	1.681840E+2
1.391810E-2	4.061730E+3	0.000000E+0	1.683660E+2
1.391755E-2	4.061730E+3	0.000000E+0	1.685460E+2
1.391726E-2	4.061330E+3	0.000000E+0	1.687240E+2
1.391740E-2	4.061250E+3	0.000000E+0	1.689060E+2
1.391675E-2	4.061730E+3	0.000000E+0	1.690900E+2
1.391665E-2	4.062287E+3	0.000000E+0	1.692690E+2
1.391670E-2	4.062760E+3	0.000000E+0	1.694450E+2
1.391640E-2	4.063320E+3	0.000000E+0	1.696270E+2
1.391609E-2	4.063320E+3	0.000000E+0	1.698110E+2
1.391628E-2	4.063320E+3	0.000000E+0	1.699920E+2
1.391658E-2	4.064190E+3	0.000000E+0	1.701730E+2
1.391636E-2	4.064990E+3	0.000000E+0	1.703550E+2
1.391620E-2	4.064750E+3	0.000000E+0	1.705360E+2
1.391590E-2	4.064510E+3	0.000000E+0	1.707180E+2
1.391635E-2	4.064430E+3	0.000000E+0	1.708980E+2
1.391615E-2	4.064670E+3	0.000000E+0	1.710790E+2
1.391577E-2	4.065070E+3	0.000000E+0	1.712580E+2
1.391571E-2	4.065223E+3	0.000000E+0	1.714400E+2
1.391593E-2	4.065540E+3	0.000000E+0	1.716200E+2
1.391585E-2	4.065303E+3	0.000000E+0	1.718000E+2
1.391602E-2	4.064670E+3	0.000000E+0	1.719820E+2
1.391552E-2	4.064350E+3	0.000000E+0	1.721620E+2
1.391595E-2	4.064750E+3	0.000000E+0	1.723460E+2
