X channel: Keithley, channel #5; mode:  DCV; scale:  0.10; X converted, conversion factor:1.000000E+0
Y channel: Lock-in, mkV
II channel: B7-78, Ohm; scale:  10000.000000
X channel	Y channel	II channel	timestamp, sec
2.675009E-2	3.906030E+3	0.000000E+0	0.000000E+0
2.675047E-2	3.906030E+3	0.000000E+0	1.830000E-1
2.675025E-2	3.905630E+3	0.000000E+0	3.660000E-1
2.675049E-2	3.905550E+3	0.000000E+0	5.490000E-1
2.675005E-2	3.906030E+3	0.000000E+0	7.320000E-1
2.675059E-2	3.906440E+3	0.000000E+0	9.130000E-1
2.675022E-2	3.906113E+3	0.000000E+0	1.096000E+0
2.675034E-2	3.905630E+3	0.000000E+0	1.275000E+0
2.675024E-2	3.905310E+3	0.000000E+0	1.454000E+0
2.675066E-2	3.905150E+3	0.000000E+0	1.634000E+0
2.675008E-2	3.905550E+3	0.000000E+0	1.815000E+0
2.675001E-2	3.905070E+3	0.000000E+0	1.997000E+0
2.675033E-2	3.904830E+3	0.000000E+0	2.178000E+0
2.674997E-2	3.904520E+3	0.000000E+0	2.361000E+0
2.675037E-2	3.904360E+3	0.000000E+0	2.541000E+0
2.674718E-2	3.904597E+3	0.000000E+0	2.727000E+0
2.673527E-2	3.905390E+3	0.000000E+0	2.908000E+0
2.673220E-2	3.905790E+3	0.000000E+0	3.088000E+0
2.671332E-2	3.905470E+3	0.000000E+0	3.269000E+0
2.671038E-2	3.905070E+3	0.000000E+0	3.451000E+0
2.669343E-2	3.905470E+3	0.000000E+0	3.631000E+0
2.668596E-2	3.905390E+3	0.000000E+0	3.814000E+0
2.667214E-2	3.904360E+3	0.000000E+0	3.997000E+0
2.665226E-2	3.903323E+3	0.000000E+0	4.347000E+0
2.663826E-2	3.902770E+3	0.000000E+0	4.532000E+0
2.663392E-2	3.903010E+3	0.000000E+0	4.712000E+0
2.661481E-2	3.903400E+3	0.000000E+0	4.894000E+0
2.661071E-2	3.903400E+3	0.000000E+0	5.078000E+0
2.659123E-2	3.903640E+3	0.000000E+0	5.259000E+0
2.658682E-2	3.904520E+3	0.000000E+0	5.442000E+0
2.657448E-2	3.904440E+3	0.000000E+0	5.623000E+0
2.656337E-2	3.904360E+3	0.000000E+0	5.805000E+0
2.654941E-2	3.904520E+3	0.000000E+0	5.986000E+0
2.653815E-2	3.904600E+3	0.000000E+0	6.168000E+0
2.652875E-2	3.904440E+3	0.000000E+0	6.345000E+0
2.651412E-2	3.904360E+3	0.000000E+0	6.526000E+0
2.650737E-2	3.905070E+3	0.000000E+0	6.708000E+0
2.649034E-2	3.905710E+3	0.000000E+0	6.889000E+0
2.648596E-2	3.906030E+3	0.000000E+0	7.069000E+0
2.646624E-2	3.906030E+3	0.000000E+0	7.251000E+0
2.646139E-2	3.906030E+3	0.000000E+0	7.433000E+0
2.644507E-2	3.906277E+3	0.000000E+0	7.614000E+0
2.643695E-2	3.906760E+3	0.000000E+0	7.800000E+0
2.642385E-2	3.906840E+3	0.000000E+0	7.984000E+0
2.641186E-2	3.907077E+3	0.000000E+0	8.169000E+0
2.640479E-2	3.906840E+3	0.000000E+0	8.352000E+0
2.638820E-2	3.906840E+3	0.000000E+0	8.532000E+0
2.638041E-2	3.907310E+3	0.000000E+0	8.721000E+0
2.636242E-2	3.907390E+3	0.000000E+0	8.902000E+0
2.635790E-2	3.907153E+3	0.000000E+0	9.085000E+0
2.633875E-2	3.907077E+3	0.000000E+0	9.262000E+0
2.633432E-2	3.907000E+3	0.000000E+0	9.441000E+0
2.631718E-2	3.907077E+3	0.000000E+0	9.621000E+0
2.630926E-2	3.907230E+3	0.000000E+0	9.800000E+0
2.629698E-2	3.906997E+3	0.000000E+0	9.980000E+0
2.628409E-2	3.906193E+3	0.000000E+0	1.016000E+1
2.627613E-2	3.906517E+3	0.000000E+0	1.034100E+1
2.625976E-2	3.907630E+3	0.000000E+0	1.052300E+1
2.625286E-2	3.908350E+3	0.000000E+0	1.070500E+1
2.623471E-2	3.908820E+3	0.000000E+0	1.088800E+1
2.623069E-2	3.909380E+3	0.000000E+0	1.106900E+1
2.621131E-2	3.909780E+3	0.000000E+0	1.125300E+1
2.620540E-2	3.909860E+3	0.000000E+0	1.143400E+1
2.618860E-2	3.910250E+3	0.000000E+0	1.161700E+1
2.618066E-2	3.911130E+3	0.000000E+0	1.179600E+1
2.616772E-2	3.911920E+3	0.000000E+0	1.197500E+1
2.615514E-2	3.912240E+3	0.000000E+0	1.215900E+1
2.614711E-2	3.912400E+3	0.000000E+0	1.234000E+1
2.612993E-2	3.912640E+3	0.000000E+0	1.252200E+1
2.612392E-2	3.912240E+3	0.000000E+0	1.270100E+1
2.610433E-2	3.911840E+3	0.000000E+0	1.288300E+1
2.610098E-2	3.911447E+3	0.000000E+0	1.306100E+1
2.608124E-2	3.911210E+3	0.000000E+0	1.324400E+1
2.607470E-2	3.911290E+3	0.000000E+0	1.342400E+1
2.606073E-2	3.911050E+3	0.000000E+0	1.360600E+1
2.604979E-2	3.910970E+3	0.000000E+0	1.378700E+1
2.603762E-2	3.910570E+3	0.000000E+0	1.396700E+1
2.602427E-2	3.910730E+3	0.000000E+0	1.415000E+1
2.601570E-2	3.910650E+3	0.000000E+0	1.433000E+1
2.599816E-2	3.910170E+3	0.000000E+0	1.451200E+1
2.599425E-2	3.910170E+3	0.000000E+0	1.469300E+1
2.597401E-2	3.910730E+3	0.000000E+0	1.487300E+1
2.596914E-2	3.911683E+3	0.000000E+0	1.505400E+1
2.595019E-2	3.912400E+3	0.000000E+0	1.523500E+1
2.594394E-2	3.912480E+3	0.000000E+0	1.541500E+1
2.592961E-2	3.912480E+3	0.000000E+0	1.559500E+1
2.591826E-2	3.912640E+3	0.000000E+0	1.577700E+1
2.590804E-2	3.912720E+3	0.000000E+0	1.595800E+1
2.589264E-2	3.912720E+3	0.000000E+0	1.614000E+1
2.588515E-2	3.912240E+3	0.000000E+0	1.632000E+1
2.586673E-2	3.911607E+3	0.000000E+0	1.649700E+1
2.586314E-2	3.911920E+3	0.000000E+0	1.667800E+1
2.584397E-2	3.912720E+3	0.000000E+0	1.685800E+1
2.583710E-2	3.913910E+3	0.000000E+0	1.703700E+1
2.581978E-2	3.915577E+3	0.000000E+0	1.721800E+1
2.581067E-2	3.916610E+3	0.000000E+0	1.739900E+1
2.579730E-2	3.916053E+3	0.000000E+0	1.758200E+1
2.578406E-2	3.915340E+3	0.000000E+0	1.776300E+1
2.577567E-2	3.915100E+3	0.000000E+0	1.794100E+1
2.575799E-2	3.915100E+3	0.000000E+0	1.812100E+1
2.575282E-2	3.914940E+3	0.000000E+0	1.830100E+1
2.573320E-2	3.914940E+3	0.000000E+0	1.848000E+1
2.572855E-2	3.915580E+3	0.000000E+0	1.866000E+1
2.570812E-2	3.916530E+3	0.000000E+0	1.883800E+1
2.570148E-2	3.917563E+3	0.000000E+0	1.901900E+1
2.568716E-2	3.918280E+3	0.000000E+0	1.920000E+1
2.567571E-2	3.918680E+3	0.000000E+0	1.938200E+1
2.566564E-2	3.918440E+3	0.000000E+0	1.956200E+1
2.564989E-2	3.918520E+3	0.000000E+0	1.974400E+1
2.564255E-2	3.918280E+3	0.000000E+0	1.992500E+1
2.562329E-2	3.917327E+3	0.000000E+0	2.010700E+1
2.561959E-2	3.916450E+3	0.000000E+0	2.028800E+1
2.559946E-2	3.916130E+3	0.000000E+0	2.047400E+1
2.559319E-2	3.916690E+3	0.000000E+0	2.065700E+1
2.557361E-2	3.916850E+3	0.000000E+0	2.083900E+1
2.556651E-2	3.917250E+3	0.000000E+0	2.102600E+1
2.555033E-2	3.917490E+3	0.000000E+0	2.120800E+1
2.553864E-2	3.917170E+3	0.000000E+0	2.139000E+1
2.552524E-2	3.917010E+3	0.000000E+0	2.157300E+1
2.551190E-2	3.917567E+3	0.000000E+0	2.175200E+1
2.550443E-2	3.918680E+3	0.000000E+0	2.193400E+1
2.548570E-2	3.919153E+3	0.000000E+0	2.211800E+1
2.547894E-2	3.919390E+3	0.000000E+0	2.229900E+1
2.545891E-2	3.919390E+3	0.000000E+0	2.248200E+1
2.545459E-2	3.919390E+3	0.000000E+0	2.266700E+1
2.543569E-2	3.919153E+3	0.000000E+0	2.284800E+1
2.542842E-2	3.918920E+3	0.000000E+0	2.302900E+1
2.541305E-2	3.919390E+3	0.000000E+0	2.321000E+1
2.540158E-2	3.919630E+3	0.000000E+0	2.339600E+1
2.538849E-2	3.919390E+3	0.000000E+0	2.358000E+1
2.537423E-2	3.918997E+3	0.000000E+0	2.375900E+1
2.536735E-2	3.918440E+3	0.000000E+0	2.394300E+1
2.534802E-2	3.918040E+3	0.000000E+0	2.412500E+1
2.534021E-2	3.917800E+3	0.000000E+0	2.430700E+1
2.532017E-2	3.918520E+3	0.000000E+0	2.449000E+1
2.531645E-2	3.919470E+3	0.000000E+0	2.467200E+1
2.529583E-2	3.920583E+3	0.000000E+0	2.485200E+1
2.528874E-2	3.921220E+3	0.000000E+0	2.503300E+1
2.527157E-2	3.921220E+3	0.000000E+0	2.521300E+1
2.526187E-2	3.921060E+3	0.000000E+0	2.539700E+1
2.524742E-2	3.921060E+3	0.000000E+0	2.558000E+1
2.523438E-2	3.920980E+3	0.000000E+0	2.576300E+1
2.522391E-2	3.920580E+3	0.000000E+0	2.594600E+1
2.520719E-2	3.920900E+3	0.000000E+0	2.612600E+1
2.519995E-2	3.921060E+3	0.000000E+0	2.630800E+1
2.518055E-2	3.921060E+3	0.000000E+0	2.648900E+1
2.517618E-2	3.921300E+3	0.000000E+0	2.667000E+1
2.515661E-2	3.922017E+3	0.000000E+0	2.685100E+1
2.514852E-2	3.921940E+3	0.000000E+0	2.703600E+1
2.512950E-2	3.921380E+3	0.000000E+0	2.721900E+1
2.512074E-2	3.921060E+3	0.000000E+0	2.740100E+1
2.510747E-2	3.920503E+3	0.000000E+0	2.758300E+1
2.509364E-2	3.919870E+3	0.000000E+0	2.776300E+1
2.508566E-2	3.919310E+3	0.000000E+0	2.794600E+1
2.506668E-2	3.919310E+3	0.000000E+0	2.813200E+1
2.505904E-2	3.919630E+3	0.000000E+0	2.831300E+1
2.503833E-2	3.919870E+3	0.000000E+0	2.849500E+1
2.503428E-2	3.919870E+3	0.000000E+0	2.867600E+1
2.501360E-2	3.919870E+3	0.000000E+0	2.885700E+1
2.500705E-2	3.920427E+3	0.000000E+0	2.903800E+1
2.499136E-2	3.920660E+3	0.000000E+0	2.921900E+1
2.497957E-2	3.921300E+3	0.000000E+0	2.940100E+1
2.496509E-2	3.922573E+3	0.000000E+0	2.958200E+1
2.495095E-2	3.923370E+3	0.000000E+0	2.976100E+1
2.494130E-2	3.923210E+3	0.000000E+0	2.994100E+1
2.492326E-2	3.923050E+3	0.000000E+0	3.012300E+1
2.491722E-2	3.923290E+3	0.000000E+0	3.030800E+1
2.489650E-2	3.923527E+3	0.000000E+0	3.049200E+1
2.489201E-2	3.923210E+3	0.000000E+0	3.067500E+1
2.486976E-2	3.923210E+3	0.000000E+0	3.086000E+1
2.486376E-2	3.923050E+3	0.000000E+0	3.104200E+1
2.484553E-2	3.922890E+3	0.000000E+0	3.122400E+1
2.483576E-2	3.922970E+3	0.000000E+0	3.140500E+1
2.482094E-2	3.922650E+3	0.000000E+0	3.158500E+1
2.480833E-2	3.921937E+3	0.000000E+0	3.176400E+1
2.479844E-2	3.921220E+3	0.000000E+0	3.194600E+1
2.478005E-2	3.920980E+3	0.000000E+0	3.212800E+1
2.477220E-2	3.921300E+3	0.000000E+0	3.231100E+1
2.475241E-2	3.921540E+3	0.000000E+0	3.249400E+1
2.474776E-2	3.921300E+3	0.000000E+0	3.267600E+1
2.472776E-2	3.921380E+3	0.000000E+0	3.285800E+1
2.472001E-2	3.922653E+3	0.000000E+0	3.304000E+1
2.470121E-2	3.924080E+3	0.000000E+0	3.322100E+1
2.469192E-2	3.925037E+3	0.000000E+0	3.340200E+1
2.467760E-2	3.925750E+3	0.000000E+0	3.358400E+1
2.466370E-2	3.925750E+3	0.000000E+0	3.376400E+1
2.465379E-2	3.925190E+3	0.000000E+0	3.394700E+1
2.463522E-2	3.924880E+3	0.000000E+0	3.412900E+1
2.462869E-2	3.924800E+3	0.000000E+0	3.430900E+1
2.460823E-2	3.924880E+3	0.000000E+0	3.449000E+1
2.460323E-2	3.924957E+3	0.000000E+0	3.466800E+1
2.458237E-2	3.925750E+3	0.000000E+0	3.484900E+1
2.457436E-2	3.926390E+3	0.000000E+0	3.503500E+1
2.455688E-2	3.926627E+3	0.000000E+0	3.521600E+1
2.454640E-2	3.926627E+3	0.000000E+0	3.539200E+1
2.453395E-2	3.927020E+3	0.000000E+0	3.557300E+1
2.451810E-2	3.927740E+3	0.000000E+0	3.575100E+1
2.450955E-2	3.928133E+3	0.000000E+0	3.593400E+1
2.449016E-2	3.927820E+3	0.000000E+0	3.611400E+1
2.448348E-2	3.927740E+3	0.000000E+0	3.629600E+1
2.446242E-2	3.927660E+3	0.000000E+0	3.648000E+1
2.445749E-2	3.927260E+3	0.000000E+0	3.666100E+1
2.443675E-2	3.927260E+3	0.000000E+0	3.684100E+1
2.442920E-2	3.927500E+3	0.000000E+0	3.702000E+1
2.441326E-2	3.927740E+3	0.000000E+0	3.720200E+1
2.439968E-2	3.928293E+3	0.000000E+0	3.738600E+1
2.438769E-2	3.928930E+3	0.000000E+0	3.756700E+1
2.437192E-2	3.929170E+3	0.000000E+0	3.775000E+1
2.436422E-2	3.929567E+3	0.000000E+0	3.793000E+1
2.434339E-2	3.930360E+3	0.000000E+0	3.811300E+1
2.433800E-2	3.931233E+3	0.000000E+0	3.829300E+1
2.431580E-2	3.931550E+3	0.000000E+0	3.847600E+1
2.431092E-2	3.931233E+3	0.000000E+0	3.865600E+1
2.428983E-2	3.931080E+3	0.000000E+0	3.883800E+1
2.428154E-2	3.931080E+3	0.000000E+0	3.902000E+1
2.426619E-2	3.931080E+3	0.000000E+0	3.920100E+1
2.425285E-2	3.931080E+3	0.000000E+0	3.938200E+1
2.424170E-2	3.931080E+3	0.000000E+0	3.956200E+1
2.422390E-2	3.931470E+3	0.000000E+0	3.974100E+1
2.421909E-2	3.932030E+3	0.000000E+0	3.992300E+1
2.419701E-2	3.932740E+3	0.000000E+0	4.010300E+1
2.419103E-2	3.932350E+3	0.000000E+0	4.028500E+1
2.416828E-2	3.932270E+3	0.000000E+0	4.046700E+1
2.416180E-2	3.932270E+3	0.000000E+0	4.065200E+1
2.414262E-2	3.932663E+3	0.000000E+0	4.083300E+1
2.413330E-2	3.932663E+3	0.000000E+0	4.101800E+1
2.411593E-2	3.932270E+3	0.000000E+0	4.120100E+1
2.410386E-2	3.932270E+3	0.000000E+0	4.138200E+1
2.409302E-2	3.932270E+3	0.000000E+0	4.156200E+1
2.407523E-2	3.932270E+3	0.000000E+0	4.174300E+1
2.406698E-2	3.932507E+3	0.000000E+0	4.192700E+1
2.404681E-2	3.932900E+3	0.000000E+0	4.210800E+1
2.403976E-2	3.932820E+3	0.000000E+0	4.229200E+1
2.401781E-2	3.932663E+3	0.000000E+0	4.247900E+1
2.401300E-2	3.932820E+3	0.000000E+0	4.265900E+1
2.399336E-2	3.933460E+3	0.000000E+0	4.284000E+1
2.398405E-2	3.934490E+3	0.000000E+0	4.302200E+1
2.396791E-2	3.935290E+3	0.000000E+0	4.320600E+1
2.395533E-2	3.935370E+3	0.000000E+0	4.338800E+1
2.394553E-2	3.935370E+3	0.000000E+0	4.356900E+1
2.392660E-2	3.935130E+3	0.000000E+0	4.375100E+1
2.391705E-2	3.934490E+3	0.000000E+0	4.393000E+1
2.389690E-2	3.934173E+3	0.000000E+0	4.411100E+1
2.388982E-2	3.933700E+3	0.000000E+0	4.429500E+1
2.386813E-2	3.933380E+3	0.000000E+0	4.447800E+1
2.386332E-2	3.933460E+3	0.000000E+0	4.466100E+1
2.384206E-2	3.934017E+3	0.000000E+0	4.484100E+1
2.383385E-2	3.934093E+3	0.000000E+0	4.501700E+1
2.381675E-2	3.933700E+3	0.000000E+0	4.520100E+1
2.380486E-2	3.933700E+3	0.000000E+0	4.538400E+1
2.379215E-2	3.934330E+3	0.000000E+0	4.556400E+1
2.377573E-2	3.934017E+3	0.000000E+0	4.574300E+1
2.376672E-2	3.934017E+3	0.000000E+0	4.592300E+1
2.374709E-2	3.934017E+3	0.000000E+0	4.610300E+1
2.374205E-2	3.933540E+3	0.000000E+0	4.628500E+1
2.371971E-2	3.934017E+3	0.000000E+0	4.646800E+1
2.371281E-2	3.934890E+3	0.000000E+0	4.664900E+1
2.369210E-2	3.934730E+3	0.000000E+0	4.682900E+1
2.368330E-2	3.934730E+3	0.000000E+0	4.700800E+1
2.366744E-2	3.935370E+3	0.000000E+0	4.718800E+1
2.365383E-2	3.935610E+3	0.000000E+0	4.736800E+1
2.364233E-2	3.935290E+3	0.000000E+0	4.755100E+1
2.362413E-2	3.935450E+3	0.000000E+0	4.773500E+1
2.361634E-2	3.935610E+3	0.000000E+0	4.792100E+1
2.359534E-2	3.935130E+3	0.000000E+0	4.810200E+1
2.358968E-2	3.934570E+3	0.000000E+0	4.828400E+1
2.356707E-2	3.934410E+3	0.000000E+0	4.846500E+1
2.356091E-2	3.934730E+3	0.000000E+0	4.865100E+1
2.354059E-2	3.934890E+3	0.000000E+0	4.883100E+1
2.353158E-2	3.935050E+3	0.000000E+0	4.901400E+1
2.351549E-2	3.934890E+3	0.000000E+0	4.919500E+1
2.350176E-2	3.933937E+3	0.000000E+0	4.937500E+1
2.348974E-2	3.932900E+3	0.000000E+0	4.955700E+1
2.347264E-2	3.932740E+3	0.000000E+0	4.973400E+1
2.346669E-2	3.933220E+3	0.000000E+0	4.991600E+1
2.344418E-2	3.933700E+3	0.000000E+0	5.009700E+1
2.343813E-2	3.933940E+3	0.000000E+0	5.028100E+1
2.341453E-2	3.933780E+3	0.000000E+0	5.046400E+1
2.340871E-2	3.933780E+3	0.000000E+0	5.064600E+1
2.338819E-2	3.934330E+3	0.000000E+0	5.082700E+1
2.337831E-2	3.934650E+3	0.000000E+0	5.100700E+1
2.336355E-2	3.935130E+3	0.000000E+0	5.119300E+1
2.334895E-2	3.935450E+3	0.000000E+0	5.137400E+1
2.333686E-2	3.935530E+3	0.000000E+0	5.155700E+1
2.331935E-2	3.934970E+3	0.000000E+0	5.174100E+1
2.331153E-2	3.934410E+3	0.000000E+0	5.192100E+1
2.329102E-2	3.934490E+3	0.000000E+0	5.210400E+1
2.328494E-2	3.935050E+3	0.000000E+0	5.228600E+1
2.326186E-2	3.935843E+3	0.000000E+0	5.246700E+1
2.325595E-2	3.936080E+3	0.000000E+0	5.265000E+1
2.323593E-2	3.936000E+3	0.000000E+0	5.283300E+1
2.322639E-2	3.935763E+3	0.000000E+0	5.301100E+1
2.320999E-2	3.935610E+3	0.000000E+0	5.319300E+1
2.319629E-2	3.935920E+3	0.000000E+0	5.337400E+1
2.318690E-2	3.936080E+3	0.000000E+0	5.355600E+1
2.316725E-2	3.936080E+3	0.000000E+0	5.373800E+1
2.315831E-2	3.935687E+3	0.000000E+0	5.392200E+1
2.313619E-2	3.935530E+3	0.000000E+0	5.410200E+1
2.313143E-2	3.935687E+3	0.000000E+0	5.428300E+1
2.310851E-2	3.935920E+3	0.000000E+0	5.446600E+1
2.310223E-2	3.936080E+3	0.000000E+0	5.464800E+1
2.308185E-2	3.936000E+3	0.000000E+0	5.482900E+1
2.307160E-2	3.935687E+3	0.000000E+0	5.500900E+1
2.305686E-2	3.935130E+3	0.000000E+0	5.519100E+1
2.304239E-2	3.934490E+3	0.000000E+0	5.537200E+1
2.303121E-2	3.934410E+3	0.000000E+0	5.555600E+1
2.301206E-2	3.934730E+3	0.000000E+0	5.573900E+1
2.300455E-2	3.935450E+3	0.000000E+0	5.591900E+1
2.298308E-2	3.935610E+3	0.000000E+0	5.610200E+1
2.297767E-2	3.935687E+3	0.000000E+0	5.628400E+1
2.295483E-2	3.936080E+3	0.000000E+0	5.646500E+1
2.294772E-2	3.936560E+3	0.000000E+0	5.664500E+1
2.292741E-2	3.936560E+3	0.000000E+0	5.682700E+1
2.291749E-2	3.936320E+3	0.000000E+0	5.700900E+1
2.290186E-2	3.936160E+3	0.000000E+0	5.719000E+1
2.288751E-2	3.936640E+3	0.000000E+0	5.737100E+1
2.287642E-2	3.937353E+3	0.000000E+0	5.755500E+1
2.285762E-2	3.938150E+3	0.000000E+0	5.774100E+1
2.284896E-2	3.938230E+3	0.000000E+0	5.792200E+1
2.282714E-2	3.938230E+3	0.000000E+0	5.810700E+1
2.282170E-2	3.938310E+3	0.000000E+0	5.828600E+1
2.279928E-2	3.938700E+3	0.000000E+0	5.846800E+1
2.279194E-2	3.938700E+3	0.000000E+0	5.865100E+1
2.277271E-2	3.938547E+3	0.000000E+0	5.883200E+1
2.276214E-2	3.938470E+3	0.000000E+0	5.901200E+1
2.274727E-2	3.938230E+3	0.000000E+0	5.919200E+1
2.273162E-2	3.937910E+3	0.000000E+0	5.937400E+1
2.271997E-2	3.938703E+3	0.000000E+0	5.955300E+1
2.270225E-2	3.940453E+3	0.000000E+0	5.974100E+1
2.269475E-2	3.941803E+3	0.000000E+0	5.992200E+1
2.267319E-2	3.941880E+3	0.000000E+0	6.010400E+1
2.266704E-2	3.941723E+3	0.000000E+0	6.028500E+1
2.264392E-2	3.941330E+3	0.000000E+0	6.046800E+1
2.263751E-2	3.941330E+3	0.000000E+0	6.065100E+1
2.262051E-2	3.942040E+3	0.000000E+0	6.083100E+1
2.260720E-2	3.942520E+3	0.000000E+0	6.101100E+1
2.259226E-2	3.942120E+3	0.000000E+0	6.119100E+1
2.257686E-2	3.941647E+3	0.000000E+0	6.137300E+1
2.256650E-2	3.941570E+3	0.000000E+0	6.155400E+1
2.254620E-2	3.941803E+3	0.000000E+0	6.173300E+1
2.253793E-2	3.942360E+3	0.000000E+0	6.191600E+1
2.251608E-2	3.942760E+3	0.000000E+0	6.209900E+1
2.251146E-2	3.942760E+3	0.000000E+0	6.227800E+1
2.248861E-2	3.942840E+3	0.000000E+0	6.246000E+1
2.248126E-2	3.943470E+3	0.000000E+0	6.264300E+1
2.246032E-2	3.943710E+3	0.000000E+0	6.282300E+1
2.245031E-2	3.943470E+3	0.000000E+0	6.300600E+1
2.243428E-2	3.943077E+3	0.000000E+0	6.318600E+1
2.241994E-2	3.943310E+3	0.000000E+0	6.336600E+1
2.241079E-2	3.943790E+3	0.000000E+0	6.354800E+1
2.239087E-2	3.943870E+3	0.000000E+0	6.372900E+1
2.238328E-2	3.943233E+3	0.000000E+0	6.391100E+1
2.236100E-2	3.942840E+3	0.000000E+0	6.409200E+1
2.235504E-2	3.942760E+3	0.000000E+0	6.427500E+1
2.233519E-2	3.943153E+3	0.000000E+0	6.445700E+1
2.232575E-2	3.942680E+3	0.000000E+0	6.463700E+1
2.230422E-2	3.941727E+3	0.000000E+0	6.481800E+1
2.229441E-2	3.940770E+3	0.000000E+0	6.500000E+1
2.228027E-2	3.940217E+3	0.000000E+0	6.518200E+1
2.226379E-2	3.940060E+3	0.000000E+0	6.536400E+1
2.225280E-2	3.940293E+3	0.000000E+0	6.554500E+1
2.223341E-2	3.940293E+3	0.000000E+0	6.572800E+1
2.222553E-2	3.939980E+3	0.000000E+0	6.590700E+1
2.220380E-2	3.940137E+3	0.000000E+0	6.609000E+1
2.219799E-2	3.940370E+3	0.000000E+0	6.627100E+1
2.217435E-2	3.940530E+3	0.000000E+0	6.645400E+1
2.216719E-2	3.940930E+3	0.000000E+0	6.663600E+1
2.214795E-2	3.940930E+3	0.000000E+0	6.681700E+1
2.213691E-2	3.940690E+3	0.000000E+0	6.699700E+1
2.212478E-2	3.940850E+3	0.000000E+0	6.717600E+1
2.210705E-2	3.940610E+3	0.000000E+0	6.736000E+1
2.209505E-2	3.940610E+3	0.000000E+0	6.754600E+1
2.207633E-2	3.940770E+3	0.000000E+0	6.772800E+1
2.207172E-2	3.940293E+3	0.000000E+0	6.790900E+1
2.204841E-2	3.939900E+3	0.000000E+0	6.809300E+1
2.204041E-2	3.939420E+3	0.000000E+0	6.827500E+1
2.201709E-2	3.938227E+3	0.000000E+0	6.846100E+1
2.201075E-2	3.937750E+3	0.000000E+0	6.864200E+1
2.198948E-2	3.938703E+3	0.000000E+0	6.882300E+1
2.197972E-2	3.939660E+3	0.000000E+0	6.900200E+1
2.196426E-2	3.939340E+3	0.000000E+0	6.918600E+1
2.194868E-2	3.938780E+3	0.000000E+0	6.936700E+1
2.193676E-2	3.938780E+3	0.000000E+0	6.954900E+1
2.191868E-2	3.939340E+3	0.000000E+0	6.972900E+1
2.191097E-2	3.939580E+3	0.000000E+0	6.991100E+1
2.188860E-2	3.939420E+3	0.000000E+0	7.009200E+1
2.188181E-2	3.939580E+3	0.000000E+0	7.027500E+1
2.185854E-2	3.939740E+3	0.000000E+0	7.045900E+1
2.185233E-2	3.939660E+3	0.000000E+0	7.064000E+1
2.183583E-2	3.939820E+3	0.000000E+0	7.082100E+1
2.182193E-2	3.939900E+3	0.000000E+0	7.099700E+1
2.180675E-2	3.939740E+3	0.000000E+0	7.117900E+1
2.179099E-2	3.939500E+3	0.000000E+0	7.136400E+1
2.177999E-2	3.939820E+3	0.000000E+0	7.154300E+1
2.176020E-2	3.939820E+3	0.000000E+0	7.172100E+1
2.175336E-2	3.939340E+3	0.000000E+0	7.190100E+1
2.173063E-2	3.938940E+3	0.000000E+0	7.208700E+1
2.172477E-2	3.938230E+3	0.000000E+0	7.226800E+1
2.170167E-2	3.937830E+3	0.000000E+0	7.244900E+1
2.169423E-2	3.938623E+3	0.000000E+0	7.263200E+1
2.167606E-2	3.939420E+3	0.000000E+0	7.281000E+1
2.166300E-2	3.939100E+3	0.000000E+0	7.299000E+1
2.164998E-2	3.937830E+3	0.000000E+0	7.316600E+1
2.163262E-2	3.936960E+3	0.000000E+0	7.335000E+1
2.162407E-2	3.936800E+3	0.000000E+0	7.353300E+1
2.160176E-2	3.937040E+3	0.000000E+0	7.371200E+1
2.159538E-2	3.937040E+3	0.000000E+0	7.389300E+1
2.157333E-2	3.937270E+3	0.000000E+0	7.407700E+1
2.156725E-2	3.937040E+3	0.000000E+0	7.425900E+1
2.154818E-2	3.937117E+3	0.000000E+0	7.443900E+1
2.153650E-2	3.936960E+3	0.000000E+0	7.462000E+1
2.151917E-2	3.936160E+3	0.000000E+0	7.480200E+1
2.150507E-2	3.935130E+3	0.000000E+0	7.498600E+1
2.149093E-2	3.934097E+3	0.000000E+0	7.516900E+1
2.147444E-2	3.933460E+3	0.000000E+0	7.535100E+1
2.146560E-2	3.933220E+3	0.000000E+0	7.553100E+1
2.144450E-2	3.932820E+3	0.000000E+0	7.571100E+1
2.143734E-2	3.932270E+3	0.000000E+0	7.589200E+1
2.141428E-2	3.931473E+3	0.000000E+0	7.607200E+1
2.140826E-2	3.930520E+3	0.000000E+0	7.625400E+1
2.138763E-2	3.929960E+3	0.000000E+0	7.643500E+1
2.137688E-2	3.930440E+3	0.000000E+0	7.661800E+1
2.136092E-2	3.930680E+3	0.000000E+0	7.679800E+1
2.134612E-2	3.931000E+3	0.000000E+0	7.698000E+1
2.133459E-2	3.931080E+3	0.000000E+0	7.716000E+1
2.131549E-2	3.931000E+3	0.000000E+0	7.734100E+1
2.130631E-2	3.930360E+3	0.000000E+0	7.752400E+1
2.128487E-2	3.930200E+3	0.000000E+0	7.770400E+1
2.128015E-2	3.929487E+3	0.000000E+0	7.788600E+1
2.125800E-2	3.928213E+3	0.000000E+0	7.806700E+1
2.124945E-2	3.926943E+3	0.000000E+0	7.825100E+1
2.122842E-2	3.925990E+3	0.000000E+0	7.843000E+1
2.121754E-2	3.925037E+3	0.000000E+0	7.861000E+1
2.120232E-2	3.924640E+3	0.000000E+0	7.879300E+1
2.118679E-2	3.924640E+3	0.000000E+0	7.897300E+1
2.117610E-2	3.924640E+3	0.000000E+0	7.915600E+1
2.115590E-2	3.924720E+3	0.000000E+0	7.933400E+1
2.114869E-2	3.924080E+3	0.000000E+0	7.951500E+1
2.112546E-2	3.923680E+3	0.000000E+0	7.969800E+1
2.111967E-2	3.923920E+3	0.000000E+0	7.987900E+1
2.109561E-2	3.924640E+3	0.000000E+0	8.006400E+1
2.108898E-2	3.925670E+3	0.000000E+0	8.024400E+1
2.107019E-2	3.925670E+3	0.000000E+0	8.042400E+1
2.105818E-2	3.925113E+3	0.000000E+0	8.060400E+1
2.104433E-2	3.924720E+3	0.000000E+0	8.078600E+1
2.102704E-2	3.924720E+3	0.000000E+0	8.096800E+1
2.101633E-2	3.925113E+3	0.000000E+0	8.114900E+1
2.099623E-2	3.925590E+3	0.000000E+0	8.133100E+1
2.099102E-2	3.925990E+3	0.000000E+0	8.151100E+1
2.096797E-2	3.926310E+3	0.000000E+0	8.169300E+1
2.096069E-2	3.927020E+3	0.000000E+0	8.187400E+1
2.093700E-2	3.927740E+3	0.000000E+0	8.205300E+1
2.092990E-2	3.928850E+3	0.000000E+0	8.223700E+1
2.090860E-2	3.929883E+3	0.000000E+0	8.241900E+1
2.089804E-2	3.930920E+3	0.000000E+0	8.259900E+1
2.088313E-2	3.931630E+3	0.000000E+0	8.278000E+1
2.086729E-2	3.931550E+3	0.000000E+0	8.296200E+1
2.085543E-2	3.931790E+3	0.000000E+0	8.314400E+1
2.083626E-2	3.932507E+3	0.000000E+0	8.332700E+1
2.082863E-2	3.933140E+3	0.000000E+0	8.350700E+1
2.080525E-2	3.933780E+3	0.000000E+0	8.369200E+1
2.079958E-2	3.934650E+3	0.000000E+0	8.387300E+1
2.077651E-2	3.935607E+3	0.000000E+0	8.405300E+1
2.076880E-2	3.936240E+3	0.000000E+0	8.423500E+1
2.075188E-2	3.937037E+3	0.000000E+0	8.441300E+1
2.073819E-2	3.937750E+3	0.000000E+0	8.459800E+1
2.072252E-2	3.937830E+3	0.000000E+0	8.477700E+1
2.070653E-2	3.938070E+3	0.000000E+0	8.496000E+1
2.069580E-2	3.938703E+3	0.000000E+0	8.514200E+1
2.067507E-2	3.939420E+3	0.000000E+0	8.532200E+1
2.066869E-2	3.939980E+3	0.000000E+0	8.550400E+1
2.064550E-2	3.940370E+3	0.000000E+0	8.568500E+1
2.064015E-2	3.940293E+3	0.000000E+0	8.586400E+1
2.061577E-2	3.939820E+3	0.000000E+0	8.604700E+1
2.060922E-2	3.939740E+3	0.000000E+0	8.623000E+1
2.059025E-2	3.940293E+3	0.000000E+0	8.641100E+1
2.057773E-2	3.941410E+3	0.000000E+0	8.659600E+1
2.056210E-2	3.941960E+3	0.000000E+0	8.678300E+1
2.054604E-2	3.942120E+3	0.000000E+0	8.696400E+1
2.053608E-2	3.942440E+3	0.000000E+0	8.714300E+1
2.051510E-2	3.942520E+3	0.000000E+0	8.732300E+1
2.050819E-2	3.942840E+3	0.000000E+0	8.750200E+1
2.048496E-2	3.943233E+3	0.000000E+0	8.768400E+1
2.047883E-2	3.943790E+3	0.000000E+0	8.786500E+1
2.045626E-2	3.944350E+3	0.000000E+0	8.804500E+1
2.044767E-2	3.944430E+3	0.000000E+0	8.822700E+1
2.042957E-2	3.943950E+3	0.000000E+0	8.840700E+1
2.041653E-2	3.943310E+3	0.000000E+0	8.858800E+1
2.040327E-2	3.943230E+3	0.000000E+0	8.877000E+1
2.038633E-2	3.943710E+3	0.000000E+0	8.895200E+1
2.037868E-2	3.944667E+3	0.000000E+0	8.913300E+1
2.035621E-2	3.944900E+3	0.000000E+0	8.931400E+1
2.034924E-2	3.944747E+3	0.000000E+0	8.949600E+1
2.032525E-2	3.944350E+3	0.000000E+0	8.967700E+1
2.031922E-2	3.944190E+3	0.000000E+0	8.985700E+1
2.029662E-2	3.944430E+3	0.000000E+0	9.004100E+1
2.028811E-2	3.944747E+3	0.000000E+0	9.022200E+1
2.027017E-2	3.944980E+3	0.000000E+0	9.040300E+1
2.025639E-2	3.945220E+3	0.000000E+0	9.058500E+1
2.024294E-2	3.945857E+3	0.000000E+0	9.076500E+1
2.022511E-2	3.947287E+3	0.000000E+0	9.094800E+1
2.021576E-2	3.948480E+3	0.000000E+0	9.113200E+1
2.019406E-2	3.948800E+3	0.000000E+0	9.131500E+1
2.018749E-2	3.949513E+3	0.000000E+0	9.149600E+1
2.016413E-2	3.950070E+3	0.000000E+0	9.167700E+1
2.015802E-2	3.950310E+3	0.000000E+0	9.185800E+1
2.013606E-2	3.950390E+3	0.000000E+0	9.204100E+1
2.012666E-2	3.950390E+3	0.000000E+0	9.222300E+1
2.010849E-2	3.950230E+3	0.000000E+0	9.240300E+1
2.009556E-2	3.950470E+3	0.000000E+0	9.258200E+1
2.008496E-2	3.951100E+3	0.000000E+0	9.276200E+1
2.006519E-2	3.951820E+3	0.000000E+0	9.294600E+1
2.005518E-2	3.952060E+3	0.000000E+0	9.312800E+1
2.003383E-2	3.951980E+3	0.000000E+0	9.331000E+1
2.002684E-2	3.951660E+3	0.000000E+0	9.349100E+1
2.000343E-2	3.951980E+3	0.000000E+0	9.367500E+1
1.999761E-2	3.952373E+3	0.000000E+0	9.385600E+1
1.997460E-2	3.953090E+3	0.000000E+0	9.404300E+1
1.996505E-2	3.953490E+3	0.000000E+0	9.422300E+1
1.994732E-2	3.953330E+3	0.000000E+0	9.440700E+1
1.993433E-2	3.952850E+3	0.000000E+0	9.458600E+1
1.992178E-2	3.953330E+3	0.000000E+0	9.476900E+1
1.990291E-2	3.953963E+3	0.000000E+0	9.494900E+1
1.989494E-2	3.954200E+3	0.000000E+0	9.512900E+1
1.987253E-2	3.953650E+3	0.000000E+0	9.530800E+1
1.986683E-2	3.953330E+3	0.000000E+0	9.548800E+1
1.984239E-2	3.953807E+3	0.000000E+0	9.567000E+1
1.983576E-2	3.953960E+3	0.000000E+0	9.585200E+1
1.981446E-2	3.953730E+3	0.000000E+0	9.603300E+1
1.980459E-2	3.954040E+3	0.000000E+0	9.621400E+1
1.979171E-2	3.954200E+3	0.000000E+0	9.639400E+1
1.977432E-2	3.954280E+3	0.000000E+0	9.657600E+1
1.976184E-2	3.954840E+3	0.000000E+0	9.676000E+1
1.974178E-2	3.954920E+3	0.000000E+0	9.694000E+1
1.973347E-2	3.954920E+3	0.000000E+0	9.712100E+1
1.971014E-2	3.954760E+3	0.000000E+0	9.730700E+1
1.970524E-2	3.954920E+3	0.000000E+0	9.749000E+1
1.968146E-2	3.954920E+3	0.000000E+0	9.767300E+1
1.967462E-2	3.954840E+3	0.000000E+0	9.785400E+1
1.965310E-2	3.954360E+3	0.000000E+0	9.803400E+1
1.964266E-2	3.954200E+3	0.000000E+0	9.821300E+1
1.962549E-2	3.954120E+3	0.000000E+0	9.839300E+1
1.961087E-2	3.953490E+3	0.000000E+0	9.857500E+1
1.960063E-2	3.953330E+3	0.000000E+0	9.875300E+1
1.958034E-2	3.953490E+3	0.000000E+0	9.893500E+1
1.957263E-2	3.953250E+3	0.000000E+0	9.911800E+1
1.954964E-2	3.953410E+3	0.000000E+0	9.929900E+1
1.954396E-2	3.953650E+3	0.000000E+0	9.948100E+1
1.951931E-2	3.953250E+3	0.000000E+0	9.966200E+1
1.951201E-2	3.953250E+3	0.000000E+0	9.984500E+1
1.949506E-2	3.953250E+3	0.000000E+0	1.000280E+2
1.948138E-2	3.953490E+3	0.000000E+0	1.002110E+2
1.946508E-2	3.953807E+3	0.000000E+0	1.003950E+2
1.944905E-2	3.953490E+3	0.000000E+0	1.005780E+2
1.943713E-2	3.953410E+3	0.000000E+0	1.007620E+2
1.941767E-2	3.953490E+3	0.000000E+0	1.009450E+2
1.940843E-2	3.953730E+3	0.000000E+0	1.011250E+2
1.938673E-2	3.954043E+3	0.000000E+0	1.013060E+2
1.938134E-2	3.954520E+3	0.000000E+0	1.014890E+2
1.935597E-2	3.955077E+3	0.000000E+0	1.016760E+2
1.934944E-2	3.955630E+3	0.000000E+0	1.018600E+2
1.932677E-2	3.956350E+3	0.000000E+0	1.020400E+2
1.931789E-2	3.956590E+3	0.000000E+0	1.022230E+2
1.929852E-2	3.956030E+3	0.000000E+0	1.024030E+2
1.928660E-2	3.955390E+3	0.000000E+0	1.025860E+2
1.927436E-2	3.955710E+3	0.000000E+0	1.027660E+2
1.925486E-2	3.955870E+3	0.000000E+0	1.029490E+2
1.924649E-2	3.955790E+3	0.000000E+0	1.031320E+2
1.922400E-2	3.955157E+3	0.000000E+0	1.033160E+2
1.921706E-2	3.954600E+3	0.000000E+0	1.035000E+2
1.919355E-2	3.954200E+3	0.000000E+0	1.036820E+2
1.918778E-2	3.954200E+3	0.000000E+0	1.038630E+2
1.916604E-2	3.954280E+3	0.000000E+0	1.040450E+2
1.915621E-2	3.953963E+3	0.000000E+0	1.042220E+2
1.913666E-2	3.953807E+3	0.000000E+0	1.044050E+2
1.912394E-2	3.954520E+3	0.000000E+0	1.045850E+2
1.911202E-2	3.955233E+3	0.000000E+0	1.047650E+2
1.909295E-2	3.955157E+3	0.000000E+0	1.049470E+2
1.908577E-2	3.954520E+3	0.000000E+0	1.051280E+2
1.906208E-2	3.954360E+3	0.000000E+0	1.053100E+2
1.905499E-2	3.954280E+3	0.000000E+0	1.054910E+2
1.903089E-2	3.954600E+3	0.000000E+0	1.056710E+2
1.902495E-2	3.954920E+3	0.000000E+0	1.058540E+2
1.900358E-2	3.954920E+3	0.000000E+0	1.060360E+2
1.899338E-2	3.954920E+3	0.000000E+0	1.062160E+2
1.897834E-2	3.954920E+3	0.000000E+0	1.063970E+2
1.896218E-2	3.954840E+3	0.000000E+0	1.065770E+2
1.894840E-2	3.954360E+3	0.000000E+0	1.067590E+2
1.893001E-2	3.954920E+3	0.000000E+0	1.069400E+2
1.892512E-2	3.955470E+3	0.000000E+0	1.071210E+2
1.890107E-2	3.955630E+3	0.000000E+0	1.073030E+2
1.889328E-2	3.955950E+3	0.000000E+0	1.074860E+2
1.886912E-2	3.956270E+3	0.000000E+0	1.076680E+2
1.886270E-2	3.955870E+3	0.000000E+0	1.078540E+2
1.883859E-2	3.955870E+3	0.000000E+0	1.080390E+2
1.883056E-2	3.955470E+3	0.000000E+0	1.082250E+2
1.881144E-2	3.955237E+3	0.000000E+0	1.084100E+2
1.879918E-2	3.955237E+3	0.000000E+0	1.085910E+2
1.878416E-2	3.955470E+3	0.000000E+0	1.087720E+2
1.876744E-2	3.955790E+3	0.000000E+0	1.089530E+2
1.875692E-2	3.955790E+3	0.000000E+0	1.091350E+2
1.873634E-2	3.955630E+3	0.000000E+0	1.093160E+2
1.872874E-2	3.955790E+3	0.000000E+0	1.094980E+2
1.870512E-2	3.955790E+3	0.000000E+0	1.096780E+2
1.869969E-2	3.955870E+3	0.000000E+0	1.098610E+2
1.867813E-2	3.955870E+3	0.000000E+0	1.100420E+2
1.866806E-2	3.955870E+3	0.000000E+0	1.102220E+2
1.864849E-2	3.955870E+3	0.000000E+0	1.104060E+2
1.863566E-2	3.955393E+3	0.000000E+0	1.105860E+2
1.862143E-2	3.954920E+3	0.000000E+0	1.107690E+2
1.860443E-2	3.954920E+3	0.000000E+0	1.109490E+2
1.859555E-2	3.954920E+3	0.000000E+0	1.111320E+2
1.857279E-2	3.954760E+3	0.000000E+0	1.113160E+2
1.856677E-2	3.954760E+3	0.000000E+0	1.114950E+2
1.854226E-2	3.954920E+3	0.000000E+0	1.116740E+2
1.853643E-2	3.955000E+3	0.000000E+0	1.118560E+2
1.851417E-2	3.955550E+3	0.000000E+0	1.120360E+2
1.850393E-2	3.955233E+3	0.000000E+0	1.122180E+2
1.848793E-2	3.954920E+3	0.000000E+0	1.124010E+2
1.847106E-2	3.955000E+3	0.000000E+0	1.125810E+2
1.846309E-2	3.955630E+3	0.000000E+0	1.127610E+2
1.843886E-2	3.956190E+3	0.000000E+0	1.129440E+2
1.843335E-2	3.956587E+3	0.000000E+0	1.131270E+2
1.841291E-2	3.957060E+3	0.000000E+0	1.133100E+2
1.839827E-2	3.957300E+3	0.000000E+0	1.134890E+2
1.838778E-2	3.956980E+3	0.000000E+0	1.136700E+2
1.837476E-2	3.956510E+3	0.000000E+0	1.138560E+2
1.836419E-2	3.956983E+3	0.000000E+0	1.140370E+2
1.835551E-2	3.957540E+3	0.000000E+0	1.142220E+2
1.834776E-2	3.956903E+3	0.000000E+0	1.144080E+2
1.834213E-2	3.955870E+3	0.000000E+0	1.145910E+2
1.833669E-2	3.955237E+3	0.000000E+0	1.147740E+2
1.833299E-2	3.955313E+3	0.000000E+0	1.149560E+2
1.832942E-2	3.955390E+3	0.000000E+0	1.151380E+2
1.832643E-2	3.955160E+3	0.000000E+0	1.153180E+2
1.832413E-2	3.955630E+3	0.000000E+0	1.155000E+2
1.832183E-2	3.956507E+3	0.000000E+0	1.156810E+2
1.831343E-2	3.957700E+3	0.000000E+0	1.158640E+2
1.823899E-2	3.958337E+3	0.000000E+0	1.160440E+2
1.820722E-2	3.958413E+3	0.000000E+0	1.162280E+2
1.819366E-2	3.957940E+3	0.000000E+0	1.164110E+2
1.817811E-2	3.958337E+3	0.000000E+0	1.165910E+2
1.816119E-2	3.958730E+3	0.000000E+0	1.167750E+2
1.814997E-2	3.958493E+3	0.000000E+0	1.169540E+2
1.812963E-2	3.957940E+3	0.000000E+0	1.171360E+2
1.812051E-2	3.957860E+3	0.000000E+0	1.173180E+2
1.809776E-2	3.957620E+3	0.000000E+0	1.174980E+2
1.809291E-2	3.957620E+3	0.000000E+0	1.176790E+2
1.806868E-2	3.957540E+3	0.000000E+0	1.178600E+2
1.806074E-2	3.956507E+3	0.000000E+0	1.180430E+2
1.804152E-2	3.955870E+3	0.000000E+0	1.182260E+2
1.802890E-2	3.955870E+3	0.000000E+0	1.184090E+2
1.801345E-2	3.955870E+3	0.000000E+0	1.185940E+2
1.799738E-2	3.955870E+3	0.000000E+0	1.187760E+2
1.798833E-2	3.956350E+3	0.000000E+0	1.189570E+2
1.796639E-2	3.956590E+3	0.000000E+0	1.191400E+2
1.795802E-2	3.956980E+3	0.000000E+0	1.193240E+2
1.793423E-2	3.957540E+3	0.000000E+0	1.195040E+2
1.792925E-2	3.957940E+3	0.000000E+0	1.196870E+2
1.790433E-2	3.958180E+3	0.000000E+0	1.198670E+2
1.789745E-2	3.958570E+3	0.000000E+0	1.200500E+2
1.787508E-2	3.958493E+3	0.000000E+0	1.202300E+2
1.786562E-2	3.958020E+3	0.000000E+0	1.204140E+2
1.784760E-2	3.957620E+3	0.000000E+0	1.205960E+2
1.783371E-2	3.957540E+3	0.000000E+0	1.207770E+2
1.782105E-2	3.957140E+3	0.000000E+0	1.209610E+2
1.780150E-2	3.956820E+3	0.000000E+0	1.211440E+2
1.779257E-2	3.956743E+3	0.000000E+0	1.213250E+2
1.777079E-2	3.956430E+3	0.000000E+0	1.215070E+2
1.776576E-2	3.956030E+3	0.000000E+0	1.216900E+2
1.774153E-2	3.955870E+3	0.000000E+0	1.218740E+2
1.773405E-2	3.955790E+3	0.000000E+0	1.220560E+2
1.771030E-2	3.955870E+3	0.000000E+0	1.222370E+2
1.770257E-2	3.955630E+3	0.000000E+0	1.224160E+2
1.768953E-2	3.955237E+3	0.000000E+0	1.225990E+2
1.767135E-2	3.955390E+3	0.000000E+0	1.227820E+2
1.765688E-2	3.955630E+3	0.000000E+0	1.229670E+2
1.763856E-2	3.955870E+3	0.000000E+0	1.231490E+2
1.762824E-2	3.955870E+3	0.000000E+0	1.233300E+2
1.760701E-2	3.956030E+3	0.000000E+0	1.235140E+2
1.760103E-2	3.955710E+3	0.000000E+0	1.236930E+2
1.757576E-2	3.955790E+3	0.000000E+0	1.238760E+2
1.756994E-2	3.956030E+3	0.000000E+0	1.240590E+2
1.754693E-2	3.955870E+3	0.000000E+0	1.242400E+2
1.753864E-2	3.955470E+3	0.000000E+0	1.244210E+2
1.752087E-2	3.955470E+3	0.000000E+0	1.246030E+2
1.750695E-2	3.956190E+3	0.000000E+0	1.247850E+2
1.749259E-2	3.956743E+3	0.000000E+0	1.249660E+2
1.747450E-2	3.956980E+3	0.000000E+0	1.251490E+2
1.746826E-2	3.957140E+3	0.000000E+0	1.253280E+2
1.744487E-2	3.957940E+3	0.000000E+0	1.255090E+2
1.743755E-2	3.958570E+3	0.000000E+0	1.256920E+2
1.741405E-2	3.959370E+3	0.000000E+0	1.258720E+2
1.740751E-2	3.959607E+3	0.000000E+0	1.260560E+2
1.738436E-2	3.958493E+3	0.000000E+0	1.262390E+2
1.737544E-2	3.958020E+3	0.000000E+0	1.264250E+2
1.735665E-2	3.957620E+3	0.000000E+0	1.266060E+2
1.734362E-2	3.957540E+3	0.000000E+0	1.267890E+2
1.733003E-2	3.957780E+3	0.000000E+0	1.269690E+2
1.731205E-2	3.958260E+3	0.000000E+0	1.271520E+2
1.730337E-2	3.958020E+3	0.000000E+0	1.273320E+2
1.728080E-2	3.957140E+3	0.000000E+0	1.275130E+2
1.727435E-2	3.955950E+3	0.000000E+0	1.276950E+2
1.725006E-2	3.955390E+3	0.000000E+0	1.278760E+2
1.724409E-2	3.955000E+3	0.000000E+0	1.280580E+2
1.722144E-2	3.954280E+3	0.000000E+0	1.282410E+2
1.721181E-2	3.954200E+3	0.000000E+0	1.284200E+2
1.719430E-2	3.954200E+3	0.000000E+0	1.286020E+2
1.718008E-2	3.955393E+3	0.000000E+0	1.287880E+2
1.716602E-2	3.957063E+3	0.000000E+0	1.289720E+2
1.714872E-2	3.957940E+3	0.000000E+0	1.291520E+2
1.714014E-2	3.958260E+3	0.000000E+0	1.293320E+2
1.711682E-2	3.958413E+3	0.000000E+0	1.295130E+2
1.711043E-2	3.958650E+3	0.000000E+0	1.296940E+2
1.708632E-2	3.958570E+3	0.000000E+0	1.298790E+2
1.708036E-2	3.959130E+3	0.000000E+0	1.300610E+2
1.705735E-2	3.959610E+3	0.000000E+0	1.302420E+2
1.704832E-2	3.959843E+3	0.000000E+0	1.304250E+2
1.703109E-2	3.959920E+3	0.000000E+0	1.306070E+2
1.701643E-2	3.959210E+3	0.000000E+0	1.307850E+2
1.700381E-2	3.958653E+3	0.000000E+0	1.309660E+2
1.698491E-2	3.958100E+3	0.000000E+0	1.311450E+2
1.697667E-2	3.958020E+3	0.000000E+0	1.313260E+2
1.695376E-2	3.958337E+3	0.000000E+0	1.315100E+2
1.694820E-2	3.958650E+3	0.000000E+0	1.316920E+2
1.692330E-2	3.958020E+3	0.000000E+0	1.318750E+2
1.691681E-2	3.957300E+3	0.000000E+0	1.320570E+2
1.689462E-2	3.957140E+3	0.000000E+0	1.322370E+2
1.688568E-2	3.957540E+3	0.000000E+0	1.324170E+2
1.686776E-2	3.958100E+3	0.000000E+0	1.325990E+2
1.685321E-2	3.958810E+3	0.000000E+0	1.327800E+2
1.684055E-2	3.959370E+3	0.000000E+0	1.329660E+2
1.682106E-2	3.959290E+3	0.000000E+0	1.331470E+2
1.681222E-2	3.959210E+3	0.000000E+0	1.333330E+2
1.678931E-2	3.959210E+3	0.000000E+0	1.335140E+2
1.678372E-2	3.959210E+3	0.000000E+0	1.336970E+2
1.675830E-2	3.959130E+3	0.000000E+0	1.338810E+2
1.675317E-2	3.958890E+3	0.000000E+0	1.340670E+2
1.673039E-2	3.958337E+3	0.000000E+0	1.342480E+2
1.672135E-2	3.958100E+3	0.000000E+0	1.344310E+2
1.670207E-2	3.957940E+3	0.000000E+0	1.346150E+2
1.668901E-2	3.957300E+3	0.000000E+0	1.347960E+2
1.667400E-2	3.957140E+3	0.000000E+0	1.349810E+2
1.665709E-2	3.957940E+3	0.000000E+0	1.351620E+2
1.664839E-2	3.958493E+3	0.000000E+0	1.353440E+2
1.662566E-2	3.958413E+3	0.000000E+0	1.355220E+2
1.661949E-2	3.958260E+3	0.000000E+0	1.357040E+2
1.659492E-2	3.958493E+3	0.000000E+0	1.358840E+2
1.658897E-2	3.958970E+3	0.000000E+0	1.360640E+2
1.656577E-2	3.959210E+3	0.000000E+0	1.362470E+2
1.655749E-2	3.958337E+3	0.000000E+0	1.364270E+2
1.654038E-2	3.957940E+3	0.000000E+0	1.366090E+2
1.652576E-2	3.958573E+3	0.000000E+0	1.367900E+2
1.651239E-2	3.958890E+3	0.000000E+0	1.369710E+2
1.649367E-2	3.958970E+3	0.000000E+0	1.371530E+2
1.648542E-2	3.958970E+3	0.000000E+0	1.373340E+2
1.646253E-2	3.959210E+3	0.000000E+0	1.375100E+2
1.645784E-2	3.959130E+3	0.000000E+0	1.376880E+2
1.643321E-2	3.958810E+3	0.000000E+0	1.378650E+2
1.642607E-2	3.958570E+3	0.000000E+0	1.380490E+2
1.640583E-2	3.958650E+3	0.000000E+0	1.382270E+2
1.639370E-2	3.959210E+3	0.000000E+0	1.384100E+2
1.638127E-2	3.959767E+3	0.000000E+0	1.385920E+2
1.636241E-2	3.959843E+3	0.000000E+0	1.387750E+2
1.635137E-2	3.960080E+3	0.000000E+0	1.389550E+2
1.633008E-2	3.960320E+3	0.000000E+0	1.391380E+2
1.632285E-2	3.960640E+3	0.000000E+0	1.393210E+2
1.629951E-2	3.960480E+3	0.000000E+0	1.395020E+2
1.629255E-2	3.959763E+3	0.000000E+0	1.396840E+2
1.626759E-2	3.958970E+3	0.000000E+0	1.398680E+2
1.626135E-2	3.958810E+3	0.000000E+0	1.400500E+2
1.623919E-2	3.958730E+3	0.000000E+0	1.402280E+2
1.622914E-2	3.958337E+3	0.000000E+0	1.404080E+2
1.621260E-2	3.958180E+3	0.000000E+0	1.405910E+2
1.619750E-2	3.958493E+3	0.000000E+0	1.407740E+2
1.618452E-2	3.959050E+3	0.000000E+0	1.409540E+2
1.616607E-2	3.959450E+3	0.000000E+0	1.411340E+2
1.615946E-2	3.959210E+3	0.000000E+0	1.413160E+2
1.613507E-2	3.958970E+3	0.000000E+0	1.414970E+2
1.612949E-2	3.959130E+3	0.000000E+0	1.416780E+2
1.610432E-2	3.959843E+3	0.000000E+0	1.418580E+2
1.609753E-2	3.959843E+3	0.000000E+0	1.420400E+2
1.608198E-2	3.959530E+3	0.000000E+0	1.422220E+2
1.606654E-2	3.959843E+3	0.000000E+0	1.424040E+2
1.605006E-2	3.960400E+3	0.000000E+0	1.425830E+2
1.603363E-2	3.960160E+3	0.000000E+0	1.427640E+2
1.602268E-2	3.959290E+3	0.000000E+0	1.429460E+2
1.600186E-2	3.958417E+3	0.000000E+0	1.431270E+2
1.599419E-2	3.958100E+3	0.000000E+0	1.433130E+2
1.597068E-2	3.958180E+3	0.000000E+0	1.434900E+2
1.596510E-2	3.958650E+3	0.000000E+0	1.436690E+2
1.594085E-2	3.959130E+3	0.000000E+0	1.438490E+2
1.593342E-2	3.959210E+3	0.000000E+0	1.440280E+2
1.591469E-2	3.959210E+3	0.000000E+0	1.442110E+2
1.590135E-2	3.959210E+3	0.000000E+0	1.443920E+2
1.588611E-2	3.959050E+3	0.000000E+0	1.445780E+2
1.586944E-2	3.958730E+3	0.000000E+0	1.447590E+2
1.586094E-2	3.958650E+3	0.000000E+0	1.449450E+2
1.583849E-2	3.958337E+3	0.000000E+0	1.451250E+2
1.582949E-2	3.958020E+3	0.000000E+0	1.453080E+2
1.580586E-2	3.958020E+3	0.000000E+0	1.454950E+2
1.579941E-2	3.958180E+3	0.000000E+0	1.456780E+2
1.577493E-2	3.958020E+3	0.000000E+0	1.458630E+2
1.576802E-2	3.958020E+3	0.000000E+0	1.460490E+2
1.574709E-2	3.958020E+3	0.000000E+0	1.462300E+2
1.573735E-2	3.958020E+3	0.000000E+0	1.464120E+2
1.572037E-2	3.957300E+3	0.000000E+0	1.465910E+2
1.570493E-2	3.956667E+3	0.000000E+0	1.467730E+2
1.569449E-2	3.956590E+3	0.000000E+0	1.469510E+2
1.567321E-2	3.957300E+3	0.000000E+0	1.471320E+2
1.566522E-2	3.958337E+3	0.000000E+0	1.473150E+2
1.564208E-2	3.959050E+3	0.000000E+0	1.474990E+2
1.563716E-2	3.959687E+3	0.000000E+0	1.476810E+2
1.561211E-2	3.959920E+3	0.000000E+0	1.478610E+2
1.560500E-2	3.960400E+3	0.000000E+0	1.480420E+2
1.558352E-2	3.960320E+3	0.000000E+0	1.482250E+2
1.557238E-2	3.958970E+3	0.000000E+0	1.484050E+2
1.555930E-2	3.958730E+3	0.000000E+0	1.485870E+2
1.554103E-2	3.959130E+3	0.000000E+0	1.487690E+2
1.552882E-2	3.959290E+3	0.000000E+0	1.489520E+2
1.550881E-2	3.959130E+3	0.000000E+0	1.491350E+2
1.549978E-2	3.958730E+3	0.000000E+0	1.493230E+2
1.547687E-2	3.959210E+3	0.000000E+0	1.495060E+2
1.547101E-2	3.959843E+3	0.000000E+0	1.496870E+2
1.544662E-2	3.959763E+3	0.000000E+0	1.498730E+2
1.544011E-2	3.958890E+3	0.000000E+0	1.500520E+2
1.541799E-2	3.958810E+3	0.000000E+0	1.502360E+2
1.540807E-2	3.959130E+3	0.000000E+0	1.504190E+2
1.539107E-2	3.958493E+3	0.000000E+0	1.506030E+2
1.537558E-2	3.957620E+3	0.000000E+0	1.507840E+2
1.536280E-2	3.957540E+3	0.000000E+0	1.509640E+2
1.534054E-2	3.957900E+3	0.000000E+0	1.512500E+2
1.532167E-2	3.958180E+3	0.000000E+0	1.514270E+2
1.531005E-2	3.958100E+3	0.000000E+0	1.515950E+2
1.529917E-2	3.957540E+3	0.000000E+0	1.517590E+2
1.527859E-2	3.957140E+3	0.000000E+0	1.519370E+2
1.527273E-2	3.957060E+3	0.000000E+0	1.521180E+2
1.524828E-2	3.957300E+3	0.000000E+0	1.523020E+2
1.524153E-2	3.957860E+3	0.000000E+0	1.524860E+2
1.521638E-2	3.957780E+3	0.000000E+0	1.526710E+2
1.521014E-2	3.956903E+3	0.000000E+0	1.528510E+2
1.518861E-2	3.956747E+3	0.000000E+0	1.530300E+2
1.517804E-2	3.957700E+3	0.000000E+0	1.532110E+2
1.516231E-2	3.958650E+3	0.000000E+0	1.533920E+2
1.514576E-2	3.959290E+3	0.000000E+0	1.535700E+2
1.513460E-2	3.959610E+3	0.000000E+0	1.537530E+2
1.511423E-2	3.959450E+3	0.000000E+0	1.539330E+2
1.510640E-2	3.959290E+3	0.000000E+0	1.541130E+2
1.508217E-2	3.959290E+3	0.000000E+0	1.542950E+2
1.507793E-2	3.958970E+3	0.000000E+0	1.544760E+2
1.505340E-2	3.958730E+3	0.000000E+0	1.546590E+2
1.504632E-2	3.958650E+3	0.000000E+0	1.548420E+2
1.502690E-2	3.957860E+3	0.000000E+0	1.550230E+2
1.501427E-2	3.957540E+3	0.000000E+0	1.552040E+2
1.499867E-2	3.957780E+3	0.000000E+0	1.553860E+2
1.498172E-2	3.958493E+3	0.000000E+0	1.555660E+2
1.497423E-2	3.959290E+3	0.000000E+0	1.557490E+2
1.495029E-2	3.959210E+3	0.000000E+0	1.559310E+2
1.494218E-2	3.958417E+3	0.000000E+0	1.561110E+2
1.491719E-2	3.958100E+3	0.000000E+0	1.562920E+2
1.491328E-2	3.958493E+3	0.000000E+0	1.564710E+2
1.489059E-2	3.959130E+3	0.000000E+0	1.566500E+2
1.488140E-2	3.959210E+3	0.000000E+0	1.568310E+2
1.486156E-2	3.959843E+3	0.000000E+0	1.570130E+2
1.484963E-2	3.959683E+3	0.000000E+0	1.571940E+2
1.483603E-2	3.958337E+3	0.000000E+0	1.573760E+2
1.481752E-2	3.957860E+3	0.000000E+0	1.575600E+2
1.480662E-2	3.958493E+3	0.000000E+0	1.577430E+2
1.478568E-2	3.958970E+3	0.000000E+0	1.579240E+2
1.477717E-2	3.959210E+3	0.000000E+0	1.581100E+2
1.475383E-2	3.959370E+3	0.000000E+0	1.582950E+2
1.474851E-2	3.959450E+3	0.000000E+0	1.584710E+2
1.472620E-2	3.959370E+3	0.000000E+0	1.586530E+2
1.471699E-2	3.959050E+3	0.000000E+0	1.588300E+2
1.469654E-2	3.958970E+3	0.000000E+0	1.590120E+2
1.468439E-2	3.959290E+3	0.000000E+0	1.591950E+2
1.467548E-2	3.960000E+3	0.000000E+0	1.593730E+2
1.465363E-2	3.960640E+3	0.000000E+0	1.595520E+2
1.464331E-2	3.960800E+3	0.000000E+0	1.597360E+2
1.462112E-2	3.960320E+3	0.000000E+0	1.599170E+2
1.461430E-2	3.960160E+3	0.000000E+0	1.600950E+2
1.458993E-2	3.960000E+3	0.000000E+0	1.602770E+2
1.458463E-2	3.959767E+3	0.000000E+0	1.604580E+2
1.456106E-2	3.959530E+3	0.000000E+0	1.606400E+2
1.455198E-2	3.959687E+3	0.000000E+0	1.608210E+2
1.453392E-2	3.960480E+3	0.000000E+0	1.610010E+2
1.451993E-2	3.961353E+3	0.000000E+0	1.611820E+2
1.450784E-2	3.961510E+3	0.000000E+0	1.613620E+2
1.448783E-2	3.961197E+3	0.000000E+0	1.615410E+2
1.447959E-2	3.961120E+3	0.000000E+0	1.617230E+2
1.445650E-2	3.961197E+3	0.000000E+0	1.619070E+2
1.445226E-2	3.961430E+3	0.000000E+0	1.620880E+2
1.442777E-2	3.961830E+3	0.000000E+0	1.622700E+2
1.442035E-2	3.962867E+3	0.000000E+0	1.624530E+2
1.439688E-2	3.963500E+3	0.000000E+0	1.626330E+2
1.438747E-2	3.963740E+3	0.000000E+0	1.628190E+2
1.436924E-2	3.963103E+3	0.000000E+0	1.630010E+2
1.435519E-2	3.962310E+3	0.000000E+0	1.631830E+2
1.434221E-2	3.962070E+3	0.000000E+0	1.633640E+2
1.432315E-2	3.962070E+3	0.000000E+0	1.635470E+2
1.431464E-2	3.962070E+3	0.000000E+0	1.637280E+2
1.429134E-2	3.962070E+3	0.000000E+0	1.639110E+2
1.428567E-2	3.962470E+3	0.000000E+0	1.640940E+2
1.426103E-2	3.962550E+3	0.000000E+0	1.642740E+2
1.425455E-2	3.963023E+3	0.000000E+0	1.644560E+2
1.423205E-2	3.963660E+3	0.000000E+0	1.646370E+2
1.422190E-2	3.963980E+3	0.000000E+0	1.648180E+2
1.420582E-2	3.963500E+3	0.000000E+0	1.649960E+2
1.419026E-2	3.962787E+3	0.000000E+0	1.651790E+2
1.415548E-2	3.961910E+3	0.000000E+0	1.656380E+2
1.412484E-2	3.961510E+3	0.000000E+0	1.659580E+2
1.411560E-2	3.961273E+3	0.000000E+0	1.661410E+2
1.409326E-2	3.961590E+3	0.000000E+0	1.663200E+2
1.408665E-2	3.961750E+3	0.000000E+0	1.664970E+2
1.406214E-2	3.961830E+3	0.000000E+0	1.666750E+2
1.405616E-2	3.962070E+3	0.000000E+0	1.668580E+2
1.403410E-2	3.962070E+3	0.000000E+0	1.670380E+2
1.399660E-2	3.960880E+3	0.000000E+0	1.674820E+2
1.399104E-2	3.960880E+3	0.000000E+0	1.676650E+2
1.396657E-2	3.961353E+3	0.000000E+0	1.678460E+2
1.395857E-2	3.961590E+3	0.000000E+0	1.680220E+2
1.394064E-2	3.961430E+3	0.000000E+0	1.682020E+2
1.392602E-2	3.961350E+3	0.000000E+0	1.683840E+2
1.392349E-2	3.961117E+3	0.000000E+0	1.685610E+2
1.392161E-2	3.960560E+3	0.000000E+0	1.687430E+2
1.392119E-2	3.960480E+3	0.000000E+0	1.689240E+2
1.392024E-2	3.961040E+3	0.000000E+0	1.691040E+2
1.391963E-2	3.961433E+3	0.000000E+0	1.692880E+2
1.391948E-2	3.961830E+3	0.000000E+0	1.694670E+2
1.391900E-2	3.961670E+3	0.000000E+0	1.696480E+2
1.391862E-2	3.961670E+3	0.000000E+0	1.698260E+2
1.391837E-2	3.962150E+3	0.000000E+0	1.700090E+2
1.391864E-2	3.962550E+3	0.000000E+0	1.701900E+2
1.391811E-2	3.962470E+3	0.000000E+0	1.703710E+2
1.391850E-2	3.961830E+3	0.000000E+0	1.705520E+2
1.391753E-2	3.960960E+3	0.000000E+0	1.707330E+2
1.391836E-2	3.960880E+3	0.000000E+0	1.709150E+2
1.391820E-2	3.961353E+3	0.000000E+0	1.710950E+2
1.391782E-2	3.961830E+3	0.000000E+0	1.712770E+2
1.391811E-2	3.961750E+3	0.000000E+0	1.714610E+2
1.391780E-2	3.961590E+3	0.000000E+0	1.716410E+2
1.391776E-2	3.961117E+3	0.000000E+0	1.718170E+2
1.391775E-2	3.961117E+3	0.000000E+0	1.719980E+2
1.391735E-2	3.961590E+3	0.000000E+0	1.721800E+2
1.391757E-2	3.961590E+3	0.000000E+0	1.723610E+2
1.391794E-2	3.961273E+3	0.000000E+0	1.725420E+2
1.391756E-2	3.960960E+3	0.000000E+0	1.727230E+2
1.391769E-2	3.961510E+3	0.000000E+0	1.729030E+2
1.391771E-2	3.961910E+3	0.000000E+0	1.730860E+2
1.391732E-2	3.962550E+3	0.000000E+0	1.732660E+2
1.391773E-2	3.963340E+3	0.000000E+0	1.734470E+2
1.391797E-2	3.963420E+3	0.000000E+0	1.736280E+2
1.391768E-2	3.963103E+3	0.000000E+0	1.738110E+2
1.391746E-2	3.962390E+3	0.000000E+0	1.739900E+2
1.391757E-2	3.961910E+3	0.000000E+0	1.741680E+2
1.391715E-2	3.961910E+3	0.000000E+0	1.743500E+2
1.391734E-2	3.962470E+3	0.000000E+0	1.745280E+2
1.391714E-2	3.963260E+3	0.000000E+0	1.747070E+2
1.391733E-2	3.963420E+3	0.000000E+0	1.748900E+2
1.391792E-2	3.963260E+3	0.000000E+0	1.750700E+2
1.391695E-2	3.962787E+3	0.000000E+0	1.752490E+2
1.391708E-2	3.961990E+3	0.000000E+0	1.754330E+2
1.391774E-2	3.961273E+3	0.000000E+0	1.756150E+2
1.391701E-2	3.961120E+3	0.000000E+0	1.757960E+2
1.391734E-2	3.961353E+3	0.000000E+0	1.759780E+2
1.391724E-2	3.961830E+3	0.000000E+0	1.761600E+2
1.391710E-2	3.962470E+3	0.000000E+0	1.763450E+2
1.391726E-2	3.963103E+3	0.000000E+0	1.765260E+2
1.391729E-2	3.963660E+3	0.000000E+0	1.767110E+2
1.391742E-2	3.963820E+3	0.000000E+0	1.768930E+2
1.391680E-2	3.963500E+3	0.000000E+0	1.770790E+2
1.391740E-2	3.963260E+3	0.000000E+0	1.772630E+2
1.391756E-2	3.963260E+3	0.000000E+0	1.774450E+2
1.391695E-2	3.963420E+3	0.000000E+0	1.776260E+2
1.391693E-2	3.963740E+3	0.000000E+0	1.778040E+2
1.391677E-2	3.964140E+3	0.000000E+0	1.779850E+2
1.391701E-2	3.964297E+3	0.000000E+0	1.781660E+2
1.391703E-2	3.964140E+3	0.000000E+0	1.783480E+2
1.391704E-2	3.963740E+3	0.000000E+0	1.785330E+2
1.391663E-2	3.963740E+3	0.000000E+0	1.787160E+2
1.391662E-2	3.963740E+3	0.000000E+0	1.789000E+2
1.391749E-2	3.963740E+3	0.000000E+0	1.790830E+2
1.391750E-2	3.963900E+3	0.000000E+0	1.794300E+2
1.391666E-2	3.964297E+3	0.000000E+0	1.796170E+2
1.391701E-2	3.964690E+3	0.000000E+0	1.797980E+2
1.391729E-2	3.965487E+3	0.000000E+0	1.799810E+2
1.391715E-2	3.966120E+3	0.000000E+0	1.801650E+2
1.391686E-2	3.966440E+3	0.000000E+0	1.803450E+2
1.391710E-2	3.966600E+3	0.000000E+0	1.805270E+2
1.391719E-2	3.966600E+3	0.000000E+0	1.807090E+2
1.391744E-2	3.966760E+3	0.000000E+0	1.808900E+2
1.391700E-2	3.966840E+3	0.000000E+0	1.810720E+2
1.391677E-2	3.966520E+3	0.000000E+0	1.812550E+2
1.391756E-2	3.966440E+3	0.000000E+0	1.814390E+2
1.391686E-2	3.966600E+3	0.000000E+0	1.816210E+2
1.391668E-2	3.966600E+3	0.000000E+0	1.818020E+2
1.391730E-2	3.966760E+3	0.000000E+0	1.819780E+2
1.391714E-2	3.966920E+3	0.000000E+0	1.821610E+2
1.391709E-2	3.967313E+3	0.000000E+0	1.823410E+2
1.391731E-2	3.967950E+3	0.000000E+0	1.825200E+2
1.391699E-2	3.967473E+3	0.000000E+0	1.827040E+2
1.391698E-2	3.966200E+3	0.000000E+0	1.828860E+2
1.391715E-2	3.965330E+3	0.000000E+0	1.830670E+2
1.391715E-2	3.965170E+3	0.000000E+0	1.832510E+2
1.391682E-2	3.965647E+3	0.000000E+0	1.834340E+2
1.391657E-2	3.966200E+3	0.000000E+0	1.836200E+2
1.391696E-2	3.965960E+3	0.000000E+0	1.838010E+2
1.391713E-2	3.966120E+3	0.000000E+0	1.839850E+2
1.391721E-2	3.966840E+3	0.000000E+0	1.841670E+2
1.391707E-2	3.967080E+3	0.000000E+0	1.843480E+2
1.391738E-2	3.967000E+3	0.000000E+0	1.845300E+2
1.391737E-2	3.966200E+3	0.000000E+0	1.847110E+2
1.391705E-2	3.965170E+3	0.000000E+0	1.848930E+2
1.391736E-2	3.964453E+3	0.000000E+0	1.850740E+2
1.391754E-2	3.963980E+3	0.000000E+0	1.852540E+2
1.391681E-2	3.963740E+3	0.000000E+0	1.854360E+2
1.391719E-2	3.963660E+3	0.000000E+0	1.856130E+2
1.391696E-2	3.963180E+3	0.000000E+0	1.857940E+2
