X channel: Keithley, channel #5; mode:  DCV; scale:  0.10; X converted, conversion factor:1.000000E+0
Y channel: Lock-in, mkV
II channel: B7-78, Ohm; scale:  10000.000000
X channel	Y channel	II channel	timestamp, sec
1.391409E-2	4.258900E+3	0.000000E+0	0.000000E+0
1.391491E-2	4.258900E+3	0.000000E+0	1.800000E-1
1.391473E-2	4.259457E+3	0.000000E+0	3.610000E-1
1.391507E-2	4.260970E+3	0.000000E+0	5.400000E-1
1.391451E-2	4.262000E+3	0.000000E+0	7.230000E-1
1.391468E-2	4.263270E+3	0.000000E+0	9.070000E-1
1.391482E-2	4.263910E+3	0.000000E+0	1.088000E+0
1.391458E-2	4.263910E+3	0.000000E+0	1.268000E+0
1.391429E-2	4.263910E+3	0.000000E+0	1.446000E+0
1.391472E-2	4.263910E+3	0.000000E+0	1.628000E+0
1.391423E-2	4.264150E+3	0.000000E+0	1.807000E+0
1.391480E-2	4.263990E+3	0.000000E+0	1.988000E+0
1.391426E-2	4.263750E+3	0.000000E+0	2.170000E+0
1.391486E-2	4.263670E+3	0.000000E+0	2.351000E+0
1.391491E-2	4.263270E+3	0.000000E+0	2.537000E+0
1.391477E-2	4.262717E+3	0.000000E+0	2.717000E+0
1.391475E-2	4.262560E+3	0.000000E+0	2.897000E+0
1.391489E-2	4.263270E+3	0.000000E+0	3.075000E+0
1.391495E-2	4.264147E+3	0.000000E+0	3.257000E+0
1.391467E-2	4.264380E+3	0.000000E+0	3.436000E+0
1.392653E-2	4.263590E+3	0.000000E+0	3.616000E+0
1.393267E-2	4.262557E+3	0.000000E+0	3.799000E+0
1.394309E-2	4.262240E+3	0.000000E+0	3.979000E+0
1.396059E-2	4.263033E+3	0.000000E+0	4.161000E+0
1.397241E-2	4.264147E+3	0.000000E+0	4.342000E+0
1.399076E-2	4.264380E+3	0.000000E+0	4.522000E+0
1.399805E-2	4.264380E+3	0.000000E+0	4.701000E+0
1.402054E-2	4.264540E+3	0.000000E+0	4.884000E+0
1.402376E-2	4.265100E+3	0.000000E+0	5.064000E+0
1.404763E-2	4.265500E+3	0.000000E+0	5.244000E+0
1.405416E-2	4.265820E+3	0.000000E+0	5.424000E+0
1.407392E-2	4.265580E+3	0.000000E+0	5.605000E+0
1.408407E-2	4.265340E+3	0.000000E+0	5.786000E+0
1.409887E-2	4.265580E+3	0.000000E+0	5.967000E+0
1.411391E-2	4.265973E+3	0.000000E+0	6.150000E+0
1.412421E-2	4.266210E+3	0.000000E+0	6.332000E+0
1.414462E-2	4.265973E+3	0.000000E+0	6.513000E+0
1.414916E-2	4.265660E+3	0.000000E+0	6.693000E+0
1.417229E-2	4.265973E+3	0.000000E+0	6.875000E+0
1.417814E-2	4.266130E+3	0.000000E+0	7.052000E+0
1.420202E-2	4.266690E+3	0.000000E+0	7.232000E+0
1.420874E-2	4.267170E+3	0.000000E+0	7.415000E+0
1.422805E-2	4.267560E+3	0.000000E+0	7.597000E+0
1.423931E-2	4.267403E+3	0.000000E+0	7.779000E+0
1.425256E-2	4.267327E+3	0.000000E+0	7.958000E+0
1.426960E-2	4.268200E+3	0.000000E+0	8.139000E+0
1.427839E-2	4.268910E+3	0.000000E+0	8.321000E+0
1.429998E-2	4.268600E+3	0.000000E+0	8.503000E+0
1.430528E-2	4.268440E+3	0.000000E+0	8.686000E+0
1.432960E-2	4.268280E+3	0.000000E+0	8.868000E+0
1.433400E-2	4.268120E+3	0.000000E+0	9.050000E+0
1.435668E-2	4.267720E+3	0.000000E+0	9.227000E+0
1.436490E-2	4.267720E+3	0.000000E+0	9.409000E+0
1.438178E-2	4.267800E+3	0.000000E+0	9.589000E+0
1.439509E-2	4.268120E+3	0.000000E+0	9.770000E+0
1.440899E-2	4.268280E+3	0.000000E+0	9.953000E+0
1.442621E-2	4.268993E+3	0.000000E+0	1.013300E+1
1.443551E-2	4.269870E+3	0.000000E+0	1.031700E+1
1.445681E-2	4.270500E+3	0.000000E+0	1.049600E+1
1.446155E-2	4.270580E+3	0.000000E+0	1.067900E+1
1.448535E-2	4.270187E+3	0.000000E+0	1.086100E+1
1.449117E-2	4.270263E+3	0.000000E+0	1.104200E+1
1.451302E-2	4.270267E+3	0.000000E+0	1.122200E+1
1.452185E-2	4.271140E+3	0.000000E+0	1.140600E+1
1.453947E-2	4.271933E+3	0.000000E+0	1.158900E+1
1.455261E-2	4.271933E+3	0.000000E+0	1.177500E+1
1.456462E-2	4.271540E+3	0.000000E+0	1.195600E+1
1.458244E-2	4.271540E+3	0.000000E+0	1.213600E+1
1.459096E-2	4.271777E+3	0.000000E+0	1.231800E+1
1.461312E-2	4.272330E+3	0.000000E+0	1.249900E+1
1.461922E-2	4.272490E+3	0.000000E+0	1.268200E+1
1.464324E-2	4.272890E+3	0.000000E+0	1.286300E+1
1.464811E-2	4.273523E+3	0.000000E+0	1.304600E+1
1.466979E-2	4.273920E+3	0.000000E+0	1.322900E+1
1.467888E-2	4.274637E+3	0.000000E+0	1.341200E+1
1.469698E-2	4.275110E+3	0.000000E+0	1.359300E+1
1.471046E-2	4.275430E+3	0.000000E+0	1.377500E+1
1.472336E-2	4.275990E+3	0.000000E+0	1.395600E+1
1.474097E-2	4.276070E+3	0.000000E+0	1.413600E+1
1.474827E-2	4.276070E+3	0.000000E+0	1.431700E+1
1.477032E-2	4.275830E+3	0.000000E+0	1.449700E+1
1.477568E-2	4.275430E+3	0.000000E+0	1.467800E+1
1.480047E-2	4.275270E+3	0.000000E+0	1.486100E+1
1.480577E-2	4.274870E+3	0.000000E+0	1.504400E+1
1.482761E-2	4.274950E+3	0.000000E+0	1.522100E+1
1.483679E-2	4.275590E+3	0.000000E+0	1.540100E+1
1.485199E-2	4.276307E+3	0.000000E+0	1.558100E+1
1.486752E-2	4.276307E+3	0.000000E+0	1.576400E+1
1.487937E-2	4.275270E+3	0.000000E+0	1.594700E+1
1.489939E-2	4.274477E+3	0.000000E+0	1.612700E+1
1.490620E-2	4.274477E+3	0.000000E+0	1.630900E+1
1.492898E-2	4.275110E+3	0.000000E+0	1.648600E+1
1.493337E-2	4.275990E+3	0.000000E+0	1.666600E+1
1.495677E-2	4.276780E+3	0.000000E+0	1.684500E+1
1.496436E-2	4.277260E+3	0.000000E+0	1.702900E+1
1.498399E-2	4.277660E+3	0.000000E+0	1.721100E+1
1.499475E-2	4.277740E+3	0.000000E+0	1.739200E+1
1.501003E-2	4.276940E+3	0.000000E+0	1.757000E+1
1.502626E-2	4.275830E+3	0.000000E+0	1.774700E+1
1.503429E-2	4.275270E+3	0.000000E+0	1.792900E+1
1.505548E-2	4.275430E+3	0.000000E+0	1.810800E+1
1.506174E-2	4.276070E+3	0.000000E+0	1.829000E+1
1.508585E-2	4.276620E+3	0.000000E+0	1.846800E+1
1.509114E-2	4.277180E+3	0.000000E+0	1.865500E+1
1.511154E-2	4.277973E+3	0.000000E+0	1.883900E+1
1.512206E-2	4.278210E+3	0.000000E+0	1.902200E+1
1.514012E-2	4.277973E+3	0.000000E+0	1.920200E+1
1.515318E-2	4.277660E+3	0.000000E+0	1.938400E+1
1.516764E-2	4.277340E+3	0.000000E+0	1.956500E+1
1.518439E-2	4.278133E+3	0.000000E+0	1.974800E+1
1.519599E-2	4.278690E+3	0.000000E+0	1.992800E+1
1.521557E-2	4.278610E+3	0.000000E+0	2.010800E+1
1.522145E-2	4.278290E+3	0.000000E+0	2.029100E+1
1.524527E-2	4.278450E+3	0.000000E+0	2.047100E+1
1.525016E-2	4.278690E+3	0.000000E+0	2.065300E+1
1.527432E-2	4.278450E+3	0.000000E+0	2.083400E+1
1.528193E-2	4.277500E+3	0.000000E+0	2.101600E+1
1.530137E-2	4.276307E+3	0.000000E+0	2.120000E+1
1.531322E-2	4.275830E+3	0.000000E+0	2.137900E+1
1.532509E-2	4.276070E+3	0.000000E+0	2.155900E+1
1.534340E-2	4.276070E+3	0.000000E+0	2.173800E+1
1.535197E-2	4.276070E+3	0.000000E+0	2.192200E+1
1.537446E-2	4.276387E+3	0.000000E+0	2.210100E+1
1.537861E-2	4.276540E+3	0.000000E+0	2.228200E+1
1.540188E-2	4.276307E+3	0.000000E+0	2.246600E+1
1.540921E-2	4.275590E+3	0.000000E+0	2.264900E+1
1.543322E-2	4.275430E+3	0.000000E+0	2.283200E+1
1.544069E-2	4.276070E+3	0.000000E+0	2.301600E+1
1.545818E-2	4.276540E+3	0.000000E+0	2.319600E+1
1.547170E-2	4.276463E+3	0.000000E+0	2.337600E+1
1.548557E-2	4.275910E+3	0.000000E+0	2.355800E+1
1.550312E-2	4.275830E+3	0.000000E+0	2.373900E+1
1.551263E-2	4.275830E+3	0.000000E+0	2.391700E+1
1.553348E-2	4.275750E+3	0.000000E+0	2.410100E+1
1.553853E-2	4.275030E+3	0.000000E+0	2.427800E+1
1.556351E-2	4.274240E+3	0.000000E+0	2.445700E+1
1.556920E-2	4.273680E+3	0.000000E+0	2.464000E+1
1.559117E-2	4.273680E+3	0.000000E+0	2.481900E+1
1.560050E-2	4.273443E+3	0.000000E+0	2.499800E+1
1.561444E-2	4.272970E+3	0.000000E+0	2.517600E+1
1.563081E-2	4.272810E+3	0.000000E+0	2.535900E+1
1.564067E-2	4.272650E+3	0.000000E+0	2.554000E+1
1.566241E-2	4.272090E+3	0.000000E+0	2.572000E+1
1.566679E-2	4.271540E+3	0.000000E+0	2.590200E+1
1.569046E-2	4.271540E+3	0.000000E+0	2.608300E+1
1.569761E-2	4.271540E+3	0.000000E+0	2.626500E+1
1.572223E-2	4.271460E+3	0.000000E+0	2.644500E+1
1.572853E-2	4.271140E+3	0.000000E+0	2.662700E+1
1.575003E-2	4.270820E+3	0.000000E+0	2.680900E+1
1.576066E-2	4.270580E+3	0.000000E+0	2.699100E+1
1.577488E-2	4.270263E+3	0.000000E+0	2.717000E+1
1.579122E-2	4.269550E+3	0.000000E+0	2.734900E+1
1.580154E-2	4.269230E+3	0.000000E+0	2.752600E+1
1.582201E-2	4.268833E+3	0.000000E+0	2.771100E+1
1.582809E-2	4.268440E+3	0.000000E+0	2.789200E+1
1.585192E-2	4.268520E+3	0.000000E+0	2.807300E+1
1.585707E-2	4.268757E+3	0.000000E+0	2.825500E+1
1.588113E-2	4.268833E+3	0.000000E+0	2.843600E+1
1.588832E-2	4.267800E+3	0.000000E+0	2.861900E+1
1.590497E-2	4.266770E+3	0.000000E+0	2.880300E+1
1.591901E-2	4.266690E+3	0.000000E+0	2.898900E+1
1.593546E-2	4.267090E+3	0.000000E+0	2.917200E+1
1.595135E-2	4.267010E+3	0.000000E+0	2.935100E+1
1.596262E-2	4.266133E+3	0.000000E+0	2.953300E+1
1.598271E-2	4.265500E+3	0.000000E+0	2.971600E+1
1.598918E-2	4.265100E+3	0.000000E+0	2.989600E+1
1.601271E-2	4.264620E+3	0.000000E+0	3.007900E+1
1.601769E-2	4.264303E+3	0.000000E+0	3.026000E+1
1.604180E-2	4.263910E+3	0.000000E+0	3.043600E+1
1.604920E-2	4.263190E+3	0.000000E+0	3.062200E+1
1.606750E-2	4.262797E+3	0.000000E+0	3.080400E+1
1.608024E-2	4.262720E+3	0.000000E+0	3.098300E+1
1.609358E-2	4.262640E+3	0.000000E+0	3.116200E+1
1.611140E-2	4.261603E+3	0.000000E+0	3.134300E+1
1.612031E-2	4.260090E+3	0.000000E+0	3.152500E+1
1.614252E-2	4.259460E+3	0.000000E+0	3.170600E+1
1.614857E-2	4.258980E+3	0.000000E+0	3.188800E+1
1.617287E-2	4.258187E+3	0.000000E+0	3.206800E+1
1.617789E-2	4.256757E+3	0.000000E+0	3.224800E+1
1.619836E-2	4.255800E+3	0.000000E+0	3.243700E+1
1.620921E-2	4.255323E+3	0.000000E+0	3.261900E+1
1.622782E-2	4.254850E+3	0.000000E+0	3.280100E+1
1.624044E-2	4.254770E+3	0.000000E+0	3.298200E+1
1.625389E-2	4.254450E+3	0.000000E+0	3.316400E+1
1.627210E-2	4.253893E+3	0.000000E+0	3.334500E+1
1.628042E-2	4.253180E+3	0.000000E+0	3.352700E+1
1.630264E-2	4.252227E+3	0.000000E+0	3.370800E+1
1.630833E-2	4.250713E+3	0.000000E+0	3.389100E+1
1.633246E-2	4.249680E+3	0.000000E+0	3.407000E+1
1.633787E-2	4.248490E+3	0.000000E+0	3.425100E+1
1.636034E-2	4.247777E+3	0.000000E+0	3.443400E+1
1.636952E-2	4.247140E+3	0.000000E+0	3.461400E+1
1.638628E-2	4.245947E+3	0.000000E+0	3.479300E+1
1.640077E-2	4.244357E+3	0.000000E+0	3.497700E+1
1.641251E-2	4.242053E+3	0.000000E+0	3.515600E+1
1.643206E-2	4.240463E+3	0.000000E+0	3.533900E+1
1.644045E-2	4.238637E+3	0.000000E+0	3.552000E+1
1.646248E-2	4.237920E+3	0.000000E+0	3.570300E+1
1.646879E-2	4.237600E+3	0.000000E+0	3.588300E+1
1.649311E-2	4.236093E+3	0.000000E+0	3.606600E+1
1.649850E-2	4.234187E+3	0.000000E+0	3.624800E+1
1.652033E-2	4.232517E+3	0.000000E+0	3.643200E+1
1.653027E-2	4.230527E+3	0.000000E+0	3.660900E+1
1.654627E-2	4.228860E+3	0.000000E+0	3.678900E+1
1.656171E-2	4.227270E+3	0.000000E+0	3.696800E+1
1.657291E-2	4.225683E+3	0.000000E+0	3.714800E+1
1.659222E-2	4.223613E+3	0.000000E+0	3.732400E+1
1.659886E-2	4.220753E+3	0.000000E+0	3.750300E+1
1.662183E-2	4.218290E+3	0.000000E+0	3.768300E+1
1.662720E-2	4.215747E+3	0.000000E+0	3.786200E+1
1.665144E-2	4.214000E+3	0.000000E+0	3.804500E+1
1.665814E-2	4.211693E+3	0.000000E+0	3.822600E+1
1.667899E-2	4.209550E+3	0.000000E+0	3.841000E+1
1.668989E-2	4.207563E+3	0.000000E+0	3.859200E+1
1.670372E-2	4.205337E+3	0.000000E+0	3.877200E+1
1.672128E-2	4.202873E+3	0.000000E+0	3.895200E+1
1.673107E-2	4.199613E+3	0.000000E+0	3.913500E+1
1.675287E-2	4.196673E+3	0.000000E+0	3.931500E+1
1.675871E-2	4.193257E+3	0.000000E+0	3.949400E+1
1.678261E-2	4.190237E+3	0.000000E+0	3.967800E+1
1.678811E-2	4.186740E+3	0.000000E+0	3.985800E+1
1.680974E-2	4.183163E+3	0.000000E+0	4.003700E+1
1.681914E-2	4.178790E+3	0.000000E+0	4.022000E+1
1.683804E-2	4.174420E+3	0.000000E+0	4.040300E+1
1.685077E-2	4.170530E+3	0.000000E+0	4.058400E+1
1.686357E-2	4.166630E+3	0.000000E+0	4.076400E+1
1.688179E-2	4.162820E+3	0.000000E+0	4.094600E+1
1.689021E-2	4.157570E+3	0.000000E+0	4.112900E+1
1.691282E-2	4.152803E+3	0.000000E+0	4.130900E+1
1.691834E-2	4.147560E+3	0.000000E+0	4.148600E+1
1.694232E-2	4.143030E+3	0.000000E+0	4.166800E+1
1.694836E-2	4.136987E+3	0.000000E+0	4.184700E+1
1.696685E-2	4.130710E+3	0.000000E+0	4.202700E+1
1.697957E-2	4.124593E+3	0.000000E+0	4.221100E+1
1.699904E-2	4.117837E+3	0.000000E+0	4.239400E+1
1.701159E-2	4.109650E+3	0.000000E+0	4.257500E+1
1.702517E-2	4.101623E+3	0.000000E+0	4.275600E+1
1.704290E-2	4.095027E+3	0.000000E+0	4.293800E+1
1.705138E-2	4.087320E+3	0.000000E+0	4.311600E+1
1.707371E-2	4.079450E+3	0.000000E+0	4.329800E+1
1.710671E-2	4.057753E+3	0.000000E+0	4.374700E+1
1.711711E-2	4.046787E+3	0.000000E+0	4.392900E+1
1.713792E-2	4.037093E+3	0.000000E+0	4.411100E+1
1.714508E-2	4.025727E+3	0.000000E+0	4.429400E+1
1.716827E-2	4.014680E+3	0.000000E+0	4.447500E+1
1.717350E-2	4.002600E+3	0.000000E+0	4.466100E+1
1.719582E-2	3.991713E+3	0.000000E+0	4.484200E+1
1.720457E-2	3.979240E+3	0.000000E+0	4.502600E+1
1.722513E-2	3.965803E+3	0.000000E+0	4.520500E+1
1.723679E-2	3.951580E+3	0.000000E+0	4.538800E+1
1.725163E-2	3.937513E+3	0.000000E+0	4.556800E+1
1.726820E-2	3.924080E+3	0.000000E+0	4.574900E+1
1.727771E-2	3.909773E+3	0.000000E+0	4.592700E+1
1.729885E-2	3.896890E+3	0.000000E+0	4.610700E+1
1.730557E-2	3.882340E+3	0.000000E+0	4.628900E+1
1.732914E-2	3.868433E+3	0.000000E+0	4.647200E+1
1.733464E-2	3.853097E+3	0.000000E+0	4.665300E+1
1.735765E-2	3.838950E+3	0.000000E+0	4.683300E+1
1.736615E-2	3.824963E+3	0.000000E+0	4.701800E+1
1.738541E-2	3.811453E+3	0.000000E+0	4.720000E+1
1.739718E-2	3.798740E+3	0.000000E+0	4.738300E+1
1.741104E-2	3.785943E+3	0.000000E+0	4.756400E+1
1.742871E-2	3.774420E+3	0.000000E+0	4.774400E+1
1.743952E-2	3.762977E+3	0.000000E+0	4.793100E+1
1.745974E-2	3.754070E+3	0.000000E+0	4.811100E+1
1.746457E-2	3.745330E+3	0.000000E+0	4.829400E+1
1.748887E-2	3.738420E+3	0.000000E+0	4.848100E+1
1.749558E-2	3.733570E+3	0.000000E+0	4.866200E+1
1.751915E-2	3.730553E+3	0.000000E+0	4.884500E+1
1.752625E-2	3.729200E+3	0.000000E+0	4.902400E+1
1.754649E-2	3.729440E+3	0.000000E+0	4.920800E+1
1.755820E-2	3.730710E+3	0.000000E+0	4.939000E+1
1.757238E-2	3.734127E+3	0.000000E+0	4.957100E+1
1.758983E-2	3.738897E+3	0.000000E+0	4.975100E+1
1.759966E-2	3.745730E+3	0.000000E+0	4.993100E+1
1.762065E-2	3.753440E+3	0.000000E+0	5.011200E+1
1.762681E-2	3.764723E+3	0.000000E+0	5.029200E+1
1.765024E-2	3.775533E+3	0.000000E+0	5.047400E+1
1.765644E-2	3.787293E+3	0.000000E+0	5.065900E+1
1.767999E-2	3.798737E+3	0.000000E+0	5.084000E+1
1.768841E-2	3.812647E+3	0.000000E+0	5.102000E+1
1.770600E-2	3.826950E+3	0.000000E+0	5.120300E+1
1.771949E-2	3.841573E+3	0.000000E+0	5.138300E+1
1.773412E-2	3.856360E+3	0.000000E+0	5.156600E+1
1.775081E-2	3.870503E+3	0.000000E+0	5.175000E+1
1.775840E-2	3.885680E+3	0.000000E+0	5.193200E+1
1.778108E-2	3.898713E+3	0.000000E+0	5.211300E+1
1.778790E-2	3.913513E+3	0.000000E+0	5.229600E+1
1.781187E-2	3.927420E+3	0.000000E+0	5.247600E+1
1.781749E-2	3.942757E+3	0.000000E+0	5.265600E+1
1.784018E-2	3.956030E+3	0.000000E+0	5.283700E+1
1.784822E-2	3.969540E+3	0.000000E+0	5.301700E+1
1.786545E-2	3.982973E+3	0.000000E+0	5.319700E+1
1.787977E-2	3.995770E+3	0.000000E+0	5.337800E+1
1.789259E-2	4.008643E+3	0.000000E+0	5.355800E+1
1.791065E-2	4.019927E+3	0.000000E+0	5.374100E+1
1.792131E-2	4.031847E+3	0.000000E+0	5.392100E+1
1.794180E-2	4.042577E+3	0.000000E+0	5.410300E+1
1.794703E-2	4.053940E+3	0.000000E+0	5.428400E+1
1.797135E-2	4.063480E+3	0.000000E+0	5.446400E+1
1.797786E-2	4.073650E+3	0.000000E+0	5.464700E+1
1.799887E-2	4.084060E+3	0.000000E+0	5.483000E+1
1.800897E-2	4.093917E+3	0.000000E+0	5.501400E+1
1.802632E-2	4.102737E+3	0.000000E+0	5.519600E+1
1.804064E-2	4.110130E+3	0.000000E+0	5.537400E+1
1.804949E-2	4.118313E+3	0.000000E+0	5.555600E+1
1.807072E-2	4.125703E+3	0.000000E+0	5.573600E+1
1.807851E-2	4.132617E+3	0.000000E+0	5.591600E+1
1.810260E-2	4.138340E+3	0.000000E+0	5.609800E+1
1.810808E-2	4.145177E+3	0.000000E+0	5.628200E+1
1.813164E-2	4.151137E+3	0.000000E+0	5.646300E+1
1.813877E-2	4.157493E+3	0.000000E+0	5.664400E+1
1.815844E-2	4.164090E+3	0.000000E+0	5.682700E+1
1.817239E-2	4.169730E+3	0.000000E+0	5.700800E+1
1.818054E-2	4.175373E+3	0.000000E+0	5.718500E+1
1.820071E-2	4.179980E+3	0.000000E+0	5.736800E+1
1.821245E-2	4.184433E+3	0.000000E+0	5.754800E+1
1.822600E-2	4.188963E+3	0.000000E+0	5.773000E+1
1.823805E-2	4.192940E+3	0.000000E+0	5.791300E+1
1.824714E-2	4.196277E+3	0.000000E+0	5.809500E+1
1.825545E-2	4.198897E+3	0.000000E+0	5.827800E+1
1.826202E-2	4.201283E+3	0.000000E+0	5.845900E+1
1.826685E-2	4.203587E+3	0.000000E+0	5.864000E+1
1.828137E-2	4.205653E+3	0.000000E+0	5.882100E+1
1.833244E-2	4.208517E+3	0.000000E+0	5.900100E+1
1.834942E-2	4.214557E+3	0.000000E+0	5.918200E+1
1.836547E-2	4.220280E+3	0.000000E+0	5.936600E+1
1.838158E-2	4.224010E+3	0.000000E+0	5.954900E+1
1.839219E-2	4.227590E+3	0.000000E+0	5.972700E+1
1.841307E-2	4.230530E+3	0.000000E+0	5.991000E+1
1.842041E-2	4.233470E+3	0.000000E+0	6.009200E+1
1.844374E-2	4.236093E+3	0.000000E+0	6.027300E+1
1.844926E-2	4.238317E+3	0.000000E+0	6.045600E+1
1.847316E-2	4.240703E+3	0.000000E+0	6.063600E+1
1.848038E-2	4.243403E+3	0.000000E+0	6.082000E+1
1.850076E-2	4.245787E+3	0.000000E+0	6.100000E+1
1.851228E-2	4.247220E+3	0.000000E+0	6.118300E+1
1.852347E-2	4.248410E+3	0.000000E+0	6.136200E+1
1.854315E-2	4.249763E+3	0.000000E+0	6.154200E+1
1.855333E-2	4.252307E+3	0.000000E+0	6.172200E+1
1.857450E-2	4.255007E+3	0.000000E+0	6.190500E+1
1.858140E-2	4.256757E+3	0.000000E+0	6.208500E+1
1.860448E-2	4.257790E+3	0.000000E+0	6.226600E+1
1.861046E-2	4.258740E+3	0.000000E+0	6.244800E+1
1.863189E-2	4.259457E+3	0.000000E+0	6.262800E+1
1.864278E-2	4.261207E+3	0.000000E+0	6.281100E+1
1.865667E-2	4.263590E+3	0.000000E+0	6.299300E+1
1.866990E-2	4.265497E+3	0.000000E+0	6.317400E+1
1.868470E-2	4.266610E+3	0.000000E+0	6.335400E+1
1.870056E-2	4.268040E+3	0.000000E+0	6.353700E+1
1.871368E-2	4.270027E+3	0.000000E+0	6.371700E+1
1.872874E-2	4.271060E+3	0.000000E+0	6.389700E+1
1.874258E-2	4.271933E+3	0.000000E+0	6.408000E+1
1.875781E-2	4.272410E+3	0.000000E+0	6.426200E+1
1.877247E-2	4.272570E+3	0.000000E+0	6.444200E+1
1.878779E-2	4.273523E+3	0.000000E+0	6.462300E+1
1.880240E-2	4.275350E+3	0.000000E+0	6.480500E+1
1.881468E-2	4.276940E+3	0.000000E+0	6.498600E+1
1.883038E-2	4.278133E+3	0.000000E+0	6.516700E+1
1.884411E-2	4.279403E+3	0.000000E+0	6.534500E+1
1.885934E-2	4.280600E+3	0.000000E+0	6.552600E+1
1.887317E-2	4.281390E+3	0.000000E+0	6.570800E+1
1.888792E-2	4.282743E+3	0.000000E+0	6.588700E+1
1.891531E-2	4.285010E+3	0.000000E+0	6.617600E+1
1.892481E-2	4.285523E+3	0.000000E+0	6.635400E+1
1.893744E-2	4.285840E+3	0.000000E+0	6.652300E+1
1.895251E-2	4.286400E+3	0.000000E+0	6.668900E+1
1.896649E-2	4.287270E+3	0.000000E+0	6.686900E+1
1.898143E-2	4.287750E+3	0.000000E+0	6.705000E+1
1.899547E-2	4.288150E+3	0.000000E+0	6.723000E+1
1.901016E-2	4.288230E+3	0.000000E+0	6.741200E+1
1.902541E-2	4.288780E+3	0.000000E+0	6.759300E+1
1.903892E-2	4.289817E+3	0.000000E+0	6.777500E+1
1.905404E-2	4.290930E+3	0.000000E+0	6.795700E+1
1.906835E-2	4.291800E+3	0.000000E+0	6.813800E+1
1.908260E-2	4.292757E+3	0.000000E+0	6.831800E+1
1.909587E-2	4.293470E+3	0.000000E+0	6.850100E+1
1.911136E-2	4.293950E+3	0.000000E+0	6.868100E+1
1.912637E-2	4.294820E+3	0.000000E+0	6.886400E+1
1.914152E-2	4.295060E+3	0.000000E+0	6.904400E+1
1.915652E-2	4.294900E+3	0.000000E+0	6.922800E+1
1.917053E-2	4.294660E+3	0.000000E+0	6.940900E+1
1.918453E-2	4.294820E+3	0.000000E+0	6.959100E+1
1.919941E-2	4.295460E+3	0.000000E+0	6.977000E+1
1.921420E-2	4.296490E+3	0.000000E+0	6.995200E+1
1.922862E-2	4.296570E+3	0.000000E+0	7.013400E+1
1.924194E-2	4.296490E+3	0.000000E+0	7.031500E+1
1.925692E-2	4.296093E+3	0.000000E+0	7.049800E+1
1.927242E-2	4.295860E+3	0.000000E+0	7.068200E+1
1.928667E-2	4.295860E+3	0.000000E+0	7.086400E+1
1.930118E-2	4.295460E+3	0.000000E+0	7.104600E+1
1.931637E-2	4.294267E+3	0.000000E+0	7.122800E+1
1.933002E-2	4.291407E+3	0.000000E+0	7.141200E+1
1.934491E-2	4.289580E+3	0.000000E+0	7.159300E+1
1.936035E-2	4.290770E+3	0.000000E+0	7.177600E+1
1.937433E-2	4.293630E+3	0.000000E+0	7.195900E+1
1.938675E-2	4.296650E+3	0.000000E+0	7.214000E+1
1.940178E-2	4.298957E+3	0.000000E+0	7.232000E+1
1.941862E-2	4.300943E+3	0.000000E+0	7.250300E+1
1.943186E-2	4.302610E+3	0.000000E+0	7.268700E+1
1.944734E-2	4.304040E+3	0.000000E+0	7.286600E+1
1.946125E-2	4.304840E+3	0.000000E+0	7.304600E+1
1.947611E-2	4.304920E+3	0.000000E+0	7.322900E+1
1.948960E-2	4.305153E+3	0.000000E+0	7.341300E+1
1.950369E-2	4.305790E+3	0.000000E+0	7.359600E+1
1.951581E-2	4.306743E+3	0.000000E+0	7.378000E+1
1.952642E-2	4.307540E+3	0.000000E+0	7.396300E+1
1.954634E-2	4.308020E+3	0.000000E+0	7.414300E+1
1.955542E-2	4.308330E+3	0.000000E+0	7.432600E+1
1.957704E-2	4.308490E+3	0.000000E+0	7.450500E+1
1.958344E-2	4.308173E+3	0.000000E+0	7.468700E+1
1.960703E-2	4.308253E+3	0.000000E+0	7.486900E+1
1.961232E-2	4.308570E+3	0.000000E+0	7.505200E+1
1.963577E-2	4.308097E+3	0.000000E+0	7.523500E+1
1.964430E-2	4.308020E+3	0.000000E+0	7.541600E+1
1.966173E-2	4.308333E+3	0.000000E+0	7.559800E+1
1.967508E-2	4.309763E+3	0.000000E+0	7.577900E+1
1.969050E-2	4.310560E+3	0.000000E+0	7.596300E+1
1.970643E-2	4.310720E+3	0.000000E+0	7.614900E+1
1.971595E-2	4.310720E+3	0.000000E+0	7.633000E+1
1.973638E-2	4.310720E+3	0.000000E+0	7.651300E+1
1.974339E-2	4.311113E+3	0.000000E+0	7.669300E+1
1.976660E-2	4.312070E+3	0.000000E+0	7.687600E+1
1.977244E-2	4.312627E+3	0.000000E+0	7.705600E+1
1.979613E-2	4.312940E+3	0.000000E+0	7.723900E+1
1.980411E-2	4.313740E+3	0.000000E+0	7.741900E+1
1.981926E-2	4.314450E+3	0.000000E+0	7.760100E+1
1.983465E-2	4.315090E+3	0.000000E+0	7.778200E+1
1.984853E-2	4.315803E+3	0.000000E+0	7.796200E+1
1.986614E-2	4.316680E+3	0.000000E+0	7.814400E+1
1.987491E-2	4.316760E+3	0.000000E+0	7.832300E+1
1.989723E-2	4.316360E+3	0.000000E+0	7.850700E+1
1.990357E-2	4.316760E+3	0.000000E+0	7.868600E+1
1.992678E-2	4.317313E+3	0.000000E+0	7.886400E+1
1.993188E-2	4.317950E+3	0.000000E+0	7.904700E+1
1.995341E-2	4.318743E+3	0.000000E+0	7.922700E+1
1.996355E-2	4.319220E+3	0.000000E+0	7.940600E+1
1.998140E-2	4.319620E+3	0.000000E+0	7.958900E+1
1.999444E-2	4.319940E+3	0.000000E+0	7.977300E+1
2.000772E-2	4.319620E+3	0.000000E+0	7.995600E+1
2.002514E-2	4.319460E+3	0.000000E+0	8.013700E+1
2.003288E-2	4.319700E+3	0.000000E+0	8.031900E+1
2.005536E-2	4.320650E+3	0.000000E+0	8.049800E+1
2.006156E-2	4.321370E+3	0.000000E+0	8.067900E+1
2.008472E-2	4.320890E+3	0.000000E+0	8.086100E+1
2.009134E-2	4.320810E+3	0.000000E+0	8.104400E+1
2.010854E-2	4.321763E+3	0.000000E+0	8.122600E+1
2.012195E-2	4.322880E+3	0.000000E+0	8.140900E+1
2.014027E-2	4.323117E+3	0.000000E+0	8.158900E+1
2.015366E-2	4.322640E+3	0.000000E+0	8.177300E+1
2.016732E-2	4.322080E+3	0.000000E+0	8.195600E+1
2.018456E-2	4.322480E+3	0.000000E+0	8.213700E+1
2.019312E-2	4.322960E+3	0.000000E+0	8.231800E+1
2.021516E-2	4.322880E+3	0.000000E+0	8.249900E+1
2.022157E-2	4.322960E+3	0.000000E+0	8.268300E+1
2.024515E-2	4.323830E+3	0.000000E+0	8.286600E+1
2.025064E-2	4.324700E+3	0.000000E+0	8.304900E+1
2.027310E-2	4.324623E+3	0.000000E+0	8.322800E+1
2.028154E-2	4.324700E+3	0.000000E+0	8.340800E+1
2.029717E-2	4.325180E+3	0.000000E+0	8.358900E+1
2.031222E-2	4.325660E+3	0.000000E+0	8.376900E+1
2.032254E-2	4.325260E+3	0.000000E+0	8.395200E+1
2.034212E-2	4.324700E+3	0.000000E+0	8.413200E+1
2.035125E-2	4.324700E+3	0.000000E+0	8.431200E+1
2.037362E-2	4.324700E+3	0.000000E+0	8.449500E+1
2.037979E-2	4.324700E+3	0.000000E+0	8.467500E+1
2.040341E-2	4.324780E+3	0.000000E+0	8.485800E+1
2.040913E-2	4.325260E+3	0.000000E+0	8.503800E+1
2.043144E-2	4.325740E+3	0.000000E+0	8.522400E+1
2.044028E-2	4.326057E+3	0.000000E+0	8.540500E+1
2.045767E-2	4.326690E+3	0.000000E+0	8.558800E+1
2.047068E-2	4.327330E+3	0.000000E+0	8.576800E+1
2.048395E-2	4.327723E+3	0.000000E+0	8.595100E+1
2.050197E-2	4.327723E+3	0.000000E+0	8.613100E+1
2.051026E-2	4.327010E+3	0.000000E+0	8.631300E+1
2.053131E-2	4.327250E+3	0.000000E+0	8.649000E+1
2.053720E-2	4.328280E+3	0.000000E+0	8.667200E+1
2.056042E-2	4.329233E+3	0.000000E+0	8.684900E+1
2.056766E-2	4.330030E+3	0.000000E+0	8.702500E+1
2.058734E-2	4.330430E+3	0.000000E+0	8.720500E+1
2.059839E-2	4.330270E+3	0.000000E+0	8.738400E+1
2.061414E-2	4.329950E+3	0.000000E+0	8.756800E+1
2.062985E-2	4.329470E+3	0.000000E+0	8.775200E+1
2.063949E-2	4.328837E+3	0.000000E+0	8.793600E+1
2.066001E-2	4.328120E+3	0.000000E+0	8.811500E+1
2.066780E-2	4.328837E+3	0.000000E+0	8.829900E+1
2.069039E-2	4.329710E+3	0.000000E+0	8.847900E+1
2.069575E-2	4.330030E+3	0.000000E+0	8.866100E+1
2.071908E-2	4.329470E+3	0.000000E+0	8.884100E+1
2.072603E-2	4.328840E+3	0.000000E+0	8.902300E+1
2.074526E-2	4.329153E+3	0.000000E+0	8.920400E+1
2.075725E-2	4.329550E+3	0.000000E+0	8.938600E+1
2.077254E-2	4.330110E+3	0.000000E+0	8.957100E+1
2.078836E-2	4.330820E+3	0.000000E+0	8.975300E+1
2.079912E-2	4.330900E+3	0.000000E+0	8.993300E+1
2.081895E-2	4.331060E+3	0.000000E+0	9.011500E+1
2.082568E-2	4.330820E+3	0.000000E+0	9.029700E+1
2.084827E-2	4.330430E+3	0.000000E+0	9.047800E+1
2.085447E-2	4.330583E+3	0.000000E+0	9.066400E+1
2.087782E-2	4.330820E+3	0.000000E+0	9.084400E+1
2.088477E-2	4.331140E+3	0.000000E+0	9.102600E+1
2.090124E-2	4.331937E+3	0.000000E+0	9.120700E+1
2.091496E-2	4.332490E+3	0.000000E+0	9.138600E+1
2.093040E-2	4.331940E+3	0.000000E+0	9.156700E+1
2.094637E-2	4.331220E+3	0.000000E+0	9.174900E+1
2.095635E-2	4.330900E+3	0.000000E+0	9.192800E+1
2.097681E-2	4.330427E+3	0.000000E+0	9.210900E+1
2.098343E-2	4.330270E+3	0.000000E+0	9.229100E+1
2.100628E-2	4.331220E+3	0.000000E+0	9.247200E+1
2.101232E-2	4.332253E+3	0.000000E+0	9.265500E+1
2.103501E-2	4.332810E+3	0.000000E+0	9.283500E+1
2.104287E-2	4.333290E+3	0.000000E+0	9.301500E+1
2.106083E-2	4.333683E+3	0.000000E+0	9.319900E+1
2.107351E-2	4.333683E+3	0.000000E+0	9.338200E+1
2.108678E-2	4.333130E+3	0.000000E+0	9.356500E+1
2.110399E-2	4.332490E+3	0.000000E+0	9.374100E+1
2.111245E-2	4.332490E+3	0.000000E+0	9.392300E+1
2.113420E-2	4.333050E+3	0.000000E+0	9.410000E+1
2.114062E-2	4.333210E+3	0.000000E+0	9.427900E+1
2.116326E-2	4.333050E+3	0.000000E+0	9.445800E+1
2.116917E-2	4.333050E+3	0.000000E+0	9.463800E+1
2.118755E-2	4.333130E+3	0.000000E+0	9.482100E+1
2.119946E-2	4.333370E+3	0.000000E+0	9.500200E+1
2.121550E-2	4.333843E+3	0.000000E+0	9.518500E+1
2.123056E-2	4.334480E+3	0.000000E+0	9.536500E+1
2.124239E-2	4.335270E+3	0.000000E+0	9.554500E+1
2.126088E-2	4.335270E+3	0.000000E+0	9.572600E+1
2.126805E-2	4.335190E+3	0.000000E+0	9.590600E+1
2.129099E-2	4.335350E+3	0.000000E+0	9.608600E+1
2.129620E-2	4.335990E+3	0.000000E+0	9.626700E+1
2.129816E-2	4.336070E+3	0.000000E+0	9.645000E+1
2.129957E-2	4.335910E+3	0.000000E+0	9.663200E+1
2.130009E-2	4.335430E+3	0.000000E+0	9.681000E+1
2.130087E-2	4.335113E+3	0.000000E+0	9.699300E+1
2.130117E-2	4.335190E+3	0.000000E+0	9.717300E+1
2.130165E-2	4.335590E+3	0.000000E+0	9.735600E+1
2.129932E-2	4.335590E+3	0.000000E+0	9.753600E+1
2.129215E-2	4.335510E+3	0.000000E+0	9.772000E+1
2.128773E-2	4.335750E+3	0.000000E+0	9.790300E+1
2.126826E-2	4.335190E+3	0.000000E+0	9.808600E+1
2.126520E-2	4.335430E+3	0.000000E+0	9.826600E+1
2.124533E-2	4.336230E+3	0.000000E+0	9.844700E+1
2.123798E-2	4.336707E+3	0.000000E+0	9.862900E+1
2.121937E-2	4.336783E+3	0.000000E+0	9.881100E+1
2.121014E-2	4.336940E+3	0.000000E+0	9.899400E+1
2.120099E-2	4.337500E+3	0.000000E+0	9.917500E+1
2.118306E-2	4.338057E+3	0.000000E+0	9.935700E+1
2.117051E-2	4.338213E+3	0.000000E+0	9.953900E+1
2.114993E-2	4.338137E+3	0.000000E+0	9.972100E+1
2.113588E-2	4.338690E+3	0.000000E+0	9.989800E+1
2.112244E-2	4.339250E+3	0.000000E+0	1.000790E+2
2.110933E-2	4.339800E+3	0.000000E+0	1.002580E+2
2.109466E-2	4.340200E+3	0.000000E+0	1.004400E+2
2.108108E-2	4.340200E+3	0.000000E+0	1.006260E+2
2.106762E-2	4.339720E+3	0.000000E+0	1.008090E+2
2.105438E-2	4.339330E+3	0.000000E+0	1.009930E+2
2.104065E-2	4.338610E+3	0.000000E+0	1.011760E+2
2.102788E-2	4.337980E+3	0.000000E+0	1.013560E+2
2.101390E-2	4.337820E+3	0.000000E+0	1.015380E+2
2.100052E-2	4.338293E+3	0.000000E+0	1.017150E+2
2.098883E-2	4.338850E+3	0.000000E+0	1.018950E+2
2.097495E-2	4.339010E+3	0.000000E+0	1.020770E+2
2.096081E-2	4.338530E+3	0.000000E+0	1.022600E+2
2.094718E-2	4.338290E+3	0.000000E+0	1.024370E+2
2.093387E-2	4.338850E+3	0.000000E+0	1.026170E+2
2.091969E-2	4.339723E+3	0.000000E+0	1.027990E+2
2.090152E-2	4.340440E+3	0.000000E+0	1.029770E+2
2.088365E-2	4.340840E+3	0.000000E+0	1.031580E+2
2.087538E-2	4.340760E+3	0.000000E+0	1.033350E+2
2.085513E-2	4.340520E+3	0.000000E+0	1.035150E+2
2.085082E-2	4.340280E+3	0.000000E+0	1.036970E+2
2.082890E-2	4.339720E+3	0.000000E+0	1.038780E+2
2.082189E-2	4.339643E+3	0.000000E+0	1.040640E+2
2.080070E-2	4.339410E+3	0.000000E+0	1.042410E+2
2.079219E-2	4.339010E+3	0.000000E+0	1.044220E+2
2.077626E-2	4.338850E+3	0.000000E+0	1.046070E+2
2.076258E-2	4.339010E+3	0.000000E+0	1.047880E+2
2.074958E-2	4.338453E+3	0.000000E+0	1.049690E+2
2.073296E-2	4.338293E+3	0.000000E+0	1.051510E+2
2.072451E-2	4.339327E+3	0.000000E+0	1.053300E+2
2.070480E-2	4.339880E+3	0.000000E+0	1.055100E+2
2.069923E-2	4.339327E+3	0.000000E+0	1.056900E+2
2.067675E-2	4.338530E+3	0.000000E+0	1.058710E+2
2.067161E-2	4.338060E+3	0.000000E+0	1.060520E+2
2.064912E-2	4.338450E+3	0.000000E+0	1.062360E+2
2.064151E-2	4.338530E+3	0.000000E+0	1.064190E+2
2.062790E-2	4.338137E+3	0.000000E+0	1.066000E+2
2.061289E-2	4.337660E+3	0.000000E+0	1.067790E+2
2.060170E-2	4.336467E+3	0.000000E+0	1.069610E+2
2.058327E-2	4.335670E+3	0.000000E+0	1.071460E+2
2.057855E-2	4.335270E+3	0.000000E+0	1.073260E+2
2.055589E-2	4.335430E+3	0.000000E+0	1.075030E+2
2.054860E-2	4.336150E+3	0.000000E+0	1.076830E+2
2.052618E-2	4.337023E+3	0.000000E+0	1.078660E+2
2.052053E-2	4.337820E+3	0.000000E+0	1.080490E+2
2.049899E-2	4.337740E+3	0.000000E+0	1.082310E+2
2.049068E-2	4.337100E+3	0.000000E+0	1.084130E+2
2.047503E-2	4.336860E+3	0.000000E+0	1.085920E+2
2.046124E-2	4.337020E+3	0.000000E+0	1.087740E+2
2.044951E-2	4.337100E+3	0.000000E+0	1.089540E+2
2.043149E-2	4.336783E+3	0.000000E+0	1.091360E+2
2.042479E-2	4.336150E+3	0.000000E+0	1.093170E+2
2.040251E-2	4.335910E+3	0.000000E+0	1.094980E+2
2.039719E-2	4.335910E+3	0.000000E+0	1.096820E+2
2.037402E-2	4.335273E+3	0.000000E+0	1.098610E+2
2.036845E-2	4.334400E+3	0.000000E+0	1.100400E+2
2.035147E-2	4.334640E+3	0.000000E+0	1.102210E+2
2.033857E-2	4.334640E+3	0.000000E+0	1.104060E+2
2.032327E-2	4.334480E+3	0.000000E+0	1.105880E+2
2.030829E-2	4.334720E+3	0.000000E+0	1.107710E+2
2.029662E-2	4.334720E+3	0.000000E+0	1.109510E+2
2.027897E-2	4.334800E+3	0.000000E+0	1.111370E+2
2.027129E-2	4.335350E+3	0.000000E+0	1.113190E+2
2.024978E-2	4.335670E+3	0.000000E+0	1.115010E+2
2.024385E-2	4.335270E+3	0.000000E+0	1.116850E+2
2.022038E-2	4.335037E+3	0.000000E+0	1.118680E+2
2.021486E-2	4.334880E+3	0.000000E+0	1.120490E+2
2.019361E-2	4.335113E+3	0.000000E+0	1.122320E+2
2.018384E-2	4.335590E+3	0.000000E+0	1.124110E+2
2.016862E-2	4.336627E+3	0.000000E+0	1.125940E+2
2.015466E-2	4.337500E+3	0.000000E+0	1.127740E+2
2.014398E-2	4.338060E+3	0.000000E+0	1.129540E+2
2.012569E-2	4.337980E+3	0.000000E+0	1.131370E+2
2.011679E-2	4.337580E+3	0.000000E+0	1.133190E+2
2.009567E-2	4.337580E+3	0.000000E+0	1.134990E+2
2.009165E-2	4.337500E+3	0.000000E+0	1.136800E+2
2.006946E-2	4.337260E+3	0.000000E+0	1.138600E+2
2.006122E-2	4.337660E+3	0.000000E+0	1.140430E+2
2.004080E-2	4.338060E+3	0.000000E+0	1.142230E+2
2.003084E-2	4.337580E+3	0.000000E+0	1.144060E+2
2.001562E-2	4.336783E+3	0.000000E+0	1.145860E+2
2.000013E-2	4.336310E+3	0.000000E+0	1.147660E+2
1.998953E-2	4.335830E+3	0.000000E+0	1.149520E+2
1.997016E-2	4.335670E+3	0.000000E+0	1.151330E+2
1.996288E-2	4.335990E+3	0.000000E+0	1.153160E+2
1.994025E-2	4.336070E+3	0.000000E+0	1.154990E+2
1.993582E-2	4.335350E+3	0.000000E+0	1.156790E+2
1.991210E-2	4.334320E+3	0.000000E+0	1.158590E+2
1.990534E-2	4.333290E+3	0.000000E+0	1.160410E+2
1.988608E-2	4.332810E+3	0.000000E+0	1.162250E+2
1.987488E-2	4.332177E+3	0.000000E+0	1.164020E+2
1.986045E-2	4.331540E+3	0.000000E+0	1.165880E+2
1.984548E-2	4.330900E+3	0.000000E+0	1.167690E+2
1.983385E-2	4.331300E+3	0.000000E+0	1.169520E+2
1.981448E-2	4.331700E+3	0.000000E+0	1.171350E+2
1.980864E-2	4.332177E+3	0.000000E+0	1.173180E+2
1.978576E-2	4.333050E+3	0.000000E+0	1.175010E+2
1.978043E-2	4.333290E+3	0.000000E+0	1.176790E+2
1.975623E-2	4.333050E+3	0.000000E+0	1.178590E+2
1.974950E-2	4.332890E+3	0.000000E+0	1.180410E+2
1.973023E-2	4.332333E+3	0.000000E+0	1.182200E+2
1.971880E-2	4.331780E+3	0.000000E+0	1.184020E+2
1.970514E-2	4.331700E+3	0.000000E+0	1.185860E+2
1.968886E-2	4.331940E+3	0.000000E+0	1.187680E+2
1.967816E-2	4.332490E+3	0.000000E+0	1.189510E+2
1.965872E-2	4.332570E+3	0.000000E+0	1.191320E+2
1.965122E-2	4.332570E+3	0.000000E+0	1.193200E+2
1.962831E-2	4.332253E+3	0.000000E+0	1.195040E+2
1.962291E-2	4.331460E+3	0.000000E+0	1.196860E+2
1.959945E-2	4.330900E+3	0.000000E+0	1.198680E+2
1.959236E-2	4.330660E+3	0.000000E+0	1.200520E+2
1.957250E-2	4.331140E+3	0.000000E+0	1.202330E+2
1.956215E-2	4.331780E+3	0.000000E+0	1.204150E+2
1.954645E-2	4.332020E+3	0.000000E+0	1.205990E+2
1.952204E-2	4.331460E+3	0.000000E+0	1.209650E+2
1.950134E-2	4.331460E+3	0.000000E+0	1.211490E+2
1.949259E-2	4.331700E+3	0.000000E+0	1.213330E+2
1.947050E-2	4.331380E+3	0.000000E+0	1.215140E+2
1.946520E-2	4.330820E+3	0.000000E+0	1.216960E+2
1.944085E-2	4.330347E+3	0.000000E+0	1.218780E+2
1.943507E-2	4.329790E+3	0.000000E+0	1.220600E+2
1.941204E-2	4.329630E+3	0.000000E+0	1.222400E+2
1.940355E-2	4.328917E+3	0.000000E+0	1.224230E+2
1.938728E-2	4.327647E+3	0.000000E+0	1.226070E+2
1.937370E-2	4.326930E+3	0.000000E+0	1.227880E+2
1.935976E-2	4.326450E+3	0.000000E+0	1.229680E+2
1.934236E-2	4.325897E+3	0.000000E+0	1.231460E+2
1.933437E-2	4.324783E+3	0.000000E+0	1.233290E+2
1.931250E-2	4.322640E+3	0.000000E+0	1.235110E+2
1.930727E-2	4.318743E+3	0.000000E+0	1.236930E+2
1.928418E-2	4.316680E+3	0.000000E+0	1.238750E+2
1.927736E-2	4.318903E+3	0.000000E+0	1.240590E+2
1.925537E-2	4.321367E+3	0.000000E+0	1.242390E+2
1.924707E-2	4.322957E+3	0.000000E+0	1.244220E+2
1.923352E-2	4.324150E+3	0.000000E+0	1.246050E+2
1.921607E-2	4.324623E+3	0.000000E+0	1.247850E+2
1.920320E-2	4.325500E+3	0.000000E+0	1.249670E+2
1.918502E-2	4.326213E+3	0.000000E+0	1.251490E+2
1.917659E-2	4.326530E+3	0.000000E+0	1.253320E+2
1.915449E-2	4.326210E+3	0.000000E+0	1.255140E+2
1.914814E-2	4.325977E+3	0.000000E+0	1.256950E+2
1.912480E-2	4.325900E+3	0.000000E+0	1.258730E+2
1.911914E-2	4.325420E+3	0.000000E+0	1.260530E+2
1.909618E-2	4.324780E+3	0.000000E+0	1.262340E+2
1.908765E-2	4.324310E+3	0.000000E+0	1.264140E+2
1.907139E-2	4.324310E+3	0.000000E+0	1.265950E+2
1.905649E-2	4.324230E+3	0.000000E+0	1.267770E+2
1.904382E-2	4.323750E+3	0.000000E+0	1.269610E+2
1.902554E-2	4.322880E+3	0.000000E+0	1.271430E+2
1.901872E-2	4.322560E+3	0.000000E+0	1.273240E+2
1.899676E-2	4.322880E+3	0.000000E+0	1.275070E+2
1.898995E-2	4.323273E+3	0.000000E+0	1.276870E+2
1.896579E-2	4.323510E+3	0.000000E+0	1.278680E+2
1.896009E-2	4.323040E+3	0.000000E+0	1.280500E+2
1.894343E-2	4.322800E+3	0.000000E+0	1.282330E+2
1.892962E-2	4.322000E+3	0.000000E+0	1.284160E+2
1.891155E-2	4.320890E+3	0.000000E+0	1.285990E+2
1.889733E-2	4.318903E+3	0.000000E+0	1.287870E+2
1.888328E-2	4.317313E+3	0.000000E+0	1.289670E+2
1.886641E-2	4.317080E+3	0.000000E+0	1.291470E+2
1.885791E-2	4.317080E+3	0.000000E+0	1.293300E+2
1.883591E-2	4.317080E+3	0.000000E+0	1.295090E+2
1.882939E-2	4.316360E+3	0.000000E+0	1.296900E+2
1.880557E-2	4.315487E+3	0.000000E+0	1.298720E+2
1.880003E-2	4.314770E+3	0.000000E+0	1.300530E+2
1.877795E-2	4.314690E+3	0.000000E+0	1.302350E+2
1.876885E-2	4.314213E+3	0.000000E+0	1.304160E+2
1.875122E-2	4.313180E+3	0.000000E+0	1.305990E+2
1.873773E-2	4.311830E+3	0.000000E+0	1.307830E+2
1.872665E-2	4.310560E+3	0.000000E+0	1.309650E+2
1.870715E-2	4.309603E+3	0.000000E+0	1.311490E+2
1.869736E-2	4.308493E+3	0.000000E+0	1.313320E+2
1.867572E-2	4.307060E+3	0.000000E+0	1.315130E+2
1.866960E-2	4.305790E+3	0.000000E+0	1.316950E+2
1.864492E-2	4.304997E+3	0.000000E+0	1.318760E+2
1.863943E-2	4.304280E+3	0.000000E+0	1.320560E+2
1.861701E-2	4.303643E+3	0.000000E+0	1.322390E+2
1.860840E-2	4.302213E+3	0.000000E+0	1.324200E+2
1.859140E-2	4.300623E+3	0.000000E+0	1.325980E+2
1.857679E-2	4.299273E+3	0.000000E+0	1.327810E+2
1.856740E-2	4.297523E+3	0.000000E+0	1.329600E+2
1.854401E-2	4.295223E+3	0.000000E+0	1.331390E+2
1.853960E-2	4.292757E+3	0.000000E+0	1.333200E+2
1.851653E-2	4.290930E+3	0.000000E+0	1.335010E+2
1.850735E-2	4.289817E+3	0.000000E+0	1.336800E+2
1.849418E-2	4.288227E+3	0.000000E+0	1.338620E+2
1.847697E-2	4.286557E+3	0.000000E+0	1.340420E+2
1.846246E-2	4.284650E+3	0.000000E+0	1.342240E+2
1.845139E-2	4.282823E+3	0.000000E+0	1.344070E+2
1.844134E-2	4.281313E+3	0.000000E+0	1.345840E+2
1.843379E-2	4.279960E+3	0.000000E+0	1.347620E+2
1.842809E-2	4.279087E+3	0.000000E+0	1.349470E+2
1.842204E-2	4.277417E+3	0.000000E+0	1.351310E+2
1.841769E-2	4.275430E+3	0.000000E+0	1.353140E+2
1.841399E-2	4.274080E+3	0.000000E+0	1.354950E+2
1.841060E-2	4.273680E+3	0.000000E+0	1.356740E+2
1.840766E-2	4.273600E+3	0.000000E+0	1.358580E+2
1.840577E-2	4.273287E+3	0.000000E+0	1.360440E+2
1.840388E-2	4.273760E+3	0.000000E+0	1.362280E+2
1.837840E-2	4.274320E+3	0.000000E+0	1.364050E+2
1.830876E-2	4.272330E+3	0.000000E+0	1.365880E+2
1.828962E-2	4.265973E+3	0.000000E+0	1.367680E+2
1.826986E-2	4.258663E+3	0.000000E+0	1.369510E+2
1.826011E-2	4.252383E+3	0.000000E+0	1.371320E+2
1.823841E-2	4.248090E+3	0.000000E+0	1.373100E+2
1.823341E-2	4.243560E+3	0.000000E+0	1.374920E+2
1.820976E-2	4.239270E+3	0.000000E+0	1.376730E+2
1.820241E-2	4.235060E+3	0.000000E+0	1.378560E+2
1.818096E-2	4.231083E+3	0.000000E+0	1.380400E+2
1.817088E-2	4.227110E+3	0.000000E+0	1.382220E+2
1.815673E-2	4.223377E+3	0.000000E+0	1.384050E+2
1.813999E-2	4.219480E+3	0.000000E+0	1.385890E+2
1.812546E-2	4.214557E+3	0.000000E+0	1.387700E+2
1.810809E-2	4.208913E+3	0.000000E+0	1.389510E+2
1.810023E-2	4.202633E+3	0.000000E+0	1.391320E+2
1.807716E-2	4.197390E+3	0.000000E+0	1.393140E+2
1.807086E-2	4.191987E+3	0.000000E+0	1.394960E+2
1.804627E-2	4.186580E+3	0.000000E+0	1.396780E+2
1.804099E-2	4.179747E+3	0.000000E+0	1.398610E+2
1.801761E-2	4.173547E+3	0.000000E+0	1.400420E+2
1.800949E-2	4.166793E+3	0.000000E+0	1.402240E+2
1.799207E-2	4.159243E+3	0.000000E+0	1.404050E+2
1.797838E-2	4.152090E+3	0.000000E+0	1.405840E+2
1.796554E-2	4.144063E+3	0.000000E+0	1.407650E+2
1.794719E-2	4.135880E+3	0.000000E+0	1.409490E+2
1.793978E-2	4.126020E+3	0.000000E+0	1.411310E+2
1.791700E-2	4.117200E+3	0.000000E+0	1.413130E+2
1.790986E-2	4.107187E+3	0.000000E+0	1.414940E+2
1.788556E-2	4.097650E+3	0.000000E+0	1.416770E+2
1.788058E-2	4.086207E+3	0.000000E+0	1.418600E+2
1.785686E-2	4.075873E+3	0.000000E+0	1.420390E+2
1.784836E-2	4.064430E+3	0.000000E+0	1.422160E+2
1.783182E-2	4.052033E+3	0.000000E+0	1.423960E+2
1.781732E-2	4.040350E+3	0.000000E+0	1.425780E+2
1.780418E-2	4.027080E+3	0.000000E+0	1.427620E+2
1.778556E-2	4.013967E+3	0.000000E+0	1.429450E+2
1.777752E-2	3.999740E+3	0.000000E+0	1.431260E+2
1.775517E-2	3.987420E+3	0.000000E+0	1.433070E+2
1.774961E-2	3.973673E+3	0.000000E+0	1.434880E+2
1.772535E-2	3.959843E+3	0.000000E+0	1.436690E+2
1.771898E-2	3.944507E+3	0.000000E+0	1.438480E+2
1.769813E-2	3.929250E+3	0.000000E+0	1.440280E+2
1.768734E-2	3.913510E+3	0.000000E+0	1.442100E+2
1.767111E-2	3.898000E+3	0.000000E+0	1.443910E+2
1.765588E-2	3.883853E+3	0.000000E+0	1.445710E+2
1.764374E-2	3.869390E+3	0.000000E+0	1.447520E+2
1.762460E-2	3.856437E+3	0.000000E+0	1.449350E+2
1.761785E-2	3.842370E+3	0.000000E+0	1.451140E+2
1.759413E-2	3.830053E+3	0.000000E+0	1.452970E+2
1.758814E-2	3.818050E+3	0.000000E+0	1.454800E+2
1.756452E-2	3.807560E+3	0.000000E+0	1.456600E+2
1.755797E-2	3.797467E+3	0.000000E+0	1.458400E+2
1.754102E-2	3.788723E+3	0.000000E+0	1.460230E+2
1.752647E-2	3.782367E+3	0.000000E+0	1.462030E+2
1.751067E-2	3.777280E+3	0.000000E+0	1.463860E+2
1.749446E-2	3.773943E+3	0.000000E+0	1.465660E+2
1.748442E-2	3.771877E+3	0.000000E+0	1.467460E+2
1.746320E-2	3.771400E+3	0.000000E+0	1.469290E+2
1.745690E-2	3.773227E+3	0.000000E+0	1.471090E+2
1.743300E-2	3.776487E+3	0.000000E+0	1.472910E+2
1.742770E-2	3.781970E+3	0.000000E+0	1.474720E+2
1.740388E-2	3.787930E+3	0.000000E+0	1.476540E+2
1.739620E-2	3.796590E+3	0.000000E+0	1.478350E+2
1.737727E-2	3.805730E+3	0.000000E+0	1.480180E+2
1.736408E-2	3.816063E+3	0.000000E+0	1.482030E+2
1.734971E-2	3.828383E+3	0.000000E+0	1.483820E+2
1.733285E-2	3.841257E+3	0.000000E+0	1.485640E+2
1.732354E-2	3.856280E+3	0.000000E+0	1.487450E+2
1.730196E-2	3.869710E+3	0.000000E+0	1.489240E+2
1.729528E-2	3.885047E+3	0.000000E+0	1.491070E+2
1.727119E-2	3.898953E+3	0.000000E+0	1.492870E+2
1.726538E-2	3.913910E+3	0.000000E+0	1.494710E+2
1.724126E-2	3.928210E+3	0.000000E+0	1.496530E+2
1.723400E-2	3.942917E+3	0.000000E+0	1.498380E+2
1.721533E-2	3.956980E+3	0.000000E+0	1.500200E+2
1.720258E-2	3.971047E+3	0.000000E+0	1.502000E+2
1.718775E-2	3.986150E+3	0.000000E+0	1.503810E+2
1.717155E-2	4.000457E+3	0.000000E+0	1.505640E+2
1.716100E-2	4.014840E+3	0.000000E+0	1.507440E+2
1.713976E-2	4.027557E+3	0.000000E+0	1.509260E+2
1.713356E-2	4.040510E+3	0.000000E+0	1.511070E+2
1.710998E-2	4.051877E+3	0.000000E+0	1.512890E+2
1.710427E-2	4.063953E+3	0.000000E+0	1.514700E+2
1.708075E-2	4.074363E+3	0.000000E+0	1.516530E+2
1.707218E-2	4.085253E+3	0.000000E+0	1.518330E+2
1.705345E-2	4.095270E+3	0.000000E+0	1.520140E+2
1.704062E-2	4.104803E+3	0.000000E+0	1.521960E+2
1.702734E-2	4.114660E+3	0.000000E+0	1.523790E+2
1.700917E-2	4.123960E+3	0.000000E+0	1.525630E+2
1.700015E-2	4.132937E+3	0.000000E+0	1.527440E+2
1.697758E-2	4.140647E+3	0.000000E+0	1.529230E+2
1.697108E-2	4.149310E+3	0.000000E+0	1.531060E+2
1.694658E-2	4.156620E+3	0.000000E+0	1.532900E+2
1.694210E-2	4.164250E+3	0.000000E+0	1.534700E+2
1.691992E-2	4.171637E+3	0.000000E+0	1.536520E+2
1.690982E-2	4.178633E+3	0.000000E+0	1.538290E+2
1.689187E-2	4.184357E+3	0.000000E+0	1.540130E+2
1.687865E-2	4.189600E+3	0.000000E+0	1.541950E+2
1.686890E-2	4.195400E+3	0.000000E+0	1.543750E+2
1.684827E-2	4.200410E+3	0.000000E+0	1.545520E+2
1.683922E-2	4.206370E+3	0.000000E+0	1.547330E+2
1.681582E-2	4.211300E+3	0.000000E+0	1.549150E+2
1.681023E-2	4.216223E+3	0.000000E+0	1.550970E+2
1.678587E-2	4.220750E+3	0.000000E+0	1.552780E+2
1.677960E-2	4.225440E+3	0.000000E+0	1.554620E+2
1.675625E-2	4.229810E+3	0.000000E+0	1.556440E+2
1.674781E-2	4.234420E+3	0.000000E+0	1.558260E+2
1.673018E-2	4.238160E+3	0.000000E+0	1.560090E+2
1.671595E-2	4.241813E+3	0.000000E+0	1.561890E+2
1.670143E-2	4.245950E+3	0.000000E+0	1.563730E+2
1.668358E-2	4.249840E+3	0.000000E+0	1.565550E+2
1.667346E-2	4.253020E+3	0.000000E+0	1.567400E+2
1.665295E-2	4.255167E+3	0.000000E+0	1.569260E+2
1.664701E-2	4.258267E+3	0.000000E+0	1.571070E+2
1.662275E-2	4.260727E+3	0.000000E+0	1.572880E+2
1.661730E-2	4.263270E+3	0.000000E+0	1.574660E+2
1.659414E-2	4.265973E+3	0.000000E+0	1.576490E+2
1.658536E-2	4.268277E+3	0.000000E+0	1.578320E+2
1.657102E-2	4.270187E+3	0.000000E+0	1.580100E+2
1.655428E-2	4.272650E+3	0.000000E+0	1.581890E+2
1.654001E-2	4.275747E+3	0.000000E+0	1.583670E+2
1.652131E-2	4.278373E+3	0.000000E+0	1.585490E+2
1.651356E-2	4.280677E+3	0.000000E+0	1.587310E+2
1.649062E-2	4.282983E+3	0.000000E+0	1.589140E+2
1.648409E-2	4.285127E+3	0.000000E+0	1.590960E+2
1.646002E-2	4.286957E+3	0.000000E+0	1.592760E+2
1.645408E-2	4.289103E+3	0.000000E+0	1.594580E+2
1.643106E-2	4.290927E+3	0.000000E+0	1.596410E+2
1.642168E-2	4.292757E+3	0.000000E+0	1.598210E+2
1.640420E-2	4.294823E+3	0.000000E+0	1.600040E+2
1.639030E-2	4.296730E+3	0.000000E+0	1.601860E+2
1.637755E-2	4.298717E+3	0.000000E+0	1.603650E+2
1.635847E-2	4.300623E+3	0.000000E+0	1.605470E+2
1.635218E-2	4.302290E+3	0.000000E+0	1.607280E+2
1.632882E-2	4.303010E+3	0.000000E+0	1.609100E+2
1.632210E-2	4.303643E+3	0.000000E+0	1.610880E+2
1.629824E-2	4.304757E+3	0.000000E+0	1.612710E+2
1.629138E-2	4.305950E+3	0.000000E+0	1.614530E+2
1.626888E-2	4.307617E+3	0.000000E+0	1.616360E+2
1.625993E-2	4.309603E+3	0.000000E+0	1.618200E+2
1.624234E-2	4.310800E+3	0.000000E+0	1.620020E+2
1.622801E-2	4.311037E+3	0.000000E+0	1.621830E+2
1.621481E-2	4.311990E+3	0.000000E+0	1.623630E+2
1.619606E-2	4.313260E+3	0.000000E+0	1.625460E+2
1.618801E-2	4.314293E+3	0.000000E+0	1.627260E+2
1.616486E-2	4.315883E+3	0.000000E+0	1.629120E+2
1.615830E-2	4.317553E+3	0.000000E+0	1.630930E+2
1.613429E-2	4.318507E+3	0.000000E+0	1.632760E+2
1.612833E-2	4.319300E+3	0.000000E+0	1.634570E+2
1.610655E-2	4.320333E+3	0.000000E+0	1.636370E+2
1.609667E-2	4.321447E+3	0.000000E+0	1.638150E+2
1.607909E-2	4.322400E+3	0.000000E+0	1.639970E+2
1.606483E-2	4.323273E+3	0.000000E+0	1.641810E+2
1.605498E-2	4.324150E+3	0.000000E+0	1.643620E+2
1.603314E-2	4.324860E+3	0.000000E+0	1.645420E+2
1.602545E-2	4.325420E+3	0.000000E+0	1.647210E+2
1.600153E-2	4.325900E+3	0.000000E+0	1.649050E+2
1.599606E-2	4.326450E+3	0.000000E+0	1.650880E+2
1.597102E-2	4.327327E+3	0.000000E+0	1.652700E+2
1.596538E-2	4.328677E+3	0.000000E+0	1.654540E+2
1.594279E-2	4.329630E+3	0.000000E+0	1.656350E+2
1.593306E-2	4.330350E+3	0.000000E+0	1.658150E+2
1.591686E-2	4.330583E+3	0.000000E+0	1.659940E+2
1.590198E-2	4.331060E+3	0.000000E+0	1.661730E+2
1.589114E-2	4.331780E+3	0.000000E+0	1.663530E+2
1.587067E-2	4.331700E+3	0.000000E+0	1.665360E+2
1.586235E-2	4.331380E+3	0.000000E+0	1.667190E+2
1.583878E-2	4.331780E+3	0.000000E+0	1.669000E+2
1.583380E-2	4.332570E+3	0.000000E+0	1.670800E+2
1.580986E-2	4.333050E+3	0.000000E+0	1.672610E+2
1.580251E-2	4.333370E+3	0.000000E+0	1.674420E+2
1.578139E-2	4.333763E+3	0.000000E+0	1.676230E+2
1.577029E-2	4.334240E+3	0.000000E+0	1.678030E+2
1.575405E-2	4.334240E+3	0.000000E+0	1.679870E+2
1.573808E-2	4.334320E+3	0.000000E+0	1.681680E+2
1.572848E-2	4.334400E+3	0.000000E+0	1.683490E+2
1.570751E-2	4.334560E+3	0.000000E+0	1.685280E+2
1.569953E-2	4.334957E+3	0.000000E+0	1.687090E+2
1.567583E-2	4.335590E+3	0.000000E+0	1.688930E+2
1.567047E-2	4.336470E+3	0.000000E+0	1.690750E+2
1.564636E-2	4.337180E+3	0.000000E+0	1.692560E+2
1.563865E-2	4.338213E+3	0.000000E+0	1.694360E+2
1.561941E-2	4.338850E+3	0.000000E+0	1.696170E+2
1.560687E-2	4.339250E+3	0.000000E+0	1.697990E+2
1.559174E-2	4.339490E+3	0.000000E+0	1.699820E+2
1.557552E-2	4.339567E+3	0.000000E+0	1.701630E+2
1.556424E-2	4.339960E+3	0.000000E+0	1.703450E+2
1.554334E-2	4.340440E+3	0.000000E+0	1.705260E+2
1.553707E-2	4.341473E+3	0.000000E+0	1.707120E+2
1.551249E-2	4.341950E+3	0.000000E+0	1.708960E+2
1.550654E-2	4.342110E+3	0.000000E+0	1.710800E+2
1.548223E-2	4.342190E+3	0.000000E+0	1.712600E+2
1.547546E-2	4.342823E+3	0.000000E+0	1.714420E+2
1.545473E-2	4.343620E+3	0.000000E+0	1.716230E+2
1.544371E-2	4.343460E+3	0.000000E+0	1.718030E+2
1.542883E-2	4.343060E+3	0.000000E+0	1.719890E+2
1.541170E-2	4.343220E+3	0.000000E+0	1.721670E+2
1.540127E-2	4.343380E+3	0.000000E+0	1.723460E+2
1.538044E-2	4.343700E+3	0.000000E+0	1.725250E+2
1.537401E-2	4.344490E+3	0.000000E+0	1.727050E+2
1.534920E-2	4.344730E+3	0.000000E+0	1.728870E+2
1.534463E-2	4.344650E+3	0.000000E+0	1.730680E+2
1.532092E-2	4.344490E+3	0.000000E+0	1.732510E+2
1.531231E-2	4.344730E+3	0.000000E+0	1.734310E+2
1.529403E-2	4.344730E+3	0.000000E+0	1.736110E+2
1.528061E-2	4.345050E+3	0.000000E+0	1.737920E+2
1.526707E-2	4.345130E+3	0.000000E+0	1.739700E+2
1.524849E-2	4.344810E+3	0.000000E+0	1.741490E+2
1.524122E-2	4.344730E+3	0.000000E+0	1.743290E+2
1.521774E-2	4.344410E+3	0.000000E+0	1.745110E+2
1.521167E-2	4.344890E+3	0.000000E+0	1.746920E+2
1.518698E-2	4.345767E+3	0.000000E+0	1.748720E+2
1.518063E-2	4.346160E+3	0.000000E+0	1.750550E+2
1.515854E-2	4.346160E+3	0.000000E+0	1.752350E+2
1.514853E-2	4.346960E+3	0.000000E+0	1.754160E+2
1.513319E-2	4.347350E+3	0.000000E+0	1.755980E+2
1.511735E-2	4.347430E+3	0.000000E+0	1.757790E+2
1.510566E-2	4.347990E+3	0.000000E+0	1.759570E+2
1.508491E-2	4.347990E+3	0.000000E+0	1.761370E+2
1.507819E-2	4.347670E+3	0.000000E+0	1.763190E+2
1.505478E-2	4.347353E+3	0.000000E+0	1.764960E+2
1.504925E-2	4.346880E+3	0.000000E+0	1.766790E+2
1.502571E-2	4.346880E+3	0.000000E+0	1.768630E+2
1.501767E-2	4.346480E+3	0.000000E+0	1.770430E+2
1.499793E-2	4.346400E+3	0.000000E+0	1.772250E+2
1.498539E-2	4.346640E+3	0.000000E+0	1.774050E+2
1.497458E-2	4.347273E+3	0.000000E+0	1.775830E+2
1.495446E-2	4.347830E+3	0.000000E+0	1.777650E+2
1.494426E-2	4.348703E+3	0.000000E+0	1.779470E+2
1.492174E-2	4.349100E+3	0.000000E+0	1.781290E+2
1.491540E-2	4.349500E+3	0.000000E+0	1.783120E+2
1.489047E-2	4.349740E+3	0.000000E+0	1.784950E+2
1.488509E-2	4.349740E+3	0.000000E+0	1.786770E+2
1.486096E-2	4.349340E+3	0.000000E+0	1.788570E+2
1.485395E-2	4.349340E+3	0.000000E+0	1.790370E+2
1.483474E-2	4.349740E+3	0.000000E+0	1.792210E+2
1.482188E-2	4.349740E+3	0.000000E+0	1.794010E+2
1.480661E-2	4.350377E+3	0.000000E+0	1.795810E+2
1.478965E-2	4.350770E+3	0.000000E+0	1.797640E+2
1.477825E-2	4.351647E+3	0.000000E+0	1.799500E+2
1.475820E-2	4.352917E+3	0.000000E+0	1.801270E+2
1.475363E-2	4.353550E+3	0.000000E+0	1.803070E+2
1.472793E-2	4.353790E+3	0.000000E+0	1.804860E+2
1.472183E-2	4.354430E+3	0.000000E+0	1.806660E+2
1.469779E-2	4.354430E+3	0.000000E+0	1.808460E+2
1.468997E-2	4.353393E+3	0.000000E+0	1.810280E+2
1.467647E-2	4.352920E+3	0.000000E+0	1.812080E+2
1.465862E-2	4.352600E+3	0.000000E+0	1.813880E+2
1.464497E-2	4.352520E+3	0.000000E+0	1.815680E+2
1.462645E-2	4.352600E+3	0.000000E+0	1.817500E+2
1.461737E-2	4.352440E+3	0.000000E+0	1.819300E+2
1.459481E-2	4.352600E+3	0.000000E+0	1.821110E+2
1.458950E-2	4.353080E+3	0.000000E+0	1.822930E+2
1.456500E-2	4.353313E+3	0.000000E+0	1.824700E+2
1.455806E-2	4.353790E+3	0.000000E+0	1.826490E+2
1.453657E-2	4.354430E+3	0.000000E+0	1.828300E+2
1.452626E-2	4.354907E+3	0.000000E+0	1.830130E+2
1.450956E-2	4.355460E+3	0.000000E+0	1.831960E+2
1.449360E-2	4.355700E+3	0.000000E+0	1.833760E+2
1.448169E-2	4.355380E+3	0.000000E+0	1.835580E+2
1.446289E-2	4.355620E+3	0.000000E+0	1.837390E+2
1.445655E-2	4.355700E+3	0.000000E+0	1.839210E+2
1.443220E-2	4.355540E+3	0.000000E+0	1.841020E+2
1.442511E-2	4.355140E+3	0.000000E+0	1.842880E+2
1.440013E-2	4.354510E+3	0.000000E+0	1.844690E+2
1.439457E-2	4.354510E+3	0.000000E+0	1.846550E+2
1.437094E-2	4.354903E+3	0.000000E+0	1.848360E+2
1.436229E-2	4.355140E+3	0.000000E+0	1.850160E+2
1.434468E-2	4.355220E+3	0.000000E+0	1.851980E+2
1.433003E-2	4.355220E+3	0.000000E+0	1.853770E+2
1.431804E-2	4.355220E+3	0.000000E+0	1.855580E+2
1.429814E-2	4.354903E+3	0.000000E+0	1.857380E+2
1.429039E-2	4.354590E+3	0.000000E+0	1.859210E+2
1.426673E-2	4.354590E+3	0.000000E+0	1.861040E+2
1.426087E-2	4.355220E+3	0.000000E+0	1.862880E+2
1.423678E-2	4.355940E+3	0.000000E+0	1.864680E+2
1.423022E-2	4.356650E+3	0.000000E+0	1.866480E+2
1.420887E-2	4.356650E+3	0.000000E+0	1.868300E+2
1.419844E-2	4.356810E+3	0.000000E+0	1.870110E+2
1.418141E-2	4.356257E+3	0.000000E+0	1.871940E+2
1.416589E-2	4.355620E+3	0.000000E+0	1.873740E+2
1.415742E-2	4.355540E+3	0.000000E+0	1.875540E+2
1.413494E-2	4.355700E+3	0.000000E+0	1.877340E+2
1.412684E-2	4.355700E+3	0.000000E+0	1.879140E+2
1.410305E-2	4.355380E+3	0.000000E+0	1.880930E+2
1.409760E-2	4.354747E+3	0.000000E+0	1.882760E+2
1.407338E-2	4.354030E+3	0.000000E+0	1.884570E+2
1.406570E-2	4.354030E+3	0.000000E+0	1.886400E+2
1.404624E-2	4.353950E+3	0.000000E+0	1.888200E+2
1.403377E-2	4.353870E+3	0.000000E+0	1.889990E+2
1.401909E-2	4.354510E+3	0.000000E+0	1.891790E+2
1.400159E-2	4.354983E+3	0.000000E+0	1.893610E+2
1.399231E-2	4.354747E+3	0.000000E+0	1.895400E+2
1.396969E-2	4.354270E+3	0.000000E+0	1.897260E+2
1.396244E-2	4.354670E+3	0.000000E+0	1.899090E+2
1.393888E-2	4.355140E+3	0.000000E+0	1.900930E+2
1.393353E-2	4.355780E+3	0.000000E+0	1.902720E+2
1.393156E-2	4.356333E+3	0.000000E+0	1.904520E+2
1.392989E-2	4.356257E+3	0.000000E+0	1.906340E+2
1.392919E-2	4.356180E+3	0.000000E+0	1.908150E+2
1.392848E-2	4.355940E+3	0.000000E+0	1.909970E+2
1.392864E-2	4.355300E+3	0.000000E+0	1.911800E+2
