X_channel Y_channel II_channel timestamp
0.01514402 4001.33 0.0 0.0
0.01514416 4001.65 0.0 0.184
0.01514404 4001.967 0.0 0.364
0.01514391 4002.043 0.0 0.547
0.01514415 4001.89 0.0 0.727
0.01514432 4001.967 0.0 0.906
0.01514404 4002.44 0.0 1.086
0.01514423 4002.6 0.0 1.265
0.01514373 4002.84 0.0 1.445
0.01514391 4002.84 0.0 1.625
0.01514468 4002.52 0.0 1.804
0.01514397 4001.89 0.0 1.984
0.01514417 4001.89 0.0 2.166
0.01514402 4002.123 0.0 2.347
0.01514414 4002.44 0.0 2.527
0.01514368 4002.2 0.0 2.71
0.01514418 4001.65 0.0 2.89
0.01514418 4001.41 0.0 3.073
0.0151441 4002.203 0.0 3.256
0.01514389 4003.157 0.0 3.436
0.0151441 4003.55 0.0 3.616
0.01514366 4002.84 0.0 3.797
0.0151441 4002.2 0.0 3.978
0.01514377 4002.44 0.0 4.157
0.01514388 4001.887 0.0 4.335
0.01514423 4001.41 0.0 4.519
0.01514382 4001.49 0.0 4.701
0.01514387 4001.967 0.0 4.882
0.01514389 4002.12 0.0 5.062
0.01514419 4001.73 0.0 5.243
0.01514413 4001.89 0.0 5.425
0.01514428 4001.81 0.0 5.607
0.01514332 4001.33 0.0 5.791
0.01514385 4001.17 0.0 5.972
0.01514366 4001.33 0.0 6.155
0.01514392 4002.203 0.0 6.337
0.01514395 4003.317 0.0 6.518
0.01514352 4004.19 0.0 6.7
0.0151438 4004.19 0.0 6.88
0.01514478 4003.077 0.0 7.061
0.01514359 4002.52 0.0 7.244
0.01514374 4002.6 0.0 7.424
0.01514398 4002.36 0.0 7.607
0.01514416 4002.12 0.0 7.79
0.01514384 4001.967 0.0 7.973
0.01514465 4001.81 0.0 8.15
0.01514435 4001.89 0.0 8.33
0.01514438 4002.12 0.0 8.513
0.01514421 4001.967 0.0 8.693
0.0151439 4001.89 0.0 8.875
0.0151439 4002.123 0.0 9.055
0.01514408 4002.76 0.0 9.238
0.0151438 4002.6 0.0 9.42
0.01514382 4002.2 0.0 9.601
0.01514403 4002.44 0.0 9.781
0.01514411 4003.0 0.0 9.962
0.0151444 4003.87 0.0 10.144
0.01514396 4003.87 0.0 10.328
0.01514404 4003.237 0.0 10.508
0.01514436 4002.36 0.0 10.688
0.01514428 4002.12 0.0 10.872
0.0151442 4002.28 0.0 11.052
0.01514392 4002.36 0.0 11.235
0.01514396 4002.2 0.0 11.417
0.01514378 4002.043 0.0 11.598
0.01514337 4002.52 0.0 11.78
0.01514387 4002.6 0.0 11.957
0.01514425 4002.6 0.0 12.137
0.01514405 4002.6 0.0 12.316
0.01514432 4002.28 0.0 12.496
0.01514381 4002.12 0.0 12.682
0.01514411 4002.36 0.0 12.863
0.01514422 4002.6 0.0 13.046
0.01514422 4002.203 0.0 13.226
0.01514418 4001.89 0.0 13.407
0.01514456 4002.52 0.0 13.588
0.01514435 4002.6 0.0 13.765
0.01514422 4002.28 0.0 13.946
0.01514381 4002.52 0.0 14.128
0.0151443 4003.08 0.0 14.307
0.01514393 4003.393 0.0 14.491
0.01514399 4002.6 0.0 14.669
0.01514426 4002.6 0.0 14.848
0.01514436 4003.08 0.0 15.033
0.01514418 4003.0 0.0 15.213
0.01514368 4002.52 0.0 15.397
0.01514445 4001.65 0.0 15.58
0.01514402 4001.01 0.0 15.76
0.01514397 4001.01 0.0 15.942
0.01514451 4001.57 0.0 16.121
0.01514396 4001.33 0.0 16.307
0.01514396 4001.09 0.0 16.489
0.01514328 4001.49 0.0 16.673
0.01514399 4001.81 0.0 16.857
0.01514361 4001.89 0.0 17.037
0.01514365 4001.89 0.0 17.216
0.01514322 4001.89 0.0 17.396
0.01514403 4001.57 0.0 17.576
0.01514335 4001.29 0.0 17.861
0.01514352 4000.773 0.0 18.04
0.01514334 4000.22 0.0 18.204
0.01514359 4000.3 0.0 18.372
0.01514368 4000.93 0.0 18.548
0.01514359 4001.41 0.0 18.729
0.0151436 4001.01 0.0 18.909
0.01514349 4000.3 0.0 19.089
0.0151438 4000.06 0.0 19.266
0.0151432 4000.14 0.0 19.45
0.01514315 3999.5 0.0 19.631
0.01514342 3999.26 0.0 19.813
0.01514338 3999.82 0.0 19.997
0.01514343 3999.98 0.0 20.182
0.01514341 3999.74 0.0 20.362
0.01514375 4000.22 0.0 20.541
0.01514347 4001.09 0.0 20.729
0.01514393 4001.81 0.0 20.908
0.0151435 4001.89 0.0 21.088
0.01514389 4001.73 0.0 21.267
0.01514365 4001.73 0.0 21.447
0.01514367 4001.65 0.0 21.629
0.01514351 4002.047 0.0 21.811
0.01514403 4002.6 0.0 21.993
0.01514369 4002.36 0.0 22.176
0.01514345 4001.33 0.0 22.356
0.01514337 4001.17 0.0 22.542
0.0151434 4001.967 0.0 22.721
0.01514319 4002.76 0.0 22.902
0.01514365 4002.76 0.0 23.086
0.0151438 4002.36 0.0 23.269
0.01514339 4002.12 0.0 23.445
0.01514371 4002.6 0.0 23.625
0.01514381 4003.08 0.0 23.806
0.01514389 4003.08 0.0 23.988
0.01514352 4003.08 0.0 24.167
0.01514367 4003.24 0.0 24.351
0.01514356 4003.24 0.0 24.533
0.01514345 4003.0 0.0 24.712
0.01514382 4002.36 0.0 24.89
0.0151437 4001.65 0.0 25.073
0.01514351 4001.41 0.0 25.257
0.0151439 4001.81 0.0 25.439
0.0151429 4001.89 0.0 25.619
0.01514349 4001.81 0.0 25.801
0.01514387 4001.65 0.0 25.983
0.01514378 4001.65 0.0 26.163
0.01514346 4001.41 0.0 26.342
0.01514361 4001.41 0.0 26.521
0.01514369 4001.41 0.0 26.704
0.01514386 4001.41 0.0 26.885
0.01514393 4001.49 0.0 27.069
0.01514356 4001.967 0.0 27.252
0.01514319 4002.36 0.0 27.434
0.01514358 4002.76 0.0 27.611
0.01515499 4003.08 0.0 27.791
0.01516171 4003.08 0.0 27.975
0.01517526 4002.36 0.0 28.158
0.01519003 4001.81 0.0 28.34
0.01519881 4001.57 0.0 28.522
0.01521909 4001.41 0.0 28.703
0.01522465 4001.25 0.0 28.884
0.01524791 4001.01 0.0 29.066
0.0152525 4001.01 0.0 29.251
0.01527249 4001.49 0.0 29.431
0.01528216 4002.28 0.0 29.612
0.01530241 4002.123 0.0 29.794
0.01531208 4001.65 0.0 29.98
0.01532571 4001.01 0.0 30.161
0.01534176 4000.537 0.0 30.343
0.0153534 4000.537 0.0 30.525
0.01537172 4000.93 0.0 30.707
0.01538013 4000.85 0.0 30.89
0.01540177 3999.98 0.0 31.073
0.01540657 3999.023 0.0 31.257
0.0154302 3998.63 0.0 31.438
0.01543586 3999.58 0.0 31.621
0.0154584 4000.773 0.0 31.805
0.01546621 4000.85 0.0 31.991
0.01548068 4000.14 0.0 32.172
0.01549629 3999.74 0.0 32.355
0.01550952 3999.74 0.0 32.535
0.01552704 3999.183 0.0 32.717
0.01553102 3998.15 0.0 32.898
0.01555489 3997.67 0.0 33.077
0.0155614 3998.31 0.0 33.255
0.01558551 3998.55 0.0 33.437
0.01559129 3998.71 0.0 33.616
0.01561244 3998.63 0.0 33.796
0.01562196 3998.15 0.0 33.979
0.01563731 3998.15 0.0 34.161
0.01565193 3998.55 0.0 34.344
0.01566345 3998.55 0.0 34.526
0.01568235 3998.55 0.0 34.706
0.01568949 3999.263 0.0 34.886
0.01571154 4000.22 0.0 35.071
0.0157172 4000.3 0.0 35.251
0.01574086 3999.58 0.0 35.433
0.01574701 3998.47 0.0 35.614
0.01576453 3998.15 0.0 35.795
0.01577677 3998.55 0.0 35.975
0.01579209 3999.023 0.0 36.154
0.01580773 3999.66 0.0 36.332
0.01581775 3999.103 0.0 36.511
0.01583827 3998.23 0.0 36.693
0.01584412 3998.07 0.0 36.869
0.01586737 3998.07 0.0 37.052
0.01587266 3997.99 0.0 37.232
0.01589498 3997.357 0.0 37.412
0.01590359 3997.2 0.0 37.598
0.01592112 3997.28 0.0 37.781
0.0159344 3997.593 0.0 37.959
0.01594771 3997.67 0.0 38.142
0.01596518 3997.357 0.0 38.329
0.01597367 3996.64 0.0 38.509
0.01599521 3995.77 0.0 38.691
0.01600118 3995.45 0.0 38.872
0.01602461 3995.45 0.0 39.053
0.0160293 3995.29 0.0 39.231
0.01604884 3994.89 0.0 39.412
0.0160606 3994.337 0.0 39.595
0.0160777 3993.7 0.0 39.775
0.01609139 3994.02 0.0 39.961
0.0161042 3994.65 0.0 40.14
0.01612151 3994.417 0.0 40.322
0.01613046 3993.94 0.0 40.502
0.01615173 3993.62 0.0 40.685
0.01615762 3993.14 0.0 40.866
0.01618172 3993.62 0.0 41.048
0.01618702 3994.337 0.0 41.232
0.01620936 3994.257 0.0 41.412
0.01621804 3993.54 0.0 41.595
0.01623512 3993.54 0.0 41.777
0.01624867 3993.86 0.0 41.956
0.01626078 3993.86 0.0 42.139
0.01627917 3993.46 0.0 42.322
0.01628755 3992.667 0.0 42.502
0.01631003 3991.87 0.0 42.682
0.01631428 3991.87 0.0 42.865
0.01633712 3992.51 0.0 43.047
0.01634434 3992.983 0.0 43.231
0.01636657 3993.3 0.0 43.412
0.01637638 3992.747 0.0 43.589
0.01639266 3992.27 0.0 43.772
0.01640715 3992.03 0.0 43.953
0.01641811 3991.79 0.0 44.136
0.01643695 3991.87 0.0 44.316
0.01644514 3991.553 0.0 44.5
0.01646772 3991.4 0.0 44.679
0.01647391 3991.79 0.0 44.862
0.01649792 3992.19 0.0 45.045
0.01650284 3991.95 0.0 45.229
0.0165238 3992.667 0.0 45.409
0.01653441 3993.54 0.0 45.592
0.01655006 3994.337 0.0 45.775
0.0165648 3995.29 0.0 45.955
0.01657846 3995.21 0.0 46.144
0.01659641 3995.21 0.0 46.326
0.01660259 3994.413 0.0 46.51
0.01662594 3993.46 0.0 46.693
0.0166321 3993.22 0.0 46.877
0.01665646 3993.06 0.0 47.057
0.01666195 3992.907 0.0 47.239
0.01668439 3992.983 0.0 47.42
0.01669365 3993.62 0.0 47.601
0.0167117 3994.1 0.0 47.782
0.01672463 3994.26 0.0 47.965
0.01673839 3993.94 0.0 48.145
0.01675519 3993.3 0.0 48.328
0.01676491 3993.3 0.0 48.509
0.01678649 3993.46 0.0 48.692
0.01679216 3992.827 0.0 48.872
0.01681578 3992.27 0.0 49.052
0.01682075 3992.983 0.0 49.233
0.01684181 3993.54 0.0 49.415
0.01685219 3992.983 0.0 49.598
0.01687044 3991.95 0.0 49.774
0.01688316 3991.32 0.0 49.958
0.01689452 3991.4 0.0 50.137
0.01691356 3991.08 0.0 50.317
0.01692087 3990.123 0.0 50.501
0.01694365 3989.25 0.0 50.684
0.01695052 3988.61 0.0 50.868
0.01697386 3988.3 0.0 51.048
0.01697921 3988.453 0.0 51.23
0.01700047 3988.85 0.0 51.408
0.01701049 3989.25 0.0 51.59
0.01702495 3989.25 0.0 51.771
0.01704101 3988.613 0.0 51.949
0.01705322 3988.06 0.0 52.129
0.01707283 3987.66 0.0 52.311
0.01708045 3986.55 0.0 52.492
0.01710349 3986.15 0.0 52.671
0.0171087 3986.47 0.0 52.853
0.01713215 3986.87 0.0 53.033
0.01713902 3987.1 0.0 53.217
0.01715992 3987.18 0.0 53.399
0.01716985 3987.58 0.0 53.577
0.01718435 3987.34 0.0 53.757
0.01720107 3986.79 0.0 53.94
0.01721185 3986.71 0.0 54.12
0.01723245 3987.58 0.0 54.303
0.01723877 3988.06 0.0 54.487
0.01726192 3988.453 0.0 54.668
0.01726797 3988.53 0.0 54.849
0.01729148 3988.06 0.0 55.03
0.01729811 3987.42 0.0 55.213
0.01731941 3986.87 0.0 55.393
0.01732931 3987.103 0.0 55.579
0.01734401 3987.5 0.0 55.76
0.01736048 3986.71 0.0 55.943
0.01737228 3986.39 0.0 56.125
0.01739175 3986.47 0.0 56.306
0.01739876 3986.79 0.0 56.49
0.01742251 3987.023 0.0 56.672
0.01742686 3986.63 0.0 56.853
0.01745148 3985.593 0.0 57.037
0.01745812 3984.8 0.0 57.217
0.01747811 3984.72 0.0 57.397
0.01748898 3984.32 0.0 57.579
0.01750489 3983.847 0.0 57.758
0.01752039 3983.29 0.0 57.938
0.01752908 3983.21 0.0 58.115
0.0175505 3983.53 0.0 58.296
0.01755691 3983.77 0.0 58.474
0.01758002 3983.77 0.0 58.654
0.01758585 3983.53 0.0 58.834
0.01760568 3982.73 0.0 59.016
0.01761694 3982.337 0.0 59.193
0.01763382 3982.02 0.0 59.375
0.01764861 3981.38 0.0 59.558
0.0176611 3981.3 0.0 59.736
0.01767941 3981.14 0.0 59.919
0.01768753 3981.14 0.0 60.099
0.01771024 3981.14 0.0 60.28
0.01771595 3981.14 0.0 60.462
0.01773919 3980.903 0.0 60.645
0.0177448 3979.95 0.0 60.825
0.01776654 3979.0 0.0 61.008
0.01777668 3978.76 0.0 61.192
0.01779321 3978.52 0.0 61.375
0.01780786 3978.04 0.0 61.56
0.01781979 3977.963 0.0 61.742
0.01783881 3977.49 0.0 61.925
0.01784685 3977.49 0.0 62.108
0.01787035 3976.93 0.0 62.287
0.01787372 3976.293 0.0 62.469
0.01789708 3975.9 0.0 62.651
0.01790493 3975.103 0.0 62.832
0.0179271 3974.47 0.0 63.015
0.0179369 3974.23 0.0 63.198
0.01795348 3974.15 0.0 63.378
0.0179681 3973.91 0.0 63.557
0.01797855 3974.15 0.0 63.734
0.01799883 3974.07 0.0 63.917
0.0180062 3973.75 0.0 64.097
0.01802913 3973.75 0.0 64.279
0.01803529 3974.15 0.0 64.46
0.01805979 3974.15 0.0 64.643
0.01806537 3973.357 0.0 64.822
0.01808483 3972.32 0.0 65.003
0.01809659 3971.45 0.0 65.184
0.01811148 3970.97 0.0 65.366
0.01812753 3970.333 0.0 65.548
0.01813835 3970.333 0.0 65.728
0.01815828 3969.86 0.0 65.909
0.01816382 3968.907 0.0 66.092
0.01818711 3968.67 0.0 66.274
0.01819375 3968.27 0.0 66.458
0.01821771 3968.51 0.0 66.639
0.01822499 3969.46 0.0 66.822
0.0182452 3969.62 0.0 67.004
0.01825611 3968.983 0.0 67.185
0.01827317 3968.11 0.0 67.367
0.01828813 3967.077 0.0 67.548
0.01830004 3966.68 0.0 67.728
0.0183187 3966.6 0.0 67.912
0.0183261 3966.36 0.0 68.093
0.0183497 3966.04 0.0 68.278
0.01835511 3966.2 0.0 68.46
0.01837905 3966.12 0.0 68.642
0.01838536 3964.693 0.0 68.823
0.01840187 3963.42 0.0 69.005
0.01841793 3962.23 0.0 69.187
0.01842837 3961.197 0.0 69.372
0.01845025 3960.4 0.0 69.551
0.01845313 3959.92 0.0 69.734
0.01846899 3959.69 0.0 69.917
0.01848321 3959.29 0.0 70.097
0.01849538 3958.97 0.0 70.278
0.01850455 3958.65 0.0 70.459
0.01851195 3958.26 0.0 70.639
0.01851848 3958.02 0.0 70.821
0.01852379 3958.26 0.0 71.004
0.01856757 3957.94 0.0 71.186
0.01859412 3957.063 0.0 71.366
0.0186096 3955.79 0.0 71.546
0.0186274 3955.0 0.0 71.726
0.01863391 3954.68 0.0 71.906
0.01865685 3954.043 0.0 72.088
0.01866386 3952.77 0.0 72.269
0.0186881 3951.58 0.0 72.449
0.0186941 3949.753 0.0 72.632
0.01871717 3948.72 0.0 72.816
0.01872544 3948.08 0.0 72.999
0.01874363 3947.13 0.0 73.183
0.0187574 3946.097 0.0 73.366
0.01877061 3945.46 0.0 73.551
0.01878766 3945.063 0.0 73.733
0.01879981 3943.63 0.0 73.916
0.01881896 3943.0 0.0 74.1
0.01882758 3943.23 0.0 74.281
0.01884992 3942.997 0.0 74.463
0.01885469 3941.567 0.0 74.644
0.01887685 3940.453 0.0 74.826
0.01888643 3939.66 0.0 75.007
0.01890221 3938.387 0.0 75.191
0.01891622 3936.56 0.0 75.374
0.0189299 3935.21 0.0 75.554
0.01894497 3934.173 0.0 75.734
0.01895837 3933.22 0.0 75.917
0.01897285 3932.347 0.0 76.101
0.01898732 3931.157 0.0 76.28
0.01900261 3930.52 0.0 76.46
0.01901635 3929.803 0.0 76.643
0.01903099 3928.533 0.0 76.827
0.01904719 3926.783 0.0 77.007
0.01906172 3925.51 0.0 77.186
0.01907551 3924.56 0.0 77.368
0.01909037 3923.763 0.0 77.553
0.01910488 3922.65 0.0 77.736
0.01911901 3921.46 0.0 77.916
0.01913317 3920.027 0.0 78.099
0.01914837 3918.917 0.0 78.287
0.01916245 3917.487 0.0 78.466
0.01917666 3916.45 0.0 78.648
0.01919186 3915.1 0.0 78.828
0.01920574 3913.67 0.0 79.007
0.01922035 3912.003 0.0 79.187
0.01923512 3910.41 0.0 79.369
0.01924841 3909.3 0.0 79.55
0.01926434 3908.187 0.0 79.734
0.01927913 3906.757 0.0 79.918
0.01929279 3905.39 0.0 80.1
0.01930813 3904.04 0.0 80.28
0.01932212 3901.573 0.0 80.461
0.01933622 3899.43 0.0 80.641
0.01935155 3897.523 0.0 80.821
0.01936557 3896.013 0.0 81.005
0.0193801 3894.503 0.0 81.188
0.01939363 3892.437 0.0 81.371
0.01940847 3890.607 0.0 81.554
0.01942347 3888.463 0.0 81.734
0.01943741 3886.633 0.0 81.917
0.01945121 3884.253 0.0 82.098
0.01946617 3881.547 0.0 82.281
0.01948113 3879.087 0.0 82.463
0.0194959 3876.78 0.0 82.648
0.01951073 3874.793 0.0 82.828
0.0195259 3873.123 0.0 83.011
0.01954067 3871.457 0.0 83.194
0.01955332 3868.913 0.0 83.374
0.01956843 3865.733 0.0 83.554
0.01958271 3863.747 0.0 83.734
0.01959822 3862.237 0.0 83.915
0.0196123 3859.853 0.0 84.097
0.01962582 3857.073 0.0 84.283
0.01963984 3854.687 0.0 84.464
0.01965486 3851.907 0.0 84.644
0.01966924 3848.57 0.0 84.827
0.01968398 3845.15 0.0 85.01
0.01969614 3842.527 0.0 85.194
0.01971068 3840.62 0.0 85.375
0.01972476 3838.0 0.0 85.557
0.01973367 3834.74 0.0 85.737
0.0197545 3831.957 0.0 85.92
0.01976277 3828.3 0.0 86.1
0.01978563 3824.727 0.0 86.284
0.01979128 3821.387 0.0 86.465
0.01981489 3818.687 0.0 86.651
0.01982066 3814.71 0.0 86.831
0.01984507 3810.18 0.0 87.015
0.01985279 3805.41 0.0 87.195
0.01986907 3801.12 0.0 87.377
0.0198831 3797.31 0.0 87.558
0.01989711 3793.173 0.0 87.738
0.01991428 3788.723 0.0 87.92
0.01992351 3784.273 0.0 88.097
0.01994517 3780.54 0.0 88.281
0.0199495 3776.09 0.0 88.46
0.01997346 3772.117 0.0 88.641
0.01998097 3767.267 0.0 88.823
0.02000068 3761.7 0.0 89.003
0.02001116 3756.78 0.0 89.186
0.0200237 3751.77 0.0 89.366
0.02004191 3747.0 0.0 89.548
0.02005489 3741.2 0.0 89.73
0.02007346 3735.003 0.0 89.91
0.02008236 3728.327 0.0 90.088
0.02010456 3721.887 0.0 90.27
0.02011013 3715.85 0.0 90.459
0.020134 3710.92 0.0 90.639
0.02014005 3704.483 0.0 90.822
0.02016285 3697.887 0.0 91.01
0.02017146 3690.653 0.0 91.192
0.02018771 3683.267 0.0 91.371
0.02020193 3676.033 0.0 91.555
0.02021408 3668.323 0.0 91.733
0.02023243 3660.85 0.0 91.919
0.02023959 3652.747 0.0 92.1
0.02026229 3645.753 0.0 92.28
0.02026797 3637.647 0.0 92.462
0.0202924 3629.86 0.0 92.639
0.02029813 3620.72 0.0 92.82
0.02031997 3611.82 0.0 93.002
0.02032911 3603.153 0.0 93.182
0.02034557 3594.493 0.0 93.364
0.0203605 3585.99 0.0 93.545
0.02037198 3576.37 0.0 93.728
0.02039157 3566.837 0.0 93.908
0.0203985 3556.347 0.0 94.091
0.02042102 3547.367 0.0 94.271
0.02042682 3537.75 0.0 94.452
0.02045 3528.69 0.0 94.634
0.02045705 3518.117 0.0 94.816
0.02047705 3508.187 0.0 95.001
0.02048799 3498.093 0.0 95.187
0.02050464 3487.52 0.0 95.367
0.02051913 3477.35 0.0 95.548
0.02052808 3466.78 0.0 95.731
0.02054883 3457.003 0.0 95.909
0.02055693 3446.277 0.0 96.087
0.02057927 3435.787 0.0 96.27
0.02058496 3424.343 0.0 96.45
0.02060808 3414.17 0.0 96.632
0.02061476 3403.757 0.0 96.813
0.02063406 3394.54 0.0 96.995
0.02064601 3385.88 0.0 97.175
0.02066031 3377.057 0.0 97.358
0.0206768 3368.073 0.0 97.539
0.02068761 3358.777 0.0 97.723
0.02070728 3350.59 0.0 97.906
0.02071468 3341.45 0.0 98.088
0.02073739 3333.583 0.0 98.268
0.0207429 3325.557 0.0 98.449
0.02076595 3318.88 0.0 98.628
0.02077359 3312.207 0.0 98.808
0.02079296 3306.007 0.0 98.988
0.02080431 3300.76 0.0 99.17
0.02081939 3295.753 0.0 99.351
0.02083521 3291.303 0.0 99.532
0.02084436 3287.727 0.0 99.714
0.02086579 3285.82 0.0 99.898
0.02087246 3283.753 0.0 100.079
0.02089507 3282.8 0.0 100.259
0.02090108 3283.04 0.0 100.44
0.02092392 3283.753 0.0 100.618
0.0209322 3285.263 0.0 100.8
0.02094906 3287.253 0.0 100.981
0.02096229 3290.11 0.0 101.163
0.02097625 3293.77 0.0 101.344
0.02099235 3297.9 0.0 101.53
0.02100237 3302.75 0.0 101.71
0.02102305 3308.313 0.0 101.887
0.0210283 3314.907 0.0 102.066
0.02105237 3321.027 0.0 102.247
0.02105814 3328.497 0.0 102.428
0.02107932 3335.807 0.0 102.609
0.02108916 3343.913 0.0 102.793
0.02110582 3352.5 0.0 102.972
0.02111906 3361.24 0.0 103.152
0.02113143 3371.57 0.0 103.334
0.02114994 3381.427 0.0 103.515
0.02115855 3392.633 0.0 103.698
0.02118028 3403.123 0.0 103.881
0.02118488 3414.723 0.0 104.061
0.02120804 3425.533 0.0 104.245
0.02121583 3435.943 0.0 104.428
0.02123654 3446.197 0.0 104.608
0.02124657 3456.923 0.0 104.786
0.02126161 3467.573 0.0 104.967
0.02127704 3479.34 0.0 105.147
0.02128845 3491.653 0.0 105.334
0.02130745 3503.337 0.0 105.517
0.02131586 3515.737 0.0 105.702
0.02133763 3527.02 0.0 105.883
0.02134468 3539.02 0.0 106.065
0.02136818 3549.75 0.0 106.246
0.02137387 3561.193 0.0 106.429
0.02139566 3572.0 0.0 106.609
0.02140405 3583.207 0.0 106.789
0.02141937 3593.86 0.0 106.97
0.02143387 3603.633 0.0 107.152
0.02144631 3613.883 0.0 107.334
0.02146429 3624.057 0.0 107.518
0.02147176 3635.58 0.0 107.701
0.02149338 3645.04 0.0 107.886
0.0215002 3654.413 0.0 108.066
0.02152366 3663.71 0.0 108.247
0.02153024 3672.93 0.0 108.425
0.02155003 3681.12 0.0 108.607
0.02156113 3689.7 0.0 108.788
0.02157712 3698.44 0.0 108.967
0.02159142 3706.71 0.0 109.151
0.02160456 3714.973 0.0 109.331
0.02162219 3722.68 0.0 109.511
0.02162983 3731.107 0.0 109.691
0.02165174 3738.417 0.0 109.873
0.02165773 3745.573 0.0 110.057
0.02168072 3751.77 0.0 110.237
0.02168713 3758.763 0.0 110.418
0.02170612 3765.44 0.0 110.6
0.0217178 3772.117 0.0 110.781
0.02173381 3779.187 0.0 110.96
0.02174813 3785.707 0.0 111.141
0.02175561 3792.46 0.0 111.323
0.02177724 3798.023 0.0 111.504
0.02178586 3803.663 0.0 111.686
0.02180744 3808.197 0.0 111.866
0.02181393 3813.28 0.0 112.048
0.0218363 3818.37 0.0 112.229
0.0218437 3824.487 0.0 112.413
0.02186342 3829.89 0.0 112.592
0.02187376 3834.58 0.0 112.774
0.02188826 3838.95 0.0 112.951
0.02190408 3843.08 0.0 113.131
0.02191416 3847.3 0.0 113.313
0.0219344 3850.95 0.0 113.494
0.02194201 3854.847 0.0 113.676
0.02196325 3858.98 0.0 113.857
0.02196939 3863.19 0.0 114.041
0.02199002 3866.847 0.0 114.222
0.02200012 3870.5 0.0 114.4
0.02201791 3874.397 0.0 114.582
0.02203019 3878.29 0.0 114.763
0.02204432 3881.627 0.0 114.945
0.02206065 3884.253 0.0 115.126
0.02207023 3887.27 0.0 115.307
0.02209052 3889.973 0.0 115.489
0.02209679 3892.753 0.0 115.667
0.02211951 3895.297 0.0 115.851
0.02212511 3898.397 0.0 116.032
0.02214694 3901.733 0.0 116.213
0.02215585 3905.317 0.0 116.395
0.02217323 3908.583 0.0 116.577
0.0221858 3911.527 0.0 116.757
0.02219832 3914.307 0.0 116.938
0.02221611 3916.693 0.0 117.121
0.02222496 3918.837 0.0 117.301
0.02224595 3921.14 0.0 117.483
0.02225218 3924.003 0.0 117.664
0.02227523 3926.07 0.0 117.847
0.02228085 3927.737 0.0 118.031
0.02230205 3929.247 0.0 118.213
0.02231116 3931.237 0.0 118.394
0.02232926 3933.457 0.0 118.577
0.02234167 3935.607 0.0 118.76
0.02235557 3937.673 0.0 118.941
0.02237219 3939.42 0.0 119.124
0.02238059 3941.09 0.0 119.304
0.02240129 3941.96 0.0 119.487
0.02240872 3942.68 0.0 119.667
0.02243041 3943.95 0.0 119.85
0.02243656 3945.54 0.0 120.031
0.02245856 3947.127 0.0 120.212
0.02246685 3949.117 0.0 120.393
0.02248269 3950.783 0.0 120.574
0.0224972 3951.66 0.0 120.755
0.02251017 3952.93 0.0 120.937
0.02252692 3953.967 0.0 121.115
0.02253575 3955.713 0.0 121.295
0.02255648 3956.983 0.0 121.475
0.02256184 3958.257 0.0 121.654
0.022584 3959.763 0.0 121.834
0.0225916 3960.64 0.0 122.016
0.02261163 3961.67 0.0 122.201
0.02262119 3962.47 0.0 122.384
0.02263777 3963.103 0.0 122.568
0.02265152 3964.057 0.0 122.752
0.02266237 3965.567 0.0 122.931
0.02268137 3966.76 0.0 123.114
0.02268955 3968.19 0.0 123.298
0.02271084 3969.3 0.0 123.48
0.02271572 3970.177 0.0 123.665
0.02273769 3970.81 0.0 123.845
0.02274551 3971.923 0.0 124.023
0.0227659 3973.753 0.0 124.204
0.0227762 3975.42 0.0 124.386
0.02279129 3976.37 0.0 124.567
0.0228052 3976.37 0.0 124.749
0.02281674 3977.17 0.0 124.929
0.0228355 3978.68 0.0 125.11
0.02284334 3979.95 0.0 125.291
0.02286479 3980.667 0.0 125.472
0.02287098 3980.98 0.0 125.655
0.02289409 3981.86 0.0 125.836
0.02290027 3982.65 0.0 126.019
0.02291976 3982.65 0.0 126.203
0.02293007 3982.81 0.0 126.383
0.02294475 3983.53 0.0 126.565
0.02296004 3984.32 0.0 126.746
0.02297107 3984.96 0.0 126.93
0.02298991 3985.353 0.0 127.11
0.02299504 3985.277 0.0 127.291
0.02301742 3985.353 0.0 127.473
0.02302398 3986.31 0.0 127.654
0.02304595 3987.42 0.0 127.836
0.02305352 3988.06 0.0 128.016
0.02307229 3988.14 0.0 128.197
0.02308411 3988.77 0.0 128.378
0.02309934 3989.963 0.0 128.558
0.02311363 3990.84 0.0 128.738
0.0231237 3991.633 0.0 128.924
0.02314346 3991.87 0.0 129.109
0.02315172 3991.477 0.0 129.291
0.02317245 3990.92 0.0 129.472
0.02317826 3990.92 0.0 129.65
0.02320129 3991.16 0.0 129.831
0.02320776 3990.76 0.0 130.011
0.02322459 3990.12 0.0 130.19
0.0232373 3989.093 0.0 130.373
0.02325242 3987.023 0.0 130.554
0.02326752 3983.767 0.0 130.736
0.02327383 3980.027 0.0 130.917
0.02329522 3980.827 0.0 131.1
0.02330345 3985.51 0.0 131.28
0.02332593 3990.043 0.0 131.461
0.02333087 3993.62 0.0 131.643
0.02335368 3996.403 0.0 131.822
0.02336071 3998.547 0.0 132.005
0.0233789 4000.217 0.0 132.186
0.02338942 4001.17 0.0 132.369
0.02340429 4001.967 0.0 132.549
0.02341974 4003.157 0.0 132.732
0.02342945 4003.55 0.0 132.915
0.02344894 4003.55 0.0 133.098
0.02345662 4003.63 0.0 133.279
0.02347823 4004.35 0.0 133.461
0.02348329 4005.62 0.0 133.643
0.02350397 4006.02 0.0 133.824
0.02351287 4006.42 0.0 134.006
0.02353178 4006.73 0.0 134.187
0.02354235 4007.13 0.0 134.369
0.02355764 4007.687 0.0 134.546
0.02357285 4008.08 0.0 134.732
0.02358236 4007.77 0.0 134.913
0.0236014 4007.69 0.0 135.093
0.02360789 4007.927 0.0 135.273
0.02362995 4008.08 0.0 135.452
0.02363559 4008.48 0.0 135.634
0.02365675 4009.12 0.0 135.815
0.02366529 4009.673 0.0 135.998
0.02368191 4009.91 0.0 136.179
0.02369426 4010.23 0.0 136.358
0.02370658 4010.63 0.0 136.538
0.02372367 4011.9 0.0 136.717
0.02373337 4012.3 0.0 136.899
0.02375307 4011.263 0.0 137.084
0.02375787 4010.23 0.0 137.266
0.02377916 4010.47 0.0 137.447
0.0237869 4011.027 0.0 137.627
0.0238076 4011.58 0.0 137.809
0.02381628 4011.66 0.0 137.995
0.02383356 4011.74 0.0 138.176
0.02384634 4012.14 0.0 138.357
0.02385817 4012.77 0.0 138.539
0.02387532 4012.537 0.0 138.72
0.02388385 4011.98 0.0 138.903
0.02390411 4012.14 0.0 139.083
0.02390967 4012.693 0.0 139.263
0.02393173 4013.49 0.0 139.445
0.02393839 4013.73 0.0 139.626
0.02395837 4013.33 0.0 139.805
0.023968 4013.17 0.0 139.985
0.02398247 4013.81 0.0 140.167
0.02399717 4014.68 0.0 140.344
0.02400795 4014.68 0.0 140.524
0.02402592 4014.127 0.0 140.707
0.02403395 4014.05 0.0 140.887
0.02405485 4014.36 0.0 141.07
0.02405927 4014.76 0.0 141.25
0.02408192 4015.08 0.0 141.43
0.02408857 4015.477 0.0 141.612
0.0241082 4015.95 0.0 141.794
0.02411803 4016.59 0.0 141.976
0.02413316 4016.51 0.0 142.16
0.02414804 4016.35 0.0 142.342
0.02415769 4015.95 0.0 142.523
0.02417564 4015.95 0.0 142.704
0.02418311 4016.35 0.0 142.885
0.02420458 4016.907 0.0 143.069
0.02420982 4017.38 0.0 143.253
0.02423218 4017.46 0.0 143.433
0.02423849 4017.62 0.0 143.615
0.02425666 4017.38 0.0 143.794
0.02426737 4017.14 0.0 143.974
0.02428222 4017.62 0.0 144.155
0.02429727 4018.1 0.0 144.338
0.02430751 4017.78 0.0 144.523
0.02432604 4017.3 0.0 144.703
0.02433235 4017.14 0.0 144.884
0.02435471 4017.46 0.0 145.066
0.02435931 4017.94 0.0 145.249
0.02438124 4018.573 0.0 145.429
0.02438871 4019.53 0.0 145.61
0.02440318 4019.61 0.0 145.792
0.0244175 4019.21 0.0 145.973
0.02443041 4019.21 0.0 146.151
0.0244465 4018.97 0.0 146.331
0.02445406 4018.57 0.0 146.51
0.02447505 4018.73 0.0 146.689
0.02448207 4019.05 0.0 146.872
0.02450357 4019.05 0.0 147.055
0.02450884 4019.05 0.0 147.236
0.02452932 4019.13 0.0 147.42
0.02453811 4020.087 0.0 147.604
0.0245559 4021.437 0.0 147.786
0.02456659 4021.593 0.0 147.966
0.02457882 4021.517 0.0 148.146
0.02459536 4021.36 0.0 148.326
0.02460296 4020.72 0.0 148.508
0.02462363 4020.24 0.0 148.689
0.02462931 4020.48 0.0 148.869
0.02465139 4020.72 0.0 149.052
0.0246576 4020.72 0.0 149.235
0.02467461 4021.12 0.0 149.415
0.02468569 4021.12 0.0 149.595
0.02470388 4020.48 0.0 149.777
0.0247155 4019.37 0.0 149.96
0.02472697 4017.94 0.0 150.141
0.02474392 4017.62 0.0 150.323
0.0247528 4018.337 0.0 150.501
0.0247721 4018.97 0.0 150.685
0.02477783 4018.73 0.0 150.866
0.02479984 4018.73 0.0 151.047
0.02480529 4019.29 0.0 151.226
0.0248256 4019.77 0.0 151.409
0.02483448 4020.087 0.0 151.584
0.02485047 4020.087 0.0 151.769
0.0248635 4020.32 0.0 151.951
0.02487263 4020.32 0.0 152.131
0.02489172 4020.163 0.0 152.313
0.02489839 4020.163 0.0 152.493
0.0249196 4020.72 0.0 152.676
0.02492443 4021.12 0.0 152.853
0.02494313 4021.36 0.0 153.037
0.0249521 4020.96 0.0 153.219
0.02497248 4020.56 0.0 153.4
0.02498134 4020.64 0.0 153.581
0.02499735 4020.88 0.0 153.763
0.02501032 4020.72 0.0 153.945
0.02502103 4020.88 0.0 154.126
0.02503803 4020.64 0.0 154.306
0.02504644 4020.72 0.0 154.488
0.0250664 4021.437 0.0 154.667
0.0250714 4021.357 0.0 154.852
0.02509338 4020.72 0.0 155.036
0.02509998 4020.24 0.0 155.218
0.02511896 4020.32 0.0 155.398
0.02512867 4020.32 0.0 155.582
0.02514114 4020.087 0.0 155.766
0.02515649 4020.32 0.0 155.944
0.02516921 4020.72 0.0 156.128
0.02518567 4020.96 0.0 156.317
0.02519498 4021.517 0.0 156.5
0.02521388 4021.99 0.0 156.68
0.02521941 4022.07 0.0 156.867
0.02524109 4022.15 0.0 157.047
0.02524672 4022.15 0.0 157.23
0.02526752 4022.23 0.0 157.41
0.02527494 4022.867 0.0 157.591
0.02529005 4023.34 0.0 157.773
0.02530338 4022.947 0.0 157.959
0.02531606 4022.63 0.0 158.14
0.02533165 4022.39 0.0 158.323
0.02533942 4022.39 0.0 158.503
0.02535895 4021.99 0.0 158.683
0.02536519 4020.96 0.0 158.865
0.02538677 4020.88 0.0 159.046
0.02539227 4022.07 0.0 159.229
0.02541287 4022.55 0.0 159.409
0.02542106 4022.39 0.0 159.591
0.02543568 4021.99 0.0 159.772
0.02544925 4021.99 0.0 159.952
0.02546042 4022.07 0.0 160.134
0.02547718 4022.47 0.0 160.311
0.02548515 4022.79 0.0 160.49
0.02550543 4022.39 0.0 160.678
0.02550949 4021.753 0.0 160.86
0.02553202 4021.2 0.0 161.041
0.02553765 4020.56 0.0 161.223
0.02555708 4020.72 0.0 161.402
0.02556573 4021.28 0.0 161.584
0.02558052 4021.99 0.0 161.763
0.02559403 4023.027 0.0 161.944
0.0256037 4023.58 0.0 162.127
0.0256219 4023.103 0.0 162.306
0.02562873 4022.31 0.0 162.483
0.0256496 4021.99 0.0 162.665
0.02565404 4021.673 0.0 162.846
0.0256755 4021.2 0.0 163.028
0.02568173 4021.91 0.0 163.209
0.02569785 4022.787 0.0 163.39
0.02570938 4023.18 0.0 163.571
0.02572291 4023.1 0.0 163.75
0.02573715 4023.5 0.0 163.931
0.0257459 4024.06 0.0 164.111
0.02576521 4023.9 0.0 164.291
0.02577086 4022.15 0.0 164.473
0.02579191 4021.2 0.0 164.652
0.02579762 4022.39 0.0 164.829
0.0258176 4023.18 0.0 165.012
0.02582515 4022.71 0.0 165.191
0.02584061 4022.47 0.0 165.372
0.02585368 4022.947 0.0 165.552
0.02586349 4023.18 0.0 165.734
0.02588098 4023.34 0.0 165.915
0.02588905 4023.023 0.0 166.098
0.02590847 4022.71 0.0 166.282
0.02591378 4023.263 0.0 166.465
0.02593554 4023.5 0.0 166.645
0.02594073 4023.023 0.0 166.831
0.0259607 4022.87 0.0 167.015
0.02596892 4022.79 0.0 167.195
0.02598383 4022.39 0.0 167.375
0.02599582 4022.55 0.0 167.551
0.02600797 4023.263 0.0 167.732
0.02602446 4023.98 0.0 167.914
0.0260313 4023.98 0.0 168.098
0.02605087 4023.58 0.0 168.282
0.02605635 4023.58 0.0 168.464
0.02607824 4023.58 0.0 168.648
0.02608354 4023.42 0.0 168.83
0.02610318 4023.18 0.0 169.011
0.02611126 4023.58 0.0 169.191
0.02612478 4024.14 0.0 169.369
0.02613961 4024.54 0.0 169.548
0.02614932 4025.01 0.0 169.733
0.02616607 4025.81 0.0 169.913
0.02617061 4026.2 0.0 170.093
0.02619247 4026.2 0.0 170.274
0.02619781 4025.807 0.0 170.456
0.02621968 4024.853 0.0 170.643
0.02622574 4023.9 0.0 170.821
0.02624398 4023.58 0.0 171.005
0.02625304 4023.66 0.0 171.186
0.0262693 4023.183 0.0 171.368
0.02628057 4022.79 0.0 171.548
0.02629066 4023.183 0.0 171.729
0.02630824 4024.22 0.0 171.912
0.02631589 4023.98 0.0 172.095
0.02633573 4023.58 0.0 172.274
0.026341 4023.66 0.0 172.456
0.0263623 4024.14 0.0 172.638
0.02636751 4024.773 0.0 172.818
0.02638375 4024.93 0.0 172.998
0.02639457 4024.85 0.0 173.181
0.02640914 4025.33 0.0 173.363
0.0264219 4025.73 0.0 173.544
0.02642864 4025.33 0.0 173.726
0.02644813 4024.85 0.0 173.91
0.0264562 4024.77 0.0 174.091
0.02647633 4024.617 0.0 174.273
0.02648128 4024.54 0.0 174.454
0.02650249 4024.77 0.0 174.633
0.02650825 4024.617 0.0 174.816
0.02652611 4024.06 0.0 174.997
0.02653488 4023.42 0.0 175.176
0.02654852 4022.71 0.0 175.356
0.02656267 4022.63 0.0 175.534
0.02657137 4022.87 0.0 175.716
0.0265894 4022.87 0.0 175.897
0.02659577 4022.63 0.0 176.077
0.02661577 4022.63 0.0 176.256
0.0266205 4022.15 0.0 176.436
0.02663838 4022.23 0.0 176.617
0.02664742 4022.63 0.0 176.797
0.02666365 4023.103 0.0 176.978
0.02667544 4023.58 0.0 177.16
0.02668791 4023.66 0.0 177.346
0.02670212 4023.98 0.0 177.525
0.02671018 4024.06 0.0 177.706
0.02672904 4024.06 0.0 177.886
0.02673384 4024.06 0.0 178.067
0.02675447 4024.14 0.0 178.245
0.02676016 4024.3 0.0 178.425
0.02676183 4025.33 0.0 178.607
0.02676274 4026.36 0.0 178.788
0.02676359 4025.967 0.0 178.967
0.02676283 4025.33 0.0 179.15
0.02676436 4025.01 0.0 179.328
0.02676407 4024.85 0.0 179.511
0.02676426 4024.617 0.0 179.691
0.02676463 4024.77 0.0 179.874
0.02676418 4025.01 0.0 180.054
0.02676403 4026.123 0.0 180.236
0.02676444 4026.92 0.0 180.417
0.02676457 4026.203 0.0 180.597
0.02676425 4025.17 0.0 180.779
0.0267647 4024.54 0.0 180.96
0.02676431 4024.3 0.0 181.142
0.0267646 4024.46 0.0 181.323
0.02676451 4023.423 0.0 181.505
0.02676485 4022.87 0.0 181.685
0.02676444 4023.023 0.0 181.863
0.02676499 4023.34 0.0 182.045
0.02676413 4023.5 0.0 182.228
0.02676502 4023.58 0.0 182.407
0.02676522 4023.34 0.0 182.588
0.02676482 4023.82 0.0 182.774
0.02676461 4024.853 0.0 182.958
0.02676487 4025.65 0.0 183.139
0.02676472 4025.73 0.0 183.321
0.02676482 4025.57 0.0 183.502
0.02676469 4025.25 0.0 183.684
0.02676467 4025.33 0.0 183.866
0.02676507 4025.81 0.0 184.048
0.02676457 4026.123 0.0 184.228
0.02676477 4025.81 0.0 184.407
0.02676461 4025.49 0.0 184.587
0.02676485 4025.01 0.0 184.767
0.02676474 4024.617 0.0 184.949
0.02676466 4024.617 0.0 185.128
0.026765 4024.54 0.0 185.309
0.02676523 4024.54 0.0 185.489
0.02676498 4024.54 0.0 185.672
0.0267648 4024.93 0.0 185.855
0.02676444 4025.01 0.0 186.032
0.02676446 4024.77 0.0 186.214
0.02676413 4024.537 0.0 186.398
0.02676277 4024.06 0.0 186.578
0.0267621 4023.98 0.0 186.76
0.02676224 4024.773 0.0 186.941
0.02676166 4025.17 0.0 187.125
0.02676198 4025.73 0.0 187.309
0.02676252 4025.41 0.0 187.494
0.0267625 4025.01 0.0 187.681
0.02676256 4025.01 0.0 187.862
0.02676175 4024.773 0.0 188.043
0.02676212 4024.693 0.0 188.222
0.02676185 4024.77 0.0 188.409
0.02676229 4024.54 0.0 188.591
0.02676149 4024.617 0.0 188.773
0.02676182 4024.93 0.0 188.952
0.02676206 4024.617 0.0 189.132
0.02676243 4024.3 0.0 189.312
0.02676201 4024.06 0.0 189.494
0.02676177 4024.3 0.0 189.673
0.02676154 4024.693 0.0 189.853
0.02676178 4024.77 0.0 190.033
0.02676229 4024.773 0.0 190.215
0.0267622 4025.25 0.0 190.398
