X_channel Y_channel II_channel timestamp
0.02675946 0.9979510532131549 0.0 0.0
0.02675937 0.9979312326880101 0.0 0.182
0.02675933 0.998050155838879 0.0 0.362
0.02675887 0.9982476178206342 0.0 0.543
0.02675883 0.9983449861504081 0.0 0.723
0.02675984 0.9982862678446666 0.0 0.907
0.02675913 0.9981690789897478 0.0 1.092
0.02675862 0.9981294379394583 0.0 1.272
0.02675865 0.9982862678446666 0.0 1.454
0.02675917 0.9983449861504081 0.0 1.635
0.02675899 0.9983846272006976 0.0 1.815
0.02675951 0.9982862678446666 0.0 1.998
0.02675911 0.9981294379394583 0.0 2.181
0.02675363 0.9979312326880101 0.0 2.364
0.0267447 0.9979510532131549 0.0 2.547
0.0267419 0.9981096174143135 0.0 2.728
0.02672314 0.9983259088949563 0.0 2.909
0.02671987 0.998582089182453 0.0 3.089
0.0266998 0.9986398164619372 0.0 3.273
0.02669597 0.9985828324521459 0.0 3.457
0.02667903 0.9985828324521459 0.0 3.636
0.02667117 0.9986019097075978 0.0 3.817
0.02665928 0.9986207392064853 0.0 3.999
0.02664728 0.9984639093012769 0.0 4.181
0.02663854 0.9982862678446666 0.0 4.362
0.02662342 0.9982285405651824 0.0 4.544
0.0266178 0.9981690789897478 0.0 4.725
0.02659969 0.9980897968891687 0.0 4.909
0.02659619 0.998050155838879 0.0 5.092
0.02657683 0.9980105147885894 0.0 5.27
0.02657208 0.9981294379394583 0.0 5.449
0.02655695 0.9983449861504081 0.0 5.635
0.02654818 0.9984639093012769 0.0 5.814
0.02653534 0.9983648066755529 0.0 5.994
0.02652331 0.9983449861504081 0.0 6.174
0.02651744 0.9982862678446666 0.0 6.356
0.0264994 0.9980105147885894 0.0 6.537
0.02649387 0.9979906942634446 0.0 6.719
0.02647512 0.9981492584646031 0.0 6.9
0.02647172 0.9981096174143135 0.0 7.083
0.02645179 0.9980699763640237 0.0 7.266
0.02644645 0.9980105147885894 0.0 7.447
0.02642954 0.9981690789897478 0.0 7.629
0.0264216 0.9982285405651824 0.0 7.81
0.02640948 0.9982476178206342 0.0 7.992
0.02639687 0.9984440887761322 0.0 8.173
0.02638696 0.9987190985625165 0.0 8.355
0.02637226 0.9990146721437385 0.0 8.536
0.02636596 0.9991724930752041 0.0 8.719
0.02634767 0.9994086050809917 0.0 8.899
0.0263439 0.999487143911878 0.0 9.079
0.02632627 0.999291416226073 0.0 9.262
0.0263193 0.9991130314997696 0.0 9.442
0.026304 0.9990932109746248 0.0 9.624
0.02629487 0.9990535699243352 0.0 9.805
0.02628534 0.9988974832888198 0.0 9.987
0.02627009 0.9989562015945613 0.0 10.168
0.02626037 0.9990535699243352 0.0 10.35
0.02624437 0.9990139288740455 0.0 10.53
0.02623969 0.9990535699243352 0.0 10.709
0.02622067 0.9989562015945613 0.0 10.89
0.02621554 0.9989371243391094 0.0 11.07
0.02619664 0.9989371243391094 0.0 11.252
0.02619012 0.9988578422385301 0.0 11.433
0.02617401 0.9988182011882405 0.0 11.613
0.02616467 0.9988182011882405 0.0 11.795
0.02615368 0.9989750310934489 0.0 11.976
0.02613934 0.9991923136003489 0.0 12.159
0.02613124 0.9991526725500594 0.0 12.341
0.02611371 0.9990535699243352 0.0 12.525
0.0261098 0.9991923136003489 0.0 12.706
0.0260901 0.9995069644370228 0.0 12.892
0.02608559 0.9996853491633261 0.0 13.077
0.0260647 0.9996060670627469 0.0 13.26
0.02605955 0.9996647853684885 0.0 13.44
0.0260481 0.9998414357988415 0.0 13.621
0.02603445 0.9998612563239864 0.0 13.803
0.0260215 0.9997621536982624 0.0 13.984
0.02600824 0.9997621536982624 0.0 14.165
0.02599949 0.9997621536982624 0.0 14.343
0.02598332 0.9997430764428104 0.0 14.529
0.02597693 0.9995267849621676 0.0 14.712
0.0259575 0.9993310572763626 0.0 14.892
0.0259535 0.9993887845558469 0.0 15.073
0.02593359 0.9993699550569594 0.0 15.255
0.0259269 0.9993508778015073 0.0 15.432
0.025913 0.9994673233867333 0.0 15.614
0.02590123 0.999487143911878 0.0 15.794
0.025889 0.9994276823364435 0.0 15.975
0.02587523 0.9994078618112987 0.0 16.162
0.02586895 0.9994078618112987 0.0 16.342
0.0258502 0.9994276823364435 0.0 16.528
0.02584408 0.9994673233867333 0.0 16.708
0.02582394 0.9995664260124572 0.0 16.889
0.02581946 0.9996060670627469 0.0 17.07
0.02579997 0.9996853491633261 0.0 17.249
0.02579288 0.9996853491633261 0.0 17.429
0.02577825 0.9995466054873124 0.0 17.612
0.02576687 0.9994276823364435 0.0 17.795
0.02575597 0.9995664260124572 0.0 17.976
0.02574064 0.9996655286381813 0.0 18.156
0.02573374 0.9996457081130365 0.0 18.339
0.02571465 0.9997242469439228 0.0 18.522
0.02571016 0.9997621536982624 0.0 18.702
0.02568932 0.9997621536982624 0.0 18.884
0.02568447 0.9997621536982624 0.0 19.065
0.02566537 0.9997242469439228 0.0 19.249
0.02565792 0.9996258875878917 0.0 19.433
0.02564308 0.9995267849621676 0.0 19.61
0.02563157 0.9994673233867333 0.0 19.79
0.02561942 0.9994673233867333 0.0 19.976
0.02560511 0.9995267849621676 0.0 20.157
0.02559803 0.9998216152736967 0.0 20.34
0.02557963 1.0 0.0 20.52
0.02557495 0.9999405384245657 0.0 20.699
0.02555328 0.9996251443181987 0.0 20.875
0.02554906 0.9994673233867333 0.0 21.055
0.02552935 0.9994673233867333 0.0 21.237
0.02552163 0.9994276823364435 0.0 21.42
0.02550889 0.999291416226073 0.0 21.597
0.02549556 0.9991328520249144 0.0 21.776
0.0254853 0.9991130314997696 0.0 21.957
0.02546853 0.99907339044948 0.0 22.139
0.02546177 0.9989750310934489 0.0 22.316
0.02544187 0.9989562015945613 0.0 22.498
0.02543721 0.9989941083489007 0.0 22.682
0.02541753 0.998877662763675 0.0 22.862
0.02541048 0.9987190985625165 0.0 23.041
0.02539429 0.9987190985625165 0.0 23.224
0.02538301 0.9988380217133854 0.0 23.404
0.02537064 0.9990535699243352 0.0 23.581
0.02535693 0.9991526725500594 0.0 23.764
0.02534945 0.9990337493991904 0.0 23.943
0.02533015 0.9989371243391094 0.0 24.124
0.02532435 0.9989760221197062 0.0 24.306
0.02530397 0.9991526725500594 0.0 24.485
0.02529872 0.9993310572763626 0.0 24.663
0.02528369 0.9993887845558469 0.0 24.845
0.025272 0.9994078618112987 0.0 25.026
0.0252574 0.999487143911878 0.0 25.208
0.02524414 0.9995862465376021 0.0 25.39
0.02523191 0.9995069644370228 0.0 25.579
0.02521658 0.9995267849621676 0.0 25.76
0.02520864 0.9995267849621676 0.0 25.942
0.02518983 0.9993897755821041 0.0 26.127
0.02518371 0.999291416226073 0.0 26.309
0.02516293 0.9993508778015073 0.0 26.494
0.0251575 0.9993508778015073 0.0 26.681
0.02513613 0.9993508778015073 0.0 26.861
0.0251302 0.9994276823364435 0.0 27.042
0.02511373 0.9993887845558469 0.0 27.224
0.02510327 0.9993508778015073 0.0 27.406
0.02509187 0.9993310572763626 0.0 27.583
0.02507611 0.9991526725500594 0.0 27.763
0.02506812 0.99907339044948 0.0 27.945
0.02504901 0.9991526725500594 0.0 28.125
0.02504492 0.9991724930752041 0.0 28.308
0.02502353 0.9991724930752041 0.0 28.489
0.02501733 0.9991923136003489 0.0 28.671
0.02499711 0.999291416226073 0.0 28.852
0.02498894 0.9994475028615883 0.0 29.032
0.02497378 0.9994673233867333 0.0 29.211
0.02496131 0.9993501345318145 0.0 29.394
0.02494839 0.9992319546506385 0.0 29.574
0.02493324 0.9991923136003489 0.0 29.758
0.02492525 0.9991526725500594 0.0 29.941
0.02490596 0.9990337493991904 0.0 30.121
0.02490038 0.9989371243391094 0.0 30.303
0.02487878 0.9989371243391094 0.0 30.482
0.02487346 0.9989173038139646 0.0 30.664
0.02485472 0.9988182011882405 0.0 30.846
0.02484585 0.9988380217133854 0.0 31.027
0.02483242 0.9989948516185937 0.0 31.207
0.02481786 0.9990535699243352 0.0 31.387
0.02480816 0.9991130314997696 0.0 31.567
0.02479021 0.9990337493991904 0.0 31.746
0.02478564 0.9989562015945613 0.0 31.926
0.02476475 0.9988380217133854 0.0 32.107
0.02475795 0.9987389190876613 0.0 32.285
0.02473641 0.9986992780373716 0.0 32.465
0.02473001 0.9986398164619372 0.0 32.648
0.02471073 0.9986019097075978 0.0 32.832
0.02470118 0.9988967400191268 0.0 33.014
0.02468735 0.9992715957009282 0.0 33.195
0.02467305 0.9994078618112987 0.0 33.378
0.02466296 0.999291416226073 0.0 33.558
0.02464548 0.9991130314997696 0.0 33.738
0.02463846 0.99907339044948 0.0 33.917
0.02461731 0.9991328520249144 0.0 34.1
0.02461278 0.9991724930752041 0.0 34.281
0.02459104 0.9991130314997696 0.0 34.462
0.02458435 0.9990337493991904 0.0 34.643
0.02456952 0.9989173038139646 0.0 34.826
0.02455707 0.9987785601379509 0.0 35.005
0.02454311 0.9987587396128061 0.0 35.186
0.02452843 0.9987587396128061 0.0 35.366
0.02451898 0.9987587396128061 0.0 35.545
0.02449974 0.9987587396128061 0.0 35.727
0.02449354 0.9987389190876613 0.0 35.908
0.02447275 0.9986009186813405 0.0 36.092
0.02446746 0.9985233708767115 0.0 36.274
0.02444661 0.9986398164619372 0.0 36.455
0.02443883 0.9986992780373716 0.0 36.635
0.02442229 0.9987389190876613 0.0 36.817
0.02441074 0.9988182011882405 0.0 36.998
0.02439663 0.9988182011882405 0.0 37.18
0.02438132 0.9987587396128061 0.0 37.361
0.02437304 0.998659636987082 0.0 37.543
0.02435341 0.9984440887761322 0.0 37.722
0.02434698 0.9982476178206342 0.0 37.904
0.02432493 0.9982285405651824 0.0 38.086
0.02431995 0.9982855245749737 0.0 38.267
0.02430236 0.9982087200400375 0.0 38.45
0.02429164 0.9981690789897478 0.0 38.634
0.02427501 0.9982285405651824 0.0 38.817
0.02426274 0.9983648066755529 0.0 38.998
0.02424938 0.9984837298264218 0.0 39.183
0.02423422 0.998168335720055 0.0 39.364
0.02422547 0.9978338643582362 0.0 39.546
0.02420573 0.9976958639519155 0.0 39.726
0.02419959 0.9976958639519155 0.0 39.905
0.02417777 0.9976958639519155 0.0 40.085
0.02417233 0.9975967613261914 0.0 40.266
0.02415222 0.9976760434267706 0.0 40.445
0.02414288 0.9975571202759018 0.0 40.628
0.02412755 0.9974010336403863 0.0 40.809
0.02411411 0.9974010336403863 0.0 40.991
0.02410278 0.9973217515398071 0.0 41.173
0.02408508 0.9971639306083415 0.0 41.355
0.02407683 0.9971062033288572 0.0 41.535
0.02405681 0.9970665622785676 0.0 41.717
0.02405195 0.9970665622785676 0.0 41.902
0.02403091 0.9971639306083415 0.0 42.082
0.02402351 0.9972226489140831 0.0 42.268
0.0240033 0.9971062033288572 0.0 42.45
0.02399404 0.9969872801779883 0.0 42.631
0.02397814 0.9968485365019747 0.0 42.812
0.02396475 0.996808895451685 0.0 42.991
0.02395409 0.9968485365019747 0.0 43.171
0.0239359 0.9967890749265402 0.0 43.353
0.02392811 0.9967494338762506 0.0 43.538
0.02390757 0.9968683570271195 0.0 43.718
0.02390024 0.9970071007031331 0.0 43.899
0.0238785 0.9971252805843092 0.0 44.081
0.02387309 0.9971252805843092 0.0 44.26
0.02385364 0.996927818602554 0.0 44.446
0.02384363 0.9967692544013954 0.0 44.627
0.02382961 0.9966924498664592 0.0 44.807
0.02381469 0.9966329882910249 0.0 44.989
0.02380314 0.9966329882910249 0.0 45.17
0.02378546 0.9965735267155903 0.0 45.356
0.02377937 0.9965933472407351 0.0 45.537
0.02375832 0.9966726293413144 0.0 45.723
0.0237507 0.9968287159768299 0.0 45.904
0.02372816 0.9969872801779883 0.0 46.09
0.02372244 0.9969476391276988 0.0 46.271
0.02370251 0.9966917065967664 0.0 46.451
0.02369264 0.9964157057841249 0.0 46.632
0.02367521 0.9963183374543509 0.0 46.814
0.023663 0.996199414303482 0.0 46.993
0.023652 0.9960606706274684 0.0 47.177
0.02363397 0.9959244045170977 0.0 47.36
0.02362441 0.9957460197907945 0.0 47.544
0.02360505 0.9956080193844736 0.0 47.727
0.0235974 0.9957460197907945 0.0 47.912
0.02357531 0.9958649429416634 0.0 48.093
0.02357017 0.9958649429416634 0.0 48.273
0.02355008 0.9958649429416634 0.0 48.454
0.023541 0.9958253018913736 0.0 48.637
0.02352524 0.99568655821536 0.0 48.814
0.02351162 0.9954710100044102 0.0 48.996
0.02349976 0.9953322663283964 0.0 49.177
0.02348245 0.9953520868535413 0.0 49.36
0.02347454 0.9953917279038308 0.0 49.544
0.02345337 0.9952926252781067 0.0 49.724
0.02344638 0.9951365386425914 0.0 49.907
0.02342398 0.9949779744414329 0.0 50.087
0.0234182 0.9947426057053382 0.0 50.27
0.02340144 0.9945461347498402 0.0 50.454
0.02338898 0.9944081343435195 0.0 50.636
0.0233709 0.9941908518366195 0.0 50.817
0.02335867 0.9939547398308319 0.0 50.998
0.02334528 0.9937384483501891 0.0 51.176
0.02332941 0.9935013453181442 0.0 51.356
0.02332067 0.9932659765820496 0.0 51.538
0.02330042 0.9930875918557464 0.0 51.719
0.02329369 0.9928522231196516 0.0 51.901
0.02327121 0.9924392129269466 0.0 52.082
0.02326526 0.991493773877539 0.0 52.264
0.02324432 0.9901937951846035 0.0 52.446
0.02323553 0.9896430323421419 0.0 52.629
0.02321808 0.9899973242291056 0.0 52.812
0.02320516 0.9906273691721462 0.0 52.992
0.02319142 0.991375593996363 0.0 53.176
0.02317578 0.9919065363136796 0.0 53.359
0.02316629 0.9921039982954348 0.0 53.542
0.02314621 0.9919652546194212 0.0 53.728
0.02313866 0.9917695269336162 0.0 53.91
0.0231168 0.9917298858833266 0.0 54.089
0.0231118 0.9917893474587609 0.0 54.268
0.02309319 0.9916902448330368 0.0 54.448
0.02308194 0.9917298858833266 0.0 54.628
0.02306519 0.9918678862896473 0.0 54.807
0.02305176 0.9917100653581817 0.0 54.99
0.02303936 0.9913954145215077 0.0 55.168
0.02302185 0.9911781320146077 0.0 55.35
0.02301407 0.9909420200088201 0.0 55.531
0.02299211 0.9908032763328065 0.0 55.709
0.02298619 0.9908032763328065 0.0 55.892
0.02296379 0.9907643785522099 0.0 56.075
0.02295718 0.990429907190391 0.0 56.254
0.02293738 0.9902136157097482 0.0 56.434
0.02292681 0.9902928978103275 0.0 56.617
0.02291236 0.9905679075967119 0.0 56.797
0.0228983 0.9909023789585305 0.0 56.978
0.02288712 0.9909023789585305 0.0 57.16
0.02286817 0.9906860874778878 0.0 57.342
0.02286 0.9904497277155359 0.0 57.523
0.02283817 0.990253256760038 0.0 57.705
0.02283335 0.9901541541343138 0.0 57.887
0.02281273 0.9900557947782828 0.0 58.066
0.02280301 0.9898593238227847 0.0 58.245
0.0227841 0.9894653908855315 0.0 58.429
0.02277239 0.9891507400488576 0.0 58.607
0.02275745 0.9888360892121837 0.0 58.791
0.02274239 0.9887369865864597 0.0 58.971
0.02273248 0.9886180634355908 0.0 59.155
0.02271245 0.9884619768000754 0.0 59.338
0.02270499 0.988303412598917 0.0 59.518
0.0226824 0.9880284028125326 0.0 59.698
0.02267747 0.9877526497564553 0.0 59.881
0.02265507 0.9875162899941035 0.0 60.061
0.02264735 0.9870827160065606 0.0 60.243
0.02262885 0.9866699535704199 0.0 60.427
0.02261724 0.9865121326389543 0.0 60.607
0.02260419 0.9863733889629406 0.0 60.787
0.0225866 0.9861974818022805 0.0 60.967
0.0225765 0.9860785586514116 0.0 61.149
0.02255647 0.9859405582450907 0.0 61.334
0.02255124 0.9856648051890136 0.0 61.516
0.02252822 0.985409615927774 0.0 61.697
0.0225217 0.9852708722517604 0.0 61.878
0.0224993 0.9850553240408105 0.0 62.058
0.02249112 0.9848578620590553 0.0 62.239
0.02247375 0.9845035701720917 0.0 62.417
0.02246084 0.9840898167096939 0.0 62.599
0.02244786 0.9836374132232635 0.0 62.781
0.02243064 0.9833415918854771 0.0 62.965
0.02242113 0.9831847619802687 0.0 63.148
0.02240077 0.9828495473487571 0.0 63.329
0.02239371 0.9824754349366487 0.0 63.509
0.02237072 0.9823572550554728 0.0 63.688
0.02236542 0.9822192546491519 0.0 63.868
0.02234425 0.9820029631685092 0.0 64.051
0.02233523 0.9816288507564008 0.0 64.231
0.02231901 0.9810969174128269 0.0 64.414
0.02230449 0.980585052350962 0.0 64.598
0.022293 0.9801522216331122 0.0 64.777
0.02227447 0.9798566480518902 0.0 64.955
0.02226835 0.9795221766900715 0.0 65.137
0.02224548 0.9792461758774299 0.0 65.32
0.02223846 0.9788720634653216 0.0 65.504
0.02221522 0.9784593010291808 0.0 65.683
0.0222085 0.9779662654662036 0.0 65.863
0.02218752 0.9774747164426122 0.0 66.047
0.022178 0.9768248509744266 0.0 66.23
0.02216022 0.9761353444559514 0.0 66.413
0.02214687 0.9756041543820705 0.0 66.594
0.02213545 0.9749733661693367 0.0 66.774
0.02211692 0.9743430734697316 0.0 66.953
0.02210783 0.9738510289330117 0.0 67.133
0.02208655 0.9733396593842754 0.0 67.313
0.02208052 0.9726692301212522 0.0 67.496
0.02205747 0.9721182195222263 0.0 67.676
0.02205084 0.9715865339352167 0.0 67.858
0.02203266 0.9711735237425115 0.0 68.039
0.02202028 0.9706614109240824 0.0 68.221
0.02200329 0.9699719044056073 0.0 68.402
0.0219897 0.9690081313704407 0.0 68.584
0.02198101 0.9681806244456447 0.0 68.769
0.02196078 0.9676075635123953 0.0 68.952
0.02195096 0.967093716398016 0.0 69.132
0.02192891 0.9666403218853283 0.0 69.311
0.02192281 0.9659327291376586 0.0 69.491
0.02189955 0.9653024364380535 0.0 69.675
0.02189278 0.9646129299195783 0.0 69.858
0.02187252 0.963706884163896 0.0 70.038
0.02186233 0.9627820089093261 0.0 70.221
0.02184623 0.9620726818657062 0.0 70.4
0.021832 0.9614423891661009 0.0 70.581
0.02181989 0.9606753348429967 0.0 70.764
0.02180062 0.9599469305439248 0.0 70.947
0.02179218 0.9590210642630977 0.0 71.127
0.02177074 0.958173736813157 0.0 71.307
0.02176581 0.9572694253534247 0.0 71.486
0.02174459 0.9563824568531943 0.0 71.666
0.02173595 0.9555755137232361 0.0 71.846
0.0217163 0.9548860072047609 0.0 72.027
0.02170464 0.9540196024993682 0.0 72.209
0.02168933 0.9530154451442191 0.0 72.393
0.02167429 0.9518931079078942 0.0 72.572
0.02166328 0.950574299716071 0.0 72.754
0.02164363 0.9493932441740044 0.0 72.934
0.02163561 0.9483296252434209 0.0 73.117
0.02161348 0.9472278518019335 0.0 73.297
0.0216082 0.945927129839305 0.0 73.474
0.02158474 0.944705689977256 0.0 73.656
0.02157617 0.9436229937912206 0.0 73.837
0.02155796 0.9425204770800403 0.0 74.021
0.02154536 0.9414576014191496 0.0 74.204
0.02153163 0.9402758026073901 0.0 74.383
0.02151507 0.9390362765161464 0.0 74.563
0.02150473 0.9375388358414556 0.0 74.747
0.02148409 0.9362398481747775 0.0 74.93
0.02147708 0.9349596900069868 0.0 75.114
0.02145448 0.9337598049660326 0.0 75.296
0.0214492 0.9323805441725179 0.0 75.477
0.02142624 0.9311013770309845 0.0 75.66
0.02141734 0.9295645430625685 0.0 75.844
0.021398 0.9279704773277968 0.0 76.027
0.02138634 0.9263749250536393 0.0 76.207
0.0213724 0.924800184330884 0.0 76.389
0.02135605 0.923244273107016 0.0 76.569
0.0213467 0.9215511047465204 0.0 76.75
0.02132512 0.9199951935226524 0.0 76.934
0.02131852 0.9182435546129796 0.0 77.113
0.02129547 0.916766182219998 0.0 77.296
0.02128934 0.9150930821412113 0.0 77.48
0.02126546 0.9133800932555709 0.0 77.662
0.02125853 0.911509531195029 0.0 77.846
0.02124076 0.9098753288968391 0.0 78.026
0.02122725 0.9081021351660713 0.0 78.206
0.02121314 0.9061540253009004 0.0 78.386
0.02119651 0.9045584730267429 0.0 78.565
0.02118693 0.9026688337107491 0.0 78.745
0.02116655 0.9008180921753522 0.0 78.929
0.02115993 0.8988682480142313 0.0 79.111
0.02113598 0.8971941569091874 0.0 79.293
0.02113057 0.8954623385246593 0.0 79.475
0.02110728 0.8938271452002121 0.0 79.657
0.02109879 0.8919179331156379 0.0 79.841
0.02108433 0.8899879094796617 0.0 80.022
0.02106797 0.8882947411191661 0.0 80.204
0.02105494 0.8865034611592034 0.0 80.383
0.02103711 0.884829617810724 0.0 80.566
0.02102813 0.8830373468245041 0.0 80.746
0.02100612 0.8814824266268935 0.0 80.927
0.02100054 0.8796901556406738 0.0 81.109
0.02097678 0.8781738854670955 0.0 81.287
0.02097018 0.8765396831689056 0.0 81.47
0.02094817 0.8750241562650203 0.0 81.65
0.02093898 0.8736458864977628 0.0 81.832
0.02092284 0.8723855488551169 0.0 82.013
0.02090798 0.8712830321439368 0.0 82.194
0.02089583 0.8700814128070324 0.0 82.376
0.0208768 0.8688996139952729 0.0 82.556
0.02086967 0.8675220874977083 0.0 82.738
0.02084724 0.8665179301425592 0.0 82.918
0.02084078 0.8656317049120217 0.0 83.098
0.02081765 0.8649223778684016 0.0 83.278
0.02081046 0.8642534351447642 0.0 83.458
0.02079357 0.863544851370837 0.0 83.638
0.02077946 0.8628759086471997 0.0 83.818
0.02076486 0.8621266927967257 0.0 84.0
0.02074831 0.8615561094291193 0.0 84.181
0.02073773 0.8612018175421559 0.0 84.361
0.0207171 0.8610630738661421 0.0 84.544
0.02071003 0.861181997017011 0.0 84.723
0.02068639 0.8614768273285401 0.0 84.906
0.02068148 0.8617724009097621 0.0 85.086
0.02065875 0.8619698628915173 0.0 85.265
0.02064987 0.8622052316276121 0.0 85.445
0.02063076 0.8625206257339788 0.0 85.626
0.02061855 0.8629541997215217 0.0 85.805
0.02060453 0.863544851370837 0.0 85.985
0.02058832 0.8643128967201986 0.0 86.171
0.02057962 0.8651592331438822 0.0 86.35
0.02055795 0.8658678169178093 0.0 86.53
0.02055052 0.8668729652992156 0.0 86.707
0.02052745 0.8679358409601062 0.0 86.886
0.02052174 0.8690978192467209 0.0 87.069
0.02050457 0.8701012333321771 0.0 87.246
0.02049138 0.8711244679427782 0.0 87.429
0.02047351 0.8724450104305514 0.0 87.609
0.0204595 0.8739216395538401 0.0 87.789
0.02044568 0.8752793455262599 0.0 87.972
0.02042786 0.8765595036940504 0.0 88.155
0.02041893 0.8780559533424839 0.0 88.339
0.02039702 0.8794540436348862 0.0 88.519
0.02038978 0.88091085223303 0.0 88.702
0.02036714 0.8822891220002874 0.0 88.885
0.02036105 0.8839624698356384 0.0 89.064
0.02033911 0.8854794832789095 0.0 89.244
0.02032915 0.8870346512330844 0.0 89.424
0.02031235 0.8885509214066628 0.0 89.604
0.02029791 0.8902049442299974 0.0 89.786
0.02028735 0.8920160447151048 0.0 89.972
0.02026821 0.8936314175144071 0.0 90.153
0.02025868 0.8953632358989352 0.0 90.335
0.02023615 0.8969786086982374 0.0 90.515
0.02022962 0.8986519565335884 0.0 90.696
0.02020617 0.9001880472323115 0.0 90.879
0.02020001 0.9018611473110981 0.0 91.059
0.02017828 0.9034170585349659 0.0 91.241
0.02016814 0.9049722264891409 0.0 91.422
0.02015246 0.9067055314130549 0.0 91.6
0.02013724 0.9084185202986954 0.0 91.78
0.02012551 0.9101503386832235 0.0 91.961
0.0201052 0.911745890957381 0.0 92.144
0.02009718 0.9134197343058604 0.0 92.324
0.02007525 0.9148757996343113 0.0 92.505
0.0200694 0.916451531383324 0.0 92.687
0.02004564 0.9177316895511147 0.0 92.87
0.02003794 0.9192469686984357 0.0 93.052
0.02001696 0.9206064089668056 0.0 93.237
0.02000643 0.9221021153455461 0.0 93.417
0.01999383 0.9237164971185912 0.0 93.599
0.01997611 0.925194117268137 0.0 93.78
0.01996483 0.9266905669165706 0.0 93.96
0.01994448 0.9280490161586832 0.0 94.142
0.01993717 0.9293869016059582 0.0 94.323
0.01991429 0.930333331681623 0.0 94.502
0.01990878 0.9313962073425136 0.0 94.681
0.01988533 0.9324392624782595 0.0 94.862
0.01987724 0.9336607023403085 0.0 95.044
0.01985853 0.9349398694818419 0.0 95.223
0.019846 0.9361011044987637 0.0 95.405
0.01983118 0.9372630827853784 0.0 95.589
0.01981468 0.9384448815971379 0.0 95.775
0.01980461 0.939686141984332 0.0 95.955
0.019783 0.9407291971200777 0.0 96.137
0.01977634 0.9418515343564028 0.0 96.32
0.01975303 0.9428160506612623 0.0 96.5
0.01974684 0.9437617374672342 0.0 96.682
0.01972293 0.9445885011223373 0.0 96.863
0.01971536 0.945533196902052 0.0 97.046
0.01969596 0.9466357136132322 0.0 97.226
0.01968407 0.9477382303244125 0.0 97.408
0.01967027 0.9486839171303845 0.0 97.589
0.01965303 0.9493726803791667 0.0 97.772
0.01964255 0.9501018279479315 0.0 97.954
0.01962161 0.9509095143475826 0.0 98.136
0.01961348 0.951774928026718 0.0 98.318
0.01959047 0.9525429733760796 0.0 98.499
0.01958582 0.9533895575563276 0.0 98.681
0.01956226 0.9543154238371546 0.0 98.862
0.01955334 0.9551419397356934 0.0 99.044
0.01953421 0.9559687033907964 0.0 99.228
0.01952224 0.9567962103155924 0.0 99.411
0.01950655 0.9575436918701161 0.0 99.592
0.01949087 0.9583323010143154 0.0 99.776
0.01948023 0.959099603093984 0.0 99.959
0.01945932 0.9597303913067177 0.0 100.139
0.01945194 0.9603596929800655 0.0 100.318
0.01942875 0.960950344629381 0.0 100.498
0.01942323 0.9615613123169698 0.0 100.68
0.01940329 0.9620139635599646 0.0 100.861
0.01939252 0.9624467942778144 0.0 101.045
0.01937307 0.9629784798648241 0.0 101.225
0.01936018 0.9636880546650084 0.0 101.407
0.01934579 0.9644164589640803 0.0 101.59
0.01932884 0.9651448632631522 0.0 101.772
0.01931802 0.9658138059867897 0.0 101.955
0.01929777 0.9663266620749117 0.0 102.138
0.01929019 0.967015425323694 0.0 102.318
0.0192668 0.9676263930112828 0.0 102.501
0.01926112 0.9681417266650479 0.0 102.684
0.01923781 0.9683969159262875 0.0 102.866
0.01922985 0.9686729167389291 0.0 103.045
0.01921061 0.969164961275649 0.0 103.224
0.01919781 0.9697159718746748 0.0 103.406
0.019184 0.9702080164113949 0.0 103.59
0.01916605 0.9704252989182949 0.0 103.771
0.01915526 0.9706415903989376 0.0 103.954
0.01913419 0.971133882692222 0.0 104.142
0.01912949 0.9717441071101178 0.0 104.322
0.01910558 0.9722363994034022 0.0 104.504
0.01909899 0.972669973390945 0.0 104.685
0.01907453 0.9730639063281982 0.0 104.868
0.01906669 0.9735165575711929 0.0 105.05
0.01904643 0.9738715927278494 0.0 105.234
0.01903483 0.9741862435645233 0.0 105.416
0.01901813 0.9744810738760523 0.0 105.597
0.01900329 0.9747964679824193 0.0 105.778
0.01899279 0.9753085808008484 0.0 105.957
0.0189721 0.9757612320438431 0.0 106.141
0.01896369 0.9761948060313859 0.0 106.323
0.01894028 0.9764110975120287 0.0 106.504
0.01893514 0.9765689184434941 0.0 106.684
0.0189107 0.9770015014047798 0.0 106.864
0.01890409 0.9773171432677109 0.0 107.043
0.01888582 0.9774937936980641 0.0 107.226
0.0188722 0.9776912556798193 0.0 107.407
0.01885823 0.977927367685607 0.0 107.589
0.01884011 0.9782023774719911 0.0 107.772
0.01883373 0.9785963104092443 0.0 107.953
0.01880947 0.9788324224150319 0.0 108.135
0.01880311 0.9790893459722216 0.0 108.314
0.01877841 0.9794436378591851 0.0 108.493
0.01877301 0.9798368275267454 0.0 108.677
0.01874966 0.9800927600576778 0.0 108.86
0.01874047 0.9803288720634653 0.0 109.042
0.01872343 0.9805263340452206 0.0 109.221
0.01870727 0.9806056161457999 0.0 109.4
0.01869786 0.9805857956206551 0.0 109.581
0.01867392 0.9806841549766862 0.0 109.762
0.01867015 0.9808013438316049 0.0 109.943
0.01865086 0.9808211643567497 0.0 110.125
0.01863336 0.9810969174128269 0.0 110.307
0.01861911 0.9814313887746456 0.0 110.49
0.01860857 0.9816288507564008 0.0 110.674
0.01859832 0.9819244243376228 0.0 110.854
0.01859081 0.9822004251502644 0.0 111.036
0.01858506 0.9823770755806176 0.0 111.219
0.01857919 0.9825933670612604 0.0 111.398
0.01857478 0.9828106495681604 0.0 111.583
0.01857071 0.9829270951533862 0.0 111.766
0.01856682 0.9829270951533862 0.0 111.947
0.01856529 0.9828701111435948 0.0 112.13
0.0185627 0.9827908290430156 0.0 112.308
0.01856059 0.9827115469424363 0.0 112.491
0.01853996 0.9826124443167122 0.0 112.671
0.0184693 0.9826322648418571 0.0 112.851
0.01844876 0.9829872999985135 0.0 113.03
0.01843009 0.9834406945112011 0.0 113.213
0.01841393 0.9837546020781821 0.0 113.396
0.01839654 0.9840115256353718 0.0 113.576
0.0183856 0.9843070992165939 0.0 113.757
0.01836546 0.9845028269023989 0.0 113.94
0.01835815 0.9845226474275437 0.0 114.12
0.01833467 0.9846804683590092 0.0 114.303
0.01832882 0.985192333420874 0.0 114.485
0.01830507 0.9855466253078375 0.0 114.668
0.01829697 0.9856251641387238 0.0 114.851
0.01827699 0.9854690775032086 0.0 115.033
0.01826544 0.9853501543523396 0.0 115.217
0.01824857 0.9853501543523396 0.0 115.4
0.01823363 0.985409615927774 0.0 115.582
0.01822484 0.9856648051890136 0.0 115.762
0.01820209 0.985823369390172 0.0 115.946
0.01819425 0.9859992765508323 0.0 116.127
0.01817071 0.9861967385325875 0.0 116.31
0.01816493 0.9865121326389543 0.0 116.49
0.01814002 0.9866112352646783 0.0 116.676
0.01813346 0.9866310557898232 0.0 116.857
0.01811244 0.9866887830693074 0.0 117.04
0.0181022 0.9867871424253386 0.0 117.22
0.01808599 0.9871223570568503 0.0 117.402
0.01807045 0.9873775463180898 0.0 117.583
0.01805937 0.9873587168192022 0.0 117.763
0.01803878 0.9871810753625918 0.0 117.945
0.01803141 0.9871216137871572 0.0 118.126
0.01800731 0.9871216137871572 0.0 118.309
0.01800207 0.9872603574631711 0.0 118.49
0.01797828 0.9875353672495553 0.0 118.673
0.01797138 0.9878111203056326 0.0 118.856
0.01794971 0.987674110925569 0.0 119.039
0.01793911 0.9876344698752794 0.0 119.219
0.01792282 0.9879498639816463 0.0 119.401
0.0179065 0.9884612335303824 0.0 119.583
0.01789699 0.9887766276367493 0.0 119.763
0.01787525 0.9887766276367493 0.0 119.945
0.01786807 0.9887568071116045 0.0 120.126
0.01784431 0.988796448161894 0.0 120.308
0.01783873 0.9888955507876181 0.0 120.488
0.01781479 0.9889921758476992 0.0 120.67
0.0178075 0.9889921758476992 0.0 120.851
0.01778858 0.9889723553225543 0.0 121.032
0.01777564 0.9891309195237128 0.0 121.215
0.01776066 0.9891903810991473 0.0 121.395
0.017744 0.9891903810991473 0.0 121.574
0.01773421 0.9891507400488576 0.0 121.754
0.01771231 0.9891507400488576 0.0 121.937
0.01770642 0.9892490994048888 0.0 122.117
0.0176828 0.9894059293100971 0.0 122.301
0.01767718 0.9895446729861108 0.0 122.483
0.01765348 0.9897602211970606 0.0 122.663
0.01764431 0.9899980674987984 0.0 122.843
0.01762557 0.9900748720337346 0.0 123.027
0.0176126 0.9901145130840242 0.0 123.21
0.01759837 0.9901145130840242 0.0 123.39
0.01758124 0.9899980674987984 0.0 123.577
0.01757041 0.9899980674987984 0.0 123.76
0.01754936 0.9901541541343138 0.0 123.943
0.01754236 0.990253256760038 0.0 124.131
0.01751804 0.9903714366412139 0.0 124.314
0.01751267 0.9904291639206981 0.0 124.495
0.01748825 0.9904886254961326 0.0 124.678
0.01748093 0.9904886254961326 0.0 124.862
0.01745987 0.9904100866652462 0.0 125.045
0.0174488 0.9904291639206981 0.0 125.228
0.01743342 0.9904886254961326 0.0 125.405
0.01741717 0.9907066512727255 0.0 125.589
0.01740594 0.9906273691721462 0.0 125.772
0.01738569 0.990429907190391 0.0 125.956
0.01737691 0.9903721799109069 0.0 126.139
0.01735403 0.990448984445843 0.0 126.322
0.01734844 0.9904886254961326 0.0 126.503
0.01732384 0.9905084460212773 0.0 126.688
0.01731739 0.9906860874778878 0.0 126.87
0.01729652 0.990862737908241 0.0 127.05
0.01728507 0.9910213021093994 0.0 127.231
0.01726922 0.9911781320146077 0.0 127.41
0.01725407 0.991375593996363 0.0 127.596
0.01724514 0.9913954145215077 0.0 127.779
0.01722228 0.991375593996363 0.0 127.96
0.01721203 0.9914152350466526 0.0 128.14
0.01719017 0.9912963118957837 0.0 128.323
0.01718356 0.9911781320146077 0.0 128.506
0.01715865 0.9911204047351235 0.0 128.689
0.01715346 0.9910807636848338 0.0 128.87
0.01713051 0.990961840533965 0.0 129.053
0.01712148 0.9908429173830962 0.0 129.232
0.01710359 0.9908429173830962 0.0 129.413
0.01708935 0.990961840533965 0.0 129.599
0.01707598 0.9911593025157202 0.0 129.778
0.01705768 0.9912566708454941 0.0 129.962
0.01704811 0.9910609431596891 0.0 130.143
0.01702589 0.9908429173830962 0.0 130.325
0.01702113 0.9909023789585305 0.0 130.506
0.01699665 0.9911781320146077 0.0 130.686
0.01699012 0.9914350555717975 0.0 130.869
0.01696681 0.9914746966220871 0.0 131.049
0.01695779 0.9913954145215077 0.0 131.228
0.0169392 0.9913954145215077 0.0 131.412
0.01692523 0.9915135944026837 0.0 131.595
0.0169124 0.9915911422073129 0.0 131.778
0.01689472 0.9916704243078921 0.0 131.959
0.01688529 0.9916902448330368 0.0 132.141
0.01686322 0.9917893474587609 0.0 132.32
0.01685783 0.9916902448330368 0.0 132.497
0.01683383 0.9917695269336162 0.0 132.677
0.01682702 0.9917893474587609 0.0 132.859
0.01680531 0.9917893474587609 0.0 133.04
0.01679491 0.9918480657645025 0.0 133.223
0.0167789 0.9919454340942764 0.0 133.404
0.01676284 0.9920048956697107 0.0 133.583
0.01675055 0.9920247161948557 0.0 133.766
0.01673093 0.9921039982954348 0.0 133.946
0.01672297 0.9922229214463038 0.0 134.128
0.01669986 0.9923004692509328 0.0 134.308
0.01669436 0.9923195465063847 0.0 134.485
0.01667126 0.9923393670315296 0.0 134.667
0.0166632 0.9922816397520453 0.0 134.848
0.01664245 0.9924384696572536 0.0 135.031
0.01663121 0.9927332999687827 0.0 135.213
0.01661829 0.9927332999687827 0.0 135.399
0.01659903 0.9924384696572536 0.0 135.58
0.01658874 0.9921039982954348 0.0 135.759
0.01656711 0.9920247161948557 0.0 135.939
0.01655948 0.9920841777702901 0.0 136.12
0.01653634 0.9922618192269005 0.0 136.305
0.01653076 0.9924186491321088 0.0 136.484
0.0165069 0.992497931232688 0.0 136.663
0.01649897 0.9924384696572536 0.0 136.845
0.01647993 0.9923790080818192 0.0 137.026
0.01646768 0.9923988286069639 0.0 137.209
0.01645326 0.9925375722829777 0.0 137.389
0.01643539 0.992497931232688 0.0 137.571
0.01642617 0.9923988286069639 0.0 137.752
0.01640441 0.9923195465063847 0.0 137.934
0.01639778 0.9923004692509328 0.0 138.115
0.01637298 0.9923195465063847 0.0 138.296
0.01636741 0.9923790080818192 0.0 138.478
0.01634463 0.9924582901823985 0.0 138.658
0.01633504 0.9924186491321088 0.0 138.839
0.01632014 0.9923591875566744 0.0 139.021
0.01630323 0.9923004692509328 0.0 139.203
0.01628924 0.9924582901823985 0.0 139.386
0.01627069 0.9927729410190724 0.0 139.57
0.01626177 0.992989232499715 0.0 139.751
0.01623953 0.9931668739563255 0.0 139.933
0.01623311 0.9932659765820496 0.0 140.114
0.01620915 0.9931470534311807 0.0 140.294
0.01620303 0.9929505824756827 0.0 140.476
0.01618013 0.9926745816630411 0.0 140.657
0.01617112 0.9926359316390088 0.0 140.839
0.01615116 0.9928522231196516 0.0 141.02
0.01613895 0.9931272329060359 0.0 141.202
0.01612536 0.9932659765820496 0.0 141.383
0.01610686 0.9932659765820496 0.0 141.563
0.01609893 0.9933056176323392 0.0 141.744
0.01607517 0.9932461560569048 0.0 141.926
0.01606982 0.9930875918557464 0.0 142.108
0.01604526 0.9930281302803118 0.0 142.286
0.01603936 0.9930479508054566 0.0 142.468
0.01602181 0.9931470534311807 0.0 142.648
0.01600814 0.9931470534311807 0.0 142.826
0.01599051 0.9931470534311807 0.0 143.003
0.01597521 0.9932065150066152 0.0 143.183
0.0159648 0.9933452586826289 0.0 143.366
0.01594392 0.9932065150066152 0.0 143.546
0.01593527 0.9930875918557464 0.0 143.73
0.01591193 0.9930875918557464 0.0 143.913
0.01590766 0.9932857971071943 0.0 144.093
0.015883 0.9934418837427098 0.0 144.272
0.01587521 0.9934418837427098 0.0 144.452
0.01585504 0.9934617042678546 0.0 144.634
0.01584308 0.9934418837427098 0.0 144.813
0.01582679 0.9934418837427098 0.0 144.995
0.01581114 0.9934418837427098 0.0 145.174
0.01580283 0.9934418837427098 0.0 145.354
0.01578044 0.9934039769883705 0.0 145.536
0.01577358 0.9933056176323392 0.0 145.717
0.01574932 0.99322633553176 0.0 145.897
0.01574346 0.9932065150066152 0.0 146.08
0.01572342 0.9931668739563255 0.0 146.266
0.01571161 0.9931470534311807 0.0 146.448
0.01569058 0.9931470534311807 0.0 146.627
0.01567861 0.9931668739563255 0.0 146.809
0.01566361 0.9933445154129359 0.0 146.99
0.01564675 0.9935211658432891 0.0 147.17
0.015636 0.9936599095193028 0.0 147.353
0.01561516 0.993640088994158 0.0 147.533
0.01560787 0.9937770983742215 0.0 147.716
0.01558454 0.9939547398308319 0.0 147.897
0.01557894 0.9941323812874422 0.0 148.079
0.01555562 0.9942693906675059 0.0 148.259
0.01554685 0.9941323812874422 0.0 148.441
0.01552775 0.9942099290920713 0.0 148.622
0.0155146 0.9943684932932298 0.0 148.801
0.0155034 0.9944081343435195 0.0 148.982
0.01548327 0.9945072369692436 0.0 149.165
0.01547328 0.9944081343435195 0.0 149.348
0.01545188 0.9943883138183747 0.0 149.528
0.01544432 0.9943288522429402 0.0 149.71
0.01542023 0.9940927402371527 0.0 149.894
0.01541476 0.9940736629817007 0.0 150.077
0.01539086 0.9941901085669266 0.0 150.258
0.01538234 0.9940934835068456 0.0 150.442
0.0153621 0.9942304928869091 0.0 150.626
0.01535032 0.9944675959189538 0.0 150.808
0.01533515 0.9944477753938091 0.0 150.992
0.01531746 0.9942892111926506 0.0 151.178
0.01530667 0.9941323812874422 0.0 151.363
0.01528586 0.9939745603559768 0.0 151.545
0.01527922 0.9937969188993663 0.0 151.725
0.01525453 0.9936599095193028 0.0 151.906
0.01524908 0.9936995505695924 0.0 152.086
0.01522453 0.993739191619882 0.0 152.269
0.01521728 0.9937770983742215 0.0 152.452
0.01519566 0.9937961756296733 0.0 152.636
0.01518482 0.9939150987805422 0.0 152.818
0.01516952 0.9939943808811215 0.0 152.999
0.0151537 0.9939150987805422 0.0 153.179
0.01515078 0.9938556372051078 0.0 153.361
0.01514895 0.9938952782553974 0.0 153.543
0.01514805 0.9940736629817007 0.0 153.725
0.01514764 0.9940934835068456 0.0 153.906
0.01514729 0.9941125607622974 0.0 154.089
0.01514622 0.9942297496172161 0.0 154.269
0.01514621 0.9939745603559768 0.0 154.451
0.01514629 0.9937186278250443 0.0 154.63
0.01514576 0.9936202684690131 0.0 154.811
0.01514569 0.9936797300444475 0.0 154.994
0.01514539 0.9936599095193028 0.0 155.171
0.01514536 0.9935806274187235 0.0 155.352
0.01514535 0.9935806274187235 0.0 155.534
0.01514465 0.9937582688753339 0.0 155.716
0.01514535 0.9939150987805422 0.0 155.9
0.015145 0.9939150987805422 0.0 156.082
0.01514545 0.9937961756296733 0.0 156.264
0.0151449 0.9938556372051078 0.0 156.444
0.01514518 0.9940142014062663 0.0 156.622
0.01514482 0.9940934835068456 0.0 156.803
0.015145 0.994131390261185 0.0 156.984
0.01514509 0.994131390261185 0.0 157.169
0.01514482 0.9940934835068456 0.0 157.352
0.01514477 0.9942892111926506 0.0 157.533
0.01514478 0.9944866731744059 0.0 157.713
0.01514456 0.994663323604759 0.0 157.895
0.015145 0.9945064936995506 0.0 158.074
0.01514459 0.994053099186863 0.0 158.254
0.01514436 0.9938556372051078 0.0 158.435
0.01514464 0.9938952782553974 0.0 158.616
0.01514504 0.9939745603559768 0.0 158.794
0.01514497 0.9938754577302527 0.0 158.974
0.01514463 0.9938556372051078 0.0 159.156
0.01514467 0.9938952782553974 0.0 159.337
0.01514427 0.9941512107863298 0.0 159.516
0.01514482 0.9944279548686643 0.0 159.699
0.0151451 0.9944081343435195 0.0 159.882
0.01514456 0.9943883138183747 0.0 160.063
0.01514476 0.9943090317177954 0.0 160.243
0.01514462 0.9942693906675059 0.0 160.425
0.01514476 0.9942099290920713 0.0 160.61
0.01514473 0.994249570142361 0.0 160.792
0.01514467 0.9942693906675059 0.0 160.974
0.01514443 0.9942693906675059 0.0 161.153
0.01514473 0.9942892111926506 0.0 161.339
0.0151448 0.9943090317177954 0.0 161.522
0.0151445 0.994249570142361 0.0 161.703
0.01514469 0.9941125607622974 0.0 161.885
0.01514433 0.9939745603559768 0.0 162.062
0.01514468 0.9938556372051078 0.0 162.242
0.01514457 0.9938754577302527 0.0 162.425
0.01514443 0.9940340219314111 0.0 162.606
0.01514441 0.9941901085669266 0.0 162.785
0.01514446 0.9942099290920713 0.0 162.968
0.01514485 0.9942099290920713 0.0 163.149
0.01514415 0.9941702880417818 0.0 163.331
0.01514428 0.994131390261185 0.0 163.511
0.01514482 0.9942297496172161 0.0 163.694
0.0151444 0.9942693906675059 0.0 163.878
0.01514464 0.994249570142361 0.0 164.062
0.01514489 0.9940142014062663 0.0 164.245
0.0151443 0.993835816679963 0.0 164.427
0.0151446 0.9937582688753339 0.0 164.608
0.01514429 0.993739191619882 0.0 164.792
0.01514437 0.9937969188993663 0.0 164.978
0.01514458 0.9938952782553974 0.0 165.158
0.01514462 0.9939745603559768 0.0 165.338
0.0151442 0.9940736629817007 0.0 165.519
0.01514482 0.9941125607622974 0.0 165.7
0.01514475 0.9942297496172161 0.0 165.881
0.01514469 0.9942693906675059 0.0 166.062
0.01514466 0.994249570142361 0.0 166.241
