X_channel Y_channel II_channel timestamp
0.02675868 3695.027 0.0 0.0
0.02675808 3695.26 0.0 0.183
0.02675794 3695.42 0.0 0.366
0.02675809 3696.06 0.0 0.548
0.02675817 3696.693 0.0 0.727
0.02675806 3697.33 0.0 0.908
0.0267581 3698.127 0.0 1.086
0.02675872 3698.6 0.0 1.268
0.02675812 3698.84 0.0 1.449
0.02675794 3698.92 0.0 1.628
0.0267582 3699.477 0.0 1.808
0.02675846 3700.03 0.0 1.988
0.02675822 3700.03 0.0 2.17
0.02675762 3700.11 0.0 2.347
0.02674516 3700.747 0.0 2.529
0.02674241 3701.7 0.0 2.71
0.02672556 3702.34 0.0 2.894
0.02671873 3702.42 0.0 3.077
0.02670603 3702.1 0.0 3.262
0.02669562 3701.46 0.0 3.447
0.02668535 3701.3 0.0 3.627
0.02667164 3701.46 0.0 3.81
0.02666614 3701.54 0.0 3.991
0.0266479 3701.86 0.0 4.174
0.02664294 3701.94 0.0 4.358
0.02662409 3701.94 0.0 4.54
0.02661994 3702.26 0.0 4.721
0.02660237 3703.767 0.0 4.899
0.02659618 3705.437 0.0 5.08
0.02658278 3706.55 0.0 5.26
0.02657196 3707.423 0.0 5.442
0.02656223 3707.98 0.0 5.621
0.02654772 3708.46 0.0 5.801
0.02654156 3709.33 0.0 5.982
0.02652371 3710.127 0.0 6.162
0.0265199 3710.92 0.0 6.346
0.02650012 3711.0 0.0 6.525
0.02649581 3711.4 0.0 6.707
0.02647969 3712.19 0.0 6.888
0.02647124 3712.75 0.0 7.071
0.02645765 3712.91 0.0 7.251
0.02644624 3713.147 0.0 7.433
0.02643974 3713.07 0.0 7.614
0.02642234 3712.99 0.0 7.794
0.0264158 3713.38 0.0 7.977
0.02639739 3713.94 0.0 8.157
0.02639346 3714.657 0.0 8.339
0.02637387 3715.37 0.0 8.52
0.02636881 3716.09 0.0 8.699
0.02635325 3716.48 0.0 8.88
0.02634417 3716.25 0.0 9.063
0.0263312 3716.483 0.0 9.245
0.026319 3717.12 0.0 9.426
0.02631037 3717.677 0.0 9.609
0.02629402 3718.15 0.0 9.793
0.02628789 3718.71 0.0 9.976
0.02626913 3719.11 0.0 10.16
0.02626546 3719.187 0.0 10.342
0.02624549 3719.11 0.0 10.523
0.02624027 3719.11 0.0 10.706
0.02622314 3718.87 0.0 10.89
0.0262149 3718.47 0.0 11.07
0.02620226 3717.99 0.0 11.249
0.02618907 3718.39 0.0 11.428
0.02618198 3719.503 0.0 11.608
0.02616446 3720.3 0.0 11.788
0.02615918 3720.38 0.0 11.968
0.02614018 3720.54 0.0 12.147
0.02613616 3721.33 0.0 12.327
0.02611706 3721.33 0.0 12.508
0.02611079 3721.25 0.0 12.689
0.02609622 3721.73 0.0 12.873
0.02608455 3722.287 0.0 13.054
0.02607421 3722.92 0.0 13.233
0.02605995 3722.68 0.0 13.412
0.02605186 3722.44 0.0 13.595
0.02603365 3722.6 0.0 13.775
0.02602979 3722.287 0.0 13.955
0.02600958 3721.65 0.0 14.139
0.02600464 3721.49 0.0 14.319
0.02598717 3721.97 0.0 14.496
0.02597926 3722.287 0.0 14.674
0.02596485 3722.92 0.0 14.859
0.02595316 3722.92 0.0 15.044
0.02594339 3723.08 0.0 15.226
0.02592738 3723.48 0.0 15.412
0.02592006 3724.11 0.0 15.593
0.02590205 3724.27 0.0 15.775
0.02589685 3723.557 0.0 15.955
0.02587711 3722.84 0.0 16.132
0.02587249 3722.68 0.0 16.315
0.02585436 3722.92 0.0 16.498
0.02584544 3722.92 0.0 16.678
0.02583199 3722.68 0.0 16.861
0.02582013 3722.92 0.0 17.045
0.02580916 3723.0 0.0 17.225
0.02579322 3723.953 0.0 17.405
0.02578764 3725.147 0.0 17.589
0.02576842 3725.463 0.0 17.768
0.02576385 3725.463 0.0 17.952
0.0257429 3726.5 0.0 18.134
0.0257378 3727.77 0.0 18.314
0.02572368 3728.64 0.0 18.491
0.02571166 3729.28 0.0 18.671
0.02569844 3729.28 0.0 18.852
0.02568467 3728.88 0.0 19.035
0.02567576 3728.167 0.0 19.217
0.02565889 3728.403 0.0 19.4
0.02565208 3729.28 0.0 19.58
0.02563255 3730.55 0.0 19.763
0.0256279 3731.19 0.0 19.95
0.02560775 3730.63 0.0 20.131
0.02560208 3730.39 0.0 20.313
0.02558311 3730.55 0.0 20.493
0.0255754 3730.55 0.0 20.67
0.02556101 3730.15 0.0 20.853
0.02554848 3730.39 0.0 21.037
0.02554037 3731.19 0.0 21.218
0.02552246 3731.27 0.0 21.396
0.02551678 3731.66 0.0 21.576
0.02549596 3731.9 0.0 21.759
0.02549213 3732.617 0.0 21.941
0.02547408 3733.17 0.0 22.121
0.02546501 3733.97 0.0 22.306
0.02544598 3734.13 0.0 22.488
0.02543735 3733.013 0.0 22.669
0.02542348 3732.14 0.0 22.849
0.02541052 3732.22 0.0 23.028
0.02540084 3732.697 0.0 23.208
0.02538382 3733.33 0.0 23.391
0.02537744 3733.41 0.0 23.571
0.02535713 3733.09 0.0 23.753
0.02535297 3732.93 0.0 23.934
0.02533234 3732.93 0.0 24.117
0.02532619 3732.777 0.0 24.297
0.02530887 3732.7 0.0 24.479
0.02529865 3732.62 0.0 24.659
0.0252872 3732.853 0.0 24.84
0.02527179 3733.17 0.0 25.023
0.02526217 3732.93 0.0 25.203
0.02524465 3732.853 0.0 25.386
0.02524056 3732.38 0.0 25.566
0.02521991 3732.22 0.0 25.746
0.02521371 3732.22 0.0 25.928
0.02519229 3731.74 0.0 26.109
0.02518598 3731.82 0.0 26.291
0.02516894 3732.06 0.0 26.472
0.02515748 3732.22 0.0 26.658
0.02514607 3732.537 0.0 26.838
0.02513121 3733.41 0.0 27.015
0.02512268 3733.65 0.0 27.197
0.02510369 3733.41 0.0 27.378
0.02509949 3733.73 0.0 27.559
0.02507787 3733.49 0.0 27.739
0.02507258 3733.49 0.0 27.92
0.02505231 3733.89 0.0 28.098
0.02504459 3734.367 0.0 28.275
0.02503255 3735.16 0.0 28.458
0.0250176 3735.64 0.0 28.639
0.02500582 3735.873 0.0 28.823
0.02498951 3736.19 0.0 29.004
0.02498167 3736.43 0.0 29.184
0.02496224 3735.4 0.0 29.367
0.02495758 3734.6 0.0 29.547
0.02493618 3734.84 0.0 29.726
0.02493014 3735.637 0.0 29.913
0.02491129 3736.51 0.0 30.092
0.02490216 3737.23 0.0 30.273
0.02488881 3737.383 0.0 30.456
0.02487454 3737.78 0.0 30.64
0.02486369 3738.18 0.0 30.822
0.02484621 3738.42 0.0 31.002
0.02483917 3738.9 0.0 31.183
0.02481898 3738.42 0.0 31.365
0.02481392 3737.62 0.0 31.546
0.0247921 3737.307 0.0 31.728
0.02478628 3737.62 0.0 31.909
0.02476668 3738.42 0.0 32.092
0.02475836 3739.133 0.0 32.272
0.02474389 3739.45 0.0 32.458
0.02473035 3740.01 0.0 32.638
0.02471942 3739.133 0.0 32.818
0.02470213 3738.5 0.0 33.001
0.02469416 3738.42 0.0 33.184
0.02467423 3738.26 0.0 33.365
0.02467021 3737.307 0.0 33.547
0.02464843 3736.67 0.0 33.727
0.02464144 3736.19 0.0 33.904
0.02462388 3736.11 0.0 34.084
0.02461396 3736.51 0.0 34.265
0.02459988 3736.99 0.0 34.447
0.02458476 3737.23 0.0 34.631
0.02457599 3737.23 0.0 34.812
0.02455757 3737.15 0.0 34.995
0.02455055 3737.07 0.0 35.176
0.0245295 3737.07 0.0 35.357
0.02452458 3737.307 0.0 35.537
0.02450352 3737.7 0.0 35.715
0.02449592 3738.1 0.0 35.898
0.02448001 3737.86 0.0 36.081
0.02446792 3737.86 0.0 36.264
0.02445432 3737.78 0.0 36.444
0.02443911 3737.78 0.0 36.625
0.02443042 3737.86 0.0 36.806
0.02441093 3737.7 0.0 36.986
0.02440542 3738.34 0.0 37.168
0.02438368 3739.213 0.0 37.349
0.02437806 3739.93 0.0 37.528
0.02435705 3740.64 0.0 37.715
0.02434925 3741.28 0.0 37.898
0.02433247 3741.913 0.0 38.078
0.02432066 3741.913 0.0 38.263
0.02430886 3741.36 0.0 38.442
0.0242922 3740.64 0.0 38.622
0.02428393 3740.8 0.0 38.801
0.02426329 3741.52 0.0 38.981
0.02425788 3741.993 0.0 39.164
0.02423613 3742.55 0.0 39.346
0.02423101 3742.71 0.0 39.524
0.02421138 3742.71 0.0 39.707
0.02420148 3742.31 0.0 39.887
0.02418644 3741.913 0.0 40.069
0.02417255 3741.76 0.0 40.25
0.02416436 3741.76 0.0 40.43
0.0241446 3741.76 0.0 40.613
0.0241368 3742.07 0.0 40.793
0.02411583 3742.23 0.0 40.975
0.0241109 3742.31 0.0 41.156
0.02408802 3742.23 0.0 41.337
0.02408184 3741.99 0.0 41.519
0.02406133 3741.837 0.0 41.701
0.02405318 3740.96 0.0 41.878
0.0240375 3740.407 0.0 42.058
0.02402408 3740.96 0.0 42.238
0.02401276 3742.153 0.0 42.418
0.02399618 3742.95 0.0 42.596
0.02398821 3743.11 0.0 42.779
0.0239672 3742.79 0.0 42.956
0.02396267 3743.03 0.0 43.135
0.02394221 3743.19 0.0 43.314
0.0239335 3743.35 0.0 43.495
0.02391529 3742.63 0.0 43.674
0.02390381 3742.23 0.0 43.859
0.02389537 3742.23 0.0 44.04
0.02387612 3742.47 0.0 44.221
0.02386444 3742.95 0.0 44.407
0.02384557 3743.19 0.0 44.588
0.02383822 3742.47 0.0 44.772
0.02381689 3741.76 0.0 44.953
0.02381111 3741.76 0.0 45.137
0.02378908 3742.15 0.0 45.321
0.02378261 3742.47 0.0 45.502
0.02376341 3742.47 0.0 45.684
0.02375305 3742.63 0.0 45.865
0.02373913 3743.11 0.0 46.044
0.02372382 3743.43 0.0 46.229
0.02371291 3743.43 0.0 46.41
0.02369421 3743.507 0.0 46.589
0.02369005 3743.35 0.0 46.769
0.0236667 3742.87 0.0 46.951
0.02366093 3742.71 0.0 47.132
0.02363843 3742.39 0.0 47.313
0.02363151 3742.23 0.0 47.495
0.0236125 3742.31 0.0 47.677
0.02360125 3743.427 0.0 47.858
0.02358725 3743.9 0.0 48.043
0.02357158 3743.9 0.0 48.229
0.02356131 3743.507 0.0 48.411
0.02354271 3742.95 0.0 48.59
0.02353574 3742.23 0.0 48.773
0.02351394 3741.68 0.0 48.956
0.02350882 3741.993 0.0 49.139
0.02348622 3742.31 0.0 49.321
0.02347893 3742.39 0.0 49.502
0.02346062 3741.993 0.0 49.686
0.02344922 3741.28 0.0 49.865
0.0234344 3740.64 0.0 50.049
0.0234194 3740.56 0.0 50.228
0.02341209 3740.327 0.0 50.411
0.02339102 3740.09 0.0 50.593
0.02338327 3740.483 0.0 50.774
0.02336106 3741.04 0.0 50.956
0.02335535 3740.563 0.0 51.136
0.02333389 3739.69 0.0 51.315
0.02332561 3739.057 0.0 51.495
0.02330838 3738.5 0.0 51.677
0.02329639 3737.94 0.0 51.858
0.02328214 3737.383 0.0 52.044
0.02326692 3735.16 0.0 52.225
0.02325816 3731.58 0.0 52.405
0.02323734 3729.28 0.0 52.585
0.02323107 3730.393 0.0 52.765
0.02320891 3732.297 0.0 52.947
0.02320327 3733.967 0.0 53.128
0.02318226 3735.08 0.0 53.308
0.02317311 3735.797 0.0 53.491
0.02315696 3736.75 0.0 53.667
0.02314308 3736.99 0.0 53.85
0.02313311 3736.51 0.0 54.035
0.02311366 3736.83 0.0 54.22
0.0231048 3737.227 0.0 54.405
0.0230834 3737.62 0.0 54.587
0.02307606 3737.86 0.0 54.768
0.02305413 3737.78 0.0 54.951
0.02304816 3737.94 0.0 55.135
0.02302715 3738.42 0.0 55.315
0.02301856 3737.94 0.0 55.497
0.02300128 3737.15 0.0 55.678
0.02298818 3736.99 0.0 55.86
0.02297401 3737.23 0.0 56.041
0.02295856 3737.463 0.0 56.224
0.02295066 3737.7 0.0 56.404
0.02292925 3737.62 0.0 56.585
0.02292386 3737.15 0.0 56.766
0.02290015 3736.35 0.0 56.949
0.02289444 3735.953 0.0 57.13
0.02287318 3736.11 0.0 57.31
0.022864 3735.873 0.0 57.492
0.02285 3735.16 0.0 57.674
0.02283431 3735.0 0.0 57.854
0.02282138 3734.443 0.0 58.038
0.02280393 3733.57 0.0 58.218
0.02279557 3732.537 0.0 58.401
0.02277434 3732.22 0.0 58.581
0.02276761 3732.38 0.0 58.762
0.02274492 3732.54 0.0 58.94
0.02273894 3733.01 0.0 59.122
0.02271936 3733.49 0.0 59.301
0.0227094 3733.57 0.0 59.481
0.02269277 3733.17 0.0 59.662
0.02267921 3732.14 0.0 59.848
0.02266624 3731.267 0.0 60.027
0.02264879 3730.23 0.0 60.207
0.02264193 3729.6 0.0 60.388
0.02262002 3728.64 0.0 60.568
0.02261423 3727.93 0.0 60.751
0.02259126 3727.29 0.0 60.931
0.02258406 3726.737 0.0 61.107
0.02256935 3725.94 0.0 61.287
0.02255461 3725.307 0.0 61.466
0.02253892 3724.99 0.0 61.646
0.02252326 3724.91 0.0 61.826
0.02251282 3725.15 0.0 62.005
0.02249325 3725.54 0.0 62.187
0.02248658 3725.383 0.0 62.368
0.02246347 3724.67 0.0 62.547
0.02245794 3724.11 0.0 62.73
0.02243523 3723.637 0.0 62.913
0.02242746 3722.443 0.0 63.094
0.02241008 3721.33 0.0 63.274
0.02239739 3721.65 0.0 63.459
0.02238432 3721.33 0.0 63.641
0.02236743 3720.06 0.0 63.823
0.02235986 3719.263 0.0 64.002
0.02233811 3718.95 0.0 64.184
0.02233058 3718.47 0.0 64.359
0.02230795 3717.833 0.0 64.539
0.02230204 3716.247 0.0 64.719
0.0222796 3714.657 0.0 64.902
0.02227134 3713.7 0.0 65.086
0.02225389 3712.99 0.0 65.265
0.02224026 3713.383 0.0 65.449
0.02222765 3714.02 0.0 65.632
0.02221004 3714.02 0.0 65.812
0.02219988 3712.907 0.0 66.007
0.02217954 3711.08 0.0 66.189
0.02217258 3709.65 0.0 66.37
0.02214955 3709.09 0.0 66.554
0.02214415 3708.697 0.0 66.735
0.02212181 3708.22 0.0 66.915
0.02211366 3707.58 0.0 67.099
0.02209447 3707.343 0.0 67.282
0.02208362 3706.71 0.0 67.466
0.02206748 3705.833 0.0 67.65
0.02205234 3704.563 0.0 67.835
0.02204174 3703.29 0.0 68.014
0.02202213 3702.18 0.0 68.196
0.02201506 3701.7 0.0 68.373
0.02199226 3701.063 0.0 68.547
0.02198676 3700.27 0.0 68.728
0.0219638 3699.637 0.0 68.911
0.02195569 3698.603 0.0 69.093
0.02193913 3697.09 0.0 69.275
0.02192522 3695.74 0.0 69.455
0.02191194 3694.073 0.0 69.636
0.02189525 3692.72 0.0 69.814
0.02188841 3691.53 0.0 69.997
0.0218655 3690.733 0.0 70.178
0.02185911 3689.7 0.0 70.356
0.02183591 3688.43 0.0 70.536
0.02182971 3686.84 0.0 70.721
0.02180803 3685.093 0.0 70.904
0.02179869 3683.583 0.0 71.088
0.02178188 3681.993 0.0 71.27
0.0217681 3679.847 0.0 71.447
0.0217554 3678.577 0.0 71.63
0.0217373 3677.303 0.0 71.814
0.02172949 3674.997 0.0 71.994
0.02170713 3673.093 0.0 72.176
0.02170172 3670.947 0.0 72.357
0.0216779 3669.197 0.0 72.538
0.0216709 3667.21 0.0 72.716
0.02165134 3665.7 0.0 72.898
0.02164008 3664.033 0.0 73.079
0.02162355 3661.727 0.0 73.263
0.02160883 3659.423 0.0 73.442
0.02160067 3656.56 0.0 73.625
0.02157924 3654.257 0.0 73.804
0.02157149 3653.143 0.0 73.984
0.02154905 3652.27 0.0 74.165
0.02154378 3650.68 0.0 74.34
0.02152029 3648.453 0.0 74.52
0.02151282 3645.593 0.0 74.702
0.02149422 3643.447 0.0 74.883
0.0214822 3640.987 0.0 75.065
0.02146796 3637.727 0.0 75.246
0.02145124 3634.31 0.0 75.428
0.02144043 3631.207 0.0 75.609
0.02142012 3628.507 0.0 75.792
0.02141363 3625.33 0.0 75.976
0.02138978 3622.787 0.0 76.158
0.02138478 3620.083 0.0 76.34
0.0213619 3617.54 0.0 76.523
0.02135331 3614.44 0.0 76.705
0.02133475 3611.977 0.0 76.886
0.02132308 3609.117 0.0 77.066
0.02131114 3605.937 0.0 77.249
0.02129201 3602.993 0.0 77.433
0.02128167 3599.02 0.0 77.615
0.02126081 3595.05 0.0 77.796
0.02125326 3591.473 0.0 77.979
0.02123078 3588.213 0.0 78.163
0.02122537 3584.32 0.0 78.342
0.02120058 3580.587 0.0 78.525
0.02119455 3577.01 0.0 78.708
0.02117567 3574.227 0.0 78.89
0.02116369 3571.763 0.0 79.067
0.02114814 3568.903 0.0 79.249
0.02113208 3565.803 0.0 79.43
0.02112033 3562.467 0.0 79.616
0.0211009 3560.477 0.0 79.797
0.02109524 3556.98 0.0 79.976
0.02107162 3552.93 0.0 80.159
0.0210658 3548.16 0.0 80.34
0.02104265 3543.87 0.0 80.523
0.02103492 3540.53 0.0 80.702
0.02101998 3536.953 0.0 80.881
0.02100418 3533.22 0.0 81.065
0.02098803 3529.167 0.0 81.245
0.02097187 3525.35 0.0 81.428
0.02096111 3521.3 0.0 81.61
0.02094054 3518.04 0.0 81.792
0.020934 3514.303 0.0 81.972
0.02091097 3510.807 0.0 82.153
0.0209058 3507.47 0.0 82.335
0.02088227 3504.847 0.0 82.517
0.02087422 3502.147 0.0 82.696
0.02085628 3499.123 0.0 82.876
0.0208428 3495.867 0.0 83.057
0.02082882 3493.007 0.0 83.237
0.02081175 3490.303 0.0 83.416
0.02080507 3487.523 0.0 83.597
0.02078186 3485.057 0.0 83.778
0.02077512 3482.677 0.0 83.962
0.02075154 3480.687 0.0 84.139
0.02074532 3478.543 0.0 84.321
0.0207231 3476.793 0.0 84.502
0.02071421 3475.363 0.0 84.681
0.02069789 3473.693 0.0 84.861
0.02068337 3472.023 0.0 85.041
0.02067167 3470.597 0.0 85.22
0.02065217 3469.72 0.0 85.4
0.02064424 3468.77 0.0 85.582
0.0206221 3467.81 0.0 85.764
0.02061633 3467.1 0.0 85.945
0.02059295 3466.78 0.0 86.122
0.02058567 3466.62 0.0 86.302
0.02056743 3466.62 0.0 86.481
0.02055464 3467.02 0.0 86.664
0.02054102 3467.493 0.0 86.84
0.02052308 3466.86 0.0 87.019
0.02051358 3467.177 0.0 87.2
0.02049253 3468.607 0.0 87.382
0.02048629 3470.357 0.0 87.568
0.02046194 3470.91 0.0 87.749
0.02045624 3470.517 0.0 87.931
0.02043327 3470.437 0.0 88.114
0.02042457 3471.943 0.0 88.294
0.02040639 3474.33 0.0 88.474
0.02039324 3477.113 0.0 88.657
0.02038003 3479.417 0.0 88.837
0.02036266 3481.403 0.0 89.02
0.02035284 3483.233 0.0 89.2
0.02033209 3485.297 0.0 89.383
0.02032513 3487.683 0.0 89.563
0.02030218 3490.067 0.0 89.743
0.02029591 3492.847 0.0 89.925
0.02027357 3495.627 0.0 90.106
0.02026441 3498.65 0.0 90.289
0.02024624 3501.43 0.0 90.47
0.0202331 3504.13 0.0 90.65
0.0202226 3507.63 0.0 90.832
0.02020297 3510.49 0.0 91.016
0.02019281 3513.91 0.0 91.2
0.02017138 3517.8 0.0 91.382
0.02016388 3521.853 0.0 91.565
0.02014094 3525.27 0.0 91.746
0.02013466 3529.56 0.0 91.929
0.02011161 3533.537 0.0 92.113
0.02010309 3536.797 0.0 92.295
0.02008559 3540.133 0.0 92.472
0.02007157 3543.95 0.0 92.651
0.02005915 3547.363 0.0 92.831
0.02004079 3550.383 0.0 93.014
0.02003286 3553.643 0.0 93.194
0.02001033 3557.38 0.0 93.374
0.02000489 3562.23 0.0 93.56
0.01997977 3566.44 0.0 93.741
0.01997392 3570.093 0.0 93.924
0.01995093 3573.037 0.0 94.108
0.01994203 3575.817 0.0 94.291
0.01992787 3578.837 0.0 94.474
0.01991041 3581.94 0.0 94.657
0.01989685 3585.513 0.0 94.838
0.019879 3588.533 0.0 95.023
0.0198697 3591.87 0.0 95.204
0.01984757 3594.413 0.0 95.387
0.01984176 3596.957 0.0 95.568
0.0198183 3599.737 0.0 95.747
0.0198118 3602.997 0.0 95.93
0.01978954 3606.097 0.0 96.111
0.0197805 3609.197 0.0 96.294
0.01976118 3612.293 0.0 96.474
0.01974905 3615.473 0.0 96.653
0.01973657 3618.177 0.0 96.833
0.01971818 3619.843 0.0 97.015
0.01971019 3622.147 0.0 97.195
0.01968777 3624.93 0.0 97.376
0.01968106 3628.19 0.0 97.555
0.01965671 3630.733 0.0 97.738
0.01965028 3633.117 0.0 97.921
0.01963216 3635.343 0.0 98.105
0.01961908 3637.327 0.0 98.285
0.01960319 3638.997 0.0 98.464
0.01958746 3640.907 0.0 98.645
0.01957661 3643.13 0.0 98.824
0.01955597 3645.593 0.0 99.007
0.01954666 3648.613 0.0 99.187
0.01952457 3650.84 0.0 99.369
0.01951998 3652.587 0.0 99.547
0.01949571 3653.86 0.0 99.729
0.01948841 3655.767 0.0 99.91
0.01946679 3657.833 0.0 100.093
0.01945664 3660.217 0.0 100.275
0.01944013 3662.76 0.0 100.455
0.01942573 3664.987 0.0 100.635
0.01941554 3666.813 0.0 100.823
0.01939456 3668.083 0.0 101.003
0.01938714 3669.993 0.0 101.183
0.01936417 3671.9 0.0 101.362
0.01935857 3673.25 0.0 101.542
0.01933806 3674.363 0.0 101.722
0.01932742 3676.43 0.0 101.903
0.01930654 3678.893 0.0 102.081
0.01929483 3680.563 0.0 102.263
0.01928161 3681.913 0.0 102.444
0.01926363 3683.663 0.0 102.627
0.01925263 3685.01 0.0 102.81
0.01923218 3685.807 0.0 102.987
0.01922453 3687.397 0.0 103.169
0.01920113 3689.067 0.0 103.35
0.01919563 3690.733 0.0 103.533
0.0191725 3692.007 0.0 103.713
0.01916395 3693.2 0.0 103.892
0.01914528 3694.31 0.0 104.072
0.0191325 3695.423 0.0 104.252
0.01912226 3696.693 0.0 104.43
0.01910261 3697.887 0.0 104.61
0.01909339 3698.84 0.0 104.79
0.0190709 3699.0 0.0 104.97
0.01906438 3699.873 0.0 105.151
0.01904008 3700.67 0.0 105.333
0.01903379 3701.143 0.0 105.514
0.01901229 3700.91 0.0 105.697
0.0190021 3700.83 0.0 105.877
0.01898505 3701.54 0.0 106.06
0.0189697 3702.893 0.0 106.244
0.01895751 3704.563 0.0 106.428
0.01893844 3705.753 0.0 106.61
0.01892877 3706.39 0.0 106.792
0.01890729 3706.39 0.0 106.977
0.01890136 3707.743 0.0 107.156
0.01887755 3708.933 0.0 107.339
0.01887123 3710.047 0.0 107.521
0.01884757 3711.24 0.0 107.706
0.01883986 3712.273 0.0 107.886
0.01882034 3713.463 0.0 108.072
0.01880773 3714.497 0.0 108.254
0.01879277 3715.45 0.0 108.436
0.01877566 3716.803 0.0 108.624
0.01876495 3718.39 0.0 108.806
0.01874395 3719.423 0.0 108.987
0.01873692 3719.5 0.0 109.167
0.01871351 3719.42 0.0 109.35
0.01870691 3719.58 0.0 109.53
0.01868486 3719.66 0.0 109.709
0.01867531 3720.06 0.0 109.89
0.01865679 3720.14 0.0 110.071
0.01864265 3720.857 0.0 110.252
0.0186347 3722.127 0.0 110.436
0.01861038 3723.24 0.0 110.614
0.01860526 3723.87 0.0 110.795
0.01858148 3723.87 0.0 110.977
0.01857263 3723.87 0.0 111.158
0.01855753 3724.67 0.0 111.34
0.01854077 3725.86 0.0 111.521
0.01852603 3726.58 0.0 111.703
0.01851433 3727.37 0.0 111.888
0.01850499 3727.93 0.0 112.072
0.01849657 3728.323 0.0 112.253
0.01849036 3729.12 0.0 112.44
0.01848536 3729.28 0.0 112.62
0.01848029 3728.8 0.0 112.8
0.01847651 3728.56 0.0 112.986
0.01847386 3728.4 0.0 113.167
0.01847058 3728.4 0.0 113.35
0.01846884 3728.167 0.0 113.53
0.01846667 3727.45 0.0 113.712
0.0184451 3727.69 0.0 113.893
0.01837195 3728.643 0.0 114.076
0.01835096 3730.947 0.0 114.257
0.01833217 3732.853 0.0 114.436
0.01832419 3733.81 0.0 114.618
0.01830134 3734.367 0.0 114.799
0.01829394 3735.0 0.0 114.981
0.018269 3735.953 0.0 115.162
0.01826315 3736.67 0.0 115.345
0.0182394 3736.91 0.0 115.525
0.01823116 3736.83 0.0 115.706
0.01821334 3735.953 0.0 115.888
0.01819988 3735.56 0.0 116.068
0.01818609 3735.873 0.0 116.251
0.01816882 3737.227 0.0 116.431
0.01815728 3738.34 0.0 116.614
0.01813677 3738.897 0.0 116.797
0.01813049 3739.29 0.0 116.979
0.01810646 3739.21 0.0 117.16
0.01810147 3739.61 0.0 117.341
0.01807763 3740.247 0.0 117.523
0.01806864 3740.56 0.0 117.704
0.01805058 3740.8 0.0 117.883
0.01803711 3741.913 0.0 118.063
0.01802632 3742.63 0.0 118.245
0.01800563 3742.95 0.0 118.429
0.01799625 3743.35 0.0 118.613
0.01797402 3743.27 0.0 118.793
0.01796763 3742.71 0.0 118.975
0.01794362 3742.47 0.0 119.156
0.01793737 3742.55 0.0 119.336
0.01791382 3742.95 0.0 119.515
0.01790569 3743.43 0.0 119.697
0.01788593 3743.663 0.0 119.881
0.01787308 3744.3 0.0 120.058
0.01786004 3745.013 0.0 120.237
0.01784234 3745.09 0.0 120.417
0.01783272 3745.49 0.0 120.597
0.01781128 3746.763 0.0 120.78
0.01780573 3747.48 0.0 120.961
0.01778185 3747.48 0.0 121.143
0.01777511 3747.48 0.0 121.323
0.01775397 3747.957 0.0 121.503
0.01774342 3748.91 0.0 121.686
0.0177303 3749.467 0.0 121.866
0.01771193 3749.39 0.0 122.049
0.01769818 3749.39 0.0 122.233
0.0176796 3749.467 0.0 122.414
0.01766998 3749.62 0.0 122.597
0.01764822 3749.39 0.0 122.781
0.01764124 3749.39 0.0 122.967
0.01761694 3749.467 0.0 123.147
0.01761151 3749.62 0.0 123.33
0.01758729 3749.467 0.0 123.511
0.01757998 3749.07 0.0 123.693
0.01756217 3749.15 0.0 123.873
0.01754742 3749.23 0.0 124.056
0.01753267 3749.543 0.0 124.237
0.01751578 3750.02 0.0 124.419
0.01750565 3750.5 0.0 124.6
0.01748416 3750.66 0.0 124.782
0.01747788 3751.29 0.0 124.963
0.0174536 3751.53 0.0 125.147
0.01744739 3751.61 0.0 125.33
0.01742411 3752.01 0.0 125.511
0.01741595 3752.327 0.0 125.695
0.01739611 3752.327 0.0 125.877
0.01738389 3752.25 0.0 126.06
0.01736981 3752.403 0.0 126.244
0.0173522 3752.72 0.0 126.427
0.01734174 3753.2 0.0 126.608
0.01732069 3753.917 0.0 126.787
0.01731424 3754.47 0.0 126.969
0.01728986 3755.11 0.0 127.15
0.01728419 3755.82 0.0 127.333
0.01726121 3756.38 0.0 127.513
0.01725264 3756.78 0.0 127.695
0.01723419 3756.7 0.0 127.876
0.01722037 3755.82 0.0 128.058
0.01720992 3754.87 0.0 128.239
0.01718888 3754.63 0.0 128.425
0.01717919 3754.31 0.0 128.606
0.01715765 3753.92 0.0 128.788
0.01715086 3754.153 0.0 128.972
0.01712598 3754.87 0.0 129.151
0.01712096 3755.503 0.0 129.332
0.01709777 3755.347 0.0 129.516
0.01708884 3754.47 0.0 129.699
0.01706986 3753.6 0.0 129.883
0.01705659 3753.917 0.0 130.065
0.017044 3754.87 0.0 130.242
0.01702546 3755.98 0.0 130.422
0.0170158 3756.777 0.0 130.604
0.01699328 3756.933 0.0 130.785
0.01698768 3756.3 0.0 130.968
0.016963 3755.583 0.0 131.148
0.0169571 3755.427 0.0 131.33
0.01693464 3754.87 0.0 131.511
0.01692552 3754.39 0.0 131.693
0.01691065 3754.55 0.0 131.874
0.01689435 3754.39 0.0 132.054
0.016881 3754.71 0.0 132.236
0.01686209 3755.267 0.0 132.417
0.016853 3755.503 0.0 132.6
0.01683028 3755.11 0.0 132.78
0.01682534 3755.347 0.0 132.96
0.0168005 3755.82 0.0 133.142
0.016794 3756.933 0.0 133.321
0.01677272 3757.81 0.0 133.502
0.0167617 3757.81 0.0 133.682
0.01674437 3757.25 0.0 133.863
0.01672981 3756.933 0.0 134.045
0.01671953 3757.17 0.0 134.225
0.01669853 3757.73 0.0 134.404
0.01669189 3758.447 0.0 134.584
0.01666738 3759.0 0.0 134.767
0.0166617 3759.24 0.0 134.95
0.01663776 3759.4 0.0 135.131
0.01663012 3759.4 0.0 135.314
0.01661348 3758.603 0.0 135.494
0.0165989 3758.21 0.0 135.674
0.01658392 3758.21 0.0 135.853
0.01656647 3758.05 0.0 136.037
0.01655632 3757.73 0.0 136.216
0.01653436 3757.65 0.0 136.398
0.01652719 3758.287 0.0 136.578
0.01650345 3758.92 0.0 136.759
0.01649844 3758.683 0.0 136.942
0.01647349 3758.21 0.0 137.121
0.01646635 3758.21 0.0 137.302
0.01644652 3758.29 0.0 137.485
0.01643412 3758.527 0.0 137.667
0.01641921 3758.447 0.0 137.848
0.01640233 3758.21 0.0 138.032
0.01639414 3757.97 0.0 138.211
0.01637127 3757.81 0.0 138.392
0.01636369 3757.33 0.0 138.572
0.01633999 3756.46 0.0 138.754
0.01633413 3756.933 0.0 138.936
0.01631522 3757.89 0.0 139.117
0.01630274 3758.923 0.0 139.303
0.01628227 3759.877 0.0 139.484
0.01627016 3760.43 0.0 139.664
0.01625461 3760.51 0.0 139.847
0.01623778 3760.113 0.0 140.03
0.01622721 3759.88 0.0 140.215
0.01620651 3760.35 0.0 140.395
0.01619932 3760.83 0.0 140.577
0.01617508 3761.07 0.0 140.758
0.01616962 3760.99 0.0 140.941
0.01614556 3760.59 0.0 141.125
0.01613813 3761.07 0.0 141.307
0.01611664 3762.1 0.0 141.487
0.01610575 3762.74 0.0 141.668
0.01609342 3762.74 0.0 141.85
0.01607479 3762.74 0.0 142.031
0.01606406 3762.58 0.0 142.212
0.01604272 3762.26 0.0 142.394
0.01603531 3762.02 0.0 142.576
0.0160111 3762.26 0.0 142.757
0.01600552 3762.34 0.0 142.942
0.01598118 3762.897 0.0 143.124
0.01597399 3763.37 0.0 143.31
0.01595229 3763.133 0.0 143.496
0.01594203 3763.213 0.0 143.677
0.0159255 3764.17 0.0 143.858
0.0159099 3764.72 0.0 144.042
0.0158977 3764.72 0.0 144.225
0.01587771 3764.25 0.0 144.405
0.0158707 3763.93 0.0 144.587
0.01584708 3763.93 0.0 144.768
0.01584117 3763.93 0.0 144.951
0.01581654 3764.01 0.0 145.131
0.01580955 3764.41 0.0 145.314
0.01579141 3764.01 0.0 145.497
0.01577853 3763.057 0.0 145.676
0.01576155 3763.213 0.0 145.858
0.01574536 3764.01 0.0 146.041
0.01573355 3763.93 0.0 146.223
0.01571336 3763.77 0.0 146.405
0.01570608 3764.01 0.0 146.586
0.01568301 3764.33 0.0 146.767
0.0156764 3765.12 0.0 146.95
0.01565235 3765.76 0.0 147.134
0.015646 3765.44 0.0 147.315
0.01562523 3764.72 0.0 147.493
0.01561365 3764.8 0.0 147.673
0.01559816 3764.487 0.0 147.856
0.01558124 3764.17 0.0 148.037
0.01557172 3764.01 0.0 148.215
0.01554992 3763.93 0.0 148.395
0.01554349 3763.93 0.0 148.574
0.01551905 3763.69 0.0 148.754
0.01551328 3763.133 0.0 148.934
0.01548927 3762.5 0.0 149.116
0.0154813 3762.26 0.0 149.296
0.01546354 3762.18 0.0 149.477
0.01544945 3762.1 0.0 149.659
0.01543622 3762.5 0.0 149.84
0.01541764 3762.74 0.0 150.019
0.01541124 3763.057 0.0 150.199
0.01538742 3763.21 0.0 150.379
0.01537962 3763.053 0.0 150.564
0.01535511 3762.42 0.0 150.744
0.01534891 3762.1 0.0 150.926
0.01532655 3761.7 0.0 151.107
0.01531714 3761.78 0.0 151.289
0.01530003 3761.7 0.0 151.474
0.01528476 3761.54 0.0 151.657
0.01527116 3761.54 0.0 151.837
0.01525262 3762.02 0.0 152.02
0.01524312 3762.74 0.0 152.203
0.01522182 3763.45 0.0 152.383
0.01521658 3763.53 0.0 152.563
0.01519187 3762.977 0.0 152.743
0.0151851 3762.34 0.0 152.927
0.01516377 3762.82 0.0 153.11
0.01515293 3763.29 0.0 153.292
0.01513601 3763.61 0.0 153.475
0.01512064 3764.01 0.0 153.654
0.01510799 3764.41 0.0 153.836
0.01508913 3764.41 0.0 154.022
0.01508086 3764.01 0.0 154.207
0.01505717 3763.69 0.0 154.39
0.01505129 3764.01 0.0 154.573
0.01502615 3764.41 0.0 154.754
0.01502019 3764.487 0.0 154.937
0.01499659 3764.41 0.0 155.121
0.01498831 3764.33 0.0 155.303
0.01497017 3763.93 0.0 155.484
0.01495566 3764.01 0.0 155.666
0.01494258 3764.723 0.0 155.847
0.01492393 3765.12 0.0 156.029
0.01491389 3764.8 0.0 156.214
0.01489229 3764.41 0.0 156.395
0.01488657 3764.41 0.0 156.576
0.01486174 3763.93 0.0 156.757
0.01485501 3763.45 0.0 156.936
0.01483038 3764.407 0.0 157.12
0.01482269 3765.44 0.0 157.302
0.01480187 3765.52 0.0 157.488
0.01479092 3765.04 0.0 157.67
0.01477531 3764.88 0.0 157.852
0.01475847 3765.04 0.0 158.032
0.01474783 3764.723 0.0 158.213
0.01472642 3763.77 0.0 158.395
0.01472064 3764.01 0.0 158.576
0.01469603 3765.28 0.0 158.753
0.01469079 3765.993 0.0 158.936
0.01466615 3765.837 0.0 159.116
0.01465813 3765.52 0.0 159.299
0.01463928 3764.96 0.0 159.479
0.01462574 3765.12 0.0 159.663
0.01461081 3765.28 0.0 159.845
0.01459356 3764.96 0.0 160.026
0.01458326 3764.88 0.0 160.205
0.01456163 3764.8 0.0 160.389
0.01455503 3764.64 0.0 160.568
0.0145308 3764.41 0.0 160.753
0.014525 3764.41 0.0 160.933
0.01450134 3764.72 0.0 161.113
0.0144927 3764.88 0.0 161.293
0.0144744 3765.44 0.0 161.472
0.01446109 3765.76 0.0 161.65
0.01444787 3765.28 0.0 161.833
0.01442825 3764.72 0.0 162.017
0.01442024 3764.8 0.0 162.197
0.01439761 3765.44 0.0 162.382
0.01439084 3765.917 0.0 162.564
0.01436663 3766.23 0.0 162.746
0.01436081 3766.39 0.0 162.925
0.0143384 3766.47 0.0 163.11
0.01432806 3766.15 0.0 163.29
0.01431065 3765.2 0.0 163.471
0.01429654 3764.487 0.0 163.653
0.01428215 3764.41 0.0 163.837
0.01426406 3764.41 0.0 164.018
0.0142563 3764.72 0.0 164.198
0.01423264 3765.36 0.0 164.379
0.01422642 3765.84 0.0 164.559
0.01420154 3765.36 0.0 164.739
0.01419507 3764.96 0.0 164.922
0.01417663 3765.6 0.0 165.105
0.01416389 3766.31 0.0 165.284
0.01414707 3766.47 0.0 165.465
0.01413087 3765.917 0.0 165.647
0.01411907 3765.6 0.0 165.828
0.01409903 3765.36 0.0 166.007
0.01409142 3764.96 0.0 166.187
0.01406751 3764.88 0.0 166.367
0.01406237 3765.04 0.0 166.549
0.0140378 3765.28 0.0 166.73
0.01401856 3764.88 0.0 167.039
0.01399937 3764.723 0.0 167.218
0.01399119 3763.93 0.0 167.397
0.01396786 3763.69 0.0 167.578
0.01396337 3763.61 0.0 167.757
0.0139381 3762.977 0.0 167.938
0.01393119 3762.34 0.0 168.12
0.0139294 3762.66 0.0 168.298
0.013928 3763.057 0.0 168.479
0.01392696 3763.85 0.0 168.659
0.01392699 3764.25 0.0 168.842
0.01392595 3764.01 0.0 169.024
0.01392558 3764.17 0.0 169.205
0.01392517 3764.643 0.0 169.384
0.01392526 3764.88 0.0 169.567
0.01392463 3765.04 0.0 169.748
0.01392469 3765.52 0.0 169.93
0.01392416 3765.6 0.0 170.112
0.01392461 3765.28 0.0 170.291
0.01392435 3764.723 0.0 170.474
0.01392453 3764.25 0.0 170.656
0.01392343 3763.93 0.0 170.835
0.0139243 3763.93 0.0 171.015
0.01392401 3763.93 0.0 171.196
0.01392398 3764.09 0.0 171.375
0.01392314 3764.41 0.0 171.556
0.01392381 3765.04 0.0 171.738
0.01392387 3765.837 0.0 171.921
0.01392385 3766.79 0.0 172.101
0.01392322 3766.47 0.0 172.282
0.01392326 3765.6 0.0 172.469
0.01392339 3764.88 0.0 172.652
0.01392353 3764.407 0.0 172.836
0.01392325 3763.93 0.0 173.017
0.01392349 3763.93 0.0 173.199
0.01392344 3764.01 0.0 173.377
0.01392361 3763.93 0.0 173.559
0.01392333 3764.17 0.0 173.741
0.01392316 3765.12 0.0 173.922
0.01392364 3765.6 0.0 174.101
0.01392368 3765.12 0.0 174.28
0.01392398 3764.563 0.0 174.463
0.0139233 3764.17 0.0 174.644
0.01392349 3764.09 0.0 174.823
0.01392336 3764.96 0.0 175.007
0.01392336 3765.6 0.0 175.188
0.01392302 3764.803 0.0 175.368
0.01392287 3764.41 0.0 175.547
0.01392319 3764.8 0.0 175.727
0.01392331 3764.88 0.0 175.909
0.01392315 3764.88 0.0 176.09
0.01392379 3764.88 0.0 176.273
0.01392316 3764.88 0.0 176.456
0.01392387 3765.36 0.0 176.638
0.01392337 3765.68 0.0 176.821
0.01392309 3766.07 0.0 177.003
0.01392372 3765.677 0.0 177.186
0.01392306 3764.88 0.0 177.369
0.01392347 3764.88 0.0 177.55
0.01392336 3765.12 0.0 177.733
0.01392324 3765.68 0.0 177.916
0.01392384 3766.07 0.0 178.093
0.01392325 3766.47 0.0 178.273
0.01392282 3766.39 0.0 178.456
0.01392359 3765.68 0.0 178.64
0.01392318 3765.6 0.0 178.818
0.01392323 3765.2 0.0 178.999
0.01392338 3764.8 0.0 179.181
0.01392316 3764.563 0.0 179.362
0.01392308 3764.8 0.0 179.548
0.01392314 3764.88 0.0 179.733
0.0139235 3765.12 0.0 179.914
0.0139231 3765.28 0.0 180.096
0.01392351 3765.993 0.0 180.282
0.01392285 3766.63 0.0 180.464
