X_channel Y_channel II_channel timestamp
0.01510896 3877.81 0.0 57.895
0.01510863 3877.573 0.0 58.08
0.01510858 3877.417 0.0 58.262
0.01510887 3876.62 0.0 58.443
0.0151086 3876.3 0.0 58.624
0.01510858 3875.83 0.0 58.806
0.01511693 3875.83 0.0 58.988
0.01512529 3876.38 0.0 59.165
0.01513489 3877.18 0.0 59.345
0.01515318 3877.573 0.0 59.524
0.01516013 3877.97 0.0 59.707
0.01518202 3878.61 0.0 59.888
0.01518633 3879.167 0.0 60.071
0.01521035 3879.56 0.0 60.254
0.01521619 3879.88 0.0 60.437
0.01523493 3879.72 0.0 60.617
0.01524749 3879.56 0.0 60.795
0.01526206 3879.48 0.0 60.976
0.01527732 3879.09 0.0 61.156
0.0152851 3879.09 0.0 61.341
0.015307 3879.09 0.0 61.52
0.01531462 3879.167 0.0 61.702
0.01533777 3879.4 0.0 61.883
0.01534275 3879.48 0.0 62.066
0.01536611 3880.04 0.0 62.246
0.01537276 3881.31 0.0 62.426
0.01539212 3881.71 0.0 62.609
0.01540354 3881.79 0.0 62.792
0.0154184 3882.18 0.0 62.972
0.01543465 3882.027 0.0 63.155
0.01544381 3882.103 0.0 63.334
0.01546454 3882.5 0.0 63.514
0.01547107 3882.98 0.0 63.693
0.01549507 3882.98 0.0 63.877
0.01550006 3882.42 0.0 64.06
0.01552223 3881.95 0.0 64.241
0.01553148 3882.027 0.0 64.421
0.01554915 3882.58 0.0 64.6
0.01556215 3882.82 0.0 64.784
0.01557601 3882.66 0.0 64.967
0.01559409 3882.34 0.0 65.147
0.01560219 3883.457 0.0 65.333
0.01562322 3884.89 0.0 65.512
0.01563018 3885.05 0.0 65.696
0.01565342 3885.05 0.0 65.877
0.01565898 3885.363 0.0 66.057
0.01568243 3886.0 0.0 66.239
0.01568958 3886.32 0.0 66.416
0.01570596 3886.79 0.0 66.595
0.01572109 3886.95 0.0 66.777
0.01573402 3886.79 0.0 66.959
0.01575183 3886.557 0.0 67.143
0.01576063 3886.557 0.0 67.322
0.01578298 3886.71 0.0 67.507
0.01578784 3886.71 0.0 67.689
0.01581201 3886.557 0.0 67.871
0.01581827 3887.27 0.0 68.052
0.01584086 3887.99 0.0 68.235
0.01584979 3887.99 0.0 68.419
0.01586763 3887.67 0.0 68.602
0.01588086 3887.19 0.0 68.786
0.01589394 3887.35 0.0 68.97
0.01591155 3888.147 0.0 69.153
0.01592095 3888.78 0.0 69.333
0.01594177 3889.26 0.0 69.513
0.01594794 3890.13 0.0 69.693
0.01597146 3891.083 0.0 69.875
0.0159773 3891.24 0.0 70.052
0.01599872 3891.087 0.0 70.235
0.0160081 3890.69 0.0 70.415
0.01602498 3890.77 0.0 70.595
0.01603911 3890.37 0.0 70.778
0.01605202 3889.497 0.0 70.958
0.01607111 3888.7 0.0 71.139
0.01607786 3888.38 0.0 71.317
0.01610054 3888.78 0.0 71.497
0.01610573 3888.86 0.0 71.679
0.01613029 3889.18 0.0 71.861
0.01613667 3889.34 0.0 72.043
0.01615759 3889.42 0.0 72.223
0.01616852 3889.893 0.0 72.405
0.0161833 3890.29 0.0 72.59
0.01619961 3890.53 0.0 72.772
0.01621055 3891.163 0.0 72.953
0.01623052 3892.28 0.0 73.136
0.01623555 3892.91 0.0 73.316
0.01625982 3892.12 0.0 73.499
0.01626574 3891.32 0.0 73.683
0.01628981 3890.93 0.0 73.863
0.01629713 3890.61 0.0 74.046
0.016318 3890.37 0.0 74.23
0.01632883 3890.927 0.0 74.413
0.01634618 3891.48 0.0 74.593
0.01636003 3891.32 0.0 74.779
0.01637202 3891.087 0.0 74.96
0.01639073 3891.24 0.0 75.142
0.01640033 3891.24 0.0 75.326
0.01642234 3891.32 0.0 75.51
0.01642793 3892.357 0.0 75.693
0.01645158 3893.23 0.0 75.874
0.01645761 3893.63 0.0 76.057
0.01647867 3893.87 0.0 76.239
0.01648898 3893.63 0.0 76.419
0.01650607 3893.87 0.0 76.6
0.01651995 3895.06 0.0 76.781
0.01652834 3896.49 0.0 76.963
0.0165501 3897.28 0.0 77.145
0.01656031 3897.28 0.0 77.326
0.01658166 3896.81 0.0 77.506
0.01658673 3896.33 0.0 77.685
0.01661034 3896.17 0.0 77.865
0.01661779 3896.25 0.0 78.045
0.0166393 3895.933 0.0 78.228
0.0166494 3895.06 0.0 78.408
0.01666652 3895.14 0.0 78.59
0.01668023 3896.41 0.0 78.771
0.0166916 3896.73 0.0 78.953
0.01671121 3896.81 0.0 79.132
0.01671977 3897.36 0.0 79.313
0.01674202 3898.0 0.0 79.497
0.01674736 3898.48 0.0 79.68
0.01677048 3898.87 0.0 79.863
0.01677803 3898.32 0.0 80.044
0.01679954 3897.68 0.0 80.223
0.01680947 3897.043 0.0 80.403
0.01682546 3896.41 0.0 80.586
0.01684105 3896.25 0.0 80.767
0.01685272 3897.123 0.0 80.949
0.01687195 3898.16 0.0 81.134
0.01688086 3898.953 0.0 81.323
0.01690324 3899.91 0.0 81.503
0.01690882 3900.07 0.0 81.686
0.01693265 3900.46 0.0 81.868
0.01693927 3900.7 0.0 82.05
0.01696145 3901.02 0.0 82.234
0.01697071 3901.02 0.0 82.416
0.01698619 3900.94 0.0 82.593
0.01700201 3900.303 0.0 82.773
0.0170148 3899.67 0.0 82.956
0.01703333 3899.67 0.0 83.14
0.01703939 3900.07 0.0 83.322
0.01706278 3900.07 0.0 83.503
0.01706906 3899.99 0.0 83.685
0.01709306 3899.75 0.0 83.865
0.01709909 3900.067 0.0 84.042
0.01712042 3900.62 0.0 84.224
0.01713046 3900.94 0.0 84.405
0.01714587 3900.78 0.0 84.587
0.01716182 3900.86 0.0 84.768
0.01717242 3901.497 0.0 84.947
0.017193 3902.29 0.0 85.13
0.01719997 3902.45 0.0 85.313
0.0172234 3902.13 0.0 85.494
0.01722882 3901.653 0.0 85.674
0.01725258 3901.577 0.0 85.86
0.01726004 3902.21 0.0 86.041
0.01728014 3902.93 0.0 86.222
0.01729148 3902.93 0.0 86.404
0.01730723 3902.29 0.0 86.587
0.01732322 3901.81 0.0 86.771
0.01733088 3901.26 0.0 86.95
0.01735309 3900.78 0.0 87.131
0.01736136 3900.94 0.0 87.311
0.01738441 3901.26 0.0 87.494
0.01739023 3901.26 0.0 87.678
0.01741346 3901.26 0.0 87.861
0.01742154 3901.1 0.0 88.041
0.01744066 3901.02 0.0 88.224
0.01745193 3901.573 0.0 88.404
0.01746728 3902.29 0.0 88.584
0.01748346 3902.85 0.0 88.765
0.01749603 3903.323 0.0 88.945
0.01751525 3903.88 0.0 89.13
0.01752199 3904.36 0.0 89.313
0.01754495 3904.36 0.0 89.493
0.01755044 3904.597 0.0 89.673
0.01757366 3905.15 0.0 89.853
0.01758153 3904.437 0.0 90.032
0.01760053 3903.96 0.0 90.213
0.01761314 3904.04 0.0 90.395
0.01762351 3903.56 0.0 90.575
0.01764384 3903.247 0.0 90.755
0.01765309 3903.64 0.0 90.938
0.01767568 3904.44 0.0 91.12
0.01768162 3904.677 0.0 91.301
0.01770529 3904.44 0.0 91.485
0.01771059 3904.36 0.0 91.668
0.01773482 3904.36 0.0 91.849
0.01774215 3904.99 0.0 92.03
0.01776001 3905.07 0.0 92.214
0.01777318 3904.833 0.0 92.397
0.01778851 3904.6 0.0 92.577
0.01780482 3904.753 0.0 92.758
0.01781527 3905.31 0.0 92.941
0.01783634 3906.193 0.0 93.123
0.01784209 3906.76 0.0 93.307
0.01786644 3906.52 0.0 93.493
0.01787168 3905.79 0.0 93.674
0.01789486 3905.55 0.0 93.855
0.01790332 3905.71 0.0 94.038
0.01791844 3906.03 0.0 94.218
0.01793374 3906.03 0.0 94.4
0.01795017 3906.837 0.0 94.58
0.01796627 3907.47 0.0 94.761
0.01797665 3907.47 0.0 94.943
0.01799657 3906.997 0.0 95.12
0.01800371 3906.76 0.0 95.302
0.01802677 3907.153 0.0 95.483
0.0180327 3907.55 0.0 95.666
0.01805616 3907.71 0.0 95.846
0.01806335 3907.63 0.0 96.028
0.01808254 3907.39 0.0 96.21
0.01809575 3907.23 0.0 96.391
0.01810953 3907.47 0.0 96.571
0.01812674 3908.19 0.0 96.756
0.01813421 3908.19 0.0 96.939
0.01815673 3907.71 0.0 97.119
0.01816436 3907.95 0.0 97.302
0.0181882 3908.35 0.0 97.485
0.01819252 3908.663 0.0 97.66
0.01821609 3909.54 0.0 97.839
0.01822489 3910.17 0.0 98.021
0.01824283 3910.57 0.0 98.204
0.018256 3910.33 0.0 98.387
0.01826945 3910.57 0.0 98.57
0.0182871 3911.21 0.0 98.751
0.0182964 3911.13 0.0 98.937
0.01831762 3910.65 0.0 99.118
0.0183242 3910.65 0.0 99.298
0.01834759 3911.13 0.0 99.48
0.01835325 3911.607 0.0 99.657
0.01837596 3911.37 0.0 99.839
0.01838495 3910.81 0.0 100.024
0.01840379 3910.49 0.0 100.207
0.01841646 3910.09 0.0 100.39
0.01843014 3910.33 0.0 100.571
0.0184475 3910.81 0.0 100.753
0.01845681 3911.13 0.0 100.934
0.01847885 3911.29 0.0 101.117
0.01848537 3911.29 0.0 101.297
0.01850908 3911.527 0.0 101.483
0.01851381 3912.48 0.0 101.664
0.01853776 3912.957 0.0 101.843
0.01854551 3913.113 0.0 102.023
0.01856282 3912.64 0.0 102.206
0.01857673 3912.0 0.0 102.387
0.01859045 3911.84 0.0 102.567
0.01860822 3912.16 0.0 102.751
0.01861703 3912.24 0.0 102.932
0.01863875 3912.64 0.0 103.113
0.01864489 3913.67 0.0 103.298
0.0186689 3914.07 0.0 103.479
0.01867464 3913.99 0.0 103.663
0.01869798 3913.35 0.0 103.845
0.01870598 3912.96 0.0 104.022
0.01872302 3912.64 0.0 104.2
0.01873722 3912.72 0.0 104.382
0.01874931 3913.51 0.0 104.565
0.0187679 3913.91 0.0 104.748
0.01877719 3914.23 0.0 104.929
0.01879901 3914.703 0.0 105.109
0.01880364 3915.58 0.0 105.291
0.01882693 3916.29 0.0 105.472
0.01883496 3916.77 0.0 105.656
0.01885656 3916.29 0.0 105.835
0.01886621 3915.66 0.0 106.017
0.01888178 3915.817 0.0 106.194
0.01889759 3916.13 0.0 106.38
0.01890644 3916.29 0.0 106.557
0.01892921 3916.05 0.0 106.737
0.01893408 3916.05 0.0 106.92
0.01895559 3916.21 0.0 107.103
0.01896627 3916.45 0.0 107.287
0.01897917 3916.53 0.0 107.47
0.0189962 3916.21 0.0 107.65
0.01900899 3915.817 0.0 107.833
0.01901982 3915.66 0.0 108.015
0.01903023 3916.21 0.0 108.197
0.01903675 3916.77 0.0 108.377
0.01904299 3916.53 0.0 108.56
0.01904821 3916.05 0.0 108.74
0.01905255 3915.817 0.0 108.925
0.01906405 3915.26 0.0 109.107
0.01911854 3915.1 0.0 109.289
0.01912777 3915.737 0.0 109.47
0.01915388 3916.77 0.0 109.653
0.01916046 3917.33 0.0 109.837
0.01917993 3917.41 0.0 110.017
0.01919206 3917.25 0.0 110.196
0.01920656 3917.17 0.0 110.376
0.0192238 3916.61 0.0 110.558
0.01923321 3916.05 0.0 110.74
0.01925433 3916.77 0.0 110.922
0.01926235 3917.643 0.0 111.109
0.01928568 3917.8 0.0 111.29
0.01928987 3917.487 0.0 111.473
0.01931213 3916.85 0.0 111.653
0.0193217 3916.133 0.0 111.832
0.01934168 3915.26 0.0 112.014
0.01935371 3914.86 0.0 112.198
0.01936877 3914.7 0.0 112.381
0.01938546 3914.86 0.0 112.565
0.01939621 3914.7 0.0 112.746
0.01941605 3915.18 0.0 112.933
0.0194243 3915.02 0.0 113.115
0.01944709 3914.23 0.0 113.298
0.01945166 3914.547 0.0 113.48
0.01947609 3915.1 0.0 113.664
0.01948316 3915.1 0.0 113.845
0.01950401 3915.1 0.0 114.028
0.01951361 3915.5 0.0 114.21
0.01952957 3915.897 0.0 114.394
0.01954467 3916.05 0.0 114.575
0.01955705 3916.13 0.0 114.755
0.01957606 3916.29 0.0 114.934
0.01958108 3916.053 0.0 115.114
0.01960536 3915.34 0.0 115.296
0.0196112 3915.26 0.0 115.477
0.01963532 3915.26 0.0 115.659
0.01964229 3914.86 0.0 115.839
0.01966247 3914.62 0.0 116.02
0.01967418 3915.18 0.0 116.202
0.0196887 3915.973 0.0 116.385
0.01970461 3915.5 0.0 116.568
0.01971668 3914.623 0.0 116.752
0.019736 3915.1 0.0 116.935
0.01974531 3916.293 0.0 117.115
0.01976742 3916.69 0.0 117.302
0.01977235 3916.13 0.0 117.482
0.0197955 3916.05 0.0 117.661
0.01980257 3915.66 0.0 117.843
0.019822 3915.66 0.0 118.023
0.01983385 3916.05 0.0 118.205
0.01984997 3916.45 0.0 118.388
0.01986511 3916.45 0.0 118.569
0.01987639 3915.657 0.0 118.751
0.0198962 3915.34 0.0 118.937
0.0199037 3915.66 0.0 119.12
0.01992614 3916.37 0.0 119.304
0.01993166 3917.01 0.0 119.485
0.01995604 3917.25 0.0 119.669
0.01996262 3916.61 0.0 119.853
0.01998057 3915.66 0.0 120.035
0.01999379 3915.42 0.0 120.215
0.02001062 3915.66 0.0 120.399
0.02002444 3916.37 0.0 120.582
0.02003688 3917.01 0.0 120.764
0.0200558 3916.77 0.0 120.945
0.02006528 3916.77 0.0 121.125
0.02008693 3916.77 0.0 121.307
0.02009455 3916.77 0.0 121.492
0.02011735 3917.25 0.0 121.674
0.02012259 3917.72 0.0 121.854
0.02014528 3917.72 0.0 122.038
0.02015351 3917.17 0.0 122.215
0.0201711 3916.053 0.0 122.397
0.0201842 3915.58 0.0 122.578
0.02019526 3915.26 0.0 122.758
0.02021483 3915.58 0.0 122.938
0.02022453 3916.45 0.0 123.121
0.02024611 3916.77 0.0 123.301
0.02025287 3916.53 0.0 123.484
0.02027641 3915.58 0.0 123.666
0.02028217 3915.5 0.0 123.851
0.02030454 3915.973 0.0 124.031
0.02031307 3915.973 0.0 124.213
0.02033075 3915.5 0.0 124.399
0.02034393 3915.1 0.0 124.58
0.0203574 3915.1 0.0 124.765
0.0203747 3915.5 0.0 124.946
0.02038429 3915.973 0.0 125.128
0.02040498 3915.973 0.0 125.308
0.02041138 3915.42 0.0 125.488
0.02043467 3914.227 0.0 125.668
0.02044033 3913.037 0.0 125.846
0.02046202 3912.88 0.0 126.026
0.02047184 3913.35 0.0 126.212
0.02048929 3913.83 0.0 126.393
0.02050329 3913.83 0.0 126.574
0.02051536 3913.51 0.0 126.757
0.02053339 3912.48 0.0 126.934
0.02054237 3911.683 0.0 127.116
0.0205644 3910.73 0.0 127.297
0.02056872 3910.33 0.0 127.479
0.02059217 3910.57 0.0 127.663
0.0206 3910.49 0.0 127.844
0.02062076 3910.09 0.0 128.023
0.0206309 3910.09 0.0 128.206
0.02064737 3910.25 0.0 128.387
0.02066214 3910.57 0.0 128.566
0.02067305 3910.49 0.0 128.748
0.02069235 3909.54 0.0 128.93
0.02070032 3908.98 0.0 129.115
0.02072341 3908.9 0.0 129.296
0.02072873 3908.74 0.0 129.475
0.02075109 3908.507 0.0 129.655
0.02075855 3907.63 0.0 129.835
0.02077867 3907.39 0.0 130.022
0.02078933 3907.63 0.0 130.202
0.02080355 3906.917 0.0 130.38
0.02081993 3906.113 0.0 130.56
0.02083106 3906.03 0.0 130.741
0.02085073 3905.71 0.0 130.923
0.02085581 3904.597 0.0 131.104
0.02087941 3903.72 0.0 131.289
0.02088647 3902.93 0.0 131.471
0.02090885 3902.37 0.0 131.652
0.02091695 3901.813 0.0 131.834
0.02093585 3900.86 0.0 132.016
0.02094847 3899.75 0.0 132.197
0.02096173 3898.16 0.0 132.38
0.02097813 3897.2 0.0 132.558
0.02098834 3896.967 0.0 132.74
0.02100906 3896.013 0.0 132.919
0.02101503 3893.867 0.0 133.099
0.02103763 3891.72 0.0 133.281
0.02104433 3890.29 0.0 133.461
0.02106594 3888.383 0.0 133.642
0.02107452 3885.84 0.0 133.82
0.0210911 3883.457 0.0 134.001
0.02110574 3881.387 0.0 134.18
0.02111758 3879.72 0.0 134.36
0.02113577 3879.56 0.0 134.54
0.02114137 3879.48 0.0 134.722
0.02116435 3878.93 0.0 134.903
0.02117044 3877.813 0.0 135.082
0.02119425 3876.463 0.0 135.265
0.02120134 3874.477 0.0 135.446
0.02122114 3872.173 0.0 135.628
0.02123165 3869.31 0.0 135.809
0.02124737 3866.133 0.0 135.991
0.0212626 3863.35 0.0 136.172
0.02127355 3860.327 0.0 136.355
0.02129298 3857.787 0.0 136.535
0.02129961 3854.29 0.0 136.714
0.02132312 3850.393 0.0 136.894
0.02132767 3846.42 0.0 137.074
0.02135136 3843.56 0.0 137.256
0.02135875 3839.983 0.0 137.436
0.0213771 3835.85 0.0 137.619
0.02138958 3831.4 0.0 137.8
0.02140348 3826.47 0.0 137.98
0.02142059 3820.673 0.0 138.159
0.02142787 3813.837 0.0 138.341
0.02144947 3808.037 0.0 138.524
0.02145647 3801.597 0.0 138.704
0.02147975 3795.72 0.0 138.886
0.02148542 3788.803 0.0 139.065
0.02150803 3781.573 0.0 139.243
0.02151699 3773.47 0.0 139.427
0.0215359 3764.96 0.0 139.607
0.02154718 3755.663 0.0 139.789
0.02155988 3745.97 0.0 139.97
0.02157701 3736.91 0.0 140.153
0.02158706 3726.34 0.0 140.333
0.0216074 3716.167 0.0 140.513
0.02161425 3704.167 0.0 140.695
0.02163706 3692.563 0.0 140.874
0.02164305 3679.847 0.0 141.055
0.0216629 3668.403 0.0 141.235
0.02167319 3656.72 0.0 141.415
0.02168864 3644.72 0.0 141.597
0.02170373 3633.357 0.0 141.774
0.02171553 3621.753 0.0 141.956
0.02173442 3611.58 0.0 142.14
0.02174154 3601.803 0.0 142.321
0.02176433 3593.777 0.0 142.503
0.0217696 3586.783 0.0 142.682
0.02179319 3581.38 0.0 142.864
0.02179937 3578.36 0.0 143.043
0.02182013 3576.93 0.0 143.229
0.02183085 3577.327 0.0 143.41
0.0218455 3579.713 0.0 143.592
0.02186122 3583.29 0.0 143.773
0.02187254 3588.293 0.0 143.959
0.02189156 3594.97 0.0 144.14
0.02189741 3603.87 0.0 144.326
0.02192018 3612.37 0.0 144.507
0.02192838 3622.863 0.0 144.693
0.02195051 3634.387 0.0 144.874
0.02195665 3647.103 0.0 145.054
0.02197914 3658.627 0.0 145.238
0.02198719 3670.47 0.0 145.417
0.02200379 3681.833 0.0 145.596
0.02201683 3692.96 0.0 145.776
0.02203037 3704.88 0.0 145.958
0.02204704 3716.8 0.0 146.137
0.02205577 3728.963 0.0 146.318
0.02207755 3738.977 0.0 146.497
0.022082 3749.623 0.0 146.677
0.02210555 3758.84 0.0 146.861
0.022113 3768.46 0.0 147.039
0.02213117 3777.2 0.0 147.227
0.02214296 3785.703 0.0 147.407
0.02216066 3794.13 0.0 147.591
0.0221739 3801.6 0.0 147.778
0.02218745 3809.147 0.0 147.959
0.02220394 3816.223 0.0 148.142
0.02221307 3823.137 0.0 148.324
0.02223327 3828.62 0.0 148.505
0.02224013 3833.71 0.0 148.688
0.02226321 3838.24 0.0 148.871
0.02226904 3842.847 0.0 149.051
0.02228993 3847.69 0.0 149.233
0.0222991 3851.747 0.0 149.416
0.02231598 3855.323 0.0 149.595
0.02232978 3858.98 0.0 149.778
0.02234217 3862.713 0.0 149.962
0.02235976 3865.97 0.0 150.141
0.02236873 3869.55 0.0 150.321
0.02238976 3872.887 0.0 150.504
0.02239426 3875.747 0.0 150.686
0.02241695 3877.177 0.0 150.869
0.02242405 3878.847 0.0 151.052
0.02244698 3880.673 0.0 151.236
0.02245502 3882.583 0.0 151.418
0.02247289 3885.127 0.0 151.601
0.02248571 3887.27 0.0 151.781
0.02249816 3889.177 0.0 151.961
0.02251489 3891.087 0.0 152.144
0.02252438 3893.55 0.0 152.324
0.02254479 3895.06 0.0 152.503
0.02255044 3896.41 0.0 152.682
0.02257309 3897.6 0.0 152.859
0.02258023 3898.873 0.0 153.041
0.02260005 3900.543 0.0 153.222
0.02261039 3902.927 0.0 153.404
0.02262442 3904.993 0.0 153.581
0.02264041 3906.033 0.0 153.761
0.02265051 3907.233 0.0 153.94
0.02266949 3908.903 0.0 154.12
0.02267559 3910.493 0.0 154.303
0.022698 3912.477 0.0 154.487
0.02270489 3914.387 0.0 154.668
0.02272715 3915.02 0.0 154.848
0.02273502 3914.94 0.0 155.03
0.02275288 3915.34 0.0 155.209
0.0227644 3916.69 0.0 155.389
0.02277779 3918.36 0.0 155.571
0.02279413 3919.79 0.0 155.752
0.02280493 3920.503 0.0 155.936
0.02282391 3921.06 0.0 156.119
0.02283013 3921.86 0.0 156.299
0.02285274 3922.25 0.0 156.478
0.02285888 3922.49 0.0 156.657
0.02288 3923.287 0.0 156.841
0.02288925 3924.48 0.0 157.022
0.02290578 3924.88 0.0 157.206
0.02291894 3924.957 0.0 157.389
0.02293325 3924.957 0.0 157.575
0.02294898 3925.67 0.0 157.756
0.02295591 3926.703 0.0 157.937
0.02297751 3927.817 0.0 158.115
0.02298454 3928.37 0.0 158.295
0.02300731 3928.69 0.0 158.477
0.02301386 3928.69 0.0 158.662
0.0230355 3928.85 0.0 158.848
0.02304314 3929.25 0.0 159.029
0.02306039 3929.41 0.0 159.21
0.02307313 3929.487 0.0 159.391
0.0230874 3929.96 0.0 159.572
0.02310342 3930.36 0.0 159.753
0.02311286 3930.36 0.0 159.931
0.02313303 3930.52 0.0 160.114
0.02314054 3931.157 0.0 160.298
0.02316157 3931.55 0.0 160.48
0.02316722 3932.03 0.0 160.661
0.02319687 3932.587 0.0 161.023
0.02321311 3932.19 0.0 161.204
0.02322658 3931.63 0.0 161.388
0.02323651 3931.157 0.0 161.567
0.02325565 3930.92 0.0 161.751
0.02326578 3931.08 0.0 161.932
0.02328552 3931.08 0.0 162.109
0.02329115 3931.63 0.0 162.289
0.0233137 3932.743 0.0 162.469
0.02332005 3934.413 0.0 162.652
0.0233423 3935.763 0.0 162.836
0.02335049 3936.48 0.0 163.017
0.02336739 3937.353 0.0 163.199
0.02338031 3937.43 0.0 163.382
0.02339373 3937.117 0.0 163.566
0.02341002 3937.43 0.0 163.746
0.02341931 3937.273 0.0 163.929
0.0234393 3937.273 0.0 164.111
0.02344435 3937.51 0.0 164.29
0.02346624 3937.037 0.0 164.472
0.02347368 3936.64 0.0 164.651
0.02350641 3937.353 0.0 165.081
0.02352861 3938.307 0.0 165.264
0.0235345 3939.02 0.0 165.444
0.02355454 3939.26 0.0 165.624
0.02356425 3939.42 0.0 165.803
0.02357869 3939.42 0.0 165.983
0.02359322 3939.74 0.0 166.165
0.02360404 3940.06 0.0 166.346
0.02362237 3939.98 0.0 166.529
0.02362982 3940.293 0.0 166.707
0.0236517 3940.53 0.0 166.887
0.02365639 3940.293 0.0 167.067
0.02367897 3939.66 0.0 167.248
0.02368647 3938.78 0.0 167.43
0.02370436 3938.623 0.0 167.61
0.02371581 3938.7 0.0 167.789
0.02372972 3938.94 0.0 167.97
0.02374576 3939.66 0.0 168.15
0.02375411 3940.137 0.0 168.333
0.02377451 3940.37 0.0 168.513
0.02378139 3940.37 0.0 168.695
0.02380325 3940.14 0.0 168.876
0.0238088 3940.45 0.0 169.06
0.02383115 3941.17 0.0 169.243
0.02383856 3941.57 0.0 169.423
0.0238549 3941.49 0.0 169.605
0.02386781 3941.25 0.0 169.786
0.023882 3941.33 0.0 169.967
0.02389745 3941.09 0.0 170.152
0.02390696 3941.49 0.0 170.335
0.02392664 3942.12 0.0 170.516
0.02393285 3941.803 0.0 170.698
0.02395407 3941.41 0.0 170.879
0.02395991 3941.09 0.0 171.059
0.02398191 3941.33 0.0 171.241
0.02398936 3941.57 0.0 171.422
0.02400635 3941.57 0.0 171.603
0.02401881 3941.803 0.0 171.785
0.02403135 3942.52 0.0 171.965
0.02404832 3942.92 0.0 172.144
0.02405662 3943.23 0.0 172.324
0.02407711 3943.55 0.0 172.506
0.02408131 3943.87 0.0 172.683
0.0241034 3944.747 0.0 172.867
0.02411036 3945.38 0.0 173.05
0.02413097 3945.86 0.0 173.232
0.02414059 3946.65 0.0 173.412
0.02415589 3947.29 0.0 173.594
0.02416912 3948.0 0.0 173.778
0.0241815 3948.64 0.0 173.96
0.02419833 3948.72 0.0 174.142
0.02420712 3948.16 0.0 174.32
0.02422734 3946.97 0.0 174.501
0.02423289 3946.177 0.0 174.684
0.02425432 3946.1 0.0 174.865
0.02426124 3946.1 0.0 175.042
0.02428103 3946.333 0.0 175.224
0.0242911 3946.65 0.0 175.407
0.02430414 3947.05 0.0 175.586
0.02431934 3947.05 0.0 175.771
0.02433116 3947.21 0.0 175.956
0.02434908 3947.37 0.0 176.142
0.0243549 3948.16 0.0 176.323
0.02437693 3948.96 0.0 176.509
0.02438276 3949.43 0.0 176.689
0.02440522 3949.51 0.0 176.869
0.02441125 3949.197 0.0 177.052
0.02443181 3948.8 0.0 177.233
0.02444075 3948.64 0.0 177.414
0.02445547 3947.843 0.0 177.596
0.02446923 3947.13 0.0 177.778
0.02448134 3947.683 0.0 177.959
0.02449888 3948.64 0.0 178.149
0.02450805 3949.277 0.0 178.33
0.02452776 3949.51 0.0 178.513
0.02453435 3950.15 0.0 178.7
0.02455691 3950.39 0.0 178.879
0.02456193 3950.15 0.0 179.063
0.0245825 3949.67 0.0 179.251
0.0245907 3948.8 0.0 179.431
0.02460825 3948.96 0.0 179.614
0.02461954 3949.43 0.0 179.796
0.02462948 3949.273 0.0 179.974
0.02464779 3948.4 0.0 180.157
0.02465667 3947.92 0.0 180.337
0.02467684 3947.76 0.0 180.518
0.02468322 3947.84 0.0 180.703
0.02470427 3948.48 0.0 180.886
0.02471067 3949.197 0.0 181.067
0.02473232 3949.2 0.0 181.249
0.02473886 3949.67 0.0 181.429
0.0247557 3949.83 0.0 181.612
0.02476751 3949.197 0.0 181.791
0.02478184 3948.56 0.0 181.973
0.02479665 3948.88 0.0 182.155
0.0248068 3949.83 0.0 182.336
0.02482537 3949.67 0.0 182.518
0.02483044 3949.75 0.0 182.699
0.02485185 3949.433 0.0 182.879
0.02485893 3948.96 0.0 183.06
0.02488071 3949.67 0.0 183.242
0.02488781 3950.707 0.0 183.425
0.02490032 3951.34 0.0 183.605
0.02491486 3951.74 0.0 183.786
0.0249289 3952.137 0.0 183.968
0.02494493 3952.45 0.0 184.149
0.02495436 3952.61 0.0 184.33
0.02497358 3953.33 0.0 184.509
0.02497912 3954.2 0.0 184.689
0.02500108 3953.963 0.0 184.869
0.02500615 3953.49 0.0 185.05
0.02502697 3953.01 0.0 185.231
0.02503527 3952.61 0.0 185.409
0.02504997 3952.45 0.0 185.591
0.0250636 3953.33 0.0 185.772
0.02507515 3954.043 0.0 185.955
0.02509167 3954.44 0.0 186.139
0.0250978 3953.727 0.0 186.321
0.02511896 3952.53 0.0 186.502
0.02512548 3952.45 0.0 186.685
0.02514682 3952.293 0.0 186.865
0.02515238 3951.58 0.0 187.045
0.02517241 3951.34 0.0 187.224
0.02518174 3951.1 0.0 187.407
0.02519607 3951.5 0.0 187.59
0.02521005 3952.613 0.0 187.77
0.02522086 3954.123 0.0 187.953
0.02523812 3954.44 0.0 188.133
0.02524544 3954.12 0.0 188.314
0.02526604 3954.2 0.0 188.497
0.02527148 3954.84 0.0 188.677
0.02529328 3955.95 0.0 188.859
0.02529948 3956.59 0.0 189.042
0.02531783 3956.27 0.0 189.226
0.02532739 3955.157 0.0 189.407
0.02534366 3954.92 0.0 189.593
0.02535671 3955.47 0.0 189.778
0.02536896 3956.19 0.0 189.96
0.02538464 3957.3 0.0 190.142
0.02539266 3957.54 0.0 190.324
0.02541218 3957.54 0.0 190.507
0.02541802 3957.54 0.0 190.682
0.02543956 3957.86 0.0 190.862
0.02544578 3958.26 0.0 191.043
0.02546468 3958.26 0.0 191.224
0.02547357 3958.02 0.0 191.405
0.02548729 3957.54 0.0 191.586
0.0255017 3956.823 0.0 191.769
0.0255125 3956.19 0.0 191.95
0.02552985 3955.79 0.0 192.132
0.02553689 3955.87 0.0 192.314
0.02555797 3956.823 0.0 192.496
0.02556232 3957.46 0.0 192.68
0.02558412 3957.54 0.0 192.863
0.02559029 3957.54 0.0 193.043
0.02560944 3957.38 0.0 193.226
0.02561899 3957.7 0.0 193.409
0.02563407 3958.653 0.0 193.59
0.0256471 3959.607 0.0 193.772
0.02565678 3959.92 0.0 193.951
0.02567485 3959.69 0.0 194.135
0.0256823 3959.843 0.0 194.316
0.02570258 3960.16 0.0 194.498
0.02570829 3960.16 0.0 194.685
0.02572966 3959.687 0.0 194.863
0.02573553 3959.21 0.0 195.045
0.02575301 3958.97 0.0 195.222
0.0257634 3958.97 0.0 195.403
0.02577711 3959.29 0.0 195.585
0.02579147 3959.843 0.0 195.767
0.02580225 3960.0 0.0 195.948
0.02581988 3960.16 0.0 196.132
0.02582597 3960.08 0.0 196.313
0.02584573 3960.08 0.0 196.493
0.02585093 3960.4 0.0 196.672
0.02587197 3960.4 0.0 196.852
0.02587889 3960.4 0.0 197.034
0.0258965 3960.08 0.0 197.211
0.02590659 3959.687 0.0 197.393
0.02591868 3959.13 0.0 197.574
0.0259335 3959.05 0.0 197.754
0.0259431 3959.29 0.0 197.936
0.0259622 3959.843 0.0 198.12
0.02596638 3959.61 0.0 198.3
0.0259872 3959.53 0.0 198.479
0.02599449 3959.69 0.0 198.66
0.02601353 3959.69 0.0 198.839
0.0260222 3959.69 0.0 199.019
0.02603742 3959.61 0.0 199.202
0.02605021 3958.97 0.0 199.385
0.02606332 3958.73 0.0 199.567
0.02607823 3958.73 0.0 199.749
0.02608517 3959.05 0.0 199.932
0.02610509 3959.37 0.0 200.111
0.02611174 3959.45 0.0 200.292
0.02613249 3959.92 0.0 200.475
0.02613781 3960.16 0.0 200.659
0.0261585 3960.8 0.0 200.838
0.02616573 3960.96 0.0 201.018
0.02617893 3960.64 0.0 201.197
0.02619279 3959.923 0.0 201.38
0.02620405 3959.29 0.0 201.561
0.02622036 3959.13 0.0 201.74
0.02622548 3958.81 0.0 201.924
0.02624647 3959.13 0.0 202.106
0.02625388 3959.843 0.0 202.287
0.02627472 3959.687 0.0 202.469
0.02628009 3959.21 0.0 202.649
0.02629813 3959.05 0.0 202.83
0.02630765 3958.89 0.0 203.013
0.02632258 3958.97 0.0 203.193
0.02633544 3959.05 0.0 203.376
0.02634541 3959.37 0.0 203.556
0.02636244 3959.61 0.0 203.74
0.02636971 3959.687 0.0 203.921
0.02638967 3960.0 0.0 204.101
0.02639488 3960.4 0.0 204.281
0.02641574 3960.4 0.0 204.462
0.02642178 3960.72 0.0 204.643
0.02643777 3960.8 0.0 204.824
0.02644836 3960.4 0.0 205.006
0.02646495 3959.527 0.0 205.194
0.02647641 3958.73 0.0 205.377
0.02648456 3959.21 0.0 205.558
0.02650248 3960.4 0.0 205.74
0.02651121 3961.117 0.0 205.92
0.02653053 3961.83 0.0 206.1
0.0265355 3962.31 0.0 206.279
0.02655613 3962.55 0.0 206.455
0.02656124 3961.91 0.0 206.636
0.02657947 3961.353 0.0 206.817
0.02658936 3960.96 0.0 206.998
0.02660289 3960.8 0.0 207.179
0.02661691 3960.4 0.0 207.361
0.02662608 3960.8 0.0 207.542
0.02664378 3960.96 0.0 207.724
0.02665085 3961.273 0.0 207.907
0.02667068 3961.59 0.0 208.087
0.02667447 3961.99 0.0 208.265
0.02669352 3962.47 0.0 208.449
0.02670159 3963.26 0.0 208.632
0.02671986 3963.98 0.0 208.812
0.02672974 3964.22 0.0 208.992
0.02674284 3964.297 0.0 209.173
0.02675701 3964.61 0.0 209.356
0.02675945 3964.22 0.0 209.537
0.02676148 3964.14 0.0 209.718
0.02676175 3963.66 0.0 209.896
0.02676234 3963.34 0.0 210.077
0.02676279 3963.34 0.0 210.259
0.02676291 3963.5 0.0 210.442
0.02676276 3963.74 0.0 210.621
0.02676296 3963.66 0.0 210.802
0.02676358 3963.58 0.0 210.981
0.02676317 3964.06 0.0 211.163
0.02676342 3964.533 0.0 211.348
0.02676311 3964.93 0.0 211.528
0.026763 3964.297 0.0 211.709
0.02676355 3963.74 0.0 211.887
0.02676321 3964.14 0.0 212.067
0.02676342 3964.453 0.0 212.248
0.02676345 3964.93 0.0 212.431
0.02676333 3964.453 0.0 212.614
0.0267634 3963.9 0.0 212.795
0.02676349 3962.867 0.0 212.977
0.02676341 3961.83 0.0 213.157
0.02676331 3961.59 0.0 213.34
0.02676353 3962.15 0.0 213.522
0.02676335 3963.66 0.0 213.701
0.02676361 3964.53 0.0 213.882
0.02676335 3963.82 0.0 214.066
0.02676342 3962.867 0.0 214.249
0.02676375 3962.15 0.0 214.429
0.02676408 3961.91 0.0 214.609
0.02676334 3961.83 0.0 214.788
0.02676381 3962.31 0.0 214.972
0.02676341 3962.787 0.0 215.153
0.02676075 3962.943 0.0 215.335
0.0267605 3962.79 0.0 215.517
0.02675945 3963.02 0.0 215.698
0.02676017 3962.943 0.0 215.878
0.02675971 3962.31 0.0 216.06
0.02675956 3962.07 0.0 216.241
0.02675965 3962.15 0.0 216.424
0.02675965 3962.55 0.0 216.604
0.02675924 3962.71 0.0 216.786
0.02675957 3962.31 0.0 216.971
0.02675971 3961.91 0.0 217.153
0.02675967 3962.07 0.0 217.333
0.02675945 3963.183 0.0 217.512
0.02675963 3964.453 0.0 217.692
0.02675983 3964.93 0.0 217.873
0.02675999 3965.01 0.0 218.057
0.02675944 3965.41 0.0 218.24
0.02675956 3965.65 0.0 218.422
0.02675951 3965.65 0.0 218.603
0.02676011 3965.41 0.0 218.779
0.02675982 3965.09 0.0 218.958
0.02675933 3964.297 0.0 219.136
0.02675938 3963.74 0.0 219.317
0.02675954 3963.74 0.0 219.501
0.02675931 3963.66 0.0 219.683
0.02675951 3963.023 0.0 219.862
0.02675923 3962.47 0.0 220.042
0.02675929 3962.15 0.0 220.222
0.02675902 3962.39 0.0 220.4
0.02675755 3962.55 0.0 220.585
0.0267563 3962.15 0.0 220.766
0.02675665 3962.627 0.0 220.948
0.02675608 3963.82 0.0 221.128
0.02675576 3964.22 0.0 221.309
0.0267559 3963.98 0.0 221.491
0.02675586 3964.06 0.0 221.671
0.02675615 3964.22 0.0 221.851
0.0267557 3964.06 0.0 222.032
0.02675596 3963.9 0.0 222.214
0.02675538 3964.85 0.0 222.396
0.02675589 3965.33 0.0 222.58
0.02675579 3965.647 0.0 222.761
0.02675585 3966.12 0.0 222.945
0.02675595 3966.6 0.0 223.127
0.02675561 3965.963 0.0 223.308
0.02675592 3965.17 0.0 223.49
0.02675597 3964.453 0.0 223.671
0.02675523 3963.98 0.0 223.854
0.02675591 3964.297 0.0 224.034
0.0267554 3965.09 0.0 224.214
0.02675562 3965.803 0.0 224.396
0.02675536 3965.647 0.0 224.577
0.02675546 3965.41 0.0 224.759
0.02675595 3965.727 0.0 224.943
0.02675577 3965.803 0.0 225.122
0.02675601 3965.17 0.0 225.303
0.02675618 3964.53 0.0 225.486
0.02675576 3964.22 0.0 225.666
0.02675552 3964.45 0.0 225.846
0.02675574 3964.45 0.0 226.028
0.02675601 3964.297 0.0 226.212
0.02675557 3963.82 0.0 226.393
0.0267561 3963.34 0.0 226.572
0.02675585 3963.26 0.0 226.753
0.02675599 3963.98 0.0 226.936
0.02675556 3964.45 0.0 227.114
0.02675605 3964.45 0.0 227.296
0.02675566 3964.69 0.0 227.477
0.02675574 3964.61 0.0 227.663
0.02675592 3964.373 0.0 227.844
0.02675607 3965.01 0.0 228.026
0.02675556 3965.25 0.0 228.207
0.02675646 3964.533 0.0 228.387
0.02675606 3964.06 0.0 228.57
0.02675572 3964.93 0.0 228.75
0.02675598 3965.41 0.0 228.932
0.02675552 3965.25 0.0 229.112
0.02675635 3964.93 0.0 229.292
0.02675585 3964.93 0.0 229.471
0.02675567 3965.33 0.0 229.652
0.02675574 3965.41 0.0 229.834
0.02675582 3965.65 0.0 230.015
0.02675564 3965.41 0.0 230.194
0.02675608 3965.01 0.0 230.374
0.02675594 3965.09 0.0 230.554
0.02675546 3964.533 0.0 230.733
0.02675593 3964.06 0.0 230.916
0.0267557 3964.297 0.0 231.095
0.02675576 3964.85 0.0 231.276
0.02675592 3964.69 0.0 231.459
0.02675582 3963.98 0.0 231.639
0.02675597 3963.74 0.0 231.819
0.02675562 3963.82 0.0 231.998
0.02675582 3964.377 0.0 232.178
0.0267559 3965.17 0.0 232.36
0.026756 3965.883 0.0 232.541
0.0267554 3966.68 0.0 232.723
0.02675601 3967.08 0.0 232.907
0.0267558 3966.6 0.0 233.088
0.02675589 3966.36 0.0 233.271
0.0267558 3966.997 0.0 233.454
0.02675591 3967.95 0.0 233.635
0.02675603 3968.27 0.0 233.818
0.02675585 3967.95 0.0 234.0
0.02675585 3967.077 0.0 234.182
0.02675598 3966.52 0.0 234.362
0.02675578 3965.803 0.0 234.546
0.02675618 3965.41 0.0 234.732
0.02675566 3966.28 0.0 234.917
0.02675568 3967.0 0.0 235.101
0.02675592 3967.313 0.0 235.285
0.02675595 3967.63 0.0 235.468
0.02675549 3967.71 0.0 235.653
0.0267557 3967.55 0.0 235.834
0.02675576 3967.55 0.0 236.015
0.02675624 3967.233 0.0 236.196
0.0267557 3966.04 0.0 236.378
0.02675593 3965.49 0.0 236.559
0.02675583 3965.647 0.0 236.742
0.02675624 3966.28 0.0 236.922
0.02675582 3966.6 0.0 237.105
0.0267559 3966.6 0.0 237.285
0.02675601 3966.92 0.0 237.467
0.02675596 3967.87 0.0 237.647
0.02675642 3968.67 0.0 237.825
0.02675618 3968.75 0.0 238.006
0.02675585 3967.87 0.0 238.187
0.02675609 3966.84 0.0 238.37
0.02675623 3966.76 0.0 238.548
0.02675636 3966.84 0.0 238.726
0.02675628 3966.84 0.0 238.908
0.02675639 3966.6 0.0 239.095
0.02675581 3966.36 0.0 239.276
0.02675582 3965.88 0.0 239.456
0.02675609 3965.88 0.0 239.637
0.02675603 3966.28 0.0 239.815
0.02675598 3966.28 0.0 239.995
0.02675594 3966.44 0.0 240.178
0.02675599 3967.157 0.0 240.358
0.02675563 3967.71 0.0 240.54
0.02675591 3967.95 0.0 240.721
0.02675616 3968.51 0.0 240.903
0.02675595 3968.75 0.0 241.082
0.02675581 3968.51 0.0 241.26
0.02675583 3967.553 0.0 241.443
0.02675561 3966.36 0.0 241.627
0.0267562 3966.12 0.0 241.809
0.02675627 3966.84 0.0 241.99
0.02675568 3967.63 0.0 242.173
0.02675606 3968.03 0.0 242.357
0.02675623 3968.27 0.0 242.539
0.02675553 3968.59 0.0 242.722
0.02675548 3969.3 0.0 242.905
0.0267559 3969.22 0.0 243.088
0.02675562 3968.827 0.0 243.265
0.02675573 3968.35 0.0 243.448
0.026756 3968.35 0.0 243.629
0.02675593 3968.75 0.0 243.811
0.02675542 3968.51 0.0 243.987
0.02675558 3968.11 0.0 244.168
0.02675604 3968.19 0.0 244.347
0.02675544 3968.27 0.0 244.531
0.02675606 3968.27 0.0 244.716
0.02675564 3968.27 0.0 244.897
0.02675576 3967.79 0.0 245.076
0.02675597 3967.47 0.0 245.26
0.02675523 3967.077 0.0 245.443
0.02675562 3966.84 0.0 245.624
0.02675516 3967.0 0.0 245.805
0.02675561 3968.03 0.0 245.986
0.02675588 3969.38 0.0 246.167
0.02675589 3970.257 0.0 246.349
0.02675597 3970.333 0.0 246.53
0.02675553 3970.257 0.0 246.713
0.02675565 3969.78 0.0 246.893
0.02675567 3969.14 0.0 247.073
0.02675599 3968.75 0.0 247.255
0.0267559 3968.75 0.0 247.436
0.02675581 3968.75 0.0 247.618
0.02675649 3968.983 0.0 247.797
0.02675555 3969.7 0.0 247.979
0.02675584 3969.94 0.0 248.161
0.02675574 3969.54 0.0 248.342
0.02675578 3969.3 0.0 248.524
0.02675588 3969.86 0.0 248.704
0.02675618 3969.46 0.0 248.884
0.02675606 3969.06 0.0 249.068
0.02675612 3969.22 0.0 249.25
0.02675523 3969.22 0.0 249.431
0.02675607 3969.46 0.0 249.611
0.02675601 3970.333 0.0 249.792
0.02675637 3971.37 0.0 249.974
0.02675615 3971.607 0.0 250.155
0.02675615 3970.97 0.0 250.336
0.02675612 3970.177 0.0 250.517
0.02675585 3969.94 0.0 250.698
0.02675598 3970.02 0.0 250.882
0.02675557 3970.41 0.0 251.065
0.02675602 3969.78 0.0 251.243
0.02675615 3969.22 0.0 251.423
0.02675566 3969.06 0.0 251.604
0.02675554 3968.903 0.0 251.786
0.02675596 3968.67 0.0 251.967
0.02675586 3968.19 0.0 252.149
0.02675634 3967.79 0.0 252.333
0.02675614 3968.19 0.0 252.516
0.02675587 3968.51 0.0 252.696
0.02675557 3968.903 0.0 252.877
0.0267558 3968.827 0.0 253.061
0.02675646 3968.27 0.0 253.24
0.02675649 3968.11 0.0 253.421
0.02675615 3968.59 0.0 253.603
0.02675602 3969.22 0.0 253.785
0.02675601 3969.06 0.0 253.97
0.02675608 3968.75 0.0 254.156
0.02675606 3968.75 0.0 254.341
0.02675592 3968.75 0.0 254.523
0.02675573 3968.75 0.0 254.708
0.02675576 3968.907 0.0 254.894
0.02675622 3969.38 0.0 255.079
0.02675573 3969.22 0.0 255.26
0.02675585 3969.22 0.0 255.439
0.02675566 3969.22 0.0 255.624
0.02675691 3969.22 0.0 255.805
0.02675604 3969.22 0.0 255.985
0.02675567 3969.54 0.0 256.168
0.02675626 3970.413 0.0 256.348
0.02675669 3970.97 0.0 256.53
0.02675594 3971.607 0.0 256.711
0.02675639 3971.92 0.0 256.894
0.02675623 3971.61 0.0 257.074
0.02675607 3971.45 0.0 257.254
0.02675602 3970.81 0.0 257.435
0.02675595 3969.94 0.0 257.613
0.02675515 3969.46 0.0 257.802
0.02675543 3969.7 0.0 257.984
0.02675596 3969.94 0.0 258.166
0.02675619 3969.94 0.0 258.347
0.02675602 3970.253 0.0 258.53
0.02675576 3970.57 0.0 258.713
0.02675557 3970.257 0.0 258.89
0.02675582 3969.86 0.0 259.069
0.02675583 3969.14 0.0 259.249
0.0267558 3968.98 0.0 259.432
0.02675611 3968.827 0.0 259.612
0.02675538 3968.51 0.0 259.792
0.026756 3968.27 0.0 259.974
0.02675553 3968.67 0.0 260.153
0.02675605 3969.22 0.0 260.334
0.02675603 3969.94 0.0 260.513
0.02675578 3970.41 0.0 260.696
0.02675589 3970.02 0.0 260.877
0.02675566 3969.38 0.0 261.057
0.0267558 3969.3 0.0 261.24
0.02675575 3969.38 0.0 261.42
0.02675586 3969.3 0.0 261.602
0.02675639 3969.7 0.0 261.78
0.02675546 3969.86 0.0 261.962
0.02675591 3969.86 0.0 262.146
0.02675588 3970.18 0.0 262.323
0.02675557 3970.02 0.0 262.505
0.02675614 3969.54 0.0 262.687
0.02675604 3969.22 0.0 262.868
0.02675558 3969.54 0.0 263.049
0.0267555 3970.02 0.0 263.229
0.02675591 3970.02 0.0 263.411
0.02675547 3969.7 0.0 263.592
0.02675598 3969.46 0.0 263.774
0.02675553 3970.097 0.0 263.955
0.02675586 3970.73 0.0 264.136
0.02675624 3970.65 0.0 264.319
0.02675553 3970.41 0.0 264.502
0.02675561 3970.49 0.0 264.683
0.0267559 3971.29 0.0 264.863
0.02675536 3971.84 0.0 265.042
0.0267561 3971.92 0.0 265.222
0.02675557 3971.45 0.0 265.404
0.02675558 3971.21 0.0 265.584
0.02675594 3970.81 0.0 265.767
0.02675532 3970.81 0.0 265.948
0.02675579 3971.13 0.0 266.128
0.02675561 3970.81 0.0 266.31
0.02675542 3970.333 0.0 266.491
0.02675562 3970.02 0.0 266.67
0.02675594 3969.86 0.0 266.851
0.02675522 3970.1 0.0 267.032
0.02675582 3970.413 0.0 267.217
0.02675532 3971.29 0.0 267.397
0.02675555 3971.84 0.0 267.579
0.02675574 3971.763 0.0 267.76
0.02675574 3971.763 0.0 267.94
0.02675517 3971.29 0.0 268.123
0.02675556 3971.21 0.0 268.309
0.02675576 3971.29 0.0 268.49
0.02675547 3970.97 0.0 268.672
0.02675592 3970.89 0.0 268.853
0.02675589 3970.89 0.0 269.036
0.02675603 3971.21 0.0 269.215
0.02675533 3971.45 0.0 269.396
0.02675525 3972.08 0.0 269.578
0.02675524 3972.56 0.0 269.759
0.02675554 3972.32 0.0 269.945
0.02675569 3971.687 0.0 270.126
0.02675492 3971.45 0.0 270.309
0.02675536 3971.37 0.0 270.491
0.02675602 3970.89 0.0 270.669
0.02675549 3970.41 0.0 270.849
0.02675547 3970.1 0.0 271.031
0.02675583 3969.7 0.0 271.211
0.02675572 3969.54 0.0 271.39
0.02675554 3970.097 0.0 271.573
0.02675582 3970.333 0.0 271.754
0.02675579 3970.1 0.0 271.934
0.02675577 3970.41 0.0 272.116
0.02675554 3970.57 0.0 272.293
0.02675521 3970.41 0.0 272.476
0.02675554 3970.41 0.0 272.656
0.02675627 3970.41 0.0 272.839
0.0267552 3970.41 0.0 273.02
0.02675629 3970.257 0.0 273.201
0.02675575 3970.02 0.0 273.382
0.02675569 3969.78 0.0 273.562
0.0267555 3969.3 0.0 273.745
0.02675555 3970.017 0.0 273.923
0.02675602 3971.29 0.0 274.103
0.0267554 3972.0 0.0 274.283
0.02675609 3972.16 0.0 274.463
0.02675545 3972.56 0.0 274.643
0.02675585 3972.8 0.0 274.826
0.02675596 3972.72 0.0 275.009
0.02675579 3972.64 0.0 275.19
0.02675612 3972.8 0.0 275.372
0.0267561 3972.48 0.0 275.549
0.02675543 3972.08 0.0 275.732
0.02675606 3972.08 0.0 275.912
0.02675563 3972.08 0.0 276.091
0.02675596 3972.56 0.0 276.274
0.02675581 3974.23 0.0 276.455
0.02675627 3974.787 0.0 276.635
0.0267562 3974.63 0.0 276.817
0.02675553 3974.23 0.0 276.998
0.02675625 3974.47 0.0 277.181
0.02675617 3974.31 0.0 277.363
0.02675604 3974.23 0.0 277.542
0.02675582 3974.23 0.0 277.73
0.02675581 3974.707 0.0 277.915
0.02675599 3975.18 0.0 278.098
0.0267553 3974.787 0.0 278.279
0.02675653 3974.23 0.0 278.462
0.02675619 3973.513 0.0 278.642
0.02675588 3972.96 0.0 278.821
0.0267558 3972.72 0.0 279.001
0.02675549 3973.2 0.0 279.185
0.02675556 3973.51 0.0 279.371
0.0267561 3973.59 0.0 279.552
0.02675601 3973.75 0.0 279.732
0.02675561 3973.91 0.0 279.911
0.02675545 3973.99 0.0 280.09
0.02675584 3973.83 0.0 280.273
0.02675595 3974.23 0.0 280.454
0.02675579 3974.31 0.0 280.632
0.02675563 3974.15 0.0 280.812
0.02675632 3974.07 0.0 280.992
0.02675575 3975.183 0.0 281.177
0.02675578 3976.06 0.0 281.357
0.026755 3976.06 0.0 281.534
0.02675562 3975.5 0.0 281.712
0.02675572 3975.1 0.0 281.894
0.02675529 3974.71 0.0 282.076
0.02675611 3974.71 0.0 282.257
0.02675587 3974.943 0.0 282.438
0.02675605 3975.34 0.0 282.617
0.0267555 3975.18 0.0 282.797
0.02675585 3975.5 0.0 282.978
0.02675535 3976.293 0.0 283.158
0.02675522 3976.293 0.0 283.34
0.02675588 3975.82 0.0 283.522
0.026756 3975.42 0.0 283.703
0.02675531 3975.5 0.0 283.887
0.02675568 3975.9 0.0 284.069
0.02675527 3975.5 0.0 284.251
0.02675587 3974.707 0.0 284.43
0.02675593 3974.15 0.0 284.615
0.02675545 3973.83 0.0 284.8
0.02675508 3974.943 0.0 284.982
0.02675537 3975.9 0.0 285.163
0.02675564 3976.85 0.0 285.343
0.02675559 3977.41 0.0 285.525
0.02675568 3977.57 0.0 285.706
0.02675572 3977.57 0.0 285.888
0.02675619 3977.49 0.0 286.071
0.02675543 3976.85 0.0 286.253
0.02675598 3976.37 0.0 286.436
0.02675578 3976.85 0.0 286.62
0.02675517 3977.49 0.0 286.799
0.02675553 3977.41 0.0 286.979
0.02675537 3976.61 0.0 287.159
0.02675592 3976.137 0.0 287.342
0.02675578 3976.137 0.0 287.523
0.02675583 3976.45 0.0 287.705
0.0267558 3976.213 0.0 287.888
0.02675577 3975.66 0.0 288.073
0.0267556 3975.58 0.0 288.256
0.02675575 3976.293 0.0 288.434
0.02675575 3977.01 0.0 288.611
0.02675571 3977.49 0.0 288.793
0.02675503 3977.57 0.0 288.973
0.02675545 3977.57 0.0 289.152
0.02675533 3977.25 0.0 289.336
0.02675554 3976.77 0.0 289.515
0.02675492 3976.37 0.0 289.697
0.02675533 3976.85 0.0 289.878
0.02675518 3977.963 0.0 290.06
0.02675557 3978.76 0.0 290.241
0.0267554 3978.36 0.0 290.423
0.02675526 3977.963 0.0 290.604
0.02675511 3977.57 0.0 290.786
0.02675592 3977.963 0.0 290.97
0.02675521 3978.28 0.0 291.151
0.02675542 3978.28 0.0 291.332
0.02675505 3977.887 0.0 291.512
0.02675512 3977.57 0.0 291.693
0.02675563 3977.41 0.0 291.876
0.0267555 3977.17 0.0 292.058
0.02675537 3977.09 0.0 292.24
0.02675528 3976.85 0.0 292.422
0.02675555 3977.01 0.0 292.602
0.02675548 3977.09 0.0 292.783
0.02675518 3977.09 0.0 292.965
0.0267554 3977.01 0.0 293.146
0.02675485 3976.61 0.0 293.328
0.02675574 3976.85 0.0 293.505
0.02675519 3977.25 0.0 293.685
0.02675521 3977.57 0.0 293.866
0.02675545 3977.57 0.0 294.048
0.0267552 3977.49 0.0 294.23
0.02675554 3977.09 0.0 294.411
0.02675541 3977.09 0.0 294.593
0.02675487 3976.93 0.0 294.774
0.02675522 3977.41 0.0 294.954
0.0267552 3978.123 0.0 295.136
0.02675541 3978.76 0.0 295.317
0.02675507 3978.28 0.0 295.501
0.02675541 3977.807 0.0 295.683
0.02675516 3977.41 0.0 295.866
0.02675567 3977.09 0.0 296.047
0.02675503 3977.33 0.0 296.23
0.02675506 3977.963 0.0 296.411
0.02675473 3978.28 0.0 296.592
0.02675519 3978.28 0.0 296.773
0.02675518 3977.963 0.0 296.953
0.02675532 3977.57 0.0 297.133
0.02675525 3977.09 0.0 297.313
0.0267549 3977.09 0.0 297.495
0.02675545 3977.25 0.0 297.675
0.02675477 3977.727 0.0 297.853
0.02675486 3978.12 0.0 298.033
0.02675455 3978.68 0.0 298.215
0.02675479 3978.76 0.0 298.395
0.02675557 3977.963 0.0 298.577
0.02675532 3977.33 0.0 298.766
0.02675496 3976.93 0.0 298.949
0.02675525 3976.61 0.0 299.131
0.02675512 3976.85 0.0 299.317
0.02675503 3977.25 0.0 299.499
0.02675522 3977.49 0.0 299.682
0.02675523 3977.807 0.0 299.869
0.02675553 3977.65 0.0 300.05
0.026755 3977.41 0.0 300.228
0.02675532 3976.93 0.0 300.411
0.02675525 3976.37 0.0 300.594
0.02675539 3976.45 0.0 300.777
0.02675604 3977.33 0.0 300.958
0.02675533 3977.57 0.0 301.141
0.02675492 3977.17 0.0 301.324
0.02675557 3976.373 0.0 301.507
0.02675551 3975.183 0.0 301.691
0.02675565 3974.47 0.0 301.871
0.02675561 3974.47 0.0 302.05
0.02675579 3974.55 0.0 302.229
0.02675519 3974.943 0.0 302.413
0.02675535 3975.42 0.0 302.594
0.02675511 3975.34 0.0 302.776
0.02675541 3975.18 0.0 302.957
0.02675506 3975.34 0.0 303.14
0.02675502 3975.18 0.0 303.322
0.02675511 3975.34 0.0 303.502
0.02675553 3975.74 0.0 303.683
0.0267553 3976.217 0.0 303.863
0.02675544 3976.61 0.0 304.044
0.02675499 3976.69 0.0 304.225
0.02675555 3975.66 0.0 304.412
0.02675509 3974.31 0.0 304.595
0.02675514 3973.83 0.0 304.775
0.02675514 3974.15 0.0 304.956
0.02675536 3973.75 0.0 305.142
0.02675527 3974.547 0.0 305.327
0.0267553 3975.897 0.0 305.51
0.02675496 3976.37 0.0 305.693
0.02675538 3976.45 0.0 305.876
0.02675543 3977.01 0.0 306.057
0.02675518 3977.09 0.0 306.238
0.02675467 3976.77 0.0 306.42
0.02675493 3976.37 0.0 306.598
0.02675526 3976.45 0.0 306.779
0.02675483 3977.25 0.0 306.959
0.02675461 3977.33 0.0 307.139
0.02675504 3976.373 0.0 307.323
0.02675597 3976.373 0.0 307.506
