X_channel Y_channel II_channel timestamp
0.01514327 3697.77 0.0 0.0
0.01514403 3698.603 0.0 0.174
0.01514396 3700.033 0.0 0.342
0.01514378 3701.143 0.0 0.51
0.01514388 3701.94 0.0 0.688
0.01514402 3702.657 0.0 0.869
0.01514412 3703.53 0.0 1.05
0.01514446 3704.72 0.0 1.238
0.01514437 3705.673 0.0 1.422
0.01514381 3705.28 0.0 1.603
0.01514406 3704.96 0.0 1.79
0.01514336 3705.753 0.0 1.97
0.01514394 3707.263 0.0 2.15
0.01514382 3708.457 0.0 2.332
0.01514378 3709.57 0.0 2.517
0.01514389 3710.68 0.0 2.699
0.01515506 3711.16 0.0 2.879
0.01516267 3711.64 0.0 3.063
0.01517636 3712.35 0.0 3.25
0.01519131 3711.877 0.0 3.433
0.01519796 3712.033 0.0 3.614
0.0152192 3712.987 0.0 3.796
0.01522656 3713.62 0.0 3.977
0.01524835 3714.02 0.0 4.16
0.01525296 3714.42 0.0 4.344
0.01527656 3714.973 0.0 4.527
0.01528235 3715.69 0.0 4.71
0.01530218 3716.09 0.0 4.892
0.01531216 3716.25 0.0 5.074
0.01532768 3716.25 0.0 5.255
0.01534198 3716.25 0.0 5.436
0.01535482 3716.25 0.0 5.617
0.01537241 3716.64 0.0 5.799
0.01537902 3716.8 0.0 5.98
0.01540133 3717.2 0.0 6.162
0.01540603 3718.15 0.0 6.343
0.01542979 3719.263 0.0 6.525
0.0154364 3720.06 0.0 6.709
0.01545591 3720.54 0.0 6.886
0.01546666 3720.777 0.0 7.066
0.01548153 3721.25 0.0 7.249
0.01549686 3721.49 0.0 7.435
0.01550689 3721.81 0.0 7.616
0.01552652 3722.13 0.0 7.797
0.01553384 3722.76 0.0 7.979
0.01555697 3723.32 0.0 8.16
0.01556105 3723.4 0.0 8.341
0.01558488 3723.713 0.0 8.518
0.01559134 3724.59 0.0 8.7
0.01560897 3724.99 0.0 8.881
0.01562123 3724.67 0.0 9.061
0.01563486 3724.59 0.0 9.244
0.01565215 3725.147 0.0 9.422
0.01566137 3726.18 0.0 9.604
0.01568231 3726.74 0.0 9.785
0.01568747 3726.74 0.0 9.967
0.0157107 3726.74 0.0 10.146
0.0157164 3726.893 0.0 10.324
0.01573906 3727.45 0.0 10.508
0.01574714 3728.723 0.0 10.689
0.01576516 3729.913 0.0 10.871
0.01577791 3730.31 0.0 11.052
0.01578891 3730.31 0.0 11.232
0.01580797 3730.55 0.0 11.415
0.01581611 3730.55 0.0 11.595
0.01583812 3731.267 0.0 11.779
0.01584385 3731.74 0.0 11.958
0.01586737 3731.74 0.0 12.14
0.01587273 3732.14 0.0 12.324
0.01589399 3732.853 0.0 12.504
0.01590376 3732.93 0.0 12.684
0.01592081 3733.01 0.0 12.867
0.01593483 3733.49 0.0 13.047
0.01594634 3734.05 0.0 13.227
0.01596496 3734.6 0.0 13.409
0.01597197 3734.68 0.0 13.59
0.01599483 3735.0 0.0 13.77
0.01600116 3735.16 0.0 13.953
0.01602473 3735.797 0.0 14.136
0.01602955 3736.59 0.0 14.317
0.01604626 3736.67 0.0 14.497
0.01605971 3736.033 0.0 14.678
0.01607781 3735.64 0.0 14.859
0.01609138 3736.19 0.0 15.038
0.01610439 3736.91 0.0 15.223
0.01612176 3737.307 0.0 15.406
0.01613044 3737.78 0.0 15.586
0.01615289 3737.7 0.0 15.77
0.01615795 3737.307 0.0 15.952
0.01618241 3737.463 0.0 16.136
0.01618707 3738.26 0.0 16.319
0.01620926 3738.26 0.0 16.5
0.01621901 3738.66 0.0 16.681
0.01623714 3739.37 0.0 16.863
0.01624978 3738.817 0.0 17.046
0.01626252 3738.42 0.0 17.226
0.01628002 3738.74 0.0 17.408
0.01628806 3738.9 0.0 17.59
0.01631108 3738.82 0.0 17.773
0.01631708 3738.74 0.0 17.96
0.01634085 3739.133 0.0 18.139
0.01634592 3739.45 0.0 18.321
0.01636529 3739.93 0.0 18.503
0.01637652 3740.643 0.0 18.685
0.01639466 3741.12 0.0 18.866
0.01640756 3741.28 0.0 19.048
0.01642068 3741.2 0.0 19.229
0.0164385 3741.28 0.0 19.408
0.01644684 3741.2 0.0 19.592
0.01646861 3741.04 0.0 19.772
0.01647455 3741.04 0.0 19.955
0.01649729 3740.96 0.0 20.135
0.01650384 3741.04 0.0 20.316
0.01652502 3741.757 0.0 20.497
0.01653462 3742.47 0.0 20.677
0.01655116 3743.903 0.0 20.861
0.01656604 3745.253 0.0 21.043
0.01657721 3745.81 0.0 21.224
0.01659654 3745.57 0.0 21.404
0.01660455 3745.57 0.0 21.586
0.01662702 3745.89 0.0 21.771
0.0166316 3745.89 0.0 21.954
0.01665498 3745.81 0.0 22.134
0.01666186 3746.763 0.0 22.313
0.01668386 3747.953 0.0 22.496
0.01669348 3748.43 0.0 22.677
0.01670994 3748.99 0.0 22.86
0.01672426 3750.1 0.0 23.04
0.01673562 3751.53 0.0 23.223
0.01675535 3752.483 0.0 23.403
0.01676318 3752.72 0.0 23.582
0.01678536 3752.72 0.0 23.765
0.01679089 3752.327 0.0 23.948
0.01681529 3752.327 0.0 24.134
0.01682129 3752.96 0.0 24.317
0.01684238 3753.837 0.0 24.496
0.01685172 3754.47 0.0 24.68
0.01686801 3754.79 0.0 24.863
0.01688269 3754.87 0.0 25.049
0.01689554 3755.267 0.0 25.229
0.01691366 3755.58 0.0 25.41
0.01692025 3755.82 0.0 25.592
0.01694376 3756.06 0.0 25.773
0.01694965 3756.38 0.0 25.956
0.01697389 3756.3 0.0 26.139
0.01698015 3755.66 0.0 26.32
0.01700208 3755.82 0.0 26.503
0.01701171 3756.697 0.0 26.689
0.01703013 3757.33 0.0 26.866
0.01704249 3757.65 0.0 27.046
0.01705361 3757.73 0.0 27.225
0.01707265 3758.05 0.0 27.407
0.01708138 3758.45 0.0 27.588
0.01710385 3758.45 0.0 27.771
0.01711107 3757.97 0.0 27.956
0.01713401 3756.857 0.0 28.139
0.01713926 3756.54 0.0 28.319
0.01716028 3756.54 0.0 28.502
0.01716998 3757.33 0.0 28.682
0.01718664 3758.21 0.0 28.864
0.01720121 3758.05 0.0 29.045
0.01721016 3758.13 0.0 29.228
0.01723203 3758.923 0.0 29.41
0.01724136 3760.433 0.0 29.59
0.01726365 3761.07 0.0 29.77
0.01726931 3760.83 0.0 29.951
0.01729329 3759.717 0.0 30.134
0.01729891 3758.92 0.0 30.316
0.01732144 3758.603 0.0 30.5
0.01732986 3759.0 0.0 30.681
0.01734739 3759.0 0.0 30.862
0.01736123 3758.603 0.0 31.044
0.01737343 3758.21 0.0 31.227
0.01739189 3757.73 0.0 31.41
0.01740096 3757.81 0.0 31.589
0.017423 3758.37 0.0 31.77
0.01742737 3758.68 0.0 31.952
0.0174515 3758.84 0.0 32.136
0.0174585 3759.0 0.0 32.317
0.01748156 3759.4 0.0 32.5
0.01749035 3759.16 0.0 32.681
0.01750757 3758.603 0.0 32.863
0.01752106 3758.21 0.0 33.047
0.01753392 3758.29 0.0 33.23
0.01755249 3758.527 0.0 33.41
0.01756098 3758.29 0.0 33.591
0.01758271 3758.29 0.0 33.774
0.01758857 3758.84 0.0 33.954
0.01761273 3758.92 0.0 34.136
0.01761806 3758.68 0.0 34.317
0.01764096 3759.0 0.0 34.5
0.01765005 3759.48 0.0 34.683
0.01766671 3759.64 0.0 34.865
0.0176802 3759.8 0.0 35.046
0.01769357 3760.35 0.0 35.227
0.01771137 3760.83 0.0 35.409
0.01771795 3761.07 0.0 35.59
0.01774126 3760.59 0.0 35.769
0.01774707 3759.877 0.0 35.951
0.01777109 3759.16 0.0 36.132
0.017778 3758.367 0.0 36.317
0.01780064 3757.81 0.0 36.502
0.01780858 3757.73 0.0 36.682
0.01782564 3757.81 0.0 36.863
0.01784022 3758.603 0.0 37.046
0.01785251 3758.92 0.0 37.226
0.01787105 3758.92 0.0 37.408
0.01787873 3758.84 0.0 37.588
0.01790157 3758.76 0.0 37.771
0.01790727 3758.84 0.0 37.956
0.01793112 3758.603 0.0 38.135
0.0179377 3758.21 0.0 38.314
0.0179588 3757.73 0.0 38.495
0.01796826 3757.25 0.0 38.678
0.01798537 3757.25 0.0 38.858
0.01800022 3756.933 0.0 39.039
0.0180087 3756.46 0.0 39.222
0.01803033 3756.3 0.0 39.404
0.0180383 3756.933 0.0 39.585
0.01806103 3757.65 0.0 39.764
0.01806754 3757.81 0.0 39.951
0.01809112 3757.73 0.0 40.135
0.01809708 3757.173 0.0 40.316
0.01811884 3756.3 0.0 40.502
0.01812847 3756.06 0.0 40.688
0.01814575 3756.3 0.0 40.866
0.01816023 3756.54 0.0 41.053
0.01817219 3756.62 0.0 41.232
0.01819063 3757.65 0.0 41.414
0.01819982 3758.29 0.0 41.594
0.01822159 3758.21 0.0 41.777
0.01822749 3757.81 0.0 41.961
0.01825149 3757.73 0.0 42.144
0.01825735 3757.49 0.0 42.328
0.01827996 3756.54 0.0 42.505
0.01828852 3755.74 0.0 42.688
0.01830082 3755.35 0.0 42.868
0.01832053 3755.35 0.0 43.051
0.01832952 3755.27 0.0 43.233
0.01835248 3754.87 0.0 43.414
0.01835779 3753.997 0.0 43.594
0.01837552 3753.2 0.0 43.779
0.01839221 3753.12 0.0 43.959
0.01840474 3752.64 0.0 44.137
0.01841512 3752.17 0.0 44.316
0.01842496 3751.45 0.0 44.496
0.01843196 3750.817 0.0 44.679
0.01843805 3750.34 0.0 44.862
0.01844355 3750.5 0.0 45.045
0.01845116 3751.37 0.0 45.229
0.01850164 3752.01 0.0 45.41
0.01852819 3751.133 0.0 45.594
0.01853774 3749.547 0.0 45.769
0.01856036 3748.67 0.0 45.95
0.01856579 3747.637 0.0 46.13
0.01858835 3746.92 0.0 46.311
0.01859706 3746.443 0.0 46.491
0.01861722 3745.97 0.0 46.671
0.01862865 3745.65 0.0 46.854
0.01864269 3744.933 0.0 47.034
0.01865999 3743.427 0.0 47.216
0.01866885 3742.31 0.0 47.402
0.01869067 3741.677 0.0 47.584
0.01869918 3740.88 0.0 47.764
0.01872161 3740.17 0.0 47.944
0.01872754 3739.85 0.0 48.126
0.01875112 3739.77 0.0 48.311
0.01875818 3739.133 0.0 48.493
0.01877824 3738.34 0.0 48.674
0.01878973 3736.987 0.0 48.856
0.01880429 3735.797 0.0 49.038
0.01881893 3735.08 0.0 49.219
0.01883175 3734.367 0.0 49.403
0.01884666 3734.13 0.0 49.587
0.01886123 3733.73 0.0 49.772
0.01887659 3733.013 0.0 49.953
0.01888954 3731.743 0.0 50.135
0.01890475 3730.31 0.0 50.319
0.01891872 3729.28 0.0 50.502
0.01893455 3727.847 0.0 50.684
0.01894937 3726.42 0.0 50.868
0.01896338 3726.02 0.0 51.049
0.01897839 3725.94 0.0 51.23
0.01899279 3724.83 0.0 51.413
0.01900669 3723.397 0.0 51.596
0.01902101 3722.047 0.0 51.777
0.01903574 3720.617 0.0 51.957
0.01904977 3718.867 0.0 52.136
0.01906458 3717.753 0.0 52.317
0.01907874 3716.88 0.0 52.496
0.01909289 3716.247 0.0 52.679
0.01910795 3715.45 0.0 52.86
0.01912228 3714.1 0.0 53.042
0.01913648 3712.75 0.0 53.222
0.0191498 3711.24 0.0 53.405
0.01916536 3709.57 0.0 53.587
0.01918007 3708.06 0.0 53.769
0.01919352 3706.947 0.0 53.951
0.01920787 3705.357 0.0 54.131
0.01922377 3703.847 0.0 54.313
0.01923884 3702.417 0.0 54.494
0.01925332 3700.747 0.0 54.678
0.01926883 3699.08 0.0 54.861
0.01928174 3697.49 0.0 55.045
0.01929607 3695.98 0.0 55.221
0.01930952 3694.47 0.0 55.402
0.01932436 3692.723 0.0 55.584
0.01933856 3691.13 0.0 55.765
0.01935309 3689.78 0.0 55.947
0.01936719 3687.873 0.0 56.128
0.01938242 3685.807 0.0 56.313
0.01939704 3684.377 0.0 56.494
0.01941198 3683.423 0.0 56.676
0.01942605 3682.23 0.0 56.857
0.01943949 3679.767 0.0 57.039
0.0194551 3676.43 0.0 57.22
0.01946962 3673.33 0.0 57.404
0.01948357 3671.66 0.0 57.587
0.01949837 3670.23 0.0 57.77
0.01951355 3668.083 0.0 57.953
0.01952748 3665.86 0.0 58.136
0.01954202 3664.19 0.0 58.316
0.01955721 3662.523 0.0 58.493
0.01957152 3660.377 0.0 58.675
0.01958519 3656.96 0.0 58.856
0.0195997 3654.573 0.0 59.037
0.0196142 3652.27 0.0 59.219
0.01962875 3649.807 0.0 59.402
0.0196392 3647.183 0.0 59.582
0.019659 3644.957 0.0 59.766
0.01966328 3641.7 0.0 59.945
0.01968777 3639.077 0.0 60.125
0.01969429 3636.537 0.0 60.307
0.01971375 3634.227 0.0 60.488
0.01972471 3632.003 0.0 60.67
0.01974028 3629.3 0.0 60.849
0.01975528 3625.963 0.0 61.033
0.01976463 3622.31 0.0 61.218
0.01978607 3619.21 0.0 61.398
0.01979433 3616.747 0.0 61.577
0.01981704 3614.2 0.0 61.759
0.01982254 3609.67 0.0 61.94
0.01984634 3606.017 0.0 62.124
0.01985378 3602.28 0.0 62.306
0.01987281 3599.023 0.0 62.487
0.01988445 3596.003 0.0 62.669
0.01989902 3592.663 0.0 62.848
0.01991552 3589.01 0.0 63.03
0.01992773 3584.16 0.0 63.209
0.01994565 3579.55 0.0 63.389
0.01995259 3575.1 0.0 63.568
0.01997542 3571.683 0.0 63.749
0.01998129 3568.11 0.0 63.928
0.02000373 3564.53 0.0 64.111
0.02001208 3560.953 0.0 64.291
0.02003095 3556.82 0.0 64.474
0.02004369 3552.53 0.0 64.657
0.02005409 3548.0 0.0 64.839
0.02007331 3544.583 0.0 65.02
0.02008353 3540.53 0.0 65.2
0.0201048 3536.24 0.0 65.383
0.02011172 3531.63 0.0 65.567
0.02013473 3527.34 0.0 65.75
0.02014039 3522.81 0.0 65.934
0.02016419 3518.44 0.0 66.114
0.02017086 3514.147 0.0 66.297
0.02018851 3510.17 0.0 66.476
0.02020233 3505.243 0.0 66.661
0.02021738 3500.0 0.0 66.844
0.02023308 3495.71 0.0 67.025
0.02024459 3491.34 0.0 67.207
0.02026383 3487.363 0.0 67.387
0.02026947 3482.99 0.0 67.57
0.02029338 3479.417 0.0 67.754
0.02029837 3475.52 0.0 67.935
0.02032133 3471.71 0.0 68.118
0.02032941 3467.65 0.0 68.298
0.02034785 3463.2 0.0 68.481
0.02036083 3458.91 0.0 68.664
0.02037418 3455.257 0.0 68.848
0.02039134 3451.84 0.0 69.03
0.0204015 3447.787 0.0 69.212
0.02042231 3444.37 0.0 69.396
0.0204271 3441.187 0.0 69.581
0.02045089 3438.963 0.0 69.762
0.02045832 3436.66 0.0 69.944
0.02048222 3434.193 0.0 70.125
0.02048858 3431.097 0.0 70.309
0.02051037 3428.077 0.0 70.492
0.02051926 3426.09 0.0 70.673
0.02053506 3424.58 0.0 70.853
0.02054969 3423.23 0.0 71.033
0.02056159 3421.72 0.0 71.215
0.02058071 3420.367 0.0 71.392
0.02058799 3418.463 0.0 71.572
0.02061059 3416.87 0.0 71.755
0.02061623 3416.157 0.0 71.935
0.02063973 3415.68 0.0 72.117
0.02064657 3415.6 0.0 72.294
0.02066306 3415.84 0.0 72.474
0.02067721 3416.08 0.0 72.66
0.02069216 3416.31 0.0 72.841
0.0207081 3416.39 0.0 73.023
0.02071858 3417.03 0.0 73.202
0.02073875 3418.063 0.0 73.38
0.02074508 3419.893 0.0 73.563
0.02076868 3421.56 0.0 73.743
0.02077391 3423.227 0.0 73.924
0.02079705 3425.057 0.0 74.106
0.02080444 3427.68 0.0 74.288
0.02082289 3430.54 0.0 74.469
0.0208356 3433.88 0.0 74.655
0.0208501 3436.583 0.0 74.836
0.02086582 3439.28 0.0 75.016
0.02087515 3442.7 0.0 75.191
0.02089682 3445.877 0.0 75.374
0.02090334 3449.613 0.0 75.556
0.02092668 3453.27 0.0 75.738
0.02093167 3457.8 0.0 75.924
0.02095252 3461.69 0.0 76.109
0.02096222 3465.907 0.0 76.291
0.02098201 3470.28 0.0 76.476
0.02099297 3474.65 0.0 76.657
0.02100871 3479.34 0.0 76.839
0.02102388 3483.63 0.0 77.027
0.02103486 3488.0 0.0 77.21
0.0210553 3491.97 0.0 77.389
0.0210624 3496.9 0.0 77.568
0.02108429 3501.51 0.0 77.749
0.02108971 3506.28 0.0 77.931
0.02111231 3509.853 0.0 78.11
0.02112084 3514.07 0.0 78.29
0.02113886 3518.677 0.0 78.473
0.02115169 3523.13 0.0 78.653
0.02116376 3528.13 0.0 78.832
0.02118146 3533.46 0.0 79.011
0.02119054 3538.62 0.0 79.187
0.02121176 3542.99 0.0 79.367
0.02121694 3548.4 0.0 79.547
0.02123855 3553.33 0.0 79.727
0.02124714 3558.17 0.0 79.915
0.0212682 3563.02 0.0 80.094
0.02127824 3568.267 0.0 80.277
0.02129486 3573.037 0.0 80.46
0.02130875 3577.25 0.0 80.643
0.02132119 3581.46 0.0 80.827
0.02133857 3585.037 0.0 81.007
0.02134663 3589.17 0.0 81.187
0.02136864 3593.54 0.0 81.365
0.02137448 3599.02 0.0 81.546
0.02139744 3604.11 0.0 81.727
0.02140425 3609.04 0.0 81.909
0.02142468 3613.09 0.0 82.092
0.02143523 3617.3 0.0 82.272
0.02145012 3621.353 0.0 82.452
0.02146557 3625.41 0.0 82.635
0.02147703 3630.337 0.0 82.815
0.02149596 3634.63 0.0 82.997
0.02150157 3638.043 0.0 83.181
0.02152439 3640.747 0.0 83.357
0.02153154 3644.003 0.0 83.541
0.02155409 3647.66 0.0 83.722
0.02156139 3651.95 0.0 83.902
0.02158086 3656.083 0.0 84.084
0.0215917 3659.82 0.0 84.268
0.02160739 3663.473 0.0 84.449
0.02162266 3666.417 0.0 84.632
0.02163325 3669.437 0.0 84.815
0.02165253 3672.613 0.0 84.998
0.02166176 3676.27 0.0 85.18
0.02168342 3679.29 0.0 85.364
0.02168799 3681.993 0.0 85.547
0.02171192 3684.377 0.0 85.733
0.02171853 3687.397 0.0 85.914
0.02173817 3690.813 0.0 86.094
0.02174834 3693.677 0.0 86.274
0.02176359 3696.933 0.0 86.455
0.02177965 3699.793 0.0 86.639
0.02179069 3701.383 0.0 86.82
0.02180873 3703.53 0.0 87.001
0.02181654 3706.233 0.0 87.183
0.02183794 3708.537 0.0 87.361
0.02184413 3710.763 0.0 87.545
0.02186734 3713.147 0.0 87.724
0.02187442 3715.767 0.0 87.908
0.02189508 3718.153 0.0 88.094
0.02190537 3720.697 0.0 88.276
0.02192 3723.0 0.0 88.458
0.02193571 3724.35 0.0 88.638
0.02194666 3725.543 0.0 88.819
0.02196548 3727.213 0.0 88.999
0.0219737 3729.12 0.0 89.182
0.0219954 3731.347 0.0 89.363
0.02200091 3733.967 0.0 89.546
0.02202366 3736.113 0.0 89.725
0.02203049 3738.18 0.0 89.906
0.02205021 3739.93 0.0 90.084
0.02206129 3741.677 0.0 90.264
0.02207498 3743.823 0.0 90.447
0.02209139 3745.65 0.0 90.627
0.02210089 3747.24 0.0 90.809
0.02212104 3748.91 0.0 90.991
0.02212854 3750.26 0.0 91.172
0.02215095 3751.45 0.0 91.356
0.02215617 3752.723 0.0 91.536
0.02217523 3754.153 0.0 91.716
0.02218604 3755.503 0.0 91.896
0.02220676 3757.253 0.0 92.083
0.02221748 3759.397 0.0 92.261
0.022232 3761.623 0.0 92.443
0.02224717 3763.85 0.0 92.624
0.022258 3765.2 0.0 92.806
0.0222773 3766.39 0.0 92.987
0.02228468 3767.743 0.0 93.169
0.02230723 3768.937 0.0 93.349
0.02231209 3769.81 0.0 93.529
0.02233481 3770.683 0.0 93.712
0.02234282 3772.117 0.0 93.893
0.02236129 3773.23 0.0 94.075
0.02237261 3774.02 0.0 94.254
0.02238377 3775.213 0.0 94.432
0.02240256 3776.407 0.0 94.615
0.02241265 3777.28 0.0 94.797
0.02243181 3777.997 0.0 94.978
0.02244034 3779.267 0.0 95.16
0.02246243 3780.3 0.0 95.343
0.0224681 3781.653 0.0 95.525
0.02249032 3783.32 0.0 95.708
0.02249843 3784.83 0.0 95.89
0.02251593 3785.47 0.0 96.071
0.02252869 3786.34 0.0 96.254
0.02254159 3787.77 0.0 96.435
0.02255752 3788.96 0.0 96.616
0.0225675 3789.36 0.0 96.797
0.02258753 3789.04 0.0 96.98
0.02259396 3789.44 0.0 97.161
0.02261622 3790.393 0.0 97.341
0.02262228 3791.11 0.0 97.522
0.02264425 3791.823 0.0 97.704
0.02265224 3792.857 0.0 97.886
0.02266686 3794.367 0.0 98.067
0.02268125 3795.957 0.0 98.246
0.02269494 3797.23 0.0 98.429
0.02271188 3797.47 0.0 98.609
0.0227211 3796.99 0.0 98.792
0.0227419 3796.83 0.0 98.973
0.02274761 3796.91 0.0 99.152
0.02277004 3797.15 0.0 99.331
0.02277608 3797.55 0.0 99.514
0.02279702 3798.18 0.0 99.695
0.02280734 3799.69 0.0 99.877
0.02282232 3800.803 0.0 100.058
0.02283674 3801.44 0.0 100.238
0.02284871 3801.76 0.0 100.421
0.02286696 3801.84 0.0 100.601
0.02287342 3802.237 0.0 100.783
0.02289583 3802.87 0.0 100.963
0.02290144 3803.27 0.0 101.144
0.02292423 3803.587 0.0 101.326
0.02293044 3803.98 0.0 101.505
0.02294644 3804.3 0.0 101.684
0.02295996 3805.097 0.0 101.866
0.02297593 3805.81 0.0 102.052
0.02299081 3806.37 0.0 102.233
0.02300196 3807.32 0.0 102.416
0.0230198 3808.513 0.0 102.601
0.02302824 3809.63 0.0 102.784
0.02304885 3809.71 0.0 102.964
0.02305453 3810.42 0.0 103.144
0.02307689 3811.77 0.0 103.323
0.02308399 3812.25 0.0 103.503
0.02310491 3811.53 0.0 103.685
0.0231149 3811.37 0.0 103.865
0.02312816 3811.293 0.0 104.049
0.02314366 3810.9 0.0 104.225
0.02315358 3810.66 0.0 104.407
0.02317245 3810.66 0.0 104.591
0.02318065 3810.74 0.0 104.773
0.0232023 3811.06 0.0 104.953
0.0232071 3811.06 0.0 105.132
0.02322775 3810.66 0.0 105.321
0.02323759 3810.66 0.0 105.504
0.02325613 3809.863 0.0 105.688
0.02326756 3807.24 0.0 105.875
0.02328291 3803.667 0.0 106.057
0.02329767 3803.347 0.0 106.237
0.02331019 3806.763 0.0 106.421
0.02332725 3810.34 0.0 106.604
0.02333476 3813.043 0.0 106.785
0.02335563 3814.317 0.0 106.969
0.02336179 3815.587 0.0 107.146
0.02338427 3817.333 0.0 107.329
0.02338993 3818.767 0.0 107.509
0.02341162 3820.117 0.0 107.692
0.02342028 3821.15 0.0 107.872
0.02343484 3821.55 0.0 108.056
0.02344927 3821.63 0.0 108.239
0.02346041 3821.783 0.0 108.421
0.02347904 3822.26 0.0 108.605
0.02348454 3823.06 0.0 108.783
0.02350657 3823.85 0.0 108.961
0.02351369 3824.49 0.0 109.145
0.02353684 3825.12 0.0 109.327
0.02354283 3825.2 0.0 109.508
0.0235632 3825.2 0.0 109.687
0.02357252 3825.2 0.0 109.867
0.02358854 3825.04 0.0 110.051
0.02360276 3825.52 0.0 110.233
0.02361424 3826.393 0.0 110.414
0.02363136 3827.11 0.0 110.598
0.02363896 3827.827 0.0 110.779
0.02366068 3828.54 0.0 110.959
0.02366609 3829.02 0.0 111.14
0.02368857 3828.54 0.0 111.32
0.02369489 3828.06 0.0 111.502
0.02371183 3828.38 0.0 111.683
0.02372393 3828.54 0.0 111.866
0.02373958 3829.177 0.0 112.047
0.02375367 3829.73 0.0 112.226
0.02376541 3829.65 0.0 112.408
0.02378312 3829.73 0.0 112.589
0.0237902 3829.97 0.0 112.768
0.02381228 3830.37 0.0 112.951
0.02381707 3830.767 0.0 113.131
0.02383875 3831.24 0.0 113.307
0.02384587 3831.64 0.0 113.487
0.02386256 3832.673 0.0 113.665
0.02387566 3832.99 0.0 113.845
0.02388806 3832.513 0.0 114.022
0.02390444 3831.4 0.0 114.202
0.02391247 3830.687 0.0 114.384
0.02393355 3830.21 0.0 114.567
0.02393946 3830.687 0.0 114.748
0.02396199 3831.64 0.0 114.93
0.02396774 3831.96 0.0 115.112
0.02398899 3831.88 0.0 115.295
0.02399706 3831.96 0.0 115.478
0.02401301 3832.437 0.0 115.658
0.02402656 3832.59 0.0 115.837
0.02403844 3832.357 0.0 116.017
0.02405563 3832.277 0.0 116.199
0.02406381 3832.75 0.0 116.376
0.02408426 3833.07 0.0 116.556
0.0240892 3833.55 0.0 116.735
0.02411073 3834.18 0.0 116.915
0.02411821 3834.023 0.0 117.097
0.02413656 3833.63 0.0 117.278
0.02414742 3833.39 0.0 117.464
0.02415929 3833.55 0.0 117.645
0.02417585 3834.42 0.0 117.824
0.02418643 3834.98 0.0 118.008
0.02420522 3835.77 0.0 118.188
0.02421201 3835.93 0.0 118.369
0.02423293 3836.33 0.0 118.547
0.02423915 3836.967 0.0 118.73
0.02426065 3838.317 0.0 118.914
0.02426807 3838.79 0.0 119.098
0.02428699 3838.79 0.0 119.28
0.02429745 3838.55 0.0 119.46
0.02431091 3838.16 0.0 119.642
0.02432648 3838.08 0.0 119.824
0.0243363 3838.08 0.0 120.006
0.02435539 3838.0 0.0 120.188
0.02436188 3838.08 0.0 120.371
0.02438351 3838.08 0.0 120.553
0.02438891 3838.32 0.0 120.731
0.02441044 3838.55 0.0 120.91
0.02441791 3838.55 0.0 121.09
0.0244322 3838.79 0.0 121.271
0.02444658 3838.95 0.0 121.453
0.02446001 3839.03 0.0 121.636
0.02447623 3839.11 0.0 121.817
0.02448464 3839.747 0.0 121.998
0.02450457 3840.22 0.0 122.181
0.02450983 3840.22 0.0 122.361
0.02453171 3840.62 0.0 122.544
0.02453772 3840.7 0.0 122.724
0.02455871 3840.86 0.0 122.903
0.02456698 3841.653 0.0 123.083
0.02458178 3842.05 0.0 123.263
0.0245957 3842.61 0.0 123.442
0.02460738 3843.08 0.0 123.625
0.02462463 3843.003 0.0 123.808
0.02463207 3842.847 0.0 123.991
0.0246527 3842.05 0.0 124.172
0.02465918 3841.89 0.0 124.355
0.02468101 3842.767 0.0 124.538
0.0246862 3842.847 0.0 124.718
0.02470711 3842.45 0.0 124.895
0.0247153 3842.29 0.0 125.077
0.02472958 3842.29 0.0 125.257
0.02474404 3842.53 0.0 125.44
0.02475626 3842.77 0.0 125.624
0.02477301 3843.32 0.0 125.807
0.02478114 3843.56 0.0 125.988
0.02480156 3843.163 0.0 126.168
0.0248068 3841.97 0.0 126.355
0.02482869 3841.81 0.0 126.535
0.02483473 3842.767 0.0 126.717
0.02485522 3843.8 0.0 126.898
0.02486385 3844.753 0.0 127.081
0.02487972 3845.867 0.0 127.263
0.02489225 3846.103 0.0 127.447
0.02490325 3845.95 0.0 127.628
0.02492003 3845.95 0.0 127.81
0.02492815 3845.87 0.0 127.994
0.02494853 3845.63 0.0 128.174
0.02495503 3845.47 0.0 128.356
0.02497654 3846.583 0.0 128.538
0.02498181 3847.85 0.0 128.721
0.02500088 3848.09 0.0 128.902
0.02501001 3848.09 0.0 129.08
0.02502624 3848.25 0.0 129.263
0.02503937 3848.01 0.0 129.446
0.02505169 3847.61 0.0 129.627
0.02506833 3847.61 0.0 129.811
0.02507508 3848.09 0.0 129.993
0.02509534 3848.807 0.0 130.172
0.02510144 3848.963 0.0 130.353
0.02512307 3848.33 0.0 130.533
0.02512909 3847.93 0.0 130.716
0.02514929 3848.17 0.0 130.9
0.02515697 3848.65 0.0 131.079
0.02517141 3848.81 0.0 131.26
0.02518545 3848.81 0.0 131.437
0.0251959 3848.57 0.0 131.616
0.02521472 3847.377 0.0 131.794
0.02522094 3846.58 0.0 131.974
0.02524103 3847.06 0.0 132.156
0.02524676 3847.14 0.0 132.337
0.02526746 3847.457 0.0 132.52
0.0252746 3848.09 0.0 132.7
0.02529262 3848.807 0.0 132.886
0.02530371 3849.36 0.0 133.067
0.0253168 3849.52 0.0 133.25
0.02533199 3849.44 0.0 133.43
0.0253408 3849.04 0.0 133.613
0.0253598 3849.04 0.0 133.797
0.02536774 3849.52 0.0 133.977
0.0253881 3850.0 0.0 134.159
0.02539261 3850.63 0.0 134.341
0.02541127 3850.71 0.0 134.522
0.02542082 3850.317 0.0 134.71
0.02544121 3850.16 0.0 134.893
0.02544933 3849.76 0.0 135.072
0.02546536 3849.76 0.0 135.254
0.02547788 3850.0 0.0 135.435
0.0254895 3850.95 0.0 135.618
0.02550584 3851.43 0.0 135.798
0.02551418 3851.11 0.0 135.981
0.02553364 3851.03 0.0 136.161
0.02553888 3851.67 0.0 136.341
0.02556029 3852.143 0.0 136.523
0.02556651 3852.54 0.0 136.704
0.02558569 3852.62 0.0 136.886
0.02559465 3852.143 0.0 137.067
0.02560656 3851.51 0.0 137.247
0.02562144 3851.59 0.0 137.429
0.02563287 3852.38 0.0 137.611
0.02565032 3852.86 0.0 137.793
0.02565739 3852.94 0.0 137.974
0.02567725 3853.573 0.0 138.157
0.02568308 3854.29 0.0 138.34
0.02570498 3854.69 0.0 138.525
0.02571049 3854.53 0.0 138.706
0.02572947 3854.53 0.0 138.886
0.0257389 3854.53 0.0 139.067
0.02575213 3854.53 0.0 139.247
0.02576655 3854.53 0.0 139.428
0.02577635 3854.53 0.0 139.606
0.02579389 3854.53 0.0 139.788
0.0258004 3854.45 0.0 139.969
0.02582128 3854.29 0.0 140.149
0.02582628 3854.53 0.0 140.331
0.02584783 3855.48 0.0 140.512
0.02585485 3856.12 0.0 140.694
0.02586884 3856.593 0.0 140.875
0.0258818 3856.28 0.0 141.058
0.02589528 3855.96 0.0 141.238
0.02590995 3855.8 0.0 141.414
0.02591865 3855.32 0.0 141.596
0.0259378 3855.24 0.0 141.777
0.02594266 3854.847 0.0 141.956
0.02596469 3854.77 0.0 142.136
0.02596922 3854.847 0.0 142.318
0.02598863 3855.0 0.0 142.499
0.02599704 3854.77 0.0 142.679
0.02601107 3854.53 0.0 142.861
0.02602415 3854.53 0.0 143.041
0.02603562 3854.53 0.0 143.221
0.02605228 3854.53 0.0 143.4
0.02605946 3854.53 0.0 143.581
0.02607956 3854.77 0.0 143.763
0.02608448 3854.53 0.0 143.944
0.02610647 3854.45 0.0 144.125
0.02611213 3853.97 0.0 144.306
0.02612723 3853.493 0.0 144.487
0.02613922 3853.1 0.0 144.666
0.02615365 3853.26 0.0 144.846
0.02616695 3853.97 0.0 145.025
0.02617685 3855.163 0.0 145.205
0.02619455 3855.88 0.0 145.389
0.02620077 3855.4 0.0 145.568
0.02622093 3854.05 0.0 145.752
0.02622596 3853.417 0.0 145.93
0.02624685 3853.65 0.0 146.111
0.02625428 3854.05 0.0 146.293
0.02627173 3853.65 0.0 146.474
0.02628142 3853.337 0.0 146.657
0.02629322 3852.94 0.0 146.837
0.02630882 3852.78 0.0 147.018
0.02631649 3852.46 0.0 147.196
0.0263357 3852.38 0.0 147.376
0.02634133 3852.46 0.0 147.556
0.02636184 3852.78 0.0 147.739
0.02636673 3853.02 0.0 147.923
0.02638391 3854.05 0.0 148.105
0.02639426 3854.53 0.0 148.284
0.02640876 3854.53 0.0 148.465
0.0264218 3854.13 0.0 148.645
0.02643355 3854.05 0.0 148.827
0.02644932 3854.05 0.0 149.012
0.02645815 3853.65 0.0 149.194
0.02647631 3853.417 0.0 149.378
0.02648244 3853.417 0.0 149.561
0.02650303 3853.81 0.0 149.746
0.02650835 3854.607 0.0 149.927
0.0265292 3855.64 0.0 150.111
0.02653547 3856.36 0.0 150.289
0.02655306 3856.36 0.0 150.471
0.02656261 3855.88 0.0 150.654
0.02657387 3854.923 0.0 150.834
0.02658985 3854.05 0.0 151.015
0.02659767 3853.65 0.0 151.201
0.02661601 3854.21 0.0 151.382
0.02662033 3854.843 0.0 151.565
0.02664156 3854.767 0.0 151.746
0.02664802 3854.29 0.0 151.928
0.02666879 3854.45 0.0 152.11
0.02667547 3854.923 0.0 152.288
0.02669292 3854.923 0.0 152.474
0.02670297 3854.69 0.0 152.655
0.02671549 3854.927 0.0 152.838
0.02672925 3855.48 0.0 153.018
0.02673941 3855.88 0.0 153.204
0.0267569 3856.2 0.0 153.385
0.02676009 3856.2 0.0 153.568
0.02676152 3856.04 0.0 153.748
0.02676249 3855.64 0.0 153.928
0.02676295 3855.32 0.0 154.11
0.02676319 3854.767 0.0 154.294
0.02676364 3854.53 0.0 154.474
0.026763 3854.687 0.0 154.657
0.02676383 3855.48 0.0 154.839
0.02676427 3856.673 0.0 155.018
0.02676404 3857.867 0.0 155.198
0.02676382 3857.947 0.0 155.381
0.02676344 3857.63 0.0 155.563
0.02676337 3857.39 0.0 155.743
0.0267638 3857.15 0.0 155.925
0.02676388 3856.517 0.0 156.105
0.02676359 3856.99 0.0 156.289
0.02676391 3857.71 0.0 156.47
0.02676379 3857.39 0.0 156.651
0.0267636 3857.39 0.0 156.83
0.02676409 3857.31 0.0 157.014
0.02676428 3856.91 0.0 157.195
0.02676409 3856.91 0.0 157.376
0.0267639 3857.15 0.0 157.556
0.02676404 3856.83 0.0 157.734
0.02676395 3855.96 0.0 157.917
0.02676426 3855.24 0.0 158.097
0.026764 3855.08 0.0 158.28
0.02676398 3855.56 0.0 158.463
0.02676437 3856.12 0.0 158.639
0.02676415 3856.36 0.0 158.822
0.02676424 3856.2 0.0 159.006
0.02676381 3856.04 0.0 159.19
0.02676418 3855.163 0.0 159.37
0.02676402 3853.97 0.0 159.553
0.02676401 3853.417 0.0 159.733
0.02676388 3853.73 0.0 159.915
0.02676401 3854.45 0.0 160.096
0.02676426 3855.16 0.0 160.278
0.02676373 3855.083 0.0 160.461
0.02676395 3854.53 0.0 160.645
0.02676392 3854.61 0.0 160.826
0.02676408 3855.16 0.0 161.006
0.02676441 3854.767 0.0 161.188
0.0267646 3854.53 0.0 161.368
0.02676432 3854.69 0.0 161.548
0.02676369 3855.32 0.0 161.732
0.02676382 3856.04 0.0 161.913
0.02676214 3856.593 0.0 162.095
0.02676163 3856.67 0.0 162.277
0.0267619 3856.75 0.0 162.458
0.02676212 3857.15 0.0 162.644
0.02676189 3857.31 0.0 162.829
0.02676139 3856.83 0.0 163.011
0.02676138 3856.44 0.0 163.192
0.02676176 3856.673 0.0 163.376
0.02676064 3857.63 0.0 163.562
0.02676159 3858.34 0.0 163.743
0.02676162 3858.82 0.0 163.927
0.02676155 3858.82 0.0 164.107
0.02676126 3858.42 0.0 164.285
0.02676155 3858.42 0.0 164.466
0.02676174 3858.9 0.0 164.647
0.02676108 3858.98 0.0 164.832
0.02676128 3858.34 0.0 165.015
0.02676125 3857.63 0.0 165.195
0.0267612 3856.99 0.0 165.375
0.02676047 3857.31 0.0 165.558
0.02676125 3857.39 0.0 165.738
0.02676076 3856.99 0.0 165.919
0.02676084 3856.67 0.0 166.101
0.02676067 3857.07 0.0 166.283
0.02676111 3857.39 0.0 166.464
0.02676128 3857.39 0.0 166.644
0.02676119 3857.79 0.0 166.826
0.02676081 3858.18 0.0 167.004
0.02676145 3858.34 0.0 167.182
0.02676074 3858.5 0.0 167.369
0.02676113 3858.58 0.0 167.546
0.02676111 3858.58 0.0 167.725
0.02676083 3858.58 0.0 167.905
0.02676104 3859.14 0.0 168.087
0.02676104 3859.06 0.0 168.264
0.0267611 3858.42 0.0 168.444
0.02676082 3858.1 0.0 168.625
0.02676164 3858.1 0.0 168.807
0.02676022 3858.5 0.0 168.986
0.02676063 3858.98 0.0 169.166
0.02676067 3859.297 0.0 169.349
0.02675929 3860.01 0.0 169.529
0.02675902 3860.49 0.0 169.709
0.02675875 3861.123 0.0 169.89
0.02675848 3861.6 0.0 170.075
0.02675838 3861.36 0.0 170.258
0.0267587 3860.967 0.0 170.439
0.02675865 3860.33 0.0 170.622
0.0267586 3859.613 0.0 170.804
0.02675848 3859.06 0.0 170.987
0.02675867 3859.377 0.0 171.168
0.02675842 3860.727 0.0 171.351
0.02675856 3861.28 0.0 171.533
0.02675798 3860.81 0.0 171.71
0.02675853 3860.967 0.0 171.892
0.0267586 3862.0 0.0 172.072
0.02675847 3862.4 0.0 172.252
0.02675899 3861.92 0.0 172.428
0.02675864 3861.92 0.0 172.609
0.02675805 3862.477 0.0 172.791
0.02675855 3863.27 0.0 172.971
0.02675791 3863.75 0.0 173.152
0.02675844 3863.59 0.0 173.339
0.02675839 3863.827 0.0 173.515
0.02675856 3863.983 0.0 173.698
0.02675847 3863.19 0.0 173.878
0.02675803 3862.87 0.0 174.06
0.0267578 3863.35 0.0 174.241
0.02675818 3863.59 0.0 174.421
0.02675848 3863.51 0.0 174.604
0.02675827 3862.95 0.0 174.784
0.02675836 3863.51 0.0 174.966
0.02675799 3864.22 0.0 175.147
0.02675883 3864.14 0.0 175.326
0.02675881 3863.747 0.0 175.51
0.02675883 3862.95 0.0 175.689
0.02675858 3862.87 0.0 175.869
0.02675836 3862.87 0.0 176.049
0.02675816 3862.95 0.0 176.232
0.02675862 3863.35 0.0 176.416
0.02675862 3863.67 0.0 176.599
0.02675825 3864.3 0.0 176.779
0.02675821 3864.7 0.0 176.96
0.02675812 3865.02 0.0 177.142
0.02675858 3864.78 0.0 177.332
0.02675808 3864.3 0.0 177.514
0.0267585 3863.27 0.0 177.697
0.02675896 3862.79 0.0 177.885
0.02675843 3862.71 0.0 178.067
0.02675846 3862.87 0.0 178.247
0.02675887 3862.87 0.0 178.433
0.02675903 3862.95 0.0 178.612
0.02675802 3863.667 0.0 178.792
0.02675842 3864.46 0.0 178.975
0.02675878 3864.94 0.0 179.157
0.02675845 3864.54 0.0 179.339
0.02675871 3863.747 0.0 179.52
0.02675901 3863.27 0.0 179.702
0.02675934 3863.27 0.0 179.883
0.02675897 3863.35 0.0 180.063
0.02675889 3862.87 0.0 180.241
0.02675901 3862.477 0.0 180.42
0.02675863 3862.16 0.0 180.601
0.02675876 3861.6 0.0 180.783
0.02675856 3861.043 0.0 180.962
0.02675903 3860.01 0.0 181.147
0.02675827 3859.53 0.0 181.331
0.02675903 3860.01 0.0 181.515
0.02675834 3860.81 0.0 181.697
0.02675929 3861.2 0.0 181.877
0.02675935 3861.2 0.0 182.058
0.02675873 3860.89 0.0 182.24
0.02675871 3861.047 0.0 182.421
0.02675915 3861.2 0.0 182.604
0.02675871 3860.73 0.0 182.784
0.02675899 3860.17 0.0 182.97
0.02675843 3859.61 0.0 183.151
0.02675868 3859.61 0.0 183.334
0.02675866 3860.33 0.0 183.516
0.02675875 3860.49 0.0 183.694
0.02675875 3860.65 0.0 183.875
0.02675877 3861.123 0.0 184.057
0.0267586 3861.84 0.0 184.238
0.02675846 3861.92 0.0 184.42
0.02675867 3862.32 0.0 184.6
0.02675915 3862.4 0.0 184.783
0.02675894 3862.477 0.0 184.963
0.02675909 3863.03 0.0 185.145
0.0267589 3864.063 0.0 185.326
0.02675857 3865.18 0.0 185.505
0.02675892 3865.73 0.0 185.687
0.02675901 3865.577 0.0 185.865
0.02675839 3865.26 0.0 186.044
0.02675882 3864.7 0.0 186.225
0.02675847 3864.22 0.0 186.407
0.02675915 3864.06 0.0 186.59
0.0267589 3864.3 0.0 186.77
0.02675903 3864.62 0.0 186.95
0.02675874 3865.18 0.0 187.13
0.02675909 3865.89 0.0 187.312
0.02675906 3866.53 0.0 187.493
0.0267585 3866.53 0.0 187.674
0.02675855 3866.13 0.0 187.855
0.02675879 3865.417 0.0 188.035
0.02675853 3864.94 0.0 188.218
0.02675872 3865.497 0.0 188.403
0.02675864 3865.81 0.0 188.585
0.026759 3865.653 0.0 188.766
0.02675858 3865.5 0.0 188.945
0.02675893 3865.5 0.0 189.128
0.02675894 3865.5 0.0 189.311
0.02675903 3865.18 0.0 189.488
0.02675844 3864.54 0.0 189.671
0.02675858 3864.62 0.0 189.854
0.02675918 3865.733 0.0 190.036
0.02675882 3866.77 0.0 190.219
0.02675856 3867.4 0.0 190.399
0.02675885 3867.88 0.0 190.582
0.02675895 3867.88 0.0 190.762
0.02675917 3867.64 0.0 190.944
0.02675894 3866.847 0.0 191.125
0.02675887 3865.89 0.0 191.307
0.0267586 3866.21 0.0 191.592
0.02675874 3866.927 0.0 191.769
0.02675861 3867.4 0.0 191.937
0.02675861 3867.243 0.0 192.104
0.02675899 3866.37 0.0 192.277
0.02675924 3866.05 0.0 192.459
0.02675903 3866.05 0.0 192.64
0.02675925 3865.73 0.0 192.82
0.02675914 3866.13 0.0 193.004
0.02675888 3866.85 0.0 193.184
0.0267589 3867.163 0.0 193.365
0.02675914 3867.88 0.0 193.544
0.02675882 3868.83 0.0 193.725
0.02675943 3869.07 0.0 193.908
0.02675908 3868.277 0.0 194.092
0.02675894 3867.64 0.0 194.277
0.02675908 3867.4 0.0 194.456
0.02675887 3867.48 0.0 194.635
0.0267589 3867.88 0.0 194.814
0.0267584 3868.2 0.0 194.997
0.02675932 3868.28 0.0 195.178
0.02675861 3867.64 0.0 195.36
0.0267592 3867.24 0.0 195.541
0.02675895 3867.16 0.0 195.723
0.02675947 3867.24 0.0 195.905
0.02675935 3868.277 0.0 196.088
0.02675941 3869.23 0.0 196.271
0.02675956 3869.55 0.0 196.451
0.02675919 3869.71 0.0 196.633
0.02675917 3869.79 0.0 196.814
0.02675905 3869.55 0.0 196.996
0.02675926 3868.99 0.0 197.177
0.02675849 3868.513 0.0 197.357
0.02675967 3868.28 0.0 197.54
0.02675969 3868.04 0.0 197.72
0.02675875 3868.593 0.0 197.899
0.02675956 3868.91 0.0 198.079
0.02675919 3868.75 0.0 198.255
0.02675921 3868.83 0.0 198.434
0.02675923 3868.99 0.0 198.618
0.02675982 3869.31 0.0 198.799
0.02675945 3869.31 0.0 198.981
0.02675901 3869.31 0.0 199.164
0.02675889 3869.07 0.0 199.344
0.02675894 3869.07 0.0 199.524
0.02675922 3868.593 0.0 199.707
0.02675942 3867.72 0.0 199.887
0.02675932 3867.4 0.0 200.069
0.02675921 3867.8 0.0 200.252
0.02675946 3868.277 0.0 200.435
0.026759 3868.99 0.0 200.619
0.02675902 3868.83 0.0 200.799
0.0267587 3868.59 0.0 200.981
0.02675899 3867.96 0.0 201.163
0.02675886 3867.087 0.0 201.343
0.02675948 3866.93 0.0 201.519
0.02675906 3867.8 0.0 201.702
0.02675902 3868.357 0.0 202.093
0.02675919 3868.67 0.0 202.272
0.0267586 3869.31 0.0 202.452
0.02675903 3869.71 0.0 202.633
0.0267592 3869.39 0.0 202.814
0.02675905 3869.47 0.0 202.995
0.02675937 3869.55 0.0 203.177
0.02675892 3869.55 0.0 203.358
0.02675938 3869.23 0.0 203.541
0.02675884 3868.91 0.0 203.725
0.02675909 3868.99 0.0 203.904
0.02675919 3869.79 0.0 204.087
0.02675966 3869.95 0.0 204.268
0.02675856 3869.07 0.0 204.45
0.02675908 3868.04 0.0 204.631
0.02675881 3867.48 0.0 204.814
0.02675923 3868.117 0.0 204.994
0.02675924 3869.07 0.0 205.176
0.02675886 3869.23 0.0 205.357
0.02675834 3870.107 0.0 205.54
0.02675933 3871.14 0.0 205.72
0.02675886 3870.82 0.0 205.903
0.02675931 3870.027 0.0 206.087
0.02675865 3869.55 0.0 206.269
0.02675885 3869.55 0.0 206.449
