X_channel Y_channel II_channel timestamp
0.01516478 3898.4 0.0 0.0
0.01516476 3898.16 0.0 0.186
0.01516466 3897.6 0.0 0.365
0.01516496 3896.81 0.0 0.546
0.0151645 3896.33 0.0 0.73
0.01516479 3896.49 0.0 0.909
0.01516452 3896.967 0.0 1.091
0.01516437 3898.16 0.0 1.274
0.01516499 3899.19 0.0 1.454
0.01516496 3899.83 0.0 1.637
0.01516411 3899.83 0.0 1.82
0.01516451 3899.91 0.0 2.0
0.01516498 3900.147 0.0 2.178
0.01516497 3900.223 0.0 2.36
0.01516441 3899.59 0.0 2.544
0.01516419 3899.11 0.0 2.726
0.01517881 3898.95 0.0 2.904
0.01518295 3898.87 0.0 3.09
0.01519787 3898.95 0.0 3.275
0.01521101 3899.67 0.0 3.455
0.01522169 3900.62 0.0 3.638
0.01524004 3900.94 0.0 3.824
0.01524822 3900.383 0.0 4.005
0.01526916 3899.91 0.0 4.185
0.01527417 3899.51 0.0 4.364
0.01529752 3898.873 0.0 4.544
0.01530269 3898.64 0.0 4.73
0.01532395 3898.87 0.0 4.914
0.01533316 3898.95 0.0 5.096
0.01534967 3899.35 0.0 5.279
0.0153627 3899.75 0.0 5.461
0.01537565 3899.83 0.0 5.641
0.01539323 3899.67 0.0 5.823
0.01540008 3899.51 0.0 6.005
0.01542217 3898.95 0.0 6.185
0.01543006 3898.87 0.0 6.368
0.01545267 3899.11 0.0 6.55
0.01545699 3899.83 0.0 6.734
0.01547903 3900.07 0.0 6.914
0.01548654 3900.147 0.0 7.095
0.0155029 3900.3 0.0 7.278
0.01551705 3900.54 0.0 7.458
0.01553221 3900.303 0.0 7.639
0.01554785 3899.67 0.0 7.821
0.01555516 3899.83 0.0 8.0
0.01557756 3900.54 0.0 8.18
0.01558276 3901.18 0.0 8.362
0.01560591 3901.497 0.0 8.543
0.01561193 3901.73 0.0 8.727
0.01563547 3901.89 0.0 8.909
0.01564312 3901.653 0.0 9.094
0.01565971 3901.02 0.0 9.275
0.01567324 3900.78 0.0 9.455
0.01568338 3900.94 0.0 9.636
0.01570231 3901.02 0.0 9.814
0.01571152 3901.18 0.0 9.994
0.01573353 3901.577 0.0 10.176
0.01573675 3901.577 0.0 10.355
0.01575789 3901.1 0.0 10.539
0.01576707 3901.18 0.0 10.72
0.01578962 3901.1 0.0 10.903
0.01579814 3900.62 0.0 11.083
0.01581479 3900.303 0.0 11.262
0.01582902 3900.147 0.0 11.442
0.01584031 3900.94 0.0 11.622
0.01585867 3901.653 0.0 11.801
0.01586689 3902.21 0.0 11.981
0.01588973 3902.21 0.0 12.167
0.01589412 3901.81 0.0 12.347
0.01591799 3901.81 0.0 12.528
0.01592385 3901.97 0.0 12.71
0.01594507 3901.97 0.0 12.891
0.01595501 3902.13 0.0 13.073
0.01597103 3902.69 0.0 13.254
0.01599146 3902.69 0.0 13.575
0.01601377 3902.05 0.0 13.757
0.01601876 3901.81 0.0 13.935
0.01604249 3901.97 0.0 14.113
0.01604979 3901.417 0.0 14.292
0.01606384 3900.62 0.0 14.472
0.01607998 3900.94 0.0 14.652
0.0160929 3900.78 0.0 14.831
0.01611046 3900.147 0.0 15.011
0.01611899 3900.303 0.0 15.193
0.01614929 3902.21 0.0 15.585
0.0161724 3903.01 0.0 15.768
0.0161772 3903.09 0.0 15.948
0.01620094 3902.93 0.0 16.128
0.01620729 3903.167 0.0 16.311
0.01622699 3903.4 0.0 16.491
0.01623792 3903.4 0.0 16.673
0.01625308 3903.01 0.0 16.854
0.01626918 3902.93 0.0 17.037
0.01627924 3902.85 0.0 17.222
0.01629935 3902.69 0.0 17.4
0.01630681 3902.77 0.0 17.58
0.01633013 3903.323 0.0 17.762
0.01633468 3903.88 0.0 17.943
0.01635501 3903.88 0.0 18.121
0.01636478 3903.64 0.0 18.302
0.01638337 3903.087 0.0 18.482
0.01639624 3903.087 0.0 18.662
0.01641048 3903.88 0.0 18.845
0.01642739 3904.36 0.0 19.025
0.0164364 3904.28 0.0 19.208
0.01645794 3903.96 0.0 19.388
0.01646394 3903.88 0.0 19.571
0.01648758 3903.88 0.0 19.754
0.0164929 3904.12 0.0 19.933
0.01651438 3904.36 0.0 20.113
0.01652291 3904.36 0.0 20.294
0.01654031 3904.677 0.0 20.476
0.01655437 3904.6 0.0 20.657
0.01656587 3904.6 0.0 20.836
0.0165847 3905.15 0.0 21.021
0.01659341 3906.03 0.0 21.206
0.01661549 3906.197 0.0 21.387
0.01662002 3906.44 0.0 21.569
0.01664362 3906.68 0.0 21.754
0.01665049 3906.437 0.0 21.937
0.01667426 3905.39 0.0 22.121
0.0166825 3904.36 0.0 22.303
0.0167007 3903.96 0.0 22.484
0.01671277 3904.833 0.0 22.664
0.01672776 3905.79 0.0 22.843
0.01674399 3906.03 0.0 23.023
0.0167518 3906.197 0.0 23.202
0.01677437 3906.36 0.0 23.386
0.01678096 3906.03 0.0 23.566
0.01680465 3905.79 0.0 23.746
0.01681001 3906.193 0.0 23.926
0.01683302 3906.68 0.0 24.109
0.01684131 3906.113 0.0 24.294
0.01685707 3905.63 0.0 24.476
0.01687162 3905.31 0.0 24.657
0.01688514 3904.833 0.0 24.842
0.01690326 3904.833 0.0 25.027
0.01690969 3906.113 0.0 25.21
0.01693271 3907.71 0.0 25.388
0.01694016 3908.743 0.0 25.571
0.01696392 3909.3 0.0 25.752
0.01696914 3909.38 0.0 25.933
0.0169928 3909.38 0.0 26.115
0.01700001 3909.3 0.0 26.296
0.01701872 3908.267 0.0 26.478
0.01703098 3907.233 0.0 26.659
0.01704497 3907.55 0.0 26.839
0.0170621 3908.663 0.0 27.021
0.01707073 3908.98 0.0 27.202
0.01709239 3908.663 0.0 27.384
0.01709912 3908.27 0.0 27.565
0.01712305 3907.79 0.0 27.747
0.01712819 3907.55 0.0 27.931
0.01714885 3907.79 0.0 28.112
0.01715915 3908.43 0.0 28.293
0.01717768 3908.66 0.0 28.475
0.01719076 3908.66 0.0 28.658
0.01720502 3908.82 0.0 28.84
0.01722189 3908.9 0.0 29.021
0.01723088 3908.507 0.0 29.201
0.01725238 3908.27 0.0 29.384
0.01725933 3908.27 0.0 29.568
0.01728286 3908.507 0.0 29.754
0.01728768 3908.66 0.0 29.935
0.01731161 3908.507 0.0 30.118
0.01731871 3907.79 0.0 30.298
0.01733796 3907.71 0.0 30.484
0.01734975 3907.79 0.0 30.665
0.01736401 3908.427 0.0 30.848
0.01738107 3908.98 0.0 31.031
0.01739052 3909.14 0.0 31.208
0.01741178 3908.9 0.0 31.39
0.01741605 3908.9 0.0 31.571
0.01744034 3909.06 0.0 31.753
0.01744606 3908.663 0.0 31.934
0.01747007 3908.663 0.0 32.114
0.01747758 3909.46 0.0 32.297
0.01749605 3910.013 0.0 32.479
0.01750943 3910.65 0.0 32.66
0.01752258 3911.29 0.0 32.84
0.01754015 3911.13 0.0 33.022
0.01754918 3910.81 0.0 33.203
0.01757059 3910.41 0.0 33.385
0.01757694 3910.41 0.0 33.565
0.01760067 3910.57 0.0 33.744
0.0176071 3910.49 0.0 33.925
0.01762923 3910.17 0.0 34.107
0.01763782 3910.09 0.0 34.291
0.01765401 3909.22 0.0 34.472
0.01766832 3908.27 0.0 34.653
0.01768128 3908.11 0.0 34.835
0.01769961 3908.11 0.0 35.015
0.01770571 3907.95 0.0 35.198
0.01772938 3908.427 0.0 35.38
0.01773604 3908.82 0.0 35.563
0.01776021 3908.9 0.0 35.745
0.01776595 3908.82 0.0 35.924
0.01778808 3908.19 0.0 36.107
0.01779722 3907.47 0.0 36.291
0.01781344 3907.31 0.0 36.471
0.01782828 3908.11 0.0 36.651
0.01784057 3908.82 0.0 36.834
0.01785939 3908.82 0.0 37.014
0.01786903 3908.66 0.0 37.197
0.01789028 3908.9 0.0 37.379
0.01789624 3909.22 0.0 37.563
0.01792009 3909.54 0.0 37.746
0.01792586 3909.22 0.0 37.93
0.01794802 3908.427 0.0 38.111
0.01795708 3907.87 0.0 38.294
0.01797409 3907.79 0.0 38.473
0.01798856 3908.427 0.0 38.654
0.01800083 3908.82 0.0 38.837
0.01801954 3908.98 0.0 39.016
0.01802753 3909.22 0.0 39.199
0.01805028 3908.82 0.0 39.381
0.01805624 3908.43 0.0 39.566
0.01808077 3908.43 0.0 39.752
0.01808587 3907.95 0.0 39.933
0.01810572 3907.63 0.0 40.117
0.01811719 3907.71 0.0 40.298
0.01813429 3907.87 0.0 40.48
0.01814757 3908.03 0.0 40.661
0.01816117 3908.35 0.0 40.845
0.01817888 3908.43 0.0 41.025
0.01818968 3908.11 0.0 41.208
0.01821088 3908.11 0.0 41.391
0.0182176 3907.63 0.0 41.571
0.01824107 3906.193 0.0 41.755
0.01824585 3905.55 0.0 41.937
0.01826939 3905.95 0.0 42.121
0.01827692 3906.03 0.0 42.301
0.01829705 3906.03 0.0 42.484
0.01830821 3906.03 0.0 42.665
0.01833784 3905.91 0.0 42.957
0.01834144 3906.03 0.0 43.137
0.01836301 3906.277 0.0 43.301
0.01837265 3906.76 0.0 43.469
0.01838148 3906.76 0.0 43.641
0.01840214 3906.52 0.0 43.823
0.01841269 3906.52 0.0 44.003
0.0184344 3906.28 0.0 44.186
0.01844157 3906.68 0.0 44.37
0.01846467 3907.153 0.0 44.553
0.01846989 3906.84 0.0 44.733
0.01849322 3906.52 0.0 44.916
0.01850076 3906.03 0.0 45.097
0.01851999 3906.28 0.0 45.277
0.01853246 3906.197 0.0 45.46
0.01854596 3906.03 0.0 45.64
0.01856285 3906.357 0.0 45.822
0.0185715 3906.997 0.0 46.003
0.01859397 3907.23 0.0 46.183
0.01859898 3907.23 0.0 46.365
0.01862161 3907.23 0.0 46.546
0.0186295 3906.84 0.0 46.729
0.01864826 3907.0 0.0 46.905
0.01866184 3907.23 0.0 47.084
0.01867166 3906.68 0.0 47.264
0.0186937 3905.71 0.0 47.444
0.0186996 3905.63 0.0 47.626
0.0187152 3906.113 0.0 47.805
0.01872876 3906.68 0.0 47.985
0.01874116 3907.0 0.0 48.169
0.01874994 3907.23 0.0 48.352
0.01875797 3907.31 0.0 48.535
0.01876368 3907.71 0.0 48.717
0.01876891 3907.71 0.0 48.899
0.01880105 3907.153 0.0 49.08
0.01883543 3906.52 0.0 49.262
0.01884878 3906.28 0.0 49.442
0.01886921 3906.03 0.0 49.622
0.01887927 3906.193 0.0 49.802
0.01890091 3906.44 0.0 49.982
0.01890777 3905.95 0.0 50.165
0.01893133 3905.79 0.0 50.345
0.01893704 3906.113 0.0 50.533
0.01896153 3906.52 0.0 50.712
0.01896858 3906.76 0.0 50.891
0.01898602 3907.073 0.0 51.074
0.01900027 3907.153 0.0 51.258
0.01901568 3906.68 0.0 51.442
0.01903179 3905.953 0.0 51.622
0.01904305 3905.15 0.0 51.805
0.01906297 3905.15 0.0 51.991
0.01906886 3905.79 0.0 52.172
0.01909191 3906.52 0.0 52.354
0.01909838 3906.52 0.0 52.533
0.01911982 3906.03 0.0 52.711
0.01912888 3905.87 0.0 52.894
0.01914306 3905.47 0.0 53.077
0.01915944 3905.39 0.0 53.254
0.01917435 3905.31 0.0 53.433
0.0191883 3905.31 0.0 53.617
0.01920052 3905.47 0.0 53.799
0.01921636 3905.55 0.0 53.98
0.01923017 3905.87 0.0 54.163
0.01924572 3905.79 0.0 54.343
0.01925953 3904.833 0.0 54.525
0.0192747 3905.07 0.0 54.706
0.01928931 3905.87 0.0 54.893
0.019305 3905.79 0.0 55.073
0.01931837 3904.753 0.0 55.253
0.01933322 3903.88 0.0 55.436
0.01934687 3903.247 0.0 55.619
0.01936048 3903.323 0.0 55.802
0.01937547 3903.4 0.0 55.983
0.01939047 3902.93 0.0 56.163
0.01940415 3902.93 0.0 56.346
0.01941913 3902.77 0.0 56.526
0.01943433 3902.69 0.0 56.708
0.01944768 3902.61 0.0 56.887
0.01946294 3902.21 0.0 57.067
0.01947477 3901.653 0.0 57.247
0.01949161 3901.73 0.0 57.428
0.01950496 3901.81 0.0 57.611
0.01952011 3902.21 0.0 57.793
0.01953411 3902.21 0.0 57.97
0.01954901 3902.21 0.0 58.15
0.01956417 3902.05 0.0 58.334
0.01957871 3902.21 0.0 58.518
0.01959336 3902.53 0.0 58.699
0.0196081 3902.93 0.0 58.888
0.01962311 3902.85 0.0 59.072
0.01963763 3902.61 0.0 59.257
0.01965231 3902.45 0.0 59.439
0.0196664 3902.29 0.0 59.619
0.01967977 3901.653 0.0 59.799
0.01969381 3900.307 0.0 59.983
0.01970812 3899.83 0.0 60.162
0.01972272 3899.83 0.0 60.345
0.01973766 3900.07 0.0 60.525
0.01975291 3899.91 0.0 60.704
0.01976665 3899.113 0.0 60.884
0.01978113 3898.24 0.0 61.066
0.01979441 3897.84 0.0 61.247
0.01981007 3897.6 0.0 61.427
0.01982341 3897.28 0.0 61.609
0.01983845 3896.967 0.0 61.786
0.01985094 3896.25 0.0 61.969
0.01986611 3895.77 0.0 62.152
0.01988168 3895.85 0.0 62.333
0.01989685 3896.25 0.0 62.516
0.01991121 3896.09 0.0 62.696
0.0199261 3896.09 0.0 62.877
0.01993848 3896.33 0.0 63.055
0.01995331 3896.81 0.0 63.237
0.01996769 3897.123 0.0 63.417
0.01998215 3897.2 0.0 63.594
0.01999673 3897.047 0.0 63.773
0.0200101 3896.73 0.0 63.953
0.02002495 3896.73 0.0 64.133
0.02003796 3896.49 0.0 64.316
0.02005557 3895.377 0.0 64.5
0.02006464 3894.66 0.0 64.679
0.02007862 3894.58 0.0 64.859
0.0200946 3894.58 0.0 65.042
0.02010793 3894.027 0.0 65.226
0.02012524 3893.71 0.0 65.408
0.02013517 3893.39 0.0 65.592
0.02015645 3893.39 0.0 65.775
0.02016229 3893.39 0.0 65.956
0.02018602 3893.39 0.0 66.138
0.0201921 3893.63 0.0 66.321
0.02021368 3893.39 0.0 66.499
0.02022282 3892.833 0.0 66.678
0.02023875 3892.36 0.0 66.861
0.02025379 3891.96 0.0 67.044
0.02026606 3891.72 0.0 67.225
0.0202846 3890.847 0.0 67.409
0.02029274 3889.813 0.0 67.592
0.02031503 3889.58 0.0 67.776
0.02032143 3889.5 0.0 67.959
0.02034497 3888.94 0.0 68.142
0.02035095 3888.303 0.0 68.322
0.02037314 3887.59 0.0 68.503
0.02038154 3886.633 0.0 68.681
0.02039747 3886.633 0.0 68.861
0.02041283 3886.557 0.0 69.042
0.0204248 3886.32 0.0 69.224
0.02044363 3885.92 0.0 69.406
0.02045217 3885.52 0.0 69.587
0.0204737 3885.68 0.0 69.769
0.02047859 3885.283 0.0 69.949
0.02050264 3884.49 0.0 70.13
0.02050943 3883.22 0.0 70.316
0.02053176 3882.5 0.0 70.503
0.02054038 3882.027 0.0 70.684
0.02055407 3881.79 0.0 70.864
0.02057052 3881.23 0.0 71.047
0.02058281 3880.75 0.0 71.227
0.0206015 3880.673 0.0 71.408
0.02060881 3879.563 0.0 71.586
0.02063112 3878.21 0.0 71.766
0.02063717 3877.34 0.0 71.947
0.02066007 3876.94 0.0 72.129
0.02066671 3875.987 0.0 72.307
0.02068633 3875.67 0.0 72.487
0.0206979 3874.713 0.0 72.668
0.0207115 3873.283 0.0 72.85
0.02072805 3871.853 0.0 73.031
0.02073889 3870.74 0.0 73.216
0.02075909 3869.87 0.0 73.398
0.02076553 3868.833 0.0 73.577
0.02078837 3867.323 0.0 73.757
0.02079393 3865.733 0.0 73.937
0.02081716 3864.38 0.0 74.118
0.02082466 3862.633 0.0 74.296
0.02083905 3860.967 0.0 74.474
0.02085483 3859.93 0.0 74.653
0.020868 3858.58 0.0 74.835
0.020886 3856.913 0.0 75.016
0.02089468 3855.003 0.0 75.198
0.02091626 3853.337 0.0 75.377
0.02092188 3851.43 0.0 75.555
0.02094511 3850.473 0.0 75.738
0.02095157 3848.963 0.0 75.924
0.02097302 3846.897 0.0 76.105
0.02098241 3844.197 0.0 76.287
0.02099806 3841.973 0.0 76.467
0.02101326 3840.223 0.0 76.65
0.02102479 3838.713 0.0 76.831
0.0210436 3836.727 0.0 77.009
0.02105031 3834.263 0.0 77.186
0.0210733 3832.513 0.0 77.37
0.02107919 3830.527 0.0 77.552
0.0211031 3827.587 0.0 77.733
0.02110932 3824.49 0.0 77.912
0.02112576 3821.707 0.0 78.096
0.02114003 3819.003 0.0 78.276
0.02115444 3816.063 0.0 78.455
0.02117093 3813.043 0.0 78.635
0.0211817 3809.23 0.0 78.819
0.02120177 3805.89 0.0 79.002
0.02120975 3801.997 0.0 79.182
0.02123206 3798.26 0.0 79.364
0.02123676 3793.41 0.0 79.545
0.02125895 3788.96 0.0 79.726
0.0212671 3784.51 0.0 79.908
0.02128816 3780.06 0.0 80.091
0.02129792 3774.66 0.0 80.271
0.02131479 3769.253 0.0 80.454
0.02132911 3763.69 0.0 80.637
0.02133762 3757.41 0.0 80.817
0.02135817 3751.293 0.0 80.997
0.02136541 3743.903 0.0 81.177
0.0213878 3737.067 0.0 81.356
0.02139372 3728.403 0.0 81.536
0.02141234 3719.743 0.0 81.718
0.02142403 3711.24 0.0 81.902
0.02144407 3702.813 0.0 82.085
0.02145507 3693.357 0.0 82.266
0.02147007 3682.47 0.0 82.444
0.02148529 3671.343 0.0 82.625
0.02149541 3659.103 0.0 82.805
0.02151549 3647.5 0.0 82.987
0.02152282 3634.47 0.0 83.168
0.02154559 3620.64 0.0 83.348
0.02155071 3603.87 0.0 83.53
0.02157313 3587.26 0.0 83.707
0.02158102 3568.903 0.0 83.886
0.02159887 3549.43 0.0 84.069
0.02161161 3528.61 0.0 84.247
0.02162232 3505.643 0.0 84.429
0.0216421 3484.58 0.0 84.611
0.0216515 3459.307 0.0 84.791
0.02167229 3434.197 0.0 84.976
0.02167903 3404.473 0.0 85.158
0.02170224 3375.783 0.0 85.339
0.021708 3343.357 0.0 85.519
0.02172875 3311.093 0.0 85.697
0.02173836 3275.807 0.0 85.878
0.02175387 3239.567 0.0 86.057
0.02176882 3202.69 0.0 86.237
0.02178026 3162.24 0.0 86.421
0.02179897 3124.333 0.0 86.602
0.02180714 3082.767 0.0 86.784
0.0218279 3046.21 0.0 86.963
0.02183404 3007.027 0.0 87.144
0.02185705 2972.22 0.0 87.326
0.02186397 2938.287 0.0 87.51
0.02188474 2909.117 0.0 87.692
0.02189463 2884.8 0.0 87.876
0.02190781 2865.407 0.0 88.059
0.0219242 2852.85 0.0 88.24
0.02193678 2846.493 0.0 88.422
0.02195485 2847.847 0.0 88.602
0.02196362 2858.417 0.0 88.783
0.02198491 2873.917 0.0 88.966
0.02199092 2899.027 0.0 89.147
0.02201375 2926.84 0.0 89.328
0.02202049 2962.127 0.0 89.513
0.0220409 2999.877 0.0 89.693
0.02205135 3041.36 0.0 89.88
0.02206696 3083.963 0.0 90.063
0.02208153 3126.557 0.0 90.243
0.02209388 3171.54 0.0 90.425
0.02211171 3213.18 0.0 90.611
0.02211971 3256.577 0.0 90.792
0.02214122 3295.437 0.0 90.973
0.0221476 3335.653 0.0 91.153
0.02217046 3371.017 0.0 91.335
0.02217711 3406.857 0.0 91.514
0.0221968 3439.043 0.0 91.692
0.02220681 3470.12 0.0 91.874
0.0222213 3499.443 0.0 92.055
0.02223685 3525.99 0.0 92.234
0.0222478 3551.02 0.0 92.414
0.02226697 3572.8 0.0 92.6
0.0222752 3595.523 0.0 92.781
0.02229644 3615.077 0.0 92.963
0.02230212 3634.867 0.0 93.144
0.02232418 3651.633 0.0 93.325
0.02233207 3668.083 0.0 93.508
0.0223516 3682.55 0.0 93.69
0.02236212 3696.853 0.0 93.872
0.02237377 3710.283 0.0 94.053
0.02239149 3722.047 0.0 94.232
0.02240286 3733.81 0.0 94.414
0.02242185 3744.217 0.0 94.594
0.02242984 3755.823 0.0 94.778
0.02245221 3765.68 0.0 94.961
0.02245721 3775.133 0.0 95.144
0.0224792 3782.763 0.0 95.324
0.02248724 3790.077 0.0 95.507
0.02250685 3797.067 0.0 95.691
0.0225173 3804.38 0.0 95.87
0.02253174 3811.373 0.0 96.054
0.02254767 3817.653 0.0 96.233
0.02255701 3823.61 0.0 96.416
0.02257754 3828.3 0.0 96.595
0.02258333 3832.99 0.0 96.772
0.02260595 3836.967 0.0 96.952
0.02261198 3841.417 0.0 97.132
0.02263358 3845.867 0.0 97.315
0.02264156 3850.473 0.0 97.495
0.02265592 3854.45 0.0 97.677
0.02267148 3857.63 0.0 97.858
0.02268462 3861.123 0.0 98.039
0.02270195 3864.063 0.0 98.219
0.02271046 3867.083 0.0 98.403
0.02273115 3869.707 0.0 98.584
0.02273836 3872.407 0.0 98.764
0.02276084 3874.873 0.0 98.945
0.02276647 3877.417 0.0 99.125
0.02278635 3879.087 0.0 99.305
0.02279627 3880.993 0.0 99.483
0.02281315 3883.137 0.0 99.662
0.02282653 3885.287 0.0 99.848
0.02283914 3887.27 0.0 100.025
0.02285617 3888.78 0.0 100.207
0.02286274 3889.813 0.0 100.385
0.02288452 3891.163 0.0 100.565
0.02289038 3893.313 0.0 100.746
0.02291266 3894.98 0.0 100.927
0.02292022 3896.567 0.0 101.106
0.02293522 3898.397 0.0 101.286
0.02294978 3899.59 0.0 101.471
0.02296593 3900.94 0.0 101.653
0.02297972 3902.29 0.0 101.836
0.02299122 3904.12 0.0 102.015
0.02300986 3905.31 0.0 102.195
0.02301683 3906.277 0.0 102.378
0.02303871 3907.233 0.0 102.56
0.02304437 3908.823 0.0 102.744
0.02306664 3909.38 0.0 102.922
0.02307361 3909.38 0.0 103.104
0.02309245 3909.38 0.0 103.285
0.02310415 3909.857 0.0 103.465
0.02311851 3910.57 0.0 103.648
0.023134 3911.447 0.0 103.826
0.02314148 3912.717 0.0 104.01
0.02316206 3913.83 0.0 104.191
0.02317008 3914.623 0.0 104.372
0.02319179 3915.34 0.0 104.55
0.02319678 3915.58 0.0 104.73
0.02321955 3915.34 0.0 104.912
0.02322723 3913.593 0.0 105.093
0.02324517 3911.207 0.0 105.277
0.02325668 3910.73 0.0 105.457
0.02327043 3912.003 0.0 105.638
0.0232862 3913.673 0.0 105.815
0.02329474 3915.897 0.0 105.997
0.0233157 3917.883 0.0 106.178
0.02332202 3919.393 0.0 106.361
0.02334452 3920.663 0.0 106.542
0.02335022 3921.62 0.0 106.725
0.02337203 3922.97 0.0 106.909
0.02338037 3923.923 0.0 107.091
0.02339831 3925.113 0.0 107.275
0.02340939 3925.83 0.0 107.455
0.02342026 3926.15 0.0 107.64
0.02343867 3926.31 0.0 107.818
0.02344802 3926.783 0.0 107.998
0.0234687 3927.18 0.0 108.181
0.02347478 3927.26 0.0 108.361
0.02349687 3927.26 0.0 108.542
0.02350304 3927.34 0.0 108.724
0.02352361 3927.74 0.0 108.904
0.02353277 3928.213 0.0 109.086
0.02354869 3928.85 0.0 109.267
0.0235622 3929.25 0.0 109.446
0.02357294 3929.41 0.0 109.626
0.02359127 3929.33 0.0 109.806
0.02359927 3929.17 0.0 109.988
0.02361999 3929.883 0.0 110.169
0.02362514 3931.0 0.0 110.349
0.02364733 3931.0 0.0 110.528
0.02365474 3930.68 0.0 110.711
0.02367431 3931.077 0.0 110.892
0.02368486 3931.95 0.0 111.076
0.02369701 3932.587 0.0 111.258
0.02371344 3932.98 0.0 111.439
0.02372419 3933.54 0.0 111.621
0.02374333 3933.94 0.0 111.798
0.02375055 3933.94 0.0 111.98
0.02377257 3933.7 0.0 112.164
0.02377767 3933.46 0.0 112.344
0.02379906 3933.7 0.0 112.527
0.02380658 3934.093 0.0 112.708
0.02382478 3934.017 0.0 112.891
0.02383593 3933.94 0.0 113.075
0.02385021 3934.173 0.0 113.258
0.02386557 3934.89 0.0 113.441
0.02387631 3935.45 0.0 113.629
0.02389441 3936.003 0.0 113.809
0.02390262 3937.037 0.0 113.992
0.02392369 3937.99 0.0 114.18
0.02392987 3937.99 0.0 114.362
0.02395198 3937.83 0.0 114.543
0.02395799 3937.67 0.0 114.722
0.02397474 3936.88 0.0 114.905
0.02398692 3936.56 0.0 115.088
0.02400216 3936.48 0.0 115.265
0.02401637 3936.08 0.0 115.442
0.02402753 3936.48 0.0 115.624
0.02404636 3936.96 0.0 115.804
0.02405443 3937.04 0.0 115.986
0.0240755 3937.273 0.0 116.172
0.02408017 3937.75 0.0 116.356
0.02410223 3937.75 0.0 116.535
0.02410856 3937.67 0.0 116.716
0.02412941 3937.91 0.0 116.898
0.02413833 3939.1 0.0 117.079
0.0241546 3939.9 0.0 117.262
0.02416783 3939.9 0.0 117.442
0.02417744 3939.9 0.0 117.625
0.02419657 3940.137 0.0 117.805
0.0242035 3940.45 0.0 117.985
0.02422427 3940.77 0.0 118.168
0.02422929 3940.85 0.0 118.348
0.02424927 3940.93 0.0 118.531
0.02425865 3941.49 0.0 118.711
0.02427859 3941.723 0.0 118.89
0.02428837 3941.8 0.0 119.07
0.02430333 3941.57 0.0 119.254
0.02431752 3941.17 0.0 119.433
0.02432818 3940.53 0.0 119.617
0.02434597 3940.293 0.0 119.798
0.02435351 3940.217 0.0 119.98
0.02437472 3940.77 0.0 120.161
0.02438006 3941.567 0.0 120.342
0.02440247 3942.04 0.0 120.525
0.02440885 3942.12 0.0 120.706
0.02442849 3942.68 0.0 120.888
0.02443781 3943.153 0.0 121.069
0.02445056 3942.84 0.0 121.25
0.02446641 3942.12 0.0 121.431
0.02447841 3942.04 0.0 121.612
0.02449583 3942.2 0.0 121.794
0.02450375 3942.2 0.0 121.975
0.02452403 3941.96 0.0 122.158
0.02452931 3942.04 0.0 122.341
0.02455197 3942.04 0.0 122.525
0.0245583 3941.647 0.0 122.708
0.02457678 3941.41 0.0 122.889
0.02458708 3941.33 0.0 123.07
0.02460091 3941.17 0.0 123.25
0.0246154 3941.09 0.0 123.433
0.02462653 3941.01 0.0 123.615
0.02464438 3941.01 0.0 123.795
0.0246514 3941.647 0.0 123.978
0.02467263 3942.2 0.0 124.161
0.02467796 3942.68 0.0 124.341
0.02469985 3943.47 0.0 124.521
0.02470649 3943.47 0.0 124.702
0.0247253 3942.84 0.0 124.884
0.02473584 3942.84 0.0 125.066
0.02474869 3943.0 0.0 125.247
0.02476369 3943.233 0.0 125.427
0.02477426 3943.95 0.0 125.608
0.02479235 3944.35 0.0 125.79
0.02480016 3944.43 0.0 125.972
0.02482098 3944.43 0.0 126.153
0.0248259 3944.667 0.0 126.336
0.02484714 3944.9 0.0 126.516
0.02485462 3944.51 0.0 126.698
0.02487315 3944.667 0.0 126.883
0.02488326 3944.9 0.0 127.064
0.02489423 3945.14 0.0 127.244
0.02491118 3945.86 0.0 127.426
0.02492142 3946.1 0.0 127.605
0.02494094 3946.1 0.0 127.785
0.02494731 3945.62 0.0 127.965
0.02496858 3945.38 0.0 128.149
0.02497354 3944.903 0.0 128.331
0.02499449 3944.19 0.0 128.513
0.02500181 3943.95 0.0 128.692
0.02501755 3944.43 0.0 128.871
0.02503089 3944.59 0.0 129.052
0.0250423 3944.03 0.0 129.234
0.02505868 3943.233 0.0 129.416
0.02506748 3942.76 0.0 129.598
0.02508715 3943.073 0.0 129.779
0.0250923 3943.47 0.0 129.959
0.02511376 3943.153 0.0 130.141
0.02512001 3942.76 0.0 130.318
0.02514023 3943.153 0.0 130.5
0.02514882 3943.63 0.0 130.681
0.02516118 3944.35 0.0 130.865
0.02517652 3944.667 0.0 131.047
0.02518878 3945.38 0.0 131.228
0.02520617 3945.86 0.0 131.415
0.02521294 3945.62 0.0 131.595
0.02523357 3944.823 0.0 131.775
0.02523906 3943.95 0.0 131.958
0.02526063 3943.71 0.0 132.141
0.02526675 3943.87 0.0 132.324
0.0252863 3943.95 0.0 132.504
0.02529525 3944.11 0.0 132.687
0.02531166 3944.35 0.0 132.87
0.0253231 3944.823 0.0 133.05
0.02533414 3945.06 0.0 133.231
0.02535064 3945.46 0.0 133.414
0.02535914 3945.86 0.0 133.596
0.02537941 3945.94 0.0 133.78
0.02538513 3946.1 0.0 133.961
0.02540693 3945.78 0.0 134.143
0.02541216 3945.38 0.0 134.324
0.02542878 3944.903 0.0 134.51
0.02544051 3944.43 0.0 134.69
0.02545629 3944.19 0.0 134.87
0.02546872 3943.95 0.0 135.054
0.02548191 3943.95 0.0 135.238
0.02549676 3944.11 0.0 135.42
0.02550698 3943.71 0.0 135.601
0.02552528 3944.19 0.0 135.784
0.02553093 3944.823 0.0 135.967
0.02555259 3945.78 0.0 136.147
0.02555831 3946.02 0.0 136.334
0.02557934 3945.063 0.0 136.517
0.02558599 3943.87 0.0 136.697
0.02560463 3943.23 0.0 136.88
0.02561508 3943.63 0.0 137.065
0.02562666 3943.31 0.0 137.248
0.02564241 3943.31 0.0 137.427
0.0256509 3944.35 0.0 137.607
0.02566952 3944.9 0.0 137.787
0.02567402 3944.9 0.0 137.967
0.02569516 3944.667 0.0 138.148
0.02570185 3944.43 0.0 138.333
0.0257242 3944.51 0.0 138.513
0.02573059 3944.983 0.0 138.695
0.02574614 3945.94 0.0 138.873
0.02575817 3946.33 0.0 139.056
0.02577134 3946.33 0.0 139.238
0.02578683 3946.253 0.0 139.419
0.02579602 3946.1 0.0 139.599
0.02581438 3946.02 0.0 139.782
0.0258196 3945.38 0.0 139.958
0.02584045 3944.667 0.0 140.137
0.02584669 3944.19 0.0 140.317
0.02586596 3944.823 0.0 140.498
0.02587433 3945.78 0.0 140.68
0.02588699 3946.333 0.0 140.859
0.02590198 3946.57 0.0 141.039
0.0259141 3946.177 0.0 141.222
0.02593006 3946.1 0.0 141.403
0.02593428 3946.49 0.0 141.585
0.02595541 3946.81 0.0 141.766
0.02596191 3947.527 0.0 141.948
0.02598349 3948.08 0.0 142.128
0.02598956 3948.4 0.0 142.308
0.02600865 3948.72 0.0 142.491
0.0260177 3948.72 0.0 142.668
0.02603092 3948.72 0.0 142.85
0.02604536 3948.8 0.0 143.031
0.02605498 3948.48 0.0 143.214
0.02607221 3947.84 0.0 143.394
0.02607852 3947.76 0.0 143.574
0.02609907 3947.84 0.0 143.756
0.0261047 3948.0 0.0 143.937
0.02612504 3948.16 0.0 144.118
0.0261322 3948.24 0.0 144.3
0.0261496 3948.08 0.0 144.479
0.02615965 3948.0 0.0 144.659
0.02617119 3947.763 0.0 144.839
0.02618669 3946.97 0.0 145.018
0.02619553 3946.49 0.0 145.198
0.02621444 3946.1 0.0 145.378
0.0262207 3946.1 0.0 145.558
0.0262412 3946.333 0.0 145.742
0.02624613 3946.57 0.0 145.925
0.02626584 3946.02 0.0 146.109
0.02627376 3945.86 0.0 146.291
0.02628937 3946.333 0.0 146.468
0.0263015 3946.97 0.0 146.648
0.02631301 3947.05 0.0 146.831
0.02632843 3947.527 0.0 147.009
0.02633499 3948.16 0.0 147.188
0.02635557 3948.24 0.0 147.37
0.02636081 3948.0 0.0 147.553
0.02638186 3947.603 0.0 147.735
0.02638774 3947.05 0.0 147.92
0.02640732 3947.527 0.0 148.1
0.02641506 3947.76 0.0 148.283
0.02642941 3947.607 0.0 148.467
0.02644226 3947.13 0.0 148.646
0.02645394 3947.13 0.0 148.831
0.02646968 3947.683 0.0 149.01
0.02647754 3948.16 0.0 149.192
0.02649686 3948.48 0.0 149.376
0.02650187 3948.0 0.0 149.559
0.0265226 3947.76 0.0 149.74
0.02652804 3947.683 0.0 149.922
0.02654774 3947.29 0.0 150.106
0.02655574 3947.37 0.0 150.287
0.02657163 3948.0 0.0 150.469
0.02658321 3948.4 0.0 150.65
0.02659348 3948.08 0.0 150.829
0.02660987 3947.367 0.0 151.013
0.02661805 3947.05 0.0 151.195
0.0266369 3947.29 0.0 151.376
0.02664284 3947.13 0.0 151.559
0.02666294 3947.05 0.0 151.739
0.0266685 3947.05 0.0 151.919
0.0266859 3946.97 0.0 152.098
0.02669582 3946.49 0.0 152.278
0.0267092 3946.49 0.0 152.46
0.02672289 3947.21 0.0 152.641
0.02673328 3948.16 0.0 152.821
0.02674955 3948.88 0.0 153.004
0.02675326 3948.72 0.0 153.184
0.02675498 3948.16 0.0 153.367
0.02675549 3947.84 0.0 153.549
0.02675634 3948.0 0.0 153.727
0.02675646 3947.84 0.0 153.906
0.02675671 3947.76 0.0 154.089
0.02675688 3947.607 0.0 154.273
0.02675698 3947.53 0.0 154.456
0.02675739 3947.84 0.0 154.636
0.02675664 3948.48 0.0 154.816
0.02675696 3948.72 0.0 154.997
0.02675708 3948.4 0.0 155.178
0.02675706 3948.24 0.0 155.361
0.02675761 3948.0 0.0 155.545
0.0267573 3948.24 0.0 155.722
0.02675707 3948.16 0.0 155.904
0.026757 3947.84 0.0 156.085
0.02675717 3947.76 0.0 156.267
0.0267574 3947.84 0.0 156.448
0.0267571 3948.24 0.0 156.628
0.02675725 3948.24 0.0 156.811
0.02675688 3948.24 0.0 156.991
0.02675742 3948.48 0.0 157.17
0.02675739 3948.72 0.0 157.346
0.02675736 3948.56 0.0 157.528
0.0267575 3949.353 0.0 157.708
0.02675725 3950.23 0.0 157.885
0.02675745 3950.55 0.0 158.067
0.02675751 3950.31 0.0 158.248
0.0267577 3949.83 0.0 158.431
0.02675748 3949.197 0.0 158.611
0.02675779 3948.48 0.0 158.791
0.02675694 3948.24 0.0 158.973
0.02675804 3948.48 0.0 159.154
0.02675775 3948.96 0.0 159.333
0.02675718 3949.12 0.0 159.512
0.02675723 3948.96 0.0 159.692
0.0267576 3948.72 0.0 159.872
0.02675719 3948.24 0.0 160.052
0.02675697 3947.447 0.0 160.234
0.02675499 3946.81 0.0 160.415
0.02675458 3946.57 0.0 160.597
0.02675475 3946.57 0.0 160.777
0.02675467 3946.57 0.0 160.956
0.02675438 3946.81 0.0 161.133
0.02675439 3947.05 0.0 161.317
0.02675454 3947.13 0.0 161.499
0.02675453 3947.683 0.0 161.68
0.02675488 3948.32 0.0 161.869
0.02675407 3949.197 0.0 162.051
0.0267546 3949.43 0.0 162.233
0.02675429 3949.43 0.0 162.418
0.02675449 3949.2 0.0 162.599
0.02675452 3948.88 0.0 162.781
0.02675479 3948.32 0.0 162.961
0.02675432 3948.48 0.0 163.141
0.02675455 3948.72 0.0 163.321
0.02675434 3948.64 0.0 163.5
0.02675391 3948.32 0.0 163.684
0.02675444 3947.92 0.0 163.866
0.02675424 3947.683 0.0 164.046
0.02675407 3947.37 0.0 164.227
0.02675413 3947.76 0.0 164.408
0.02675468 3948.0 0.0 164.586
0.02675415 3948.56 0.0 164.77
0.02675439 3949.273 0.0 164.949
0.02675439 3949.83 0.0 165.133
0.02675479 3949.91 0.0 165.316
0.02675454 3949.91 0.0 165.496
0.0267546 3950.31 0.0 165.678
0.02675437 3950.94 0.0 165.855
0.02675438 3951.1 0.0 166.038
0.02675434 3951.34 0.0 166.222
0.02675428 3951.977 0.0 166.404
0.02675335 3952.77 0.0 166.585
0.02675173 3952.69 0.0 166.767
0.02675135 3952.057 0.0 166.948
0.02675155 3950.627 0.0 167.128
0.02675124 3949.99 0.0 167.31
0.02675133 3950.627 0.0 167.49
0.02675141 3951.18 0.0 167.67
0.02675137 3951.02 0.0 167.847
0.02675093 3950.31 0.0 168.026
0.02675154 3950.47 0.0 168.208
0.02675198 3951.18 0.0 168.389
0.0267514 3951.58 0.0 168.57
0.02675155 3951.98 0.0 168.752
0.02675188 3952.29 0.0 168.932
0.02675168 3951.98 0.0 169.114
0.02675166 3951.34 0.0 169.295
0.02675157 3950.707 0.0 169.476
0.02675138 3950.94 0.0 169.658
0.02675114 3951.1 0.0 169.843
0.02675128 3951.1 0.0 170.025
0.02675127 3951.1 0.0 170.208
0.02675129 3951.58 0.0 170.388
0.02675152 3951.66 0.0 170.568
0.02675148 3951.58 0.0 170.754
0.02675116 3951.58 0.0 170.931
0.02675139 3951.34 0.0 171.11
0.02675124 3950.787 0.0 171.289
0.02675154 3950.39 0.0 171.471
0.02675178 3950.627 0.0 171.652
0.02675129 3950.94 0.0 171.835
0.02675153 3951.02 0.0 172.015
0.02675119 3950.627 0.0 172.192
0.02675167 3950.39 0.0 172.374
0.02675163 3950.39 0.0 172.559
0.02675134 3950.39 0.0 172.738
0.02675142 3950.47 0.0 172.918
0.0267516 3951.02 0.0 173.096
0.02675116 3951.34 0.0 173.277
0.02675154 3951.58 0.0 173.46
0.02675181 3951.58 0.0 173.643
0.02675126 3951.82 0.0 173.823
0.02675128 3951.82 0.0 174.003
0.02675138 3951.023 0.0 174.185
0.026751 3950.31 0.0 174.363
0.0267511 3950.39 0.0 174.542
0.02675115 3950.15 0.0 174.725
0.02675102 3949.51 0.0 174.905
0.02675119 3949.43 0.0 175.088
0.02675197 3949.43 0.0 175.269
0.02675123 3949.51 0.0 175.448
0.02675104 3950.15 0.0 175.628
0.02675166 3950.783 0.0 175.811
0.02675187 3951.42 0.0 175.991
0.0267512 3951.34 0.0 176.173
0.02675155 3951.1 0.0 176.354
0.02675191 3951.26 0.0 176.533
0.02675136 3951.82 0.0 176.713
0.02675145 3952.373 0.0 176.893
0.02675126 3952.77 0.0 177.074
0.02675136 3952.77 0.0 177.255
0.02675096 3952.293 0.0 177.438
0.02675155 3951.5 0.0 177.623
0.0267512 3950.863 0.0 177.803
0.02675133 3950.39 0.0 177.984
0.02675169 3950.863 0.0 178.159
0.02675151 3951.66 0.0 178.343
0.02675121 3952.213 0.0 178.525
0.02675125 3951.82 0.0 178.711
0.0267513 3951.18 0.0 178.895
0.02675115 3950.94 0.0 179.077
0.0267512 3951.34 0.0 179.259
0.0267511 3951.58 0.0 179.442
0.02675116 3951.34 0.0 179.626
0.02675128 3950.15 0.0 179.806
0.02675096 3949.51 0.0 179.988
0.0267513 3949.353 0.0 180.17
0.02675145 3950.15 0.0 180.348
0.02675111 3950.703 0.0 180.528
0.02675137 3951.1 0.0 180.711
0.0267505 3951.1 0.0 180.888
0.02675106 3950.15 0.0 181.068
0.02675086 3949.51 0.0 181.253
0.02675118 3949.353 0.0 181.435
0.02675077 3949.04 0.0 181.614
0.02675094 3949.04 0.0 181.797
0.0267508 3949.353 0.0 181.98
0.02675053 3949.67 0.0 182.161
0.02675063 3950.783 0.0 182.341
0.02675108 3951.1 0.0 182.52
0.02675071 3950.627 0.0 182.7
0.0267506 3949.99 0.0 182.88
0.02675117 3949.67 0.0 183.063
0.02675099 3949.67 0.0 183.243
0.02675127 3949.273 0.0 183.425
0.02675109 3948.8 0.0 183.606
0.02675102 3949.197 0.0 183.787
0.02675067 3950.15 0.0 183.969
0.02675058 3951.1 0.0 184.15
0.02675101 3951.66 0.0 184.33
0.02675083 3951.98 0.0 184.512
0.02675105 3951.5 0.0 184.695
0.02675114 3951.5 0.0 184.875
0.02675127 3951.42 0.0 185.06
0.02675108 3950.707 0.0 185.242
0.02675054 3950.15 0.0 185.424
0.02675102 3950.31 0.0 185.605
0.02675054 3950.863 0.0 185.787
0.02675144 3951.1 0.0 185.968
0.0267509 3951.18 0.0 186.149
0.02675091 3951.58 0.0 186.329
0.02675099 3951.5 0.0 186.507
0.02675066 3951.18 0.0 186.689
0.02675102 3952.057 0.0 186.87
0.0267511 3953.17 0.0 187.056
0.02675124 3953.73 0.0 187.237
0.02675094 3953.49 0.0 187.42
0.02675071 3952.85 0.0 187.6
0.0267512 3952.93 0.0 187.78
0.02675093 3953.09 0.0 187.959
0.02675128 3952.61 0.0 188.141
0.02675139 3951.74 0.0 188.321
0.02675119 3951.82 0.0 188.502
0.02675074 3952.06 0.0 188.684
0.02675128 3951.9 0.0 188.864
0.02675117 3952.06 0.0 189.045
0.02675154 3952.37 0.0 189.227
0.02675115 3952.77 0.0 189.408
0.02675103 3952.137 0.0 189.59
0.02675103 3951.26 0.0 189.771
0.02675147 3951.18 0.0 189.951
0.0267511 3951.66 0.0 190.134
0.02675134 3951.66 0.0 190.312
0.02675043 3951.58 0.0 190.496
0.02675055 3951.58 0.0 190.677
0.02675099 3951.58 0.0 190.86
0.02675108 3951.66 0.0 191.04
0.02675143 3952.06 0.0 191.221
0.02675064 3952.06 0.0 191.406
0.02675089 3951.66 0.0 191.587
0.02675135 3951.58 0.0 191.769
0.02675111 3951.58 0.0 191.95
0.02675035 3951.58 0.0 192.133
0.02675081 3951.74 0.0 192.317
0.0267508 3952.06 0.0 192.499
0.02675125 3952.06 0.0 192.68
0.02675096 3952.06 0.0 192.862
0.02675122 3951.98 0.0 193.043
0.02675142 3951.66 0.0 193.226
0.02675117 3951.74 0.0 193.409
0.02675126 3951.34 0.0 193.592
0.0267511 3951.18 0.0 193.773
0.02675087 3951.66 0.0 193.957
0.02675111 3952.06 0.0 194.138
0.02675135 3951.66 0.0 194.319
0.02675094 3950.783 0.0 194.499
0.02675138 3950.07 0.0 194.68
0.02675128 3949.83 0.0 194.862
0.02675085 3949.75 0.0 195.046
0.02675131 3950.15 0.0 195.232
0.02675113 3950.703 0.0 195.417
0.02675143 3950.783 0.0 195.599
0.02675144 3950.47 0.0 195.781
0.02675155 3951.1 0.0 195.962
0.02675146 3951.66 0.0 196.142
0.02675176 3951.66 0.0 196.321
0.0267512 3951.58 0.0 196.502
0.02675093 3951.66 0.0 196.682
0.02675083 3952.06 0.0 196.864
0.02675114 3952.137 0.0 197.045
0.02675122 3952.69 0.0 197.227
0.02675142 3953.01 0.0 197.408
0.02675131 3953.17 0.0 197.588
0.02675138 3952.77 0.0 197.767
0.02675118 3952.85 0.0 197.952
0.02675126 3952.85 0.0 198.135
0.02675108 3952.37 0.0 198.315
0.02675061 3952.29 0.0 198.496
0.0267515 3952.37 0.0 198.677
0.02675116 3953.01 0.0 198.858
0.02675081 3953.883 0.0 199.041
0.02675123 3953.57 0.0 199.221
0.02675133 3952.85 0.0 199.402
0.0267513 3952.85 0.0 199.584
0.02675112 3953.41 0.0 199.767
0.02675133 3953.73 0.0 199.951
0.02675125 3953.33 0.0 200.134
0.02675116 3952.85 0.0 200.315
0.02675103 3953.25 0.0 200.497
0.02675093 3953.963 0.0 200.677
0.02675101 3953.963 0.0 200.857
0.02675104 3953.41 0.0 201.046
0.02675064 3953.25 0.0 201.228
0.0267509 3953.57 0.0 201.41
0.02675106 3953.65 0.0 201.591
0.02675112 3953.09 0.0 201.774
0.02675139 3953.17 0.0 201.958
0.02675131 3953.41 0.0 202.141
0.02675097 3953.33 0.0 202.321
0.02675072 3953.25 0.0 202.503
0.02675133 3953.49 0.0 202.68
0.02675123 3953.883 0.0 202.859
0.02675129 3953.883 0.0 203.039
0.02675132 3953.25 0.0 203.22
0.02675164 3953.09 0.0 203.399
0.02675106 3954.043 0.0 203.581
0.02675128 3954.2 0.0 203.761
0.02675146 3953.807 0.0 203.941
0.02675098 3953.807 0.0 204.121
0.02675149 3953.883 0.0 204.301
0.02675055 3953.65 0.0 204.48
0.02675116 3953.33 0.0 204.66
0.02675097 3953.25 0.0 204.839
0.02675132 3953.41 0.0 205.019
0.02675139 3953.73 0.0 205.199
0.02675122 3953.73 0.0 205.38
0.02675125 3953.73 0.0 205.56
0.02675115 3953.33 0.0 205.743
0.02675131 3953.25 0.0 205.923
0.02675157 3953.57 0.0 206.105
0.02675149 3953.73 0.0 206.286
0.02675092 3953.49 0.0 206.468
0.02675154 3953.65 0.0 206.647
0.02675086 3953.73 0.0 206.829
0.02675093 3953.41 0.0 207.011
0.02675147 3953.25 0.0 207.2
0.02675115 3953.17 0.0 207.382
0.0267517 3952.69 0.0 207.563
0.02675157 3952.53 0.0 207.75
0.02675098 3952.61 0.0 207.93
0.02675125 3952.85 0.0 208.113
0.02675088 3953.49 0.0 208.296
0.02675129 3954.203 0.0 208.479
0.02675096 3955.08 0.0 208.662
0.02675071 3955.08 0.0 208.846
0.02675085 3954.28 0.0 209.027
0.0267511 3953.73 0.0 209.207
0.02675069 3953.807 0.0 209.386
0.02675092 3954.2 0.0 209.566
0.02675134 3954.04 0.0 209.745
0.02675107 3954.44 0.0 209.932
0.02675083 3955.0 0.0 210.112
0.02675085 3955.08 0.0 210.295
0.02675076 3954.68 0.0 210.478
0.02675091 3954.2 0.0 210.663
0.02675163 3954.2 0.0 210.843
0.02675045 3954.2 0.0 211.025
0.02675081 3954.68 0.0 211.204
0.02675107 3954.92 0.0 211.388
0.02675068 3955.16 0.0 211.573
0.02675075 3954.92 0.0 211.756
0.02675086 3955.08 0.0 211.938
0.026751 3955.39 0.0 212.118
0.02675069 3954.92 0.0 212.299
0.0267507 3954.28 0.0 212.479
0.02675069 3953.807 0.0 212.662
0.02675088 3953.65 0.0 212.848
0.02675125 3953.25 0.0 213.033
0.0267507 3952.85 0.0 213.215
0.02675151 3952.69 0.0 213.392
0.02675123 3951.977 0.0 213.572
0.02675169 3951.58 0.0 213.755
0.0267518 3951.34 0.0 213.935
0.02675138 3951.34 0.0 214.119
0.02675117 3951.98 0.0 214.302
0.026751 3952.06 0.0 214.482
0.0267513 3952.29 0.0 214.664
0.02675126 3952.45 0.0 214.845
0.02675102 3952.85 0.0 215.028
0.02675147 3953.49 0.0 215.21
0.02675132 3954.28 0.0 215.39
0.0267508 3954.6 0.0 215.57
0.026751 3955.08 0.0 215.754
0.02675111 3955.08 0.0 215.937
0.02675097 3954.68 0.0 216.117
0.0267511 3954.12 0.0 216.297
0.02675106 3953.49 0.0 216.478
0.02675101 3952.453 0.0 216.659
0.02675104 3951.5 0.0 216.837
0.02675137 3951.42 0.0 217.017
0.02675127 3952.057 0.0 217.199
0.02675128 3953.01 0.0 217.38
0.02675171 3953.25 0.0 217.566
0.02675117 3952.93 0.0 217.747
0.02675154 3952.45 0.0 217.929
0.02675165 3952.137 0.0 218.109
0.02675137 3952.53 0.0 218.294
0.02675133 3952.53 0.0 218.475
0.02675068 3952.77 0.0 218.656
0.02675112 3953.17 0.0 218.836
0.02675061 3953.17 0.0 219.014
0.02675133 3952.93 0.0 219.198
0.02675101 3952.69 0.0 219.379
0.02675123 3952.69 0.0 219.561
0.02675141 3953.33 0.0 219.742
0.02675119 3954.6 0.0 219.928
0.02675158 3955.39 0.0 220.109
0.0267516 3955.157 0.0 220.289
0.02675151 3954.52 0.0 220.472
0.02675129 3953.883 0.0 220.652
0.0267516 3954.28 0.0 220.836
0.02675131 3954.44 0.0 221.015
0.02675104 3953.807 0.0 221.198
0.02675107 3953.807 0.0 221.378
0.02675097 3953.883 0.0 221.559
0.02675084 3953.73 0.0 221.742
0.02675158 3953.33 0.0 221.921
0.02675146 3953.25 0.0 222.103
0.02675131 3953.57 0.0 222.284
0.02675084 3953.73 0.0 222.463
0.02675147 3953.73 0.0 222.646
0.02675224 3953.73 0.0 222.829
0.02675089 3954.12 0.0 223.011
0.0267515 3954.2 0.0 223.194
0.0267511 3954.28 0.0 223.376
0.02675126 3954.36 0.0 223.555
0.02675068 3954.2 0.0 223.739
0.02675158 3954.36 0.0 223.922
0.02675091 3955.0 0.0 224.103
0.0267509 3955.63 0.0 224.286
0.02675067 3955.87 0.0 224.466
0.02675111 3955.63 0.0 224.646
0.02675172 3954.92 0.0 224.825
0.02675087 3954.12 0.0 225.008
0.02675109 3954.28 0.0 225.189
0.02675098 3955.79 0.0 225.372
0.02675131 3956.823 0.0 225.552
0.02675145 3957.22 0.0 225.734
0.02675091 3957.06 0.0 225.914
0.02675142 3956.9 0.0 226.095
0.02675103 3956.743 0.0 226.278
0.02675125 3956.19 0.0 226.454
0.02675109 3955.47 0.0 226.64
0.02675104 3955.87 0.0 226.819
0.02675148 3956.903 0.0 227.0
0.02675109 3957.7 0.0 227.18
0.02675106 3957.78 0.0 227.36
0.02675096 3957.54 0.0 227.541
0.02675108 3956.587 0.0 227.721
0.02675141 3956.03 0.0 227.901
0.02675119 3956.19 0.0 228.082
0.02675124 3956.59 0.0 228.262
0.02675117 3956.667 0.0 228.443
0.02675098 3956.743 0.0 228.623
0.02675109 3957.06 0.0 228.807
0.02675129 3957.06 0.0 228.986
0.02675094 3956.823 0.0 229.164
0.02675076 3956.03 0.0 229.342
0.0267515 3955.237 0.0 229.523
0.02675116 3955.63 0.0 229.706
0.02675053 3956.11 0.0 229.89
0.02675172 3956.51 0.0 230.072
0.0267513 3957.06 0.0 230.252
0.02675106 3956.98 0.0 230.435
0.0267513 3956.98 0.0 230.619
0.02675133 3957.06 0.0 230.797
0.02675091 3957.22 0.0 230.979
0.02675095 3957.06 0.0 231.159
0.02675119 3957.14 0.0 231.343
0.02675119 3956.03 0.0 231.526
0.02675125 3954.283 0.0 231.708
0.02675064 3953.17 0.0 231.889
0.02675146 3953.17 0.0 232.07
0.02675129 3953.65 0.0 232.253
0.02675102 3954.12 0.0 232.437
0.02675122 3954.6 0.0 232.617
0.02675087 3954.68 0.0 232.799
0.02675091 3955.08 0.0 232.981
0.02675108 3955.39 0.0 233.159
0.02675071 3955.63 0.0 233.342
0.02675043 3955.87 0.0 233.526
0.02675122 3955.87 0.0 233.708
