X_channel Y_channel II_channel timestamp
0.013927 3764.17 0.0 0.0
0.01392632 3763.45 0.0 0.183
0.01392662 3761.863 0.0 0.363
0.01392683 3758.127 0.0 0.543
0.0139269 3755.347 0.0 0.724
0.01392667 3755.267 0.0 0.906
0.01392692 3757.81 0.0 1.087
0.01392601 3760.67 0.0 1.27
0.01392925 3763.213 0.0 1.448
0.01394361 3765.993 0.0 1.63
0.01394715 3768.697 0.0 1.813
0.01397038 3770.447 0.0 1.993
0.0139749 3771.96 0.0 2.175
0.01399386 3772.04 0.0 2.353
0.01400433 3772.753 0.0 2.534
0.01401915 3774.58 0.0 2.715
0.0140334 3775.133 0.0 2.897
0.01404295 3775.45 0.0 3.077
0.01406263 3776.17 0.0 3.258
0.0140683 3776.33 0.0 3.439
0.01409155 3776.09 0.0 3.62
0.0140974 3776.33 0.0 3.804
0.01412137 3776.49 0.0 3.986
0.01412716 3777.123 0.0 4.17
0.01414657 3779.187 0.0 4.351
0.01415679 3780.46 0.0 4.529
0.01417013 3780.62 0.0 4.713
0.01418737 3776.327 0.0 4.89
0.01419851 3772.197 0.0 5.072
0.01421801 3772.353 0.0 5.253
0.01422112 3776.883 0.0 5.433
0.01424403 3782.13 0.0 5.613
0.01425113 3785.307 0.0 5.795
0.01427517 3787.773 0.0 5.975
0.01428192 3789.837 0.0 6.159
0.01430135 3791.983 0.0 6.338
0.01431236 3794.527 0.0 6.521
0.01432622 3796.91 0.0 6.7
0.01434276 3800.17 0.0 6.88
0.01435222 3804.7 0.0 7.061
0.01437358 3809.15 0.0 7.242
0.01437847 3812.01 0.0 7.424
0.01440278 3813.28 0.0 7.605
0.01440719 3814.16 0.0 7.791
0.01443051 3814.16 0.0 7.967
0.01443816 3813.76 0.0 8.149
0.01445323 3814.16 0.0 8.33
0.01446851 3813.36 0.0 8.512
0.01448168 3811.533 0.0 8.689
0.01449945 3809.147 0.0 8.875
0.01450774 3807.16 0.0 9.056
0.01452957 3806.843 0.0 9.238
0.01453538 3807.8 0.0 9.418
0.014559 3808.037 0.0 9.598
0.01456483 3806.843 0.0 9.781
0.0145664 3805.017 0.0 9.963
0.01456699 3803.267 0.0 10.145
0.01456837 3801.757 0.0 10.326
0.01456844 3798.66 0.0 10.508
0.01458109 3794.29 0.0 10.689
0.014587 3790.79 0.0 10.868
0.0146026 3788.247 0.0 11.05
0.01461651 3786.9 0.0 11.23
0.01462696 3786.66 0.0 11.412
0.01464625 3785.703 0.0 11.593
0.01465407 3784.83 0.0 11.775
0.01467648 3784.037 0.0 11.956
0.01468044 3786.1 0.0 12.136
0.0147028 3791.03 0.0 12.318
0.01471096 3795.88 0.0 12.499
0.01473169 3798.577 0.0 12.682
0.01474235 3800.25 0.0 12.865
0.01475808 3800.33 0.0 13.047
0.01477306 3800.09 0.0 13.23
0.01478363 3800.883 0.0 13.412
0.01480386 3799.373 0.0 13.592
0.01481122 3796.277 0.0 13.776
0.01483411 3795.72 0.0 13.959
0.01483861 3796.83 0.0 14.141
0.01486279 3797.07 0.0 14.322
0.01486898 3796.593 0.0 14.502
0.01489005 3795.88 0.0 14.685
0.01490002 3795.8 0.0 14.868
0.01491539 3792.54 0.0 15.051
0.0149312 3786.897 0.0 15.232
0.01494336 3778.79 0.0 15.414
0.01496228 3772.59 0.0 15.595
0.01496987 3769.333 0.0 15.775
0.01499263 3767.347 0.0 15.957
0.01499698 3766.63 0.0 16.142
0.01502067 3766.79 0.0 16.321
0.01502778 3767.27 0.0 16.503
0.01504788 3766.71 0.0 16.681
0.01505881 3767.19 0.0 16.862
0.01507329 3767.27 0.0 17.04
0.01508894 3767.903 0.0 17.223
0.01509811 3770.603 0.0 17.403
0.01511874 3772.75 0.0 17.583
0.0151253 3773.39 0.0 17.765
0.01514885 3772.91 0.0 17.945
0.01515405 3773.07 0.0 18.129
0.0151745 3776.01 0.0 18.309
0.01518499 3780.3 0.0 18.492
0.01520426 3783.163 0.0 18.671
0.01521635 3784.83 0.0 18.851
0.01523029 3786.5 0.0 19.034
0.01524672 3786.26 0.0 19.213
0.0152565 3784.75 0.0 19.396
0.01527838 3783.24 0.0 19.576
0.01528369 3782.76 0.0 19.756
0.01530751 3782.92 0.0 19.937
0.0153131 3783.64 0.0 20.12
0.01533675 3783.96 0.0 20.3
0.01534408 3783.56 0.0 20.48
0.01536161 3783.08 0.0 20.663
0.01537856 3782.17 0.0 20.943
0.01540081 3781.57 0.0 21.12
0.01540796 3780.86 0.0 21.288
0.01542341 3780.38 0.0 21.454
0.01543923 3781.177 0.0 21.63
0.01544959 3783.083 0.0 21.81
0.0154698 3783.4 0.0 21.991
0.01547649 3782.527 0.0 22.174
0.01549935 3781.81 0.0 22.358
0.01550497 3780.78 0.0 22.54
0.01552896 3779.98 0.0 22.721
0.01553545 3780.38 0.0 22.9
0.01555602 3781.733 0.0 23.081
0.01556658 3784.433 0.0 23.256
0.01558076 3787.77 0.0 23.438
0.01559741 3790.233 0.0 23.621
0.01560813 3792.063 0.0 23.806
0.01562933 3793.653 0.0 23.99
0.01563548 3795.877 0.0 24.169
0.0156596 3798.023 0.0 24.352
0.01566394 3799.77 0.0 24.532
0.01568724 3799.93 0.0 24.712
0.01569536 3800.407 0.0 24.894
0.01571428 3802.237 0.0 25.075
0.01572679 3805.017 0.0 25.255
0.01574112 3806.37 0.0 25.437
0.01575863 3806.61 0.0 25.618
0.01576604 3806.687 0.0 25.798
0.01578883 3807.48 0.0 25.98
0.01579646 3808.75 0.0 26.159
0.01581961 3809.943 0.0 26.34
0.01582408 3810.82 0.0 26.52
0.01584276 3810.9 0.0 26.7
0.01585508 3810.9 0.0 26.879
0.01587307 3811.217 0.0 27.059
0.01588625 3812.407 0.0 27.241
0.01589976 3813.28 0.0 27.423
0.01591724 3814.317 0.0 27.606
0.01592588 3815.903 0.0 27.786
0.01594817 3817.573 0.0 27.969
0.01595446 3819.243 0.0 28.152
0.01597854 3820.433 0.0 28.335
0.01598381 3820.91 0.0 28.515
0.01600642 3821.467 0.0 28.696
0.01601499 3821.387 0.0 28.879
0.01603409 3819.243 0.0 29.063
0.01604668 3817.177 0.0 29.245
0.01606129 3816.86 0.0 29.426
0.01607818 3818.13 0.0 29.608
0.01608626 3820.117 0.0 29.789
0.01610891 3822.343 0.0 29.969
0.01611482 3825.123 0.0 30.151
0.01613847 3826.79 0.0 30.332
0.01614387 3828.063 0.0 30.513
0.01616453 3830.207 0.0 30.698
0.01617576 3832.117 0.0 30.881
0.01619446 3834.103 0.0 31.064
0.01620678 3835.85 0.0 31.245
0.01622083 3836.25 0.0 31.425
0.01623831 3836.887 0.0 31.608
0.01624746 3838.953 0.0 31.792
0.01626914 3841.733 0.0 31.975
0.0162749 3844.353 0.0 32.155
0.01629895 3845.47 0.0 32.335
0.01630433 3846.503 0.0 32.516
0.0163263 3848.887 0.0 32.698
0.01633582 3852.3 0.0 32.881
0.01635363 3855.003 0.0 33.061
0.01636727 3855.8 0.0 33.248
0.01638043 3855.72 0.0 33.432
0.01639819 3856.673 0.0 33.611
0.0164077 3858.343 0.0 33.793
0.01642941 3861.92 0.0 33.971
0.01643359 3865.497 0.0 34.153
0.01645721 3868.037 0.0 34.334
0.01646478 3870.9 0.0 34.517
0.01648747 3873.92 0.0 34.697
0.01649616 3876.383 0.0 34.88
0.01651362 3876.86 0.0 35.06
0.01652759 3876.067 0.0 35.24
0.01653952 3875.59 0.0 35.422
0.0165589 3876.383 0.0 35.603
0.01656676 3877.813 0.0 35.783
0.01658876 3877.573 0.0 35.962
0.01659392 3875.667 0.0 36.144
0.01661852 3874.32 0.0 36.324
0.01662543 3872.727 0.0 36.508
0.016646 3871.3 0.0 36.69
0.01665683 3871.3 0.0 36.869
0.01667167 3871.22 0.0 37.05
0.01668878 3871.38 0.0 37.228
0.01669878 3872.17 0.0 37.407
0.01671907 3874.557 0.0 37.591
0.01672377 3877.733 0.0 37.774
0.01674825 3879.403 0.0 37.957
0.01675377 3880.04 0.0 38.139
0.01677786 3880.517 0.0 38.316
0.0167848 3881.787 0.0 38.5
0.01680586 3884.173 0.0 38.681
0.01681671 3886.237 0.0 38.862
0.01683309 3888.463 0.0 39.043
0.01684855 3895.853 0.0 39.224
0.0168579 3900.227 0.0 39.404
0.01687954 3896.967 0.0 39.586
0.01688682 3892.517 0.0 39.767
0.01691021 3889.813 0.0 39.949
0.01691514 3888.383 0.0 40.134
0.01694022 3888.147 0.0 40.32
0.01694633 3888.62 0.0 40.501
0.01696586 3889.577 0.0 40.683
0.01697825 3892.277 0.0 40.865
0.01699267 3894.98 0.0 41.048
0.01700885 3896.727 0.0 41.231
0.01701623 3897.92 0.0 41.411
0.01703918 3900.46 0.0 41.59
0.01704835 3903.163 0.0 41.774
0.01707156 3903.88 0.0 41.957
0.01707698 3905.073 0.0 42.139
0.01710117 3906.277 0.0 42.32
0.01710741 3906.113 0.0 42.504
0.01712926 3906.513 0.0 42.685
0.01713841 3909.46 0.0 42.867
0.01715502 3913.99 0.0 43.049
0.01716979 3919.31 0.0 43.229
0.01718165 3922.89 0.0 43.41
0.01720027 3925.753 0.0 43.593
0.01720867 3928.133 0.0 43.774
0.01723187 3929.487 0.0 43.957
0.01723596 3930.2 0.0 44.139
0.01725971 3931.633 0.0 44.319
0.01726745 3933.06 0.0 44.502
0.01728866 3933.22 0.0 44.682
0.01729915 3932.743 0.0 44.863
0.01731541 3929.803 0.0 45.043
0.01733016 3925.75 0.0 45.226
0.01734162 3921.617 0.0 45.408
0.01736173 3919.47 0.0 45.592
0.01736934 3920.187 0.0 45.773
0.017392 3923.84 0.0 45.955
0.01739723 3927.897 0.0 46.136
0.01742134 3929.963 0.0 46.316
0.0174281 3931.553 0.0 46.499
0.01744966 3932.507 0.0 46.682
0.01746024 3933.857 0.0 46.865
0.01747491 3935.527 0.0 47.046
0.01749102 3936.56 0.0 47.228
0.01750284 3937.04 0.0 47.409
0.01752266 3937.117 0.0 47.592
0.01752778 3938.227 0.0 47.772
0.01755085 3940.533 0.0 47.952
0.017557 3942.44 0.0 48.134
0.01758142 3942.68 0.0 48.315
0.01758893 3941.567 0.0 48.497
0.01760918 3940.45 0.0 48.678
0.01762008 3939.343 0.0 48.858
0.01763506 3933.54 0.0 49.041
0.01765177 3925.593 0.0 49.227
0.01766328 3920.11 0.0 49.411
0.01768266 3917.723 0.0 49.593
0.01768957 3916.77 0.0 49.771
0.01771324 3917.407 0.0 49.955
0.01771861 3919.633 0.0 50.136
0.01774305 3922.253 0.0 50.318
0.01774967 3926.39 0.0 50.5
0.01776958 3930.36 0.0 50.681
0.0177809 3934.333 0.0 50.863
0.01779618 3936.957 0.0 51.043
0.01781248 3936.88 0.0 51.224
0.01782335 3934.967 0.0 51.406
0.01784394 3932.187 0.0 51.587
0.01785006 3929.407 0.0 51.766
0.01787322 3925.27 0.0 51.946
0.01787903 3921.14 0.0 52.126
0.0179024 3918.36 0.0 52.309
0.01791005 3916.053 0.0 52.489
0.01792985 3912.957 0.0 52.673
0.01794144 3910.093 0.0 52.852
0.01795561 3907.79 0.0 53.036
0.0179731 3906.113 0.0 53.22
0.01798353 3903.883 0.0 53.403
0.01800358 3901.653 0.0 53.586
0.01801161 3900.46 0.0 53.77
0.01803491 3901.893 0.0 53.953
0.01804021 3902.93 0.0 54.135
0.01806435 3901.733 0.0 54.324
0.01807097 3898.4 0.0 54.506
0.01809251 3894.663 0.0 54.687
0.0181022 3893.947 0.0 54.869
0.01811896 3894.98 0.0 55.053
0.01813363 3895.54 0.0 55.233
0.01814452 3895.38 0.0 55.413
0.01816463 3894.98 0.0 55.594
0.01817241 3894.9 0.0 55.774
0.01819556 3896.33 0.0 55.958
0.01820115 3899.43 0.0 56.14
0.01822449 3902.847 0.0 56.32
0.01823156 3905.073 0.0 56.503
0.01825092 3906.753 0.0 56.684
0.01826343 3909.22 0.0 56.867
0.01827619 3911.527 0.0 57.047
0.01829583 3912.72 0.0 57.231
0.01830283 3912.4 0.0 57.413
0.01832622 3913.273 0.0 57.594
0.01833138 3914.623 0.0 57.777
0.0183492 3915.34 0.0 57.957
0.01836494 3915.973 0.0 58.138
0.01837608 3915.817 0.0 58.319
0.01838865 3915.737 0.0 58.5
0.01839909 3916.53 0.0 58.686
0.0184071 3916.053 0.0 58.867
0.01841362 3915.18 0.0 59.05
0.01841972 3914.227 0.0 59.232
0.01842575 3911.683 0.0 59.413
0.01847631 3909.3 0.0 59.594
0.01850406 3908.74 0.0 59.775
0.01851075 3908.663 0.0 59.956
0.01853541 3907.79 0.0 60.136
0.0185417 3907.79 0.0 60.316
0.0185668 3907.313 0.0 60.499
0.01857333 3905.633 0.0 60.679
0.01858757 3903.563 0.0 60.86
0.0186041 3903.323 0.0 61.042
0.01861876 3902.69 0.0 61.223
0.01863562 3901.573 0.0 61.403
0.01864579 3901.26 0.0 61.584
0.01866703 3902.29 0.0 61.764
0.01867392 3903.8 0.0 61.948
0.018697 3904.677 0.0 62.132
0.01870358 3905.47 0.0 62.313
0.01872636 3905.71 0.0 62.495
0.01873469 3907.233 0.0 62.678
0.0187525 3908.03 0.0 62.861
0.01876599 3907.55 0.0 63.042
0.01877785 3909.14 0.0 63.221
0.01879325 3913.91 0.0 63.401
0.01880535 3917.723 0.0 63.583
0.01882115 3920.823 0.0 63.764
0.01883557 3922.89 0.0 63.944
0.01885053 3922.017 0.0 64.127
0.01886482 3919.947 0.0 64.307
0.01887996 3918.68 0.0 64.487
0.0188949 3917.567 0.0 64.672
0.0189089 3917.567 0.0 64.85
0.01892264 3919.313 0.0 65.032
0.01893753 3921.937 0.0 65.213
0.01895231 3926.387 0.0 65.396
0.01896608 3931.077 0.0 65.578
0.01898115 3932.9 0.0 65.759
0.01899549 3932.663 0.0 65.947
0.01901032 3932.51 0.0 66.129
0.01902536 3932.19 0.0 66.306
0.01903967 3931.473 0.0 66.489
0.01905492 3930.6 0.0 66.672
0.01906898 3929.167 0.0 66.855
0.01908346 3927.817 0.0 67.036
0.01909659 3926.627 0.0 67.22
0.01911165 3925.193 0.0 67.399
0.01912661 3925.273 0.0 67.579
0.01914154 3925.75 0.0 67.761
0.01915615 3924.797 0.0 67.942
0.01917075 3922.733 0.0 68.125
0.01918503 3920.267 0.0 68.308
0.01920042 3918.757 0.0 68.491
0.01921311 3917.96 0.0 68.672
0.01922793 3916.77 0.0 68.852
0.01924273 3916.05 0.0 69.031
0.01925678 3916.37 0.0 69.211
0.01927163 3917.803 0.0 69.394
0.01928594 3919.633 0.0 69.578
0.01930087 3921.937 0.0 69.763
0.01931479 3923.843 0.0 69.943
0.01932961 3924.4 0.0 70.126
0.01934492 3924.56 0.0 70.309
0.01935941 3923.843 0.0 70.49
0.0193739 3919.55 0.0 70.673
0.01938769 3914.23 0.0 70.859
0.01940292 3910.967 0.0 71.04
0.01941731 3909.617 0.0 71.22
0.01943243 3908.82 0.0 71.403
0.01944556 3908.11 0.0 71.583
0.01946106 3907.71 0.0 71.765
0.01947544 3908.03 0.0 71.946
0.01948944 3908.743 0.0 72.128
0.01950345 3908.743 0.0 72.308
0.01951883 3907.79 0.0 72.489
0.01953379 3905.557 0.0 72.672
0.01954788 3903.007 0.0 72.852
0.01955966 3900.623 0.0 73.033
0.01957533 3900.303 0.0 73.215
0.01958455 3901.34 0.0 73.397
0.0196052 3901.89 0.0 73.578
0.01961087 3902.69 0.0 73.755
0.0196347 3904.677 0.0 73.934
0.01964064 3907.073 0.0 74.117
0.01966262 3909.143 0.0 74.3
0.01967188 3910.57 0.0 74.482
0.01968817 3911.13 0.0 74.66
0.01970243 3911.45 0.0 74.843
0.01971501 3910.253 0.0 75.023
0.01973326 3908.743 0.0 75.206
0.0197424 3908.27 0.0 75.386
0.01976357 3909.297 0.0 75.569
0.01977008 3910.97 0.0 75.749
0.01979389 3911.683 0.0 75.931
0.01979966 3911.287 0.0 76.111
0.01982148 3909.537 0.0 76.295
0.01983083 3908.11 0.0 76.475
0.01984769 3907.31 0.0 76.656
0.0198884 3908.743 0.0 77.112
0.01989504 3910.33 0.0 77.299
0.01991439 3910.33 0.0 77.479
0.01992639 3909.22 0.0 77.662
0.01994083 3907.95 0.0 77.842
0.01995677 3906.437 0.0 78.021
0.01996522 3904.04 0.0 78.201
0.01998694 3901.733 0.0 78.384
0.0199948 3901.26 0.0 78.568
0.02001702 3902.767 0.0 78.748
0.02002314 3905.397 0.0 78.93
0.0200457 3909.46 0.0 79.111
0.02005405 3914.463 0.0 79.293
0.02007481 3918.68 0.0 79.474
0.02008483 3922.173 0.0 79.656
0.02010063 3925.353 0.0 79.838
0.02011632 3928.45 0.0 80.02
0.02012729 3931.95 0.0 80.201
0.02014676 3933.937 0.0 80.381
0.02015481 3934.57 0.0 80.563
0.02017687 3934.57 0.0 80.746
0.02018182 3934.253 0.0 80.93
0.02020418 3932.587 0.0 81.111
0.02021299 3932.35 0.0 81.298
0.02023187 3932.9 0.0 81.478
0.02024403 3934.413 0.0 81.661
0.02025507 3936.877 0.0 81.841
0.02027415 3938.543 0.0 82.024
0.0202863 3938.7 0.0 82.204
0.02030543 3939.18 0.0 82.384
0.02031328 3938.783 0.0 82.567
0.0203356 3938.703 0.0 82.747
0.02034083 3940.613 0.0 82.93
0.02036458 3942.28 0.0 83.112
0.02037182 3942.203 0.0 83.293
0.02039234 3940.217 0.0 83.476
0.0204031 3937.513 0.0 83.659
0.02041836 3935.607 0.0 83.844
0.02043329 3935.607 0.0 84.026
0.02044479 3937.037 0.0 84.207
0.02046423 3938.623 0.0 84.388
0.02046977 3938.86 0.0 84.569
0.02049331 3938.94 0.0 84.75
0.02049973 3939.42 0.0 84.933
0.0205238 3941.49 0.0 85.117
0.02053049 3946.33 0.0 85.298
0.0205506 3949.593 0.0 85.478
0.02056101 3951.977 0.0 85.656
0.02057653 3953.727 0.0 85.839
0.02059248 3953.883 0.0 86.019
0.02060231 3953.807 0.0 86.199
0.02062178 3955.793 0.0 86.378
0.0206287 3956.743 0.0 86.558
0.02065203 3955.87 0.0 86.737
0.02065747 3954.043 0.0 86.921
0.02068053 3951.897 0.0 87.1
0.02068881 3950.467 0.0 87.281
0.02070539 3949.353 0.0 87.462
0.02071914 3948.48 0.0 87.641
0.02073252 3947.84 0.0 87.823
0.02075018 3947.76 0.0 88.005
0.020757 3947.53 0.0 88.186
0.02077961 3948.24 0.0 88.369
0.02078653 3948.56 0.0 88.549
0.02080943 3948.32 0.0 88.732
0.02081482 3949.117 0.0 88.916
0.02083813 3949.75 0.0 89.104
0.02084629 3949.83 0.0 89.284
0.02086363 3949.59 0.0 89.463
0.02087678 3949.037 0.0 89.646
0.02089057 3948.24 0.0 89.826
0.02090728 3947.76 0.0 90.008
0.02091625 3947.683 0.0 90.189
0.02093736 3948.16 0.0 90.371
0.02094421 3948.56 0.0 90.552
0.02096677 3947.683 0.0 90.733
0.02097362 3945.857 0.0 90.915
0.02099466 3943.95 0.0 91.093
0.02100378 3943.95 0.0 91.274
0.02102032 3945.223 0.0 91.453
0.02103441 3946.97 0.0 91.636
0.02104468 3947.92 0.0 91.817
0.0210643 3949.197 0.0 92.0
0.02107299 3950.07 0.0 92.18
0.02109459 3950.15 0.0 92.364
0.02110139 3949.593 0.0 92.547
0.021125 3948.72 0.0 92.727
0.02113056 3948.88 0.0 92.909
0.02115226 3948.4 0.0 93.089
0.0211614 3948.24 0.0 93.269
0.02117701 3948.957 0.0 93.449
0.02119129 3951.103 0.0 93.632
0.02120292 3953.963 0.0 93.812
0.02122227 3956.663 0.0 93.992
0.02122969 3957.14 0.0 94.175
0.02125203 3955.713 0.0 94.358
0.02125735 3953.407 0.0 94.54
0.02128062 3950.787 0.0 94.722
0.0212879 3949.99 0.0 94.905
0.02130857 3950.387 0.0 95.085
0.02131895 3952.137 0.0 95.268
0.02133475 3955.393 0.0 95.45
0.02134926 3958.653 0.0 95.63
0.02136063 3960.8 0.0 95.811
0.02137949 3962.387 0.0 95.995
0.02138788 3963.82 0.0 96.177
0.02140983 3964.69 0.0 96.361
0.0214154 3964.533 0.0 96.544
0.02143894 3963.263 0.0 96.727
0.02144543 3962.63 0.0 96.91
0.02146581 3961.67 0.0 97.091
0.0214762 3960.96 0.0 97.274
0.02149197 3961.513 0.0 97.453
0.02150691 3962.47 0.0 97.635
0.02151566 3963.66 0.0 97.817
0.02153558 3963.98 0.0 98.001
0.02154489 3961.04 0.0 98.18
0.02156622 3955.077 0.0 98.36
0.0215722 3946.73 0.0 98.54
0.02159549 3939.977 0.0 98.719
0.02160248 3935.923 0.0 98.899
0.02162335 3934.33 0.0 99.082
0.02163259 3935.923 0.0 99.261
0.02164757 3939.82 0.0 99.442
0.02166282 3943.233 0.0 99.625
0.02167537 3945.54 0.0 99.806
0.02169347 3947.05 0.0 99.989
0.0217007 3947.763 0.0 100.172
0.02172296 3948.72 0.0 100.353
0.02172894 3950.387 0.0 100.539
0.0217514 3952.853 0.0 100.721
0.02175911 3954.68 0.0 100.901
0.02177969 3954.92 0.0 101.083
0.02178969 3954.76 0.0 101.266
0.02180217 3952.773 0.0 101.451
0.02181973 3950.227 0.0 101.632
0.02183101 3947.683 0.0 101.813
0.02185025 3945.7 0.0 101.994
0.02185782 3944.823 0.0 102.175
0.02188012 3945.3 0.0 102.352
0.02188723 3946.65 0.0 102.534
0.02190971 3946.65 0.0 102.717
0.02191647 3946.333 0.0 102.9
0.02193531 3946.1 0.0 103.081
0.02194683 3946.1 0.0 103.263
0.02196317 3945.78 0.0 103.447
0.02197719 3944.747 0.0 103.63
0.02198994 3943.79 0.0 103.81
0.02200802 3940.69 0.0 103.998
0.02201529 3934.493 0.0 104.178
0.02203717 3927.26 0.0 104.361
0.02204483 3918.84 0.0 104.549
0.02206781 3910.173 0.0 104.731
0.02207339 3904.36 0.0 104.912
0.0220904 3902.29 0.0 105.094
0.02210336 3902.45 0.0 105.275
0.02212105 3901.733 0.0 105.457
0.02213362 3901.26 0.0 105.638
0.02214775 3901.497 0.0 105.819
0.02216423 3903.167 0.0 106.0
0.02217234 3905.073 0.0 106.178
0.02219374 3907.313 0.0 106.359
0.02220031 3908.663 0.0 106.539
0.0222231 3909.06 0.0 106.722
0.02222945 3910.093 0.0 106.899
0.02224916 3912.003 0.0 107.081
0.02225962 3913.51 0.0 107.265
0.02227591 3915.023 0.0 107.446
0.02228963 3916.61 0.0 107.628
0.02229942 3916.45 0.0 107.811
0.02231982 3915.34 0.0 107.992
0.02232849 3914.467 0.0 108.173
0.02235033 3914.703 0.0 108.356
0.0223561 3916.133 0.0 108.537
0.02237937 3918.203 0.0 108.717
0.02238503 3919.71 0.0 108.899
0.02240501 3921.06 0.0 109.08
0.02241555 3922.253 0.0 109.262
0.02242969 3922.173 0.0 109.441
0.02244563 3921.22 0.0 109.619
0.02245541 3919.153 0.0 109.799
0.02247511 3917.167 0.0 109.982
0.0224831 3915.18 0.0 110.165
0.02250433 3913.513 0.0 110.347
0.02251013 3911.367 0.0 110.528
0.02253216 3908.903 0.0 110.711
0.02254011 3907.313 0.0 110.889
0.02255834 3905.47 0.0 111.067
0.02257078 3904.52 0.0 111.251
0.02258162 3905.55 0.0 111.43
0.02259989 3906.917 0.0 111.611
0.02260982 3907.71 0.0 111.792
0.02263066 3908.427 0.0 111.973
0.0226367 3909.3 0.0 112.156
0.02265987 3909.62 0.0 112.336
0.02266545 3908.98 0.0 112.516
0.02268691 3908.27 0.0 112.698
0.02269496 3908.583 0.0 112.877
0.02271188 3908.19 0.0 113.057
0.02272534 3907.71 0.0 113.238
0.02273716 3907.55 0.0 113.418
0.02275522 3908.187 0.0 113.598
0.0227629 3909.38 0.0 113.777
0.0227841 3909.78 0.0 113.957
0.02279006 3908.903 0.0 114.14
0.02281963 3906.68 0.0 114.505
0.02284025 3905.71 0.0 114.688
0.0228496 3904.753 0.0 114.87
0.02286582 3903.64 0.0 115.05
0.02287978 3902.93 0.0 115.233
0.02289099 3901.337 0.0 115.414
0.02290918 3900.54 0.0 115.596
0.02291786 3900.46 0.0 115.779
0.02293887 3900.303 0.0 115.963
0.02294458 3901.337 0.0 116.144
0.02296723 3902.927 0.0 116.324
0.02297397 3904.36 0.0 116.506
0.02299329 3904.36 0.0 116.684
0.02300365 3903.723 0.0 116.864
0.02301887 3900.94 0.0 117.044
0.02303376 3896.65 0.0 117.224
0.02304462 3892.04 0.0 117.406
0.02306387 3889.417 0.0 117.587
0.02307043 3888.46 0.0 117.769
0.023092 3888.86 0.0 117.95
0.0230978 3888.62 0.0 118.13
0.0231201 3887.91 0.0 118.313
0.023128 3888.227 0.0 118.499
0.02314702 3888.38 0.0 118.679
0.02315766 3888.94 0.0 118.86
0.02317137 3889.737 0.0 119.039
0.02318736 3890.767 0.0 119.219
0.02319767 3891.56 0.0 119.401
0.02321606 3891.64 0.0 119.582
0.0232208 3890.37 0.0 119.762
0.02324384 3888.383 0.0 119.948
0.02325023 3886.317 0.0 120.129
0.02327305 3885.363 0.0 120.312
0.0232808 3884.33 0.0 120.492
0.02329852 3884.65 0.0 120.675
0.02331067 3886.317 0.0 120.855
0.0233255 3887.11 0.0 121.038
0.02334049 3886.79 0.0 121.219
0.02334952 3886.477 0.0 121.4
0.02336924 3886.87 0.0 121.581
0.023377 3886.157 0.0 121.761
0.02339922 3884.093 0.0 121.942
0.02340412 3881.867 0.0 122.124
0.023428 3880.357 0.0 122.31
0.02343423 3879.483 0.0 122.491
0.02345095 3877.417 0.0 122.674
0.0234636 3875.987 0.0 122.854
0.02347714 3875.11 0.0 123.039
0.02349323 3872.81 0.0 123.222
0.02350062 3868.28 0.0 123.404
0.02352144 3863.747 0.0 123.584
0.02353029 3861.047 0.0 123.764
0.023552 3859.77 0.0 123.945
0.0235573 3859.61 0.0 124.127
0.02357981 3860.17 0.0 124.307
0.02358642 3860.49 0.0 124.485
0.02360468 3859.453 0.0 124.666
0.02361665 3856.753 0.0 124.848
0.02363023 3853.733 0.0 125.029
0.02364602 3851.507 0.0 125.209
0.02365464 3850.077 0.0 125.388
0.02367543 3849.28 0.0 125.576
0.02368176 3848.963 0.0 125.759
0.02370355 3848.57 0.0 125.942
0.02370985 3848.17 0.0 126.125
0.02372953 3847.38 0.0 126.308
0.02373915 3847.38 0.0 126.489
0.02375757 3847.06 0.0 126.671
0.02376789 3846.103 0.0 126.851
0.02378229 3845.31 0.0 127.032
0.02379779 3845.07 0.0 127.212
0.02380757 3843.64 0.0 127.395
0.02382716 3841.893 0.0 127.578
0.02383421 3839.903 0.0 127.761
0.0238555 3838.157 0.0 127.941
0.0238607 3836.887 0.0 128.124
0.02388303 3835.613 0.0 128.303
0.02389019 3833.47 0.0 128.484
0.02390819 3829.257 0.0 128.664
0.02392012 3823.773 0.0 128.848
0.02393294 3817.257 0.0 129.031
0.02394928 3812.33 0.0 129.213
0.02395871 3808.833 0.0 129.394
0.02397836 3806.763 0.0 129.574
0.02398329 3803.983 0.0 129.757
0.02400551 3800.883 0.0 129.937
0.02401158 3798.977 0.0 130.124
0.02403371 3798.18 0.0 130.306
0.02404125 3797.783 0.0 130.483
0.02405964 3795.877 0.0 130.667
0.02407068 3792.3 0.0 130.85
0.02408442 3788.647 0.0 131.034
0.02409988 3786.423 0.0 131.216
0.02411007 3784.193 0.0 131.4
0.02412888 3782.287 0.0 131.581
0.02413596 3779.983 0.0 131.764
0.02415746 3777.44 0.0 131.944
0.02416268 3773.07 0.0 132.126
0.02418452 3767.19 0.0 132.308
0.02419241 3762.737 0.0 132.491
0.0242094 3759.0 0.0 132.671
0.02422128 3755.11 0.0 132.853
0.02423549 3751.927 0.0 133.034
0.02425068 3748.91 0.0 133.217
0.02425849 3744.937 0.0 133.401
0.02427864 3741.28 0.0 133.587
0.02428658 3738.26 0.0 133.768
0.02430828 3737.147 0.0 133.954
0.02431376 3734.443 0.0 134.135
0.02433611 3730.15 0.0 134.319
0.0243425 3726.02 0.0 134.502
0.02436089 3722.923 0.0 134.684
0.02437175 3719.98 0.0 134.867
0.02438584 3716.96 0.0 135.048
0.02440034 3715.93 0.0 135.229
0.02441276 3715.77 0.0 135.412
0.02443013 3715.77 0.0 135.595
0.02443663 3715.77 0.0 135.777
0.02445787 3716.327 0.0 135.958
0.02446264 3714.577 0.0 136.142
0.02448494 3711.32 0.0 136.322
0.02449151 3706.233 0.0 136.503
0.02451033 3700.75 0.0 136.681
0.02452083 3695.583 0.0 136.863
0.02453264 3689.62 0.0 137.048
0.02454954 3684.537 0.0 137.23
0.02456029 3680.087 0.0 137.411
0.02457824 3676.19 0.0 137.59
0.02458524 3671.9 0.0 137.773
0.02460661 3668.64 0.0 137.953
0.02461283 3664.27 0.0 138.133
0.02463464 3658.55 0.0 138.313
0.02464067 3652.347 0.0 138.495
0.02465857 3646.39 0.0 138.675
0.02466998 3640.587 0.0 138.854
0.02468366 3634.31 0.0 139.033
0.02469885 3627.55 0.0 139.213
0.02471021 3619.287 0.0 139.403
0.02472764 3612.373 0.0 139.58
0.02473317 3604.983 0.0 139.762
0.02475439 3598.863 0.0 139.943
0.02476071 3592.823 0.0 140.123
0.02478088 3587.26 0.0 140.302
0.02478845 3580.11 0.0 140.482
0.02480569 3571.447 0.0 140.664
0.02481804 3562.467 0.0 140.845
0.02482842 3553.01 0.0 141.025
0.02484553 3544.343 0.0 141.207
0.02485605 3534.013 0.0 141.388
0.02487461 3525.19 0.0 141.57
0.02488036 3515.893 0.0 141.751
0.02490182 3507.55 0.0 141.93
0.02490705 3498.65 0.0 142.106
0.024926 3491.97 0.0 142.29
0.02493631 3485.537 0.0 142.473
0.02495388 3477.43 0.0 142.655
0.02496542 3468.29 0.0 142.845
0.02497768 3459.31 0.0 143.024
0.02499374 3450.81 0.0 143.208
0.02500158 3440.077 0.0 143.395
0.02502155 3426.963 0.0 143.577
0.02502943 3410.753 0.0 143.758
0.02505023 3395.89 0.0 143.937
0.02505542 3381.427 0.0 144.12
0.02507616 3369.583 0.0 144.303
0.02508426 3357.19 0.0 144.485
0.02509953 3343.36 0.0 144.67
0.02511263 3329.213 0.0 144.851
0.02512699 3313.557 0.0 145.033
0.02514158 3298.457 0.0 145.214
0.0251498 3284.947 0.0 145.394
0.0251687 3273.74 0.0 145.576
0.02517355 3260.787 0.0 145.757
0.02519552 3249.503 0.0 145.937
0.0252025 3236.15 0.0 146.12
0.02522364 3222.16 0.0 146.303
0.02523071 3205.95 0.0 146.486
0.02524877 3189.5 0.0 146.668
0.02525902 3173.05 0.0 146.852
0.02528929 3130.53 0.0 147.316
0.02531073 3113.763 0.0 147.498
0.02531853 3095.163 0.0 147.68
0.02533519 3075.537 0.0 147.864
0.02534764 3055.43 0.0 148.045
0.02536069 3035.08 0.0 148.228
0.02537527 3015.613 0.0 148.412
0.02538397 2994.95 0.0 148.594
0.02540321 2976.273 0.0 148.775
0.02541006 2955.293 0.0 148.957
0.02543161 2936.06 0.0 149.141
0.02543613 2915.08 0.0 149.322
0.02545884 2894.813 0.0 149.506
0.0254642 2873.357 0.0 149.686
0.02548164 2853.967 0.0 149.869
0.02549241 2835.687 0.0 150.049
0.0255069 2815.74 0.0 150.235
0.02552095 2795.71 0.0 150.416
0.02553117 2774.177 0.0 150.598
0.02554876 2754.703 0.0 150.78
0.02555474 2734.757 0.0 150.96
0.02557553 2718.143 0.0 151.142
0.02558117 2700.027 0.0 151.322
0.02560205 2682.223 0.0 151.501
0.02560891 2663.15 0.0 151.684
0.02562318 2646.14 0.0 151.866
0.02563638 2631.837 0.0 152.048
0.02564997 2615.863 0.0 152.23
0.02566565 2598.3 0.0 152.411
0.02567486 2578.75 0.0 152.595
0.02569361 2560.79 0.0 152.778
0.02569932 2541.873 0.0 152.959
0.02572044 2525.663 0.0 153.139
0.02572539 2508.897 0.0 153.317
0.02574622 2492.997 0.0 153.499
0.02575372 2477.263 0.0 153.684
0.02577253 2463.593 0.0 153.867
0.02578243 2450.72 0.0 154.05
0.02579534 2438.48 0.0 154.233
0.02581011 2428.863 0.0 154.41
0.02581797 2419.567 0.0 154.59
0.02583749 2412.333 0.0 154.773
0.02584365 2405.977 0.0 154.953
0.02586471 2400.73 0.0 155.136
0.02587022 2394.93 0.0 155.316
0.02588695 2387.377 0.0 155.498
0.02589769 2381.5 0.0 155.678
0.02591262 2379.83 0.0 155.859
0.02592512 2381.817 0.0 156.04
0.02593636 2384.36 0.0 156.22
0.02595277 2386.743 0.0 156.401
0.02596158 2390.003 0.0 156.581
0.02598114 2393.34 0.0 156.763
0.02598546 2397.79 0.0 156.943
0.02600682 2401.447 0.0 157.124
0.02601285 2406.137 0.0 157.306
0.02603265 2410.19 0.0 157.487
0.02604074 2416.31 0.0 157.669
0.02605657 2425.13 0.0 157.853
0.02606903 2436.02 0.0 158.034
0.02607881 2448.413 0.0 158.216
0.02609611 2458.827 0.0 158.397
0.02610334 2471.46 0.0 158.579
0.02612302 2485.287 0.0 158.76
0.02612751 2502.22 0.0 158.942
0.02614744 2517.08 0.0 159.123
0.02615542 2532.18 0.0 159.309
0.02617549 2547.36 0.0 159.492
0.02618364 2564.21 0.0 159.674
0.02619942 2581.213 0.0 159.855
0.02621145 2599.253 0.0 160.039
0.02622307 2617.373 0.0 160.218
0.02623873 2634.46 0.0 160.398
0.02624698 2653.85 0.0 160.581
0.02626562 2672.207 0.0 160.763
0.02627065 2693.033 0.0 160.944
0.02629176 2712.107 0.0 161.124
0.02629728 2732.687 0.0 161.306
0.02631721 2752.08 0.0 161.487
0.02632464 2772.19 0.0 161.667
0.02633799 2792.61 0.0 161.849
0.02635149 2812.24 0.0 162.031
0.02636393 2834.493 0.0 162.212
0.02637955 2856.587 0.0 162.397
0.02638791 2880.19 0.0 162.579
0.02640642 2902.207 0.0 162.761
0.02641257 2927.0 0.0 162.946
0.02643342 2948.777 0.0 163.128
0.02643853 2970.79 0.0 163.308
0.02645858 2989.467 0.0 163.49
0.02646579 3008.937 0.0 163.674
0.02648122 3029.12 0.0 163.855
0.02649341 3049.867 0.0 164.037
0.02650516 3072.277 0.0 164.22
0.0265198 3093.18 0.0 164.4
0.02652731 3115.907 0.0 164.579
0.026547 3136.41 0.0 164.758
0.02655263 3158.903 0.0 164.939
0.02657285 3179.807 0.0 165.118
0.02657872 3202.61 0.0 165.298
0.02659415 3221.767 0.0 165.481
0.02660585 3240.12 0.0 165.665
0.02662016 3258.32 0.0 165.847
0.02663293 3278.19 0.0 166.028
0.02664426 3298.617 0.0 166.212
0.02666005 3317.053 0.0 166.395
0.0266673 3336.05 0.0 166.575
0.02668642 3353.53 0.0 166.758
0.02669167 3373.003 0.0 166.939
0.02671315 3389.93 0.0 167.122
0.02671791 3406.933 0.0 167.305
0.02673693 3420.607 0.0 167.487
0.02674531 3431.653 0.0 167.665
0.026759 3443.177 0.0 167.845
0.02677278 3456.847 0.0 168.027
0.02678176 3472.74 0.0 168.207
0.0267993 3486.967 0.0 168.387
0.02680591 3502.623 0.0 168.567
0.02682553 3515.817 0.0 168.747
0.02683112 3530.597 0.0 168.929
0.02685126 3544.66 0.0 169.11
0.02685728 3560.08 0.0 169.292
0.02687421 3574.543 0.0 169.473
0.02688409 3588.133 0.0 169.655
0.02689773 3602.44 0.0 169.836
0.02691151 3617.383 0.0 170.018
0.02692068 3632.88 0.0 170.197
0.02693846 3646.947 0.0 170.377
0.02694386 3661.17 0.0 170.558
0.02696414 3672.217 0.0 170.738
0.02696891 3683.503 0.0 170.919
0.02698837 3694.07 0.0 171.1
0.02699527 3705.593 0.0 171.277
0.0270111 3717.673 0.0 171.459
0.02702258 3727.05 0.0 171.637
0.02703361 3736.51 0.0 171.819
0.02704912 3746.763 0.0 171.999
0.02705651 3757.73 0.0 172.179
0.0270756 3768.617 0.0 172.361
0.02708027 3781.493 0.0 172.54
0.02710135 3792.3 0.0 172.724
0.02710656 3802.87 0.0 172.905
0.02712472 3812.727 0.0 173.087
0.0271342 3821.787 0.0 173.272
0.02714862 3830.53 0.0 173.454
0.02716052 3840.223 0.0 173.635
0.02717221 3850.08 0.0 173.817
0.02718724 3858.98 0.0 173.998
0.027194 3867.243 0.0 174.178
0.02721317 3873.683 0.0 174.361
0.02721903 3880.993 0.0 174.541
0.02723947 3888.78 0.0 174.724
0.02724531 3897.76 0.0 174.907
0.02725998 3904.763 0.0 175.088
0.02727157 3910.49 0.0 175.271
0.0272858 3913.51 0.0 175.454
0.02729842 3914.703 0.0 175.639
0.02730964 3916.847 0.0 175.819
0.02732516 3920.98 0.0 176.001
0.02733333 3926.39 0.0 176.183
0.02735125 3930.6 0.0 176.364
0.02735594 3934.97 0.0 176.544
0.02737639 3941.407 0.0 176.727
0.0273822 3951.02 0.0 176.908
0.02740161 3958.18 0.0 177.087
0.02740872 3961.833 0.0 177.268
0.02742429 3964.613 0.0 177.45
0.02743634 3966.28 0.0 177.637
0.02744524 3967.157 0.0 177.821
0.02746162 3968.507 0.0 178.003
0.02746956 3972.003 0.0 178.188
0.02748827 3975.9 0.0 178.37
0.02749187 3980.903 0.0 178.551
0.02751163 3986.787 0.0 178.733
0.02751834 3992.03 0.0 178.914
0.02753885 3994.893 0.0 179.097
0.02754602 3999.18 0.0 179.28
0.02756291 4003.317 0.0 179.463
0.02757181 4008.083 0.0 179.644
0.02758428 4012.853 0.0 179.824
0.02759846 4016.91 0.0 180.004
0.02760707 4020.88 0.0 180.187
0.0276252 4023.743 0.0 180.368
0.02763033 4026.84 0.0 180.55
0.02764991 4030.5 0.0 180.733
0.02765505 4034.95 0.0 180.912
0.02767412 4038.127 0.0 181.091
0.02768114 4039.557 0.0 181.271
0.02769402 4040.827 0.0 181.454
0.02770682 4043.77 0.0 181.638
0.02771937 4047.267 0.0 181.82
0.02773289 4051.56 0.0 182.005
0.02774151 4056.323 0.0 182.186
0.02775929 4061.17 0.0 182.365
0.02776495 4065.94 0.0 182.548
0.02778498 4069.993 0.0 182.731
0.02778977 4072.933 0.0 182.911
0.02780881 4074.603 0.0 183.092
0.027816 4075.64 0.0 183.275
0.02783011 4076.51 0.0 183.453
0.02784211 4078.337 0.0 183.635
0.02785338 4078.26 0.0 183.816
0.02786819 4073.17 0.0 183.998
0.02787533 4062.523 0.0 184.18
0.02789386 4054.1 0.0 184.359
0.0278993 4050.84 0.0 184.543
0.02791971 4051.0 0.0 184.725
0.02792436 4053.543 0.0 184.909
0.02794059 4055.213 0.0 185.089
0.02794994 4058.31 0.0 185.27
0.02796441 4062.52 0.0 185.453
0.0279761 4067.77 0.0 185.633
0.0279863 4072.3 0.0 185.815
0.02800199 4076.35 0.0 185.994
0.02800854 4078.26 0.0 186.175
0.02802718 4077.86 0.0 186.358
0.02803205 4078.813 0.0 186.537
0.02805223 4079.61 0.0 186.716
0.02805771 4080.803 0.0 186.894
0.02807402 4082.233 0.0 187.076
0.02808343 4082.87 0.0 187.258
0.0280961 4082.55 0.0 187.44
0.02810906 4082.87 0.0 187.624
0.02811798 4083.82 0.0 187.806
0.02813461 4085.013 0.0 187.986
0.0281413 4086.207 0.0 188.167
0.0281607 4087.717 0.0 188.349
0.0281646 4090.26 0.0 188.53
0.0281826 4093.677 0.0 188.713
0.02819017 4097.65 0.0 188.893
0.02820682 4101.78 0.0 189.075
0.02821678 4105.993 0.0 189.257
0.02822838 4108.697 0.0 189.436
0.02824159 4109.81 0.0 189.619
0.02825007 4110.843 0.0 189.799
0.02826708 4113.703 0.0 189.982
0.02828994 4119.027 0.0 190.313
0.02829609 4122.207 0.0 190.496
0.02831128 4124.83 0.0 190.677
0.02832145 4125.39 0.0 190.857
0.02833401 4124.99 0.0 191.038
0.02834744 4125.387 0.0 191.22
0.02835477 4127.057 0.0 191.4
0.02837215 4130.393 0.0 191.58
0.02837809 4134.21 0.0 191.762
0.02839708 4138.58 0.0 191.944
0.02840146 4142.87 0.0 192.127
0.02841798 4144.7 0.0 192.306
0.02842655 4144.7 0.0 192.487
0.02844153 4144.7 0.0 192.67
0.02845184 4144.7 0.0 192.85
0.02846416 4144.86 0.0 193.034
0.02847795 4145.73 0.0 193.217
0.02848693 4145.65 0.0 193.397
0.02850221 4145.413 0.0 193.579
0.02850836 4146.21 0.0 193.763
0.02852701 4146.37 0.0 193.943
0.02853195 4144.06 0.0 194.126
0.02855155 4138.977 0.0 194.309
0.02855718 4131.74 0.0 194.49
0.02857496 4123.4 0.0 194.676
0.02858301 4116.88 0.0 194.861
0.02859441 4115.53 0.0 195.043
0.02860756 4121.093 0.0 195.222
0.02861599 4130.233 0.0 195.4
0.02863285 4137.227 0.0 195.579
0.02863661 4141.68 0.0 195.763
0.02865639 4142.63 0.0 195.945
0.02866212 4142.39 0.0 196.126
0.02868201 4143.823 0.0 196.31
0.02868727 4147.24 0.0 196.49
0.02870357 4150.103 0.0 196.671
0.02871273 4152.01 0.0 196.854
0.02872514 4152.33 0.0 197.038
0.02873803 4152.33 0.0 197.22
0.02874714 4153.68 0.0 197.401
0.0287627 4155.983 0.0 197.584
0.02876877 4158.13 0.0 197.768
0.02878716 4160.83 0.0 197.95
0.02879086 4163.297 0.0 198.131
0.02881128 4164.963 0.0 198.314
0.02881565 4166.71 0.0 198.494
0.02883025 4167.587 0.0 198.674
0.02884077 4169.337 0.0 198.856
0.02885409 4172.99 0.0 199.037
0.02886583 4177.36 0.0 199.221
0.02887554 4181.017 0.0 199.4
0.02889054 4183.8 0.0 199.583
0.02889691 4186.343 0.0 199.763
0.02891491 4188.17 0.0 199.945
0.02891933 4190.237 0.0 200.126
0.02893862 4191.43 0.0 200.31
0.02894445 4191.91 0.0 200.492
0.02896011 4191.19 0.0 200.673
0.02896895 4190.87 0.0 200.856
0.02898095 4190.79 0.0 201.036
0.02899374 4192.303 0.0 201.215
0.02900165 4194.687 0.0 201.398
0.02901776 4198.103 0.0 201.579
0.02902394 4201.123 0.0 201.758
0.02904259 4202.633 0.0 201.941
0.02904656 4202.397 0.0 202.125
0.0290657 4200.327 0.0 202.307
0.02907128 4198.103 0.0 202.487
0.02908591 4196.99 0.0 202.669
0.02909532 4198.423 0.0 202.849
0.02910761 4200.17 0.0 203.035
0.02911988 4200.81 0.0 203.218
0.02912917 4200.81 0.0 203.398
0.02914466 4201.92 0.0 203.585
0.02915071 4202.4 0.0 203.766
0.029168 4202.08 0.0 203.948
0.02917263 4201.52 0.0 204.129
0.02919219 4201.44 0.0 204.309
0.02919684 4203.51 0.0 204.491
0.02921312 4207.4 0.0 204.672
0.02922152 4213.123 0.0 204.852
0.0292335 4217.653 0.0 205.036
0.02924578 4220.593 0.0 205.215
0.02925437 4221.23 0.0 205.397
0.02927033 4221.07 0.0 205.578
0.02927662 4222.9 0.0 205.76
0.02929427 4225.603 0.0 205.945
0.02929809 4226.077 0.0 206.131
0.02931756 4221.79 0.0 206.312
0.02932251 4218.05 0.0 206.494
0.02933923 4216.38 0.0 206.675
0.02934704 4217.257 0.0 206.857
0.029357 4219.083 0.0 207.038
0.02937135 4220.753 0.0 207.22
0.02937976 4222.263 0.0 207.398
0.02939597 4222.74 0.0 207.581
0.02940102 4218.923 0.0 207.764
0.02941936 4213.2 0.0 207.944
0.02942243 4209.867 0.0 208.128
0.02944147 4207.403 0.0 208.306
0.02944739 4206.29 0.0 208.488
0.02946225 4206.45 0.0 208.669
0.02947175 4205.653 0.0 208.852
0.02948215 4204.62 0.0 209.033
0.02949588 4205.02 0.0 209.213
0.02950381 4205.02 0.0 209.397
0.02952004 4205.653 0.0 209.58
0.0295248 4207.8 0.0 209.76
0.02954365 4208.83 0.0 209.943
0.02954704 4209.31 0.0 210.123
0.0295656 4209.31 0.0 210.301
0.02957134 4209.55 0.0 210.482
0.02958396 4210.027 0.0 210.665
0.02959538 4211.14 0.0 210.848
0.0296063 4212.33 0.0 211.025
0.02961977 4213.123 0.0 211.207
0.02962655 4214.08 0.0 211.388
0.02964373 4215.907 0.0 211.571
0.02964719 4216.7 0.0 211.751
0.02966645 4216.86 0.0 211.931
0.02967027 4217.89 0.0 212.11
0.02967228 4217.97 0.0 212.29
0.02967224 4218.607 0.0 212.473
0.02967322 4221.55 0.0 212.656
0.02967321 4225.36 0.0 212.836
0.02967297 4229.81 0.0 213.02
0.02967355 4233.233 0.0 213.203
0.02967341 4235.617 0.0 213.384
0.02967319 4237.127 0.0 213.566
0.02967378 4239.43 0.0 213.749
0.02967357 4243.167 0.0 213.93
0.02967396 4245.947 0.0 214.107
0.02967422 4246.26 0.0 214.287
0.02967371 4246.66 0.0 214.469
0.02967271 4245.947 0.0 214.652
0.02967423 4244.357 0.0 214.832
0.02967365 4242.85 0.0 215.017
0.02967385 4243.883 0.0 215.199
0.02967406 4246.183 0.0 215.378
0.02967396 4246.98 0.0 215.56
0.02967385 4246.187 0.0 215.743
0.02967382 4245.79 0.0 215.927
0.0296737 4246.583 0.0 216.106
0.0296739 4247.46 0.0 216.289
0.02967368 4248.33 0.0 216.47
0.02967375 4248.73 0.0 216.656
0.02967418 4248.81 0.0 216.836
0.02967362 4248.25 0.0 217.013
0.02967411 4246.903 0.0 217.196
0.02967404 4245.15 0.0 217.378
0.02967367 4244.36 0.0 217.559
0.02967416 4243.64 0.0 217.742
0.02967401 4243.4 0.0 217.926
0.02967404 4243.8 0.0 218.107
0.02967374 4244.677 0.0 218.289
0.02967388 4245.63 0.0 218.473
0.02967389 4246.5 0.0 218.655
0.02967387 4246.74 0.0 218.838
0.02967373 4247.06 0.0 219.018
0.02967392 4247.46 0.0 219.199
0.02967348 4247.777 0.0 219.381
0.02967372 4249.127 0.0 219.563
0.02967354 4251.513 0.0 219.746
0.02967436 4252.86 0.0 219.926
0.02967363 4252.147 0.0 220.108
0.02967417 4249.92 0.0 220.287
0.02967218 4247.933 0.0 220.469
0.02967204 4247.617 0.0 220.652
0.02967227 4248.887 0.0 220.835
0.02967217 4249.76 0.0 221.015
0.02967194 4250.713 0.0 221.195
0.02967198 4250.637 0.0 221.378
0.02967164 4249.68 0.0 221.562
0.02967193 4248.173 0.0 221.744
0.02967127 4247.617 0.0 221.925
0.02967133 4249.203 0.0 222.108
0.02967166 4250.713 0.0 222.29
0.02967192 4251.03 0.0 222.472
0.02967134 4251.19 0.0 222.654
0.02967166 4251.75 0.0 222.835
0.02967208 4251.19 0.0 223.017
0.02967165 4250.79 0.0 223.198
0.02967154 4250.32 0.0 223.378
0.0296718 4248.727 0.0 223.563
0.02967137 4247.46 0.0 223.741
0.02967104 4246.82 0.0 223.925
0.02967156 4246.98 0.0 224.102
0.02967193 4248.173 0.0 224.282
0.02967158 4249.203 0.0 224.461
0.02967185 4249.68 0.0 224.641
0.02967212 4249.92 0.0 224.82
0.02967159 4249.68 0.0 225.0
0.0296702 4251.033 0.0 225.183
0.02966996 4253.657 0.0 225.363
0.02966965 4256.437 0.0 225.542
0.02966954 4257.63 0.0 225.726
0.02966976 4257.47 0.0 225.906
0.02966973 4255.8 0.0 226.189
0.02966977 4254.61 0.0 226.363
0.02967001 4252.86 0.0 226.533
0.02967024 4251.35 0.0 226.698
0.02966973 4250.56 0.0 226.874
0.0296699 4251.43 0.0 227.06
0.02966978 4251.67 0.0 227.244
0.02966966 4250.713 0.0 227.423
0.02966961 4248.17 0.0 227.603
0.02966996 4244.833 0.0 227.784
0.02966956 4242.45 0.0 227.964
0.02966962 4242.29 0.0 228.147
0.02966999 4243.563 0.0 228.329
0.0296702 4244.517 0.0 228.513
0.0296698 4245.07 0.0 228.696
0.02966996 4245.867 0.0 228.876
0.02966991 4247.457 0.0 229.058
0.02967012 4248.967 0.0 229.241
0.02966938 4250.953 0.0 229.418
0.02966974 4252.147 0.0 229.601
0.02966984 4253.417 0.0 229.781
0.02966923 4255.723 0.0 229.964
0.02966957 4258.267 0.0 230.145
0.02966993 4260.807 0.0 230.324
0.02966984 4262.24 0.0 230.503
0.02966967 4261.84 0.0 230.685
0.02966967 4260.49 0.0 230.866
0.0296692 4259.14 0.0 231.046
0.02966977 4259.38 0.0 231.225
0.02966917 4260.65 0.0 231.405
0.02966935 4262.637 0.0 231.581
0.0296699 4264.383 0.0 231.765
0.02966905 4266.053 0.0 231.946
0.02966978 4267.09 0.0 232.125
0.02966982 4264.227 0.0 232.307
0.02966946 4260.253 0.0 232.489
0.02966996 4258.82 0.0 232.67
0.02966973 4259.06 0.0 232.85
0.02966969 4260.57 0.0 233.036
0.02967002 4263.193 0.0 233.217
0.02966916 4266.133 0.0 233.4
0.02967026 4268.993 0.0 233.588
0.02967027 4272.65 0.0 233.77
0.02966898 4274.713 0.0 233.951
0.02966981 4274.793 0.0 234.134
0.02965974 4274.16 0.0 234.314
0.02965532 4272.97 0.0 234.497
0.0296451 4272.81 0.0 234.677
0.02963481 4272.41 0.0 234.857
0.02962762 4272.41 0.0 235.043
0.02961334 4273.443 0.0 235.224
0.02960981 4274.08 0.0 235.403
0.0295934 4274.717 0.0 235.583
0.02959026 4274.793 0.0 235.763
0.02957329 4274.24 0.0 235.945
0.02956882 4272.573 0.0 236.126
0.02955496 4270.503 0.0 236.308
0.02954733 4268.913 0.0 236.489
0.02953622 4268.993 0.0 236.671
0.02952535 4269.63 0.0 236.855
0.02951753 4270.423 0.0 237.037
0.02950382 4270.263 0.0 237.216
0.02949996 4270.423 0.0 237.396
0.02948247 4269.867 0.0 237.578
0.02947934 4267.09 0.0 237.762
0.02946261 4262.56 0.0 237.942
0.02945701 4258.427 0.0 238.123
0.02944368 4256.277 0.0 238.305
0.02943518 4254.37 0.0 238.485
0.02942588 4253.89 0.0 238.667
0.02941373 4253.26 0.0 238.847
0.02940717 4251.91 0.0 239.028
0.02939166 4250.793 0.0 239.21
0.02938798 4248.647 0.0 239.391
0.0293704 4247.46 0.0 239.575
0.02936747 4246.183 0.0 239.757
0.02935067 4242.77 0.0 239.941
0.02934522 4238.317 0.0 240.121
0.02933108 4236.73 0.0 240.307
0.02932237 4235.853 0.0 240.491
0.02931114 4235.14 0.0 240.674
0.02930039 4234.263 0.0 240.855
0.02929395 4233.79 0.0 241.035
0.02927865 4233.15 0.0 241.219
0.02927344 4232.75 0.0 241.398
0.0292568 4233.15 0.0 241.58
0.02925355 4232.833 0.0 241.761
0.02923553 4231.48 0.0 241.944
0.02923101 4230.37 0.0 242.128
0.02921743 4228.94 0.0 242.311
0.02920852 4227.27 0.0 242.495
0.02919707 4225.76 0.0 242.681
0.02918637 4224.093 0.0 242.862
0.02918056 4221.627 0.0 243.044
0.02916471 4217.89 0.0 243.226
0.02915821 4214.317 0.0 243.409
0.02914165 4212.727 0.0 243.592
0.02913853 4211.77 0.0 243.772
0.0291206 4212.09 0.0 243.955
0.02911642 4211.613 0.0 244.136
0.02909952 4209.467 0.0 244.318
0.02909308 4208.04 0.0 244.499
0.02908096 4208.36 0.0 244.678
0.02907062 4207.243 0.0 244.861
0.02906213 4205.653 0.0 245.041
0.02904801 4202.87 0.0 245.22
0.02904271 4199.217 0.0 245.403
0.02902569 4197.55 0.0 245.583
0.02902214 4198.66 0.0 245.765
0.02900565 4201.283 0.0 245.943
0.02899967 4202.553 0.0 246.125
0.02898446 4203.43 0.0 246.306
0.02897724 4202.79 0.0 246.489
0.02896526 4202.79 0.0 246.669
0.02895391 4202.87 0.0 246.85
0.02894596 4202.477 0.0 247.033
0.02893116 4201.283 0.0 247.212
0.02892664 4199.297 0.0 247.392
0.02890917 4196.12 0.0 247.571
0.0289057 4192.3 0.0 247.753
0.02888758 4189.917 0.0 247.934
0.02888248 4189.997 0.0 248.116
0.02886859 4191.59 0.0 248.297
0.02885904 4191.19 0.0 248.477
0.0288488 4188.33 0.0 248.661
0.02883563 4183.88 0.0 248.84
0.02882864 4180.777 0.0 249.023
0.02881327 4179.67 0.0 249.207
0.02881058 4179.19 0.0 249.39
0.0287916 4179.67 0.0 249.57
0.02878733 4180.14 0.0 249.756
0.02876847 4181.017 0.0 249.941
0.02876349 4182.21 0.0 250.121
0.02874947 4183.003 0.0 250.304
0.02874036 4182.607 0.0 250.484
0.02872948 4180.697 0.0 250.667
0.02871732 4177.997 0.0 250.847
0.02871011 4175.773 0.0 251.029
0.02869402 4173.707 0.0 251.211
0.02868974 4171.32 0.0 251.389
0.02867112 4169.97 0.0 251.569
0.02866746 4167.587 0.0 251.752
0.02865011 4164.41 0.0 251.932
0.02864425 4159.32 0.0 252.114
0.02863108 4153.36 0.0 252.294
0.02862035 4148.353 0.0 252.475
0.02860981 4145.333 0.0 252.661
0.02859669 4141.76 0.0 252.842
0.02859186 4136.75 0.0 253.024
0.02857395 4130.63 0.0 253.206
0.02856926 4119.983 0.0 253.385
0.02855085 4108.857 0.0 253.564
0.02854749 4104.407 0.0 253.744
0.02853001 4106.39 0.0 253.926
0.02852333 4112.75 0.0 254.108
0.02851091 4120.38 0.0 254.288
0.02850003 4126.02 0.0 254.468
0.02848992 4129.993 0.0 254.651
0.02847585 4131.823 0.0 254.833
0.02846983 4133.57 0.0 255.015
0.02845269 4137.07 0.0 255.197
0.02844816 4140.247 0.0 255.378
0.02842911 4142.313 0.0 255.563
0.02842509 4143.187 0.0 255.744
0.02840875 4145.89 0.0 255.924
0.02840097 4148.433 0.0 256.106
0.02838835 4149.863 0.0 256.285
0.02837667 4148.99 0.0 256.469
0.02837028 4147.4 0.0 256.65
0.02835344 4146.527 0.0 256.833
0.02834689 4144.303 0.0 257.014
0.02832914 4141.04 0.0 257.198
0.02832512 4137.787 0.0 257.38
0.02830636 4135.477 0.0 257.561
0.02830168 4133.173 0.0 257.742
0.02828485 4132.3 0.0 257.921
0.02827807 4132.06 0.0 258.1
0.02826638 4132.7 0.0 258.281
0.02825378 4132.14 0.0 258.46
0.02824499 4131.27 0.0 258.641
0.02822971 4129.837 0.0 258.821
0.02822333 4127.927 0.0 259.004
0.02820581 4125.623 0.0 259.184
0.02820225 4121.57 0.0 259.366
0.02818388 4117.04 0.0 259.549
0.02817802 4113.15 0.0 259.73
0.02816064 4110.287 0.0 259.91
0.02815251 4108.38 0.0 260.099
0.02814353 4108.06 0.0 260.281
0.02812951 4107.82 0.0 260.462
0.02811923 4107.27 0.0 260.644
0.02810415 4105.993 0.0 260.826
0.02809762 4104.407 0.0 261.009
0.02808065 4103.85 0.0 261.191
0.02807616 4102.26 0.0 261.374
0.02805686 4100.113 0.0 261.556
0.02805259 4098.447 0.0 261.734
0.02803548 4098.527 0.0 261.913
0.02802732 4097.81 0.0 262.097
0.02801485 4095.98 0.0 262.28
0.02800263 4092.247 0.0 262.46
0.02799293 4090.26 0.0 262.643
0.02797832 4088.907 0.0 262.823
0.02797366 4087.24 0.0 263.006
0.02795429 4086.287 0.0 263.189
0.02794935 4085.173 0.0 263.372
0.02793042 4083.903 0.0 263.553
0.02792537 4081.04 0.0 263.731
0.02790837 4078.497 0.0 263.914
0.02790058 4077.307 0.0 264.096
0.02788825 4077.463 0.0 264.275
0.02787552 4077.227 0.0 264.455
0.02786716 4075.637 0.0 264.634
0.02785137 4070.313 0.0 264.814
0.02784643 4062.683 0.0 264.994
0.02782776 4058.39 0.0 265.177
0.02782316 4055.45 0.0 265.359
0.02780394 4054.02 0.0 265.54
0.0277982 4052.51 0.0 265.72
0.0277832 4052.67 0.0 265.904
0.02777276 4053.86 0.0 266.087
0.02776099 4055.21 0.0 266.265
0.02774805 4055.37 0.0 266.446
0.02774241 4053.863 0.0 266.626
0.02772403 4049.173 0.0 266.805
0.02771822 4040.67 0.0 266.985
0.02769855 4030.653 0.0 267.171
0.02769454 4022.31 0.0 267.354
0.0276756 4015.397 0.0 267.536
0.02766918 4008.243 0.0 267.717
0.02765512 4003.553 0.0 267.901
0.02764374 3999.58 0.0 268.08
0.02763268 3996.72 0.0 268.26
0.02761892 3994.177 0.0 268.44
0.02761164 3991.713 0.0 268.623
0.02759359 3989.887 0.0 268.805
0.02758817 3987.423 0.0 268.99
0.02756849 3986.31 0.0 269.173
0.02756457 3984.877 0.0 269.353
0.02754684 3982.653 0.0 269.531
0.02753989 3978.2 0.0 269.712
0.02752511 3973.277 0.0 269.892
0.02751383 3968.03 0.0 270.074
0.02750622 3962.55 0.0 270.255
0.02748873 3957.54 0.0 270.439
0.02748186 3952.453 0.0 270.622
0.02746385 3946.733 0.0 270.802
0.02745742 3941.09 0.0 270.985
0.02743864 3936.32 0.0 271.17
0.02743339 3929.01 0.0 271.352
0.02741512 3921.537 0.0 271.536
0.02740815 3914.467 0.0 271.722
0.02739293 3909.14 0.0 271.904
0.02738261 3904.2 0.0 272.087
0.02736976 3898.633 0.0 272.275
0.02735659 3889.813 0.0 272.454
0.02734845 3878.847 0.0 272.636
0.02733174 3869.787 0.0 272.817
0.02732675 3862.637 0.0 272.997
0.02730669 3858.42 0.0 273.177
0.02730216 3854.13 0.0 273.359
0.02728289 3848.803 0.0 273.541
0.02727681 3841.337 0.0 273.722
0.02726101 3834.66 0.0 273.903
0.02724999 3829.73 0.0 274.082
0.02723944 3825.6 0.0 274.266
0.02722488 3822.34 0.0 274.448
0.02721643 3818.21 0.0 274.632
0.02719878 3815.03 0.0 274.813
0.02719525 3811.453 0.0 274.999
0.02717488 3807.64 0.0 275.18
0.02716842 3800.883 0.0 275.363
0.02714806 3793.253 0.0 275.547
0.02714281 3786.023 0.0 275.729
0.02712715 3780.14 0.0 275.91
0.02711689 3773.783 0.0 276.096
0.02710348 3766.553 0.0 276.277
0.02709064 3759.08 0.0 276.46
0.027081 3752.483 0.0 276.64
0.02706515 3746.363 0.0 276.822
0.02705769 3739.77 0.0 277.007
0.02703897 3735.0 0.0 277.191
0.02703406 3729.04 0.0 277.374
0.02701361 3723.873 0.0 277.556
0.02700849 3717.36 0.0 277.736
0.02699301 3708.3 0.0 277.915
0.02698186 3697.487 0.0 278.1
0.02696791 3686.683 0.0 278.28
0.0269556 3675.0 0.0 278.463
0.02694957 3663.08 0.0 278.645
0.0269297 3654.733 0.0 278.827
0.02692345 3646.947 0.0 279.004
0.02690419 3640.03 0.0 279.185
0.02689959 3631.37 0.0 279.366
0.02687946 3623.66 0.0 279.543
0.02687283 3614.36 0.0 279.725
0.02685707 3606.017 0.0 279.906
0.02684713 3598.31 0.0 280.086
0.02683486 3589.09 0.0 280.265
0.02682012 3578.28 0.0 280.445
0.02681272 3566.597 0.0 280.627
0.02679365 3556.503 0.0 280.809
0.0267878 3545.3 0.0 280.994
0.02676814 3535.92 0.0 281.175
0.02676367 3524.397 0.0 281.357
0.02674554 3513.67 0.0 281.54
0.02673705 3501.27 0.0 281.72
0.02672115 3489.43 0.0 281.902
0.02670967 3477.75 0.0 282.082
0.02669732 3464.873 0.0 282.265
0.02668322 3451.84 0.0 282.446
0.02667511 3437.93 0.0 282.629
0.02665667 3425.53 0.0 282.811
0.02665181 3411.15 0.0 282.99
0.02663147 3397.48 0.0 283.171
0.02662662 3381.667 0.0 283.352
0.02660728 3366.563 0.0 283.533
0.02659934 3349.957 0.0 283.715
0.02658413 3332.073 0.0 283.897
0.0265726 3313.003 0.0 284.078
0.02656203 3294.007 0.0 284.257
0.02654593 3277.953 0.0 284.433
0.02653841 3262.453 0.0 284.614
0.02651918 3249.26 0.0 284.795
0.02651458 3233.287 0.0 284.976
0.02649388 3218.267 0.0 285.16
0.02648803 3199.593 0.0 285.343
0.02646978 3180.28 0.0 285.527
0.026461 3158.82 0.0 285.709
0.0264463 3137.523 0.0 285.887
0.02643424 3117.497 0.0 286.068
0.02642299 3097.39 0.0 286.249
0.02640697 3078.397 0.0 286.432
0.02639986 3056.383 0.0 286.616
0.02638041 3035.56 0.0 286.796
0.02637599 3012.43 0.0 286.978
0.02635527 2990.897 0.0 287.155
0.02634904 2964.59 0.0 287.337
0.02633113 2939.873 0.0 287.518
0.0263222 2916.193 0.0 287.698
0.02630897 2894.81 0.0 287.881
0.02629479 2875.423 0.0 288.06
0.0262848 2854.123 0.0 288.244
0.02626759 2832.747 0.0 288.428
0.02626076 2809.06 0.0 288.609
0.02624154 2787.527 0.0 288.787
0.02623632 2765.277 0.0 288.969
0.02621579 2746.757 0.0 289.151
0.02620853 2726.887 0.0 289.334
0.02619162 2707.497 0.0 289.518
0.02618156 2688.343 0.0 289.701
0.02616837 2669.03 0.0 289.88
0.02615437 2650.833 0.0 290.057
0.0261459 2631.52 0.0 290.24
0.02612768 2614.75 0.0 290.42
0.026121 2595.52 0.0 290.602
0.02610047 2578.193 0.0 290.787
0.02609614 2559.44 0.0 290.969
0.02607503 2542.827 0.0 291.15
0.02606794 2526.377 0.0 291.33
0.02605126 2511.753 0.0 291.513
0.02604037 2496.34 0.0 291.699
0.02602695 2479.49 0.0 291.88
0.0260122 2467.49 0.0 292.06
0.0260059 2460.65 0.0 292.24
0.02598665 2456.76 0.0 292.419
0.02597803 2450.8 0.0 292.603
0.02595764 2444.443 0.0 292.785
0.02595353 2436.177 0.0 292.966
0.02593294 2428.387 0.0 293.148
0.02592532 2422.51 0.0 293.327
0.02590791 2419.727 0.0 293.507
0.02589794 2419.09 0.0 293.688
0.02588574 2419.883 0.0 293.87
0.02587019 2420.84 0.0 294.049
0.02586221 2421.237 0.0 294.227
0.02584368 2420.44 0.0 294.409
0.0258371 2418.77 0.0 294.593
0.02581635 2418.217 0.0 294.773
0.02581158 2421.71 0.0 294.961
0.02579173 2426.24 0.0 295.143
0.02578433 2432.043 0.0 295.322
0.02576786 2439.197 0.0 295.503
0.0257558 2447.78 0.0 295.681
0.025748 2458.11 0.0 295.861
0.02572912 2467.807 0.0 296.043
0.02571941 2478.613 0.0 296.224
0.02570007 2490.14 0.0 296.406
0.02569354 2503.81 0.0 296.587
0.02567257 2517.16 0.0 296.771
0.02566803 2531.94 0.0 296.956
0.02564695 2546.803 0.0 297.134
0.02563916 2562.617 0.0 297.316
0.02562331 2576.923 0.0 297.493
0.02561157 2589.797 0.0 297.675
0.02560049 2603.94 0.0 297.854
0.02558403 2617.693 0.0 298.034
0.02557618 2633.587 0.0 298.214
0.0255564 2649.167 0.0 298.394
0.0255519 2667.2 0.0 298.574
0.025531 2683.577 0.0 298.754
0.02552368 2701.06 0.0 298.934
0.02550513 2719.26 0.0 299.113
0.02549518 2738.727 0.0 299.297
0.0254802 2758.44 0.0 299.476
0.02546674 2778.783 0.0 299.66
0.0254562 2799.683 0.0 299.843
0.02543834 2817.807 0.0 300.023
0.02543125 2837.99 0.0 300.203
0.0254111 2856.43 0.0 300.386
0.02540615 2876.773 0.0 300.567
0.02538431 2896.163 0.0 300.75
0.02537763 2915.953 0.0 300.931
0.02535916 2934.47 0.0 301.115
0.02534987 2952.987 0.0 301.295
0.02533649 2971.503 0.0 301.473
0.02532185 2988.19 0.0 301.651
0.02531182 3006.633 0.0 301.831
0.02529375 3024.037 0.0 302.013
0.02528894 3044.223 0.0 302.198
0.02526698 3061.787 0.0 302.379
0.02526056 3080.383 0.0 302.564
0.02523894 3098.58 0.0 302.747
0.02523191 3118.213 0.0 302.931
0.02521282 3136.81 0.0 303.115
0.0252031 3155.01 0.0 303.296
0.02518984 3171.38 0.0 303.475
0.02517459 3185.207 0.0 303.654
0.0251651 3201.58 0.0 303.836
0.02514641 3218.983 0.0 304.017
0.02514022 3237.103 0.0 304.199
0.02511875 3253.793 0.0 304.379
0.02511354 3270.64 0.0 304.561
0.02509219 3285.34 0.0 304.743
0.02508451 3300.123 0.0 304.927
0.02506763 3313.953 0.0 305.11
0.02505601 3327.86 0.0 305.29
0.02504257 3342.17 0.0 305.47
0.02502708 3355.12 0.0 305.653
0.02501715 3368.313 0.0 305.836
0.02499863 3379.837 0.0 306.017
0.02499243 3393.19 0.0 306.2
0.02497115 3405.19 0.0 306.382
0.02496556 3418.22 0.0 306.561
0.02494386 3429.983 0.0 306.743
0.02493639 3440.95 0.0 306.925
0.02491899 3448.18 0.0 307.106
0.02490821 3453.907 0.0 307.286
0.02489552 3461.533 0.0 307.466
0.02487946 3469.88 0.0 307.646
0.02487089 3480.05 0.0 307.828
0.02485093 3489.67 0.0 308.009
0.02484353 3499.92 0.0 308.196
0.0248224 3509.3 0.0 308.376
0.02481693 3519.55 0.0 308.556
0.02479656 3528.85 0.0 308.74
0.02478857 3537.35 0.0 308.92
0.0247718 3545.617 0.0 309.102
0.02475947 3553.167 0.0 309.282
0.02474615 3560.953 0.0 309.466
0.02473011 3569.54 0.0 309.645
0.02472219 3579.31 0.0 309.827
0.0247016 3587.98 0.0 310.008
0.02469606 3596.48 0.0 310.191
0.02467385 3603.077 0.0 310.374
0.02466788 3610.467 0.0 310.555
0.02464656 3618.337 0.0 310.737
0.02463895 3626.123 0.0 310.918
0.0246238 3633.433 0.0 311.1
0.02460979 3640.427 0.0 311.28
0.02459781 3647.263 0.0 311.461
0.02458075 3653.86 0.0 311.642
0.02457257 3661.327 0.0 311.824
0.02455189 3668.083 0.0 312.004
0.02454705 3676.03 0.0 312.187
0.02452521 3684.217 0.0 312.367
0.02451836 3692.4 0.0 312.547
0.02449808 3699.793 0.0 312.73
0.02448873 3706.153 0.0 312.911
0.02447354 3711.16 0.0 313.093
0.02445994 3715.45 0.0 313.274
0.02444945 3720.933 0.0 313.45
0.02443075 3726.177 0.0 313.632
0.02442321 3732.853 0.0 313.813
0.02440195 3738.897 0.0 313.994
0.02439689 3745.493 0.0 314.176
0.02437668 3751.21 0.0 314.359
0.02436785 3755.66 0.0 314.542
0.02434613 3759.4 0.0 314.724
0.02433763 3763.77 0.0 314.905
0.02432343 3767.583 0.0 315.086
0.02430881 3770.763 0.0 315.268
0.02429605 3774.18 0.0 315.449
0.0242792 3776.883 0.0 315.632
0.02427123 3780.22 0.0 315.812
0.02424957 3783.877 0.0 315.992
0.0242441 3787.53 0.0 316.175
0.02422237 3791.743 0.0 316.357
0.02421643 3796.75 0.0 316.538
0.02419543 3799.85 0.0 316.722
0.02418633 3801.677 0.0 316.901
0.02417371 3804.063 0.0 317.081
0.02415751 3805.653 0.0 317.261
0.02414494 3807.003 0.0 317.445
0.02412798 3809.307 0.0 317.628
0.02411858 3812.963 0.0 317.812
0.02409781 3816.7 0.0 317.993
0.02409278 3820.277 0.0 318.174
0.0240704 3823.057 0.0 318.354
0.02406328 3826.157 0.0 318.535
0.0240439 3829.337 0.0 318.715
0.02403386 3833.23 0.0 318.895
0.02401952 3837.28 0.0 319.077
0.02400404 3841.177 0.0 319.254
0.02399408 3844.197 0.0 319.435
0.02397478 3846.027 0.0 319.617
0.02396767 3846.9 0.0 319.8
0.02394674 3847.457 0.0 319.98
0.02394035 3848.33 0.0 320.161
0.02391811 3848.73 0.0 320.343
0.02391095 3848.887 0.0 320.529
0.02389416 3849.28 0.0 320.714
0.02388153 3850.317 0.0 320.896
0.02386655 3853.337 0.0 321.076
0.02385057 3856.99 0.0 321.257
0.02384054 3860.327 0.0 321.44
0.02382145 3862.397 0.0 321.62
0.02381536 3864.7 0.0 321.799
0.02379276 3867.483 0.0 321.979
0.02378778 3869.947 0.0 322.159
0.02376567 3872.253 0.0 322.338
0.02375732 3874.317 0.0 322.522
0.02373922 3876.067 0.0 322.704
0.02372718 3879.323 0.0 322.886
0.02371327 3885.127 0.0 323.068
0.02369758 3889.813 0.0 323.252
0.02368776 3892.833 0.0 323.435
0.02366797 3894.98 0.0 323.618
0.02366092 3896.25 0.0 323.799
0.02363896 3896.17 0.0 323.981
0.02363346 3896.727 0.0 324.162
0.02361363 3899.43 0.0 324.345
0.02360387 3903.48 0.0 324.526
0.02358538 3908.11 0.0 324.705
0.0235733 3912.32 0.0 324.885
0.02356022 3917.25 0.0 325.065
0.02354425 3922.093 0.0 325.244
0.02353521 3926.467 0.0 325.424
0.02351356 3929.643 0.0 325.604
0.02350826 3931.553 0.0 325.787
0.02348512 3934.413 0.0 325.967
0.02347908 3938.23 0.0 326.15
0.02345911 3942.12 0.0 326.33
0.0234485 3945.54 0.0 326.513
0.02343235 3949.273 0.0 326.697
0.02341834 3951.5 0.0 326.879
0.02340634 3953.25 0.0 327.06
0.02338868 3954.52 0.0 327.241
0.02338052 3956.107 0.0 327.423
0.02335883 3958.177 0.0 327.607
0.02335456 3959.21 0.0 327.79
0.02333126 3959.05 0.0 327.976
0.02332407 3959.13 0.0 328.159
0.02330266 3960.323 0.0 328.339
0.02329362 3962.867 0.0 328.519
0.02327627 3966.043 0.0 328.7
0.02326314 3969.143 0.0 328.881
0.02325067 3971.21 0.0 329.063
0.02323299 3971.923 0.0 329.246
0.02322411 3973.277 0.0 329.429
0.02320329 3973.91 0.0 329.61
0.02319602 3974.23 0.0 329.789
0.02317313 3974.07 0.0 329.971
0.02316816 3973.197 0.0 330.151
0.0231478 3973.04 0.0 330.332
0.02313766 3973.04 0.0 330.514
0.02312251 3973.2 0.0 330.695
0.02310799 3972.48 0.0 330.881
0.02309445 3971.21 0.0 331.065
0.02307781 3969.78 0.0 331.245
0.02307049 3970.017 0.0 331.433
0.02304773 3971.527 0.0 331.615
0.02304116 3974.31 0.0 331.799
0.02301754 3977.01 0.0 331.984
0.02301192 3978.68 0.0 332.167
0.0229893 3980.27 0.0 332.348
0.02298178 3980.35 0.0 332.529
0.02296133 3979.71 0.0 332.712
0.02294983 3980.19 0.0 332.895
0.0229352 3981.78 0.0 333.078
0.02291989 3982.813 0.0 333.258
0.0229092 3983.61 0.0 333.439
0.02288995 3981.937 0.0 333.622
0.02288171 3978.76 0.0 333.803
0.02285968 3975.82 0.0 333.985
0.02285475 3973.91 0.0 334.169
0.02283245 3973.67 0.0 334.353
0.02282468 3973.83 0.0 334.533
0.0228068 3975.343 0.0 334.713
0.02279434 3975.82 0.0 334.89
0.02278037 3973.593 0.0 335.072
0.0227639 3969.78 0.0 335.255
0.02275439 3967.313 0.0 335.438
0.0227336 3965.963 0.0 335.621
0.02272574 3965.567 0.0 335.801
0.02270335 3966.997 0.0 335.982
0.02269791 3968.907 0.0 336.165
0.02267496 3970.81 0.0 336.349
0.02266757 3971.13 0.0 336.534
0.02265012 3971.13 0.0 336.714
0.02263723 3970.73 0.0 336.896
0.02262115 3970.73 0.0 337.075
0.02260592 3971.13 0.0 337.258
0.02259831 3971.923 0.0 337.443
0.02257686 3972.48 0.0 337.626
0.0225673 3973.593 0.0 337.808
0.02254524 3975.817 0.0 337.99
0.0225397 3977.567 0.0 338.174
0.02251568 3978.28 0.0 338.355
0.02250997 3977.41 0.0 338.538
0.02248947 3978.283 0.0 338.719
0.02247909 3979.793 0.0 338.9
0.02246314 3981.22 0.0 339.079
0.02244846 3982.02 0.0 339.259
0.02243695 3982.89 0.0 339.441
0.0224178 3981.46 0.0 339.626
0.02241012 3979.87 0.0 339.804
0.0223881 3979.0 0.0 339.987
0.02238325 3978.76 0.0 340.167
0.02236149 3978.6 0.0 340.347
0.02235237 3977.727 0.0 340.53
0.02233222 3976.93 0.0 340.712
0.02232089 3973.83 0.0 340.894
0.0223052 3968.903 0.0 341.076
0.02228972 3965.487 0.0 341.258
0.02227927 3963.82 0.0 341.438
0.02226007 3963.5 0.0 341.62
0.02225195 3964.217 0.0 341.803
0.0222302 3964.453 0.0 341.984
0.02222465 3963.74 0.0 342.167
0.02220138 3964.14 0.0 342.347
0.02219406 3963.183 0.0 342.53
0.02217419 3961.75 0.0 342.714
0.0221629 3962.15 0.0 342.894
0.02214821 3962.943 0.0 343.076
0.02213213 3963.02 0.0 343.257
0.02212024 3963.1 0.0 343.439
0.02210141 3964.93 0.0 343.624
0.02209543 3968.747 0.0 343.807
0.0220722 3972.56 0.0 343.987
0.02206578 3975.343 0.0 344.167
0.02204185 3976.53 0.0 344.35
0.02203464 3975.817 0.0 344.531
0.02201523 3974.07 0.0 344.71
0.02200342 3972.96 0.0 344.893
0.02198943 3971.923 0.0 345.075
0.02197307 3967.393 0.0 345.256
0.02196262 3959.29 0.0 345.438
0.02194334 3952.057 0.0 345.619
0.02193659 3948.083 0.0 345.797
0.02191336 3947.05 0.0 345.974
0.02190718 3947.923 0.0 346.154
0.02188559 3948.64 0.0 346.333
0.02187671 3948.48 0.0 346.512
0.02186095 3948.0 0.0 346.693
0.02184521 3946.81 0.0 346.875
0.02183309 3945.303 0.0 347.056
0.02181467 3944.03 0.0 347.237
0.0218056 3943.71 0.0 347.422
0.02178358 3944.03 0.0 347.606
0.02177842 3944.827 0.0 347.786
0.02175393 3947.05 0.0 347.969
0.02174796 3949.353 0.0 348.156
0.02172514 3950.627 0.0 348.339
0.02171637 3952.213 0.0 348.521
0.02169803 3952.453 0.0 348.704
0.02168517 3951.58 0.0 348.887
0.02167192 3952.533 0.0 349.07
0.02165484 3953.33 0.0 349.254
0.02164453 3953.807 0.0 349.438
0.02162369 3953.96 0.0 349.62
0.02161884 3953.57 0.0 349.801
0.02159562 3953.33 0.0 349.984
0.02158813 3953.963 0.0 350.165
0.02156504 3954.6 0.0 350.346
0.0215569 3954.68 0.0 350.527
0.02153867 3954.44 0.0 350.707
0.02152635 3954.2 0.0 350.889
0.02151234 3954.84 0.0 351.07
0.02149529 3955.473 0.0 351.249
0.021486 3957.857 0.0 351.432
0.02146406 3959.527 0.0 351.611
0.02145666 3960.48 0.0 351.792
0.02143347 3961.04 0.0 351.975
0.02142791 3960.72 0.0 352.159
0.02140536 3960.48 0.0 352.343
0.02139674 3959.05 0.0 352.53
0.0213612 3956.27 0.0 353.006
0.02133767 3956.903 0.0 353.186
0.02133238 3958.413 0.0 353.37
0.0213116 3959.13 0.0 353.553
0.02130204 3958.81 0.0 353.734
0.0212796 3958.73 0.0 353.919
0.02126905 3959.13 0.0 354.1
0.02125481 3958.653 0.0 354.283
0.02123871 3957.62 0.0 354.463
0.02122682 3957.06 0.0 354.642
0.0212072 3957.54 0.0 354.825
0.02119886 3958.653 0.0 355.009
0.02117628 3959.687 0.0 355.191
0.02117056 3960.957 0.0 355.372
0.0211472 3961.59 0.0 355.556
0.02114086 3961.59 0.0 355.742
0.02111817 3963.263 0.0 355.923
0.02110881 3965.487 0.0 356.105
0.02109462 3965.96 0.0 356.286
0.02107752 3965.487 0.0 356.466
0.02106513 3964.85 0.0 356.646
0.02104634 3964.53 0.0 356.829
0.02104144 3965.803 0.0 357.01
0.0210185 3967.87 0.0 357.192
0.02101068 3966.2 0.0 357.373
0.02098616 3962.39 0.0 357.558
0.02097934 3959.287 0.0 357.739
0.02095915 3959.13 0.0 357.916
0.02094811 3960.16 0.0 358.094
0.02093359 3961.913 0.0 358.274
0.02091705 3964.377 0.0 358.457
0.02090635 3966.757 0.0 358.637
0.02088603 3968.747 0.0 358.819
0.02087881 3970.733 0.0 359.0
0.02085579 3972.56 0.0 359.182
0.02084994 3974.07 0.0 359.363
0.02082581 3975.34 0.0 359.546
0.02081816 3975.74 0.0 359.723
0.02079985 3976.453 0.0 359.899
0.02078712 3977.09 0.0 360.081
0.02077379 3978.123 0.0 360.265
0.02075612 3979.473 0.0 360.445
0.02074581 3979.473 0.0 360.628
0.0207251 3978.68 0.0 360.816
0.02072004 3978.2 0.0 360.996
0.02069627 3979.157 0.0 361.178
0.02068921 3979.55 0.0 361.361
0.0206661 3979.55 0.0 361.54
0.02065764 3979.79 0.0 361.721
0.0206389 3979.95 0.0 361.9
0.02062584 3978.92 0.0 362.082
0.02061299 3977.567 0.0 362.262
0.02059492 3976.373 0.0 362.442
0.02058637 3974.787 0.0 362.621
0.02056416 3973.83 0.0 362.802
0.0205585 3974.07 0.0 362.982
0.02053503 3975.023 0.0 363.165
0.02052798 3976.533 0.0 363.344
0.02050621 3979.157 0.0 363.53
0.02049576 3981.223 0.0 363.712
0.02048017 3983.527 0.0 363.895
0.02046523 3986.15 0.0 364.075
0.02045176 3988.693 0.0 364.259
0.02043373 3990.68 0.0 364.444
0.02042628 3991.32 0.0 364.629
0.02040366 3991.08 0.0 364.813
0.0203953 3990.28 0.0 364.996
0.0203718 3990.04 0.0 365.181
0.02036616 3991.317 0.0 365.364
0.02034261 3992.51 0.0 365.545
0.02033489 3992.983 0.0 365.729
0.02031566 3994.257 0.0 365.91
0.02030347 3995.13 0.0 366.091
0.02028829 3995.37 0.0 366.274
0.02027173 3996.007 0.0 366.456
0.02026186 3996.64 0.0 366.636
0.02024137 3997.593 0.0 366.818
0.02023327 3998.31 0.0 367.003
0.02021009 3999.26 0.0 367.186
0.02020477 4000.537 0.0 367.369
0.02018116 4002.603 0.0 367.549
0.02017416 4004.747 0.0 367.732
0.02015355 4006.573 0.0 367.913
0.02014135 4007.61 0.0 368.092
0.02012952 4008.56 0.0 368.276
0.02011102 4008.96 0.0 368.457
0.02010024 4008.8 0.0 368.639
0.02007899 4007.053 0.0 368.823
0.02007163 4005.54 0.0 369.002
0.02004831 4005.46 0.0 369.184
0.02004303 4005.62 0.0 369.364
0.02001949 4006.18 0.0 369.545
0.02001118 4006.577 0.0 369.729
0.01999299 4007.29 0.0 369.908
0.01997961 4007.927 0.0 370.093
0.01996389 4007.85 0.0 370.275
0.01994746 4007.05 0.0 370.461
0.01993732 4004.907 0.0 370.645
0.01991632 4001.09 0.0 370.826
0.01990916 3995.69 0.0 371.009
0.01988582 3990.84 0.0 371.195
0.01988031 3986.947 0.0 371.376
0.01985635 3982.89 0.0 371.56
0.01984961 3976.533 0.0 371.743
0.01983212 3971.45 0.0 371.923
0.01981733 3968.03 0.0 372.105
0.0198027 3965.883 0.0 372.283
0.01978592 3963.897 0.0 372.465
0.01977565 3963.42 0.0 372.645
0.01975476 3963.74 0.0 372.825
0.01974582 3963.66 0.0 373.008
0.01972337 3962.547 0.0 373.188
0.01971848 3960.797 0.0 373.371
0.01969518 3956.667 0.0 373.551
0.01968671 3950.943 0.0 373.732
0.01966582 3947.047 0.0 373.914
0.01965493 3945.86 0.0 374.094
0.01963939 3944.983 0.0 374.277
0.0196239 3943.71 0.0 374.458
0.01961506 3943.23 0.0 374.639
0.01959306 3943.39 0.0 374.819
0.01958656 3944.03 0.0 374.997
0.01956284 3944.43 0.0 375.179
0.01955699 3943.79 0.0 375.361
0.0195369 3944.35 0.0 375.542
0.01952574 3945.06 0.0 375.722
0.01950526 3945.38 0.0 375.904
0.0194933 3945.38 0.0 376.085
0.0194773 3945.14 0.0 376.268
0.01946125 3944.98 0.0 376.452
0.01945075 3944.9 0.0 376.634
0.01942981 3945.38 0.0 376.823
0.01942215 3947.127 0.0 377.006
0.01939881 3947.603 0.0 377.187
0.01939263 3946.73 0.0 377.375
0.01936894 3947.603 0.0 377.558
0.01936184 3948.24 0.0 377.74
0.01934006 3946.81 0.0 377.921
0.01932988 3943.95 0.0 378.104
0.01931524 3941.803 0.0 378.287
0.01929835 3940.057 0.0 378.47
0.01928544 3939.9 0.0 378.647
0.01926659 3940.37 0.0 378.83
0.01925843 3940.69 0.0 379.01
0.01923548 3941.25 0.0 379.193
0.01922989 3941.803 0.0 379.376
0.01920559 3942.2 0.0 379.557
0.01919888 3941.49 0.0 379.739
0.01917692 3942.517 0.0 379.921
0.01916721 3944.823 0.0 380.1
0.01915082 3945.7 0.0 380.286
0.01913504 3944.983 0.0 380.468
0.01912249 3943.79 0.0 380.651
0.01910369 3942.6 0.0 380.834
0.01909471 3941.327 0.0 381.017
0.0190727 3938.703 0.0 381.199
0.01906623 3935.367 0.0 381.38
0.01904216 3932.663 0.0 381.563
0.01903591 3929.883 0.0 381.745
0.01901305 3929.09 0.0 381.926
0.01900398 3930.36 0.0 382.107
0.01898714 3930.2 0.0 382.286
0.01897279 3927.74 0.0 382.473
0.01895938 3924.48 0.0 382.653
0.01894091 3922.57 0.0 382.833
0.0189341 3923.287 0.0 383.015
0.01891075 3925.673 0.0 383.196
0.01890432 3928.453 0.0 383.379
0.01887971 3930.2 0.0 383.559
0.01887247 3929.88 0.0 383.739
0.01885073 3928.613 0.0 383.922
0.01884133 3927.26 0.0 384.102
0.0188243 3926.31 0.0 384.284
0.01880881 3925.113 0.0 384.465
0.01879699 3924.16 0.0 384.648
0.01877743 3923.76 0.0 384.828
0.01877014 3924.16 0.0 385.008
0.01874713 3924.4 0.0 385.187
0.01874119 3924.08 0.0 385.367
0.01871703 3924.4 0.0 385.55
0.01870931 3924.0 0.0 385.734
0.01868861 3923.447 0.0 385.915
0.01867728 3923.527 0.0 386.097
0.01866108 3925.113 0.0 386.284
0.01864494 3926.547 0.0 386.464
0.01863753 3926.55 0.0 386.644
0.01861419 3927.34 0.0 386.826
0.01860736 3929.167 0.0 387.007
0.01858186 3930.44 0.0 387.187
0.0185766 3930.6 0.0 387.37
0.01855492 3929.803 0.0 387.552
0.01854255 3927.26 0.0 387.733
0.01853235 3924.877 0.0 387.91
0.01851104 3923.287 0.0 388.092
0.01849912 3923.287 0.0 388.272
0.01848538 3925.513 0.0 388.451
0.01847316 3927.74 0.0 388.631
0.01846329 3927.5 0.0 388.811
0.01845559 3927.1 0.0 388.992
0.01844856 3927.66 0.0 389.173
0.01844255 3928.133 0.0 389.353
0.01843765 3928.29 0.0 389.533
0.01843382 3929.327 0.0 389.715
0.01842844 3932.03 0.0 390.024
0.01842224 3936.56 0.0 390.542
0.01836435 3937.193 0.0 390.724
0.01831741 3936.32 0.0 390.907
0.0183001 3935.21 0.0 391.091
0.01828391 3934.41 0.0 391.275
0.01826304 3933.54 0.0 391.583
0.0182379 3933.3 0.0 391.766
0.0182318 3934.017 0.0 391.95
0.01820972 3935.13 0.0 392.133
0.01819938 3936.717 0.0 392.323
0.01818197 3939.42 0.0 392.502
0.018168 3940.53 0.0 392.683
0.01815407 3940.057 0.0 392.864
0.0181359 3940.137 0.0 393.047
0.01812696 3943.793 0.0 393.228
0.01810386 3962.07 0.0 393.41
0.01809837 3978.047 0.0 393.586
0.01807388 3973.83 0.0 393.77
0.01806763 3963.977 0.0 393.952
0.0180492 3958.73 0.0 394.133
0.01803594 3956.667 0.0 394.316
0.01801983 3956.11 0.0 394.495
0.01800349 3955.71 0.0 394.679
0.01799113 3955.47 0.0 394.86
0.01797139 3956.587 0.0 395.044
0.01796211 3959.13 0.0 395.225
0.01794118 3961.273 0.0 395.409
0.01793536 3962.47 0.0 395.589
0.0179109 3962.15 0.0 395.771
0.01790452 3961.037 0.0 395.952
0.01788143 3961.117 0.0 396.135
0.01787247 3962.07 0.0 396.317
0.0178533 3963.023 0.0 396.499
0.01784074 3963.58 0.0 396.68
0.01782945 3965.167 0.0 396.862
0.01780917 3966.92 0.0 397.042
0.01780061 3966.92 0.0 397.227
0.01777774 3966.043 0.0 397.41
0.01777285 3963.423 0.0 397.592
0.01774921 3961.117 0.0 397.773
0.01774073 3959.607 0.0 397.958
0.01771657 3958.017 0.0 398.14
0.01770856 3957.22 0.0 398.321
0.01768966 3959.287 0.0 398.501
0.01767656 3961.673 0.0 398.682
0.01766286 3963.74 0.0 398.862
0.01764487 3965.01 0.0 399.044
0.01763565 3965.25 0.0 399.221
0.01761322 3964.217 0.0 399.405
0.01760747 3962.867 0.0 399.584
0.01758307 3962.07 0.0 399.768
0.01757648 3962.867 0.0 399.95
0.01755436 3964.217 0.0 400.131
0.01754454 3965.25 0.0 400.313
0.01753002 3965.647 0.0 400.494
0.01751361 3964.297 0.0 400.677
0.01749929 3962.07 0.0 400.857
0.01748102 3959.05 0.0 401.041
0.01747257 3954.123 0.0 401.22
0.01744985 3946.73 0.0 401.402
0.01744405 3940.293 0.0 401.583
0.01741954 3936.56 0.0 401.763
0.01741331 3938.227 0.0 401.946
0.01739072 3955.55 0.0 402.13
0.01738087 3975.263 0.0 402.313
0.01736381 3986.863 0.0 402.493
0.01734942 3990.68 0.0 402.678
0.01733652 3990.36 0.0 402.859
0.01731701 3989.33 0.0 403.04
0.01730905 3989.09 0.0 403.222
0.01728598 3989.17 0.0 403.403
0.01727929 3988.85 0.0 403.585
0.01725482 3988.057 0.0 403.766
0.01724943 3986.23 0.0 403.952
0.01722925 3983.927 0.0 404.133
0.01721725 3982.417 0.0 404.316
0.01719902 3980.587 0.0 404.498
0.0171845 3978.123 0.0 404.68
0.01717127 3977.49 0.0 404.866
0.0171532 3978.68 0.0 405.046
0.01714468 3980.823 0.0 405.225
0.01712197 3982.893 0.0 405.406
0.01711549 3985.273 0.0 405.588
0.01709226 3986.07 0.0 405.769
0.01708578 3984.957 0.0 405.951
0.01706403 3984.08 0.0 406.132
0.01705362 3984.08 0.0 406.312
0.01703672 3985.117 0.0 406.494
0.01702185 3985.83 0.0 406.675
0.0170095 3986.31 0.0 406.856
0.01699032 3985.99 0.0 407.038
0.01698058 3984.72 0.0 407.224
0.01695772 3982.413 0.0 407.406
0.01695386 3980.267 0.0 407.587
0.01693069 3979.87 0.0 407.764
0.01692203 3980.43 0.0 407.944
0.0169007 3979.71 0.0 408.126
0.01688948 3979.317 0.0 408.307
0.01687388 3980.427 0.0 408.488
0.01685764 3981.3 0.0 408.666
0.01684739 3980.903 0.0 408.846
0.01682648 3979.79 0.0 409.026
0.01681974 3978.68 0.0 409.203
0.01679536 3978.76 0.0 409.385
0.01679006 3979.95 0.0 409.568
0.01676585 3980.823 0.0 409.752
0.01675761 3981.38 0.0 409.935
0.01673805 3981.38 0.0 410.119
0.01672575 3980.667 0.0 410.303
0.01671141 3978.443 0.0 410.482
0.01669356 3975.977 0.0 410.664
0.01668305 3974.71 0.0 410.846
0.01666235 3975.183 0.0 411.025
0.01665782 3976.453 0.0 411.204
0.016633 3978.123 0.0 411.388
0.01662611 3980.267 0.0 411.57
0.0166027 3981.78 0.0 411.752
0.01659372 3982.1 0.0 411.93
0.01657492 3981.78 0.0 412.111
0.01656193 3980.267 0.0 412.293
0.01654635 3977.25 0.0 412.474
0.01652932 3974.23 0.0 412.654
0.01652056 3972.64 0.0 412.836
0.01649826 3972.72 0.0 413.015
0.0164913 3973.277 0.0 413.199
0.01646704 3975.103 0.0 413.38
0.0164616 3976.53 0.0 413.562
0.01643745 3975.897 0.0 413.743
0.01642923 3974.31 0.0 413.923
0.01641277 3974.07 0.0 414.105
0.01639823 3974.867 0.0 414.286
0.01638489 3976.773 0.0 414.467
0.01636576 3978.76 0.0 414.649
0.01635967 3979.87 0.0 414.832
0.01633528 3980.19 0.0 415.015
0.01632682 3980.51 0.0 415.198
0.01630246 3981.14 0.0 415.379
0.01629714 3981.62 0.0 415.561
0.01627219 3981.46 0.0 415.745
0.01626483 3980.19 0.0 415.926
0.01624504 3979.077 0.0 416.109
0.016233 3978.12 0.0 416.292
0.01621759 3977.963 0.0 416.476
0.01620148 3977.57 0.0 416.656
0.01619147 3978.123 0.0 416.835
0.01616993 3979.793 0.0 417.015
0.01616297 3981.46 0.0 417.198
0.01613856 3981.7 0.0 417.378
0.01613329 3980.823 0.0 417.558
0.01611223 3979.95 0.0 417.74
0.01610169 3978.52 0.0 417.919
0.01608261 3976.853 0.0 418.097
0.01606936 3975.42 0.0 418.279
0.01605442 3975.5 0.0 418.466
0.01603641 3976.293 0.0 418.646
0.0160276 3976.61 0.0 418.826
0.01600528 3977.17 0.0 419.01
0.01599797 3977.49 0.0 419.193
0.01597412 3977.887 0.0 419.377
0.01596821 3977.57 0.0 419.557
0.01594525 3977.41 0.0 419.737
0.0159366 3975.657 0.0 419.922
0.01591777 3973.197 0.0 420.102
0.01590449 3970.413 0.0 420.283
0.0158913 3968.827 0.0 420.465
0.01587292 3968.983 0.0 420.646
0.01586226 3969.22 0.0 420.829
0.01584038 3968.51 0.0 421.009
0.01583423 3967.077 0.0 421.189
0.01581012 3965.803 0.0 421.368
0.01580475 3965.17 0.0 421.548
0.01578265 3964.85 0.0 421.73
0.01577239 3964.85 0.0 421.911
0.01575495 3965.09 0.0 422.091
0.0157405 3964.77 0.0 422.272
0.01572708 3964.77 0.0 422.454
0.01570808 3964.85 0.0 422.633
0.01570059 3964.53 0.0 422.812
0.01567786 3964.93 0.0 422.992
0.01567208 3964.85 0.0 423.17
0.01564771 3964.69 0.0 423.348
0.01564075 3964.77 0.0 423.528
0.01561919 3964.53 0.0 423.71
0.01560835 3965.09 0.0 423.891
0.01559417 3965.963 0.0 424.073
0.01557579 3966.92 0.0 424.254
0.01556601 3966.44 0.0 424.434
0.01554429 3964.533 0.0 424.613
0.01553809 3963.58 0.0 424.789
0.01551343 3963.98 0.0 424.968
0.01550784 3965.01 0.0 425.152
0.01548519 3966.44 0.0 425.338
0.01547559 3967.393 0.0 425.519
0.01545675 3967.47 0.0 425.699
0.01544349 3967.31 0.0 425.882
0.01542969 3967.79 0.0 426.064
0.01541159 3968.747 0.0 426.241
0.01540429 3970.653 0.0 426.421
0.01538076 3971.923 0.0 426.604
0.01537457 3973.037 0.0 426.787
0.01534954 3973.83 0.0 426.97
0.0153439 3974.23 0.0 427.154
0.01532461 3975.423 0.0 427.333
0.01531202 3978.44 0.0 427.513
0.01529442 3982.65 0.0 427.694
0.01527895 3986.387 0.0 427.88
0.01526604 3989.57 0.0 428.061
0.01524725 3993.94 0.0 428.242
0.0152386 3998.55 0.0 428.427
0.01521563 4001.41 0.0 428.61
0.01521018 4002.6 0.0 428.791
0.01518434 4004.747 0.0 428.971
0.01517866 4007.133 0.0 429.154
0.01515451 4008.003 0.0 429.339
0.0151458 4006.337 0.0 429.519
0.01512922 4001.727 0.0 429.7
0.0151148 3993.063 0.0 429.884
0.01510288 3984.163 0.0 430.065
0.01508331 3978.12 0.0 430.244
0.01507426 3976.217 0.0 430.425
0.01505105 3977.09 0.0 430.61
0.01504609 3978.123 0.0 430.791
0.01502306 3980.427 0.0 430.971
0.01501458 3983.607 0.0 431.15
0.01499133 3987.58 0.0 431.331
0.01498209 3991.157 0.0 431.509
0.01496621 3992.51 0.0 431.693
0.01494997 3991.557 0.0 431.875
0.01493711 3990.36 0.0 432.056
0.01491788 3990.04 0.0 432.238
0.01490829 3991.95 0.0 432.422
0.0148852 3995.37 0.0 432.603
0.01487984 3997.833 0.0 432.785
0.01485538 3998.47 0.0 432.966
0.0148494 3997.593 0.0 433.148
0.01482566 3996.56 0.0 433.329
0.01481705 3997.277 0.0 433.509
0.01480289 3997.99 0.0 433.69
0.01478517 3997.037 0.0 433.868
0.01477311 3996.64 0.0 434.047
0.01475333 3997.12 0.0 434.227
0.01474841 3998.387 0.0 434.409
0.01472485 4000.297 0.0 434.59
0.01471694 4001.09 0.0 434.766
0.01469214 4001.41 0.0 434.948
0.01468481 4002.203 0.0 435.133
0.01466296 4002.84 0.0 435.314
0.01465238 4003.633 0.0 435.496
0.01463708 4005.543 0.0 435.676
0.01461976 4007.607 0.0 435.858
0.01460946 4008.4 0.0 436.039
0.0145879 4008.64 0.0 436.218
0.0145822 4010.39 0.0 436.394
0.01455808 4012.693 0.0 436.574
0.01455222 4013.09 0.0 436.753
0.01452845 4012.38 0.0 436.937
0.01451991 4013.09 0.0 437.118
0.0145052 4013.65 0.0 437.298
0.01448763 4013.33 0.0 437.475
0.01447522 4013.727 0.0 437.655
0.01445596 4015.873 0.0 437.835
0.01444697 4020.32 0.0 438.018
0.01442388 4024.617 0.0 438.2
0.01441769 4026.84 0.0 438.384
0.01439352 4028.19 0.0 438.565
0.01438698 4028.67 0.0 438.751
0.0143639 4028.99 0.0 438.932
0.01435494 4029.623 0.0 439.114
0.0143384 4031.687 0.0 439.291
0.014322 4034.073 0.0 439.471
0.01431057 4036.297 0.0 439.654
0.01429048 4038.283 0.0 439.83
0.014284 4038.52 0.0 440.01
0.01425983 4038.84 0.0 440.19
0.01425392 4039.873 0.0 440.372
0.01422962 4041.383 0.0 440.553
0.0142217 4040.19 0.0 440.731
0.0142064 4035.183 0.0 440.908
0.01419059 4029.38 0.0 441.088
0.01417647 4026.047 0.0 441.268
0.01415766 4025.17 0.0 441.449
0.01414846 4025.65 0.0 441.628
0.01412678 4025.97 0.0 441.812
0.01412004 4026.2 0.0 441.995
0.01409495 4025.967 0.0 442.179
0.01408975 4025.73 0.0 442.36
0.01406618 4025.33 0.0 442.537
0.01405737 4023.183 0.0 442.715
0.01404072 4021.99 0.0 442.898
0.014025 4021.99 0.0 443.079
0.01401242 4022.71 0.0 443.261
0.01399362 4021.753 0.0 443.438
0.0139847 4016.11 0.0 443.621
0.0139612 4006.73 0.0 443.805
0.01395533 3999.74 0.0 443.988
0.01393028 3996.007 0.0 444.171
0.01392479 3994.177 0.0 444.358
0.01392241 3993.46 0.0 444.537
0.01392141 3992.507 0.0 444.718
0.01392027 3990.52 0.0 444.902
0.0139198 3988.773 0.0 445.082
0.01391919 3987.9 0.0 445.263
0.01391889 3987.107 0.0 445.443
0.01391833 3986.55 0.0 445.627
0.01391813 3987.263 0.0 445.808
0.01391768 3987.98 0.0 445.991
0.01391786 3988.22 0.0 446.175
0.01391774 3988.06 0.0 446.361
0.01391788 3988.06 0.0 446.538
0.01391735 3988.06 0.0 446.721
0.01391774 3988.06 0.0 446.902
0.01391741 3988.06 0.0 447.084
0.01391732 3988.06 0.0 447.267
0.01391702 3988.85 0.0 447.449
0.01391679 3990.203 0.0 447.628
0.0139175 3991.477 0.0 447.808
0.01391737 3992.59 0.0 447.991
0.01391727 3992.83 0.0 448.171
0.01391696 3992.19 0.0 448.351
0.01391719 3991.477 0.0 448.531
0.01391699 3990.68 0.0 448.71
0.01391749 3990.2 0.0 448.892
0.01391694 3990.68 0.0 449.073
0.01391683 3991.4 0.0 449.255
0.01391715 3990.523 0.0 449.436
0.01391698 3988.057 0.0 449.619
0.01391722 3985.513 0.0 449.798
0.01391728 3984.88 0.0 449.979
0.01391683 3985.12 0.0 450.16
0.01391663 3984.48 0.0 450.341
0.01391733 3983.767 0.0 450.525
0.01391652 3982.97 0.0 450.709
0.01391721 3981.38 0.0 450.894
0.01391653 3981.3 0.0 451.076
0.01391717 3981.86 0.0 451.258
0.01391626 3981.62 0.0 451.435
0.01391708 3980.667 0.0 451.614
0.01391646 3979.633 0.0 451.793
0.01391707 3978.68 0.0 451.975
0.01391663 3977.963 0.0 452.16
0.01391696 3978.837 0.0 452.337
0.01391697 3981.303 0.0 452.515
0.01391665 3983.13 0.0 452.696
0.01391692 3983.13 0.0 452.876
0.01391621 3983.37 0.0 453.062
0.01391624 3983.45 0.0 453.244
0.01391649 3982.89 0.0 453.423
0.01391659 3981.94 0.0 453.602
0.01391675 3979.793 0.0 453.786
0.01391696 3977.887 0.0 453.968
0.0139168 3978.123 0.0 454.149
0.01391646 3979.157 0.0 454.335
0.01391692 3979.63 0.0 454.516
0.01391676 3980.507 0.0 454.702
0.01391669 3981.78 0.0 454.883
0.01391677 3982.34 0.0 455.065
0.01391677 3982.653 0.0 455.242
0.01391655 3984.323 0.0 455.422
0.0139173 3986.31 0.0 455.601
0.01391615 3986.55 0.0 455.785
0.01391708 3986.07 0.0 455.964
0.01391718 3984.483 0.0 456.144
0.013916 3982.257 0.0 456.33
0.01391717 3980.267 0.0 456.509
0.0139166 3979.0 0.0 456.691
0.01391661 3978.6 0.0 456.866
0.01391705 3979.0 0.0 457.046
0.01391666 3979.63 0.0 457.227
0.01391661 3979.87 0.0 457.41
0.0139169 3979.79 0.0 457.589
0.01391653 3979.237 0.0 457.765
0.01391703 3978.44 0.0 457.944
0.01391691 3975.42 0.0 458.127
0.01391671 3969.54 0.0 458.311
0.0139165 3963.9 0.0 458.487
0.01391656 3959.29 0.0 458.665
0.01391657 3956.507 0.0 458.846
0.01391637 3954.68 0.0 459.029
0.01391698 3953.65 0.0 459.205
0.01391726 3953.727 0.0 459.388
0.0139171 3954.28 0.0 459.572
0.01391683 3955.317 0.0 459.751
0.01391696 3956.43 0.0 459.936
0.01391692 3955.553 0.0 460.121
0.01391658 3952.933 0.0 460.303
0.01391672 3951.02 0.0 460.482
0.01391643 3951.897 0.0 460.666
0.01391655 3954.6 0.0 460.843
0.01391699 3956.35 0.0 461.027
0.01391711 3957.06 0.0 461.206
0.01391664 3957.06 0.0 461.386
0.01391645 3956.59 0.0 461.569
0.01391676 3956.51 0.0 461.749
0.01391693 3957.06 0.0 461.93
0.01391712 3958.097 0.0 462.112
0.01391642 3959.13 0.0 462.294
0.01391686 3959.923 0.0 462.477
0.01391652 3961.593 0.0 462.665
0.01391675 3964.217 0.0 462.85
0.01391705 3965.963 0.0 463.029
0.01391656 3967.077 0.0 463.213
